   8.8797000000000008E-003   4226118803077062.0     
   8.8796900000000008E-003   4463534465790007.0     
   8.8796900000000008E-003   4687341827317674.0     
   8.8796900000000008E-003   4898699024579010.0     
   8.8796900000000008E-003   5098582013369748.0     
   8.8796900000000008E-003   5287793714061209.0     
   8.8796900000000008E-003   5466942875284169.0     
   8.8796900000000008E-003   5636486266578112.0     
   8.8796900000000008E-003   5796747650368588.0     
   8.8796900000000008E-003   5947894204473527.0     
   8.8796900000000008E-003   6089948141949098.0     
   8.8796900000000008E-003   6222775472054743.0     
   8.8796900000000008E-003   6348537987522839.0     
   8.8796900000000008E-003   6470490351215999.0     
   8.8796799999999992E-003   6588923403188189.0     
   8.8796799999999992E-003   6704082658691549.0     
   8.8796799999999992E-003   6816201660558766.0     
   8.8796799999999992E-003   6925479894073392.0     
   8.8796799999999992E-003   7032097723455402.0     
   8.8796799999999992E-003   7136218678572906.0     
   8.8796799999999992E-003   7262926455554583.0     
   8.8796799999999992E-003   7410619659991613.0     
   8.8796799999999992E-003   7553704894940368.0     
   8.8796799999999992E-003   7692464085954324.0     
   8.8796799999999992E-003   7805076414000498.0     
   8.8796799999999992E-003   7893141853600868.0     
   8.8796799999999992E-003   7979545973094371.0     
   8.8796799999999992E-003   8064341741121591.0     
   8.8796799999999992E-003   8168093994886482.0     
   8.8796799999999992E-003   8289636947657996.0     
   8.8796699999999992E-003   8408014402167790.0     
   8.8796699999999992E-003   8523387191303465.0     
   8.8796699999999992E-003   8617399728820948.0     
   8.8796699999999992E-003   8691201236329351.0     
   8.8796699999999992E-003   8763826873268417.0     
   8.8796699999999992E-003   8835326220875689.0     
   8.8796699999999992E-003   8940415292916918.0     
   8.8796699999999992E-003   9043397008954796.0     
   8.8796699999999992E-003   9110737377861548.0     
   8.8796699999999992E-003   9209871540114736.0     
   8.8796699999999992E-003   9339034262706178.0     
   8.8796699999999992E-003   9464800448358352.0     
   8.8796699999999992E-003   9587379263843526.0     
   8.8796699999999992E-003   9677417856347826.0     
   8.8796699999999992E-003   9736480985334074.0     
   8.8796699999999992E-003   9823692541942498.0     
   8.8796699999999992E-003   9937741982062442.0     
   8.8796599999999993E-003   10049235584910310.     
   8.8796599999999993E-003   10158299058638282.     
   8.8796599999999993E-003   10265047499920746.     
   8.8796599999999993E-003   10386731053684484.     
   8.8796599999999993E-003   10522381097231252.     
   8.8796599999999993E-003   10654510428892314.     
   8.8796599999999993E-003   10783307642637846.     
   8.8796599999999993E-003   10908943018297866.     
   8.8796599999999993E-003   11031583256651582.     
   8.8796599999999993E-003   11151364635213496.     
   8.8796599999999993E-003   11268424762868202.     
   8.8796599999999993E-003   11396980260059260.     
   8.8796499999999993E-003   11536215981115934.     
   8.8796499999999993E-003   11671816325639386.     
   8.8796499999999993E-003   11771320063510240.     
   8.8796499999999993E-003   11836575696384026.     
   8.8796499999999993E-003   11932906394805230.     
   8.8796499999999993E-003   12058755962848578.     
   8.8796499999999993E-003   12181705429581572.     
   8.8796499999999993E-003   12301904935257992.     
   8.8796499999999993E-003   12419500700977766.     
   8.8796499999999993E-003   12534632801681716.     
   8.8796499999999993E-003   12647423744082080.     
   8.8796499999999993E-003   12757986764045340.     
   8.8796399999999994E-003   12866426483168376.     
   8.8796399999999994E-003   12972838669513432.     
   8.8796399999999994E-003   13128699502500392.     
   8.8796399999999994E-003   13305706870988554.     
   8.8796399999999994E-003   13453240612704158.     
   8.8796399999999994E-003   13597222394196524.     
   8.8796399999999994E-003   13703075956019204.     
   8.8796399999999994E-003   13772589007326610.     
   8.8796399999999994E-003   13875328680431928.     
   8.8796399999999994E-003   14009807087534300.     
   8.8796299999999995E-003   14206001874419134.     
   8.8796299999999995E-003   14396741061416692.     
   8.8796299999999995E-003   14520659964975856.     
   8.8796299999999995E-003   14642238387960614.     
   8.8796299999999995E-003   14761576315205914.     
   8.8796299999999995E-003   14878770450650360.     
   8.8796299999999995E-003   14993902121379270.     
   8.8796299999999995E-003   15107057197722062.     
   8.8796199999999995E-003   15218304525802896.     
   8.8796199999999995E-003   15345732664166584.     
   8.8796199999999995E-003   15488492678765666.     
   8.8796199999999995E-003   15696850889992972.     
   8.8796199999999995E-003   15899393792015092.     
   8.8796199999999995E-003   16031009349481564.     
   8.8796199999999995E-003   16160140995102376.     
   8.8796099999999996E-003   16286900168913186.     
   8.8796099999999996E-003   16426759871687642.     
   8.8796099999999996E-003   16579003072395292.     
   8.8796099999999996E-003   16728045861813646.     
   8.8796099999999996E-003   16874059359161474.     
   8.8796099999999996E-003   17017199557262980.     
   8.8796099999999996E-003   17157607468994328.     
   8.8795999999999996E-003   17363194978721116.     
   8.8795999999999996E-003   17576894039484126.     
   8.8795999999999996E-003   17733254689261604.     
   8.8795999999999996E-003   17886549936242580.     
   8.8795999999999996E-003   18036947299250820.     
   8.8795899999999997E-003   18184585696844184.     
   8.8795899999999997E-003   18329599140530132.     
   8.8795899999999997E-003   18472111123321456.     
   8.8795899999999997E-003   18612231233896596.     
   8.8795899999999997E-003   18750051978895976.     
   8.8795899999999997E-003   18885648368215448.     
   8.8795899999999997E-003   19019105686934452.     
   8.8795799999999998E-003   19150493941013152.     
   8.8795799999999998E-003   19343653180492024.     
   8.8795799999999998E-003   19594816440795516.     
   8.8795799999999998E-003   19838810820023180.     
   8.8795699999999998E-003   20076059679332316.     
   8.8795699999999998E-003   20306942813608212.     
   8.8795699999999998E-003   20531791220117276.     
   8.8795699999999998E-003   20750915894089828.     
   8.8795599999999999E-003   20964571988949116.     
   8.8795599999999999E-003   21173135020588692.     
   8.8795599999999999E-003   21377010734044804.     
   8.8795499999999999E-003   21576583733022740.     
   8.8795499999999999E-003   21772187554345332.     
   8.8795499999999999E-003   21964114446002096.     
   8.8795499999999999E-003   22152640435255088.     
   8.8795400000000000E-003   22338007711756052.     
   8.8795400000000000E-003   22520435027848420.     
   8.8795400000000000E-003   22788687245983176.     
   8.8795400000000000E-003   23138292460474396.     
   8.8795300000000001E-003   23395119473436172.     
   8.8795300000000001E-003   23563806460483536.     
   8.8795300000000001E-003   23730734457382376.     
   8.8795200000000001E-003   23896013121740768.     
   8.8795200000000001E-003   24113895768723528.     
   8.8795200000000001E-003   24382814468574432.     
   8.8795100000000002E-003   24648167684373168.     
   8.8795100000000002E-003   24845091989739884.     
   8.8795100000000002E-003   24975380708052916.     
   8.8795100000000002E-003   25169395020540592.     
   8.8795000000000002E-003   25425656857007416.     
   8.8795000000000002E-003   25679403556837448.     
   8.8795000000000002E-003   25930983816962556.     
   8.8794900000000003E-003   26180773826034272.     
   8.8794900000000003E-003   26428866115231024.     
   8.8794900000000003E-003   26797610088410384.     
   8.8794800000000004E-003   27162663082677980.     
   8.8794800000000004E-003   27403659543683716.     
   8.8794800000000004E-003   27642927644133256.     
   8.8794700000000004E-003   27880520945933480.     
   8.8794700000000004E-003   28233394378766212.     
   8.8794600000000005E-003   28698498960061272.     
   8.8794600000000005E-003   29156449790601404.     
   8.8794500000000005E-003   29607177908614124.     
   8.8794500000000005E-003   29995915971255788.     
   8.8794400000000006E-003   30324469016580960.     
   8.8794400000000006E-003   30648927798067944.     
   8.8794300000000007E-003   30969335847665980.     
   8.8794300000000007E-003   31441590769344220.     
   8.8794200000000007E-003   31906814263737892.     
   8.8794200000000007E-003   32211539646013188.     
   8.8794200000000007E-003   32512393178218696.     
   8.8794100000000008E-003   32809394375452940.     
   8.8794100000000008E-003   33247314752324528.     
   8.8794000000000008E-003   33819486862639824.     
   8.8793899999999992E-003   34378021223598936.     
   8.8793899999999992E-003   34923550350819776.     
   8.8793799999999992E-003   35456703303907396.     
   8.8793699999999993E-003   35978230225558600.     
   8.8793699999999993E-003   36488854789173216.     
   8.8793599999999993E-003   36989274339896328.     
   8.8793599999999993E-003   37480147171996616.     
   8.8793499999999994E-003   37962073967401872.     
   8.8793399999999995E-003   38435535839633416.     
   8.8793399999999995E-003   38977654666484080.     
   8.8793299999999995E-003   39584568367922632.     
   8.8793199999999996E-003   40178645585060416.     
   8.8793099999999996E-003   40760546148820120.     
   8.8793099999999996E-003   41330621787712624.     
   8.8792999999999997E-003   41750533008374336.     
   8.8792999999999997E-003   42026959591573696.     
   8.8792899999999998E-003   42436443089901232.     
   8.8792899999999998E-003   42972918881355632.     
   8.8792799999999998E-003   43499005219254440.     
   8.8792699999999999E-003   44015065711566048.     
   8.8792699999999999E-003   44646707046695472.     
   8.8792599999999999E-003   45386179215038200.     
   8.8792500000000000E-003   45928744163751160.     
   8.8792400000000000E-003   46461453437733784.     
   8.8792300000000001E-003   46986104168858944.     
   8.8792300000000001E-003   47388282572079872.     
   8.8792200000000002E-003   47842421460429568.     
   8.8792200000000002E-003   48290886512927248.     
   8.8792100000000002E-003   48733997943305616.     
   8.8792000000000003E-003   49388551873647888.     
   8.8791900000000003E-003   50034049631698304.     
   8.8791900000000003E-003   50458416532238736.     
   8.8791800000000004E-003   50982762737868648.     
   8.8791700000000005E-003   51604263006803504.     
   8.8791700000000005E-003   52519554440512720.     
   8.8791500000000006E-003   53419641883946728.     
   8.8791400000000006E-003   54009310424424744.     
   8.8791300000000007E-003   54591316862345040.     
   8.8791300000000007E-003   55165629335855760.     
   8.8791200000000008E-003   56011955147117320.     
   8.8790999999999991E-003   57114510178343832.     
   8.8790899999999992E-003   58010471888776592.     
   8.8790799999999993E-003   58711946106186352.     
   8.8790699999999993E-003   59485203783734648.     
   8.8790599999999994E-003   60325197237720128.     
   8.8790499999999994E-003   61145350979222248.     
   8.8790399999999995E-003   61946239878645056.     
   8.8790299999999996E-003   62920907052000664.     
   8.8790099999999997E-003   63774273454134016.     
   8.8789999999999997E-003   64330532942081032.     
   8.8789999999999997E-003   64877048819653048.     
   8.8789899999999998E-003   65414188078134928.     
   8.8789799999999999E-003   66202900764207544.     
   8.8789699999999999E-003   67225079834369072.     
   8.8789500000000000E-003   68215468570437472.     
   8.8789400000000001E-003   69176841239916912.     
   8.8789200000000002E-003   70112305463868632.     
   8.8789100000000003E-003   71174444023788688.     
   8.8788900000000004E-003   72355507238079216.     
   8.8788700000000005E-003   73363899092052688.     
   8.8788600000000006E-003   74211147188440320.     
   8.8788500000000006E-003   75044455007018464.     
   8.8788300000000007E-003   75864816378762720.     
   8.8788200000000008E-003   76806192421611520.     
   8.8788099999999991E-003   77863832669052720.     
   8.8787899999999993E-003   78903151347763088.     
   8.8787699999999994E-003   79925229738431328.     
   8.8787599999999994E-003   80930773986631152.     
   8.8787399999999995E-003   81920456654764272.     
   8.8787299999999996E-003   82894964644699168.     
   8.8787099999999997E-003   83855016369232528.     
   8.8786999999999998E-003   84801243013799440.     
   8.8786799999999999E-003   85734180082485488.     
   8.8786700000000000E-003   86881727300607936.     
   8.8786500000000001E-003   88234061927481232.     
   8.8786300000000002E-003   89341498653311088.     
   8.8786100000000003E-003   90214737607049984.     
   8.8786000000000004E-003   91077624043175824.     
   8.8785900000000004E-003   91930688254452080.     
   8.8785700000000006E-003   93191784647620032.     
   8.8785500000000007E-003   94843775328892560.     
   8.8785200000000009E-003   96062131796729472.     
   8.8785099999999992E-003   96864202011281728.     
   8.8784999999999992E-003   97856276837069264.     
   8.8784799999999994E-003   99033031017510544.     
   8.8784599999999995E-003   1.0019512488150320E+017
   8.8784399999999996E-003   1.0134331947857066E+017
   8.8784299999999997E-003   1.0266578610319038E+017
   8.8783999999999998E-003   1.0415691281148174E+017
   8.8783800000000000E-003   1.0526213652560766E+017
   8.8783700000000000E-003   1.0599219296774154E+017
   8.8783600000000001E-003   1.0707753475511990E+017
   8.8783400000000002E-003   1.0850919131361731E+017
   8.8783100000000004E-003   1.0992282938856803E+017
   8.8782900000000005E-003   1.1131891704699805E+017
   8.8782700000000006E-003   1.1269792785246440E+017
   8.8782500000000007E-003   1.1406034607840760E+017
   8.8782300000000008E-003   1.1607215007559061E+017
   8.8781899999999993E-003   1.1805211097338882E+017
   8.8781699999999995E-003   1.1935194470584861E+017
   8.8781499999999996E-003   1.2063678212098064E+017
   8.8781299999999997E-003   1.2190686388730046E+017
   8.8781199999999998E-003   1.2347364378128523E+017
   8.8780899999999999E-003   1.2532547406932114E+017
   8.8780600000000001E-003   1.2684575972831936E+017
   8.8780400000000002E-003   1.2804677270837944E+017
   8.8780200000000004E-003   1.2952951690606226E+017
   8.8780000000000005E-003   1.3128341748469872E+017
   8.8779700000000007E-003   1.3301023004553320E+017
   8.8779500000000008E-003   1.3471112000021827E+017
   8.8779199999999992E-003   1.3638713705957986E+017
   8.8778999999999993E-003   1.3803922467815365E+017
   8.8778699999999995E-003   1.3966827587291547E+017
   8.8778499999999996E-003   1.4127523142507667E+017
   8.8778299999999997E-003   1.4286099084771277E+017
   8.8777999999999999E-003   1.4442641057742560E+017
   8.8777800000000000E-003   1.4622778604611181E+017
   8.8777500000000002E-003   1.4825589378342275E+017
   8.8777200000000004E-003   1.4975677064653498E+017
   8.8777100000000005E-003   1.5074750226438534E+017
   8.8776900000000006E-003   1.5243614328563715E+017
   8.8776600000000008E-003   1.5479869189838832E+017
   8.8776199999999993E-003   1.5665036589590048E+017
   8.8775999999999994E-003   1.5801000023154614E+017
   8.8775799999999995E-003   1.5969102897263190E+017
   8.8775499999999997E-003   1.6168307958860602E+017
   8.8775199999999999E-003   1.6364811273879507E+017
   8.8774900000000000E-003   1.6558715648473085E+017
   8.8774700000000002E-003   1.6781739141936317E+017
   8.8774300000000004E-003   1.7032733719465859E+017
   8.8773900000000006E-003   1.7218418307282333E+017
   8.8773700000000007E-003   1.7340938916520634E+017
   8.8773600000000008E-003   1.7522872276953859E+017
   8.8773199999999993E-003   1.7762344953441389E+017
   8.8772899999999995E-003   1.7998302590570656E+017
   8.8772499999999997E-003   1.8230905593693917E+017
   8.8772199999999999E-003   1.8460304772944688E+017
   8.8771900000000001E-003   1.8686641580466544E+017
   8.8771500000000003E-003   1.8910048022205968E+017
   8.8771200000000005E-003   1.9130647929496858E+017
   8.8770900000000007E-003   1.9348559155757789E+017
   8.8770600000000009E-003   1.9563894552256138E+017
   8.8770299999999993E-003   1.9829521928165197E+017
   8.8769799999999996E-003   2.0143554805063261E+017
   8.8769399999999998E-003   2.0401499682849520E+017
   8.8769100000000000E-003   2.0605399114574157E+017
   8.8768800000000002E-003   2.0807253974372432E+017
   8.8768500000000004E-003   2.1007137675287379E+017
   8.8768200000000005E-003   2.1254256222339114E+017
   8.8767800000000008E-003   2.1547108774526797E+017
   8.8767399999999993E-003   2.1835986101975533E+017
   8.8766999999999995E-003   2.2121024320005174E+017
   8.8766599999999998E-003   2.2402344015462832E+017
   8.8766200000000000E-003   2.2680065205700566E+017
   8.8765800000000002E-003   2.2908903791437456E+017
   8.8765500000000004E-003   2.3090255556677715E+017
   8.8765300000000005E-003   2.3359458130508218E+017
   8.8764800000000008E-003   2.3713682381539722E+017
   8.8764299999999994E-003   2.4019300990123091E+017
   8.8763899999999996E-003   2.4278066500813462E+017
   8.8763499999999999E-003   2.4534028489839862E+017
   8.8763200000000000E-003   2.4787274267591421E+017
   8.8762800000000003E-003   2.5079357932138794E+017
   8.8762400000000005E-003   2.5409013192080992E+017
   8.8761900000000008E-003   2.5734353425821578E+017
   8.8761499999999993E-003   2.6055552691762381E+017
   8.8760999999999996E-003   2.6372767282770141E+017
   8.8760599999999999E-003   2.6686142676873421E+017
   8.8760100000000001E-003   2.6995810632864819E+017
   8.8759700000000004E-003   2.7301894568576029E+017
   8.8759300000000006E-003   2.7604497705917728E+017
   8.8758900000000009E-003   2.7903715487580989E+017
   8.8758499999999994E-003   2.8199641259713200E+017
   8.8758099999999996E-003   2.8492364745857958E+017
   8.8757699999999998E-003   2.8853822361666554E+017
   8.8757100000000002E-003   2.9281480379507002E+017
   8.8756500000000006E-003   2.9632966137590733E+017
   8.8756100000000008E-003   2.9910958045355565E+017
   8.8755699999999993E-003   3.0186237094687725E+017
   8.8755399999999995E-003   3.0458872573034214E+017
   8.8754999999999997E-003   3.0862861633239930E+017
   8.8754300000000001E-003   3.1393122942522771E+017
   8.8753500000000006E-003   3.1784866219994566E+017
   8.8753200000000008E-003   3.2043170158536614E+017
   8.8752799999999993E-003   3.2426528433657267E+017
   8.8752199999999996E-003   3.2930854554018035E+017
   8.8751500000000001E-003   3.3304230885469485E+017
   8.8751100000000003E-003   3.3550755053155462E+017
   8.8750800000000005E-003   3.3917064401106195E+017
   8.8750200000000008E-003   3.4399649693841210E+017
   8.8749499999999995E-003   3.4875632386638310E+017
   8.8748899999999999E-003   3.5345305144094419E+017
   8.8748300000000002E-003   3.5832281520919213E+017
   8.8747600000000006E-003   3.6472083525470336E+017
   8.8746599999999995E-003   3.7124273725570426E+017
   8.8745800000000000E-003   3.7523756014285421E+017
   8.8745500000000001E-003   3.7918845794646925E+017
   8.8744800000000006E-003   3.8439650431038400E+017
   8.8744099999999992E-003   3.8953619803422835E+017
   8.8743499999999996E-003   3.9461002165758291E+017
   8.8742800000000000E-003   4.0086144801068640E+017
   8.8741800000000006E-003   4.0824167866038752E+017
   8.8740899999999994E-003   4.1668762580700154E+017
   8.8739600000000002E-003   4.2614180671805523E+017
   8.8738399999999992E-003   4.3310357694142266E+017
   8.8737799999999995E-003   4.3768234075262112E+017
   8.8737199999999999E-003   4.4221525230245133E+017
   8.8736600000000002E-003   4.4670393780538707E+017
   8.8736100000000005E-003   4.5170206278064589E+017
   8.8735399999999992E-003   4.5719499270035072E+017
   8.8734699999999996E-003   4.6262548611103334E+017
   8.8734000000000000E-003   4.6799554724881043E+017
   8.8733300000000005E-003   4.7488700159976006E+017
   8.8732199999999994E-003   4.8324224248089216E+017
   8.8731200000000000E-003   4.9247730520918752E+017
   8.8729900000000007E-003   5.0254928616556960E+017
   8.8728599999999998E-003   5.1348420633711264E+017
   8.8727100000000007E-003   5.2523272652746502E+017
   8.8725699999999998E-003   5.3388285679449472E+017
   8.8725000000000002E-003   5.3957141638687808E+017
   8.8724300000000006E-003   5.4891824223850541E+017
   8.8722699999999998E-003   5.6175659912504960E+017
   8.8721100000000008E-003   5.7342870215494541E+017
   8.8719799999999998E-003   5.8137834919824179E+017
   8.8719100000000002E-003   5.8661806948952026E+017
   8.8718500000000006E-003   5.9267392294799168E+017
   8.8717699999999993E-003   5.9952411589880947E+017
   8.8716799999999998E-003   6.0965653428197850E+017
   8.8715200000000008E-003   6.2293136300543053E+017
   8.8713600000000000E-003   6.3594598113817062E+017
   8.8711999999999992E-003   6.4555027215952435E+017
   8.8711299999999996E-003   6.5187636389827648E+017
   8.8710500000000001E-003   6.5970224337125773E+017
   8.8709400000000008E-003   6.6898236213308595E+017
   8.8708299999999997E-003   6.8116598582719437E+017
   8.8706500000000008E-003   6.9612041568879770E+017
   8.8704700000000001E-003   7.1010265410059430E+017
   8.8703199999999992E-003   7.2316210896093670E+017
   8.8701700000000001E-003   7.3609447391704512E+017
   8.8700099999999994E-003   7.4890433956241549E+017
   8.8698700000000002E-003   7.6358057080931994E+017
   8.8696699999999996E-003   7.8002935792017254E+017
   8.8694800000000008E-003   7.9615229325247027E+017
   8.8693000000000001E-003   8.1197260310560678E+017
   8.8691199999999994E-003   8.2750989226332826E+017
   8.8689400000000005E-003   8.4278120754070246E+017
   8.8687599999999998E-003   8.5500837193012634E+017
   8.8686600000000004E-003   8.6430287002367219E+017
   8.8685499999999994E-003   8.7350708209004659E+017
   8.8684499999999999E-003   8.8262374228659072E+017
   8.8683400000000006E-003   8.9613267543902669E+017
   8.8681400000000001E-003   9.1387032216310554E+017
   8.8679399999999995E-003   9.3302023669569434E+017
   8.8677099999999991E-003   9.5350864175135987E+017
   8.8674900000000004E-003   9.7268898942579853E+017
   8.8672800000000000E-003   9.9070196990860083E+017
   8.8670899999999993E-003   1.0106900287079791E+018
   8.8668500000000008E-003   1.0325923362327034E+018
   8.8666100000000005E-003   1.0541764714554601E+018
   8.8663800000000001E-003   1.0754577084136317E+018
   8.8661499999999997E-003   1.0912987680633144E+018
   8.8660400000000004E-003   1.1070676451252671E+018
   8.8658200000000000E-003   1.1227078511874358E+018
   8.8657100000000006E-003   1.1351502815056713E+018
   8.8655599999999998E-003   1.1495951867115713E+018
   8.8654100000000007E-003   1.1639155365989245E+018
   8.8652699999999997E-003   1.1781147610428416E+018
   8.8651200000000006E-003   1.1971850044634693E+018
   8.8648800000000003E-003   1.2209911499653980E+018
   8.8646400000000000E-003   1.2446882165235991E+018
   8.8643999999999997E-003   1.2682833378531016E+018
   8.8641699999999993E-003   1.2954193862610422E+018
   8.8638599999999994E-003   1.3259666287052741E+018
   8.8635699999999994E-003   1.3486411422288364E+018
   8.8634200000000003E-003   1.3636889486452150E+018
   8.8632699999999995E-003   1.3861615638645542E+018
   8.8629799999999995E-003   1.4158392840190766E+018
   8.8626999999999994E-003   1.4451525795264538E+018
   8.8624299999999993E-003   1.4741210641390868E+018
   8.8621599999999991E-003   1.5064733576924201E+018
   8.8618199999999994E-003   1.5420816228748052E+018
   8.8614899999999996E-003   1.5773152813967386E+018
   8.8611699999999998E-003   1.6121949098213934E+018
   8.8608599999999999E-003   1.6466776987431373E+018
   8.8605500000000000E-003   1.6807847600080366E+018
   8.8602400000000001E-003   1.7079183589715679E+018
   8.8600599999999995E-003   1.7282913130321795E+018
   8.8598800000000005E-003   1.7484995611656410E+018
   8.8596999999999999E-003   1.7685479053462902E+018
   8.8595299999999991E-003   1.7985522307555297E+018
   8.8591799999999995E-003   1.8382039984795428E+018
   8.8588299999999998E-003   1.8808072611063089E+018
   8.8584400000000004E-003   1.9262423465218747E+018
   8.8580599999999992E-003   1.9712895480583224E+018
   8.8576699999999998E-003   2.0159736797821245E+018
   8.8573000000000002E-003   2.0507811589677043E+018
   8.8570899999999998E-003   2.0760363534125972E+018
   8.8568799999999993E-003   2.1011945355723128E+018
   8.8566700000000005E-003   2.1262593290566817E+018
   8.8564700000000000E-003   2.1574675300801923E+018
   8.8561600000000001E-003   2.1946531431775741E+018
   8.8558600000000001E-003   2.2380401461855160E+018
   8.8554600000000008E-003   2.2874065451301089E+018
   8.8550699999999996E-003   2.3363825026430720E+018
   8.8546800000000002E-003   2.3849897810318587E+018
   8.8542900000000008E-003   2.4211235537917962E+018
   8.8541000000000002E-003   2.4451432552124365E+018
   8.8539199999999995E-003   2.4723075714801987E+018
   8.8536799999999992E-003   2.5025514646892452E+018
   8.8534500000000006E-003   2.5477072938678840E+018
   8.8529799999999999E-003   2.6072783642953124E+018
   8.8525300000000008E-003   2.6515015506196239E+018
   8.8523000000000004E-003   2.6808713811370020E+018
   8.8520800000000000E-003   2.7133719113193395E+018
   8.8518099999999999E-003   2.7489336428744909E+018
   8.8515499999999997E-003   2.7841877355781197E+018
   8.8512799999999996E-003   2.8191436018329784E+018
   8.8510199999999994E-003   2.8543307503242061E+018
   8.8507599999999992E-003   2.8897454719726525E+018
   8.8505000000000007E-003   2.9427289229681521E+018
   8.8499800000000003E-003   3.0126899850006385E+018
   8.8494799999999998E-003   3.0646724177676570E+018
   8.8492299999999996E-003   3.0992617974239160E+018
   8.8489799999999993E-003   3.1370784499304253E+018
   8.8486799999999994E-003   3.1780508281960776E+018
   8.8483899999999994E-003   3.2186745633112909E+018
   8.8480999999999994E-003   3.2795801656416333E+018
   8.8475299999999993E-003   3.3403929614753638E+018
   8.8472499999999992E-003   3.3809238615847270E+018
   8.8469599999999992E-003   3.4211356470569595E+018
   8.8466900000000008E-003   3.4761343132037990E+018
   8.8462000000000002E-003   3.5454851984671744E+018
   8.8457299999999996E-003   3.6150741420510090E+018
   8.8452500000000007E-003   3.6848564753683277E+018
   8.8447800000000000E-003   3.7511919129168855E+018
   8.8443500000000008E-003   3.8139177029635297E+018
   8.8439199999999999E-003   3.8644021531612037E+018
   8.8436499999999998E-003   3.9033167938655882E+018
   8.8433899999999996E-003   3.9646631105472108E+018
   8.8427999999999996E-003   4.0473955159515899E+018
   8.8422299999999995E-003   4.1120199447266345E+018
   8.8419099999999997E-003   4.1594312673363016E+018
   8.8415799999999999E-003   4.2288995996945229E+018
   8.8409600000000001E-003   4.3204430570128819E+018
   8.8403500000000003E-003   4.4191144701357727E+018
   8.8396599999999992E-003   4.5248072989564252E+018
   8.8389899999999997E-003   4.6075958855361167E+018
   8.8386100000000002E-003   4.6676948410338058E+018
   8.8382300000000007E-003   4.7278539339108209E+018
   8.8378499999999995E-003   4.7880745669965097E+018
   8.8374700000000000E-003   4.8709657378569196E+018
   8.8368200000000004E-003   4.9758141219524424E+018
   8.8361800000000008E-003   5.0676003754576138E+018
   8.8356900000000002E-003   5.1467775506288312E+018
   8.8352099999999996E-003   5.2199629102638889E+018
   8.8348000000000003E-003   5.3207639486064271E+018
   8.8339999999999998E-003   5.4597138872685588E+018
   8.8331399999999997E-003   5.5672221627981332E+018
   8.8327200000000005E-003   5.6381346324236657E+018
   8.8322999999999995E-003   5.7436881115788114E+018
   8.8314799999999992E-003   5.8827121742537636E+018
   8.8306800000000005E-003   6.0158561480460247E+018
   8.8299399999999997E-003   6.1254649298583142E+018
   8.8294199999999993E-003   6.2160494195323761E+018
   8.8289000000000006E-003   6.3478341975684301E+018
   8.8279299999999995E-003   6.5192547361462139E+018
   8.8269700000000000E-003   6.6927213997542369E+018
   8.8259900000000006E-003   6.8681698462764892E+018
   8.8250399999999993E-003   7.0243705281329531E+018
   8.8242800000000003E-003   7.1621410377062851E+018
   8.8235399999999995E-003   7.3305210318628157E+018
   8.8224700000000007E-003   7.4791784004124170E+018
   8.8219400000000003E-003   7.5772020595859231E+018
   8.8214200000000000E-003   7.7137522944374108E+018
   8.8205000000000002E-003   7.8875782375522703E+018
   8.8196000000000004E-003   8.0225378843245640E+018
   8.8190899999999999E-003   8.1198585338228582E+018
   8.8185799999999995E-003   8.2434784931296492E+018
   8.8178100000000006E-003   8.3926629517994957E+018
   8.8170499999999999E-003   8.5819402177652562E+018
   8.8158799999999999E-003   8.7578518651125135E+018
   8.8152600000000001E-003   8.8982629870816164E+018
   8.8144699999999996E-003   9.0552615249203067E+018
   8.8136900000000008E-003   9.2473792540003205E+018
   8.8125600000000005E-003   9.4171444043121234E+018
   8.8120100000000003E-003   9.5292061307487375E+018
   8.8114600000000001E-003   9.7025520145154232E+018
   8.8103200000000000E-003   9.8773411760320184E+018
   8.8097599999999998E-003   9.9927244461297787E+018
   8.8091999999999997E-003   1.0118651186698283E+019
   8.8085500000000001E-003   1.0254859669228972E+019
   8.8079000000000005E-003   1.0428323974286850E+019
   8.8068899999999995E-003   1.0637742893764571E+019
   8.8059100000000001E-003   1.0813002816623073E+019
   8.8052400000000006E-003   1.0955253600064256E+019
   8.8045699999999994E-003   1.1097445072844044E+019
   8.8039099999999999E-003   1.1317920368088924E+019
   8.8025299999999994E-003   1.1612242496007262E+019
   8.8011900000000004E-003   1.1911656140955249E+019
   8.7997800000000001E-003   1.2140192897173340E+019
   8.7990900000000007E-003   1.2290735732132059E+019
   8.7984099999999996E-003   1.2524658517217102E+019
   8.7969799999999994E-003   1.2837934554191901E+019
   8.7955800000000008E-003   1.3155685684763077E+019
   8.7941200000000008E-003   1.3397692195360578E+019
   8.7933999999999998E-003   1.3556516329463259E+019
   8.7926900000000006E-003   1.3719191043764095E+019
   8.7919399999999998E-003   1.3885303683317905E+019
   8.7912000000000007E-003   1.4049222412285954E+019
   8.7904699999999999E-003   1.4210871730317609E+019
   8.7897400000000007E-003   1.4376131204549587E+019
   8.7889800000000001E-003   1.4544503487107156E+019
   8.7882199999999994E-003   1.4792018545984051E+019
   8.7867399999999995E-003   1.5038763832054176E+019
   8.7859500000000007E-003   1.5207556377930949E+019
   8.7851800000000001E-003   1.5373177102079906E+019
   8.7844199999999994E-003   1.5535609456914186E+019
   8.7836600000000004E-003   1.5701682970337425E+019
   8.7828600000000000E-003   1.5869103960255488E+019
   8.7820799999999994E-003   1.6032702423295023E+019
   8.7813000000000006E-003   1.6192784208920537E+019
   8.7805299999999999E-003   1.6355017711497132E+019
   8.7797099999999996E-003   1.6518791532021803E+019
   8.7789099999999991E-003   1.6678382975541139E+019
   8.7781100000000004E-003   1.6834203928603507E+019
   8.7773299999999999E-003   1.6991702876347562E+019
   8.7764899999999996E-003   1.7150368929385875E+019
   8.7756699999999993E-003   1.7304552378035358E+019
   8.7748600000000006E-003   1.7454988092897157E+019
   8.7740600000000002E-003   1.7606757117148547E+019
   8.7732100000000000E-003   1.7759774902967304E+019
   8.7723699999999998E-003   1.7908393921995909E+019
   8.7715399999999995E-003   1.8053826915850918E+019
   8.7707299999999992E-003   1.8200852817456413E+019
   8.7698600000000008E-003   1.8349578414229895E+019
   8.7690100000000007E-003   1.8494488337795719E+019
   8.7681600000000005E-003   1.8636864610416886E+019
   8.7673300000000003E-003   1.8781393828799533E+019
   8.7664400000000003E-003   1.8928233736722207E+019
   8.7655700000000003E-003   1.9071993249645392E+019
   8.7647100000000002E-003   1.9213867025357955E+019
   8.7638600000000001E-003   1.9358908297607594E+019
   8.7629600000000002E-003   1.9505966364552569E+019
   8.7620700000000003E-003   1.9648202809029722E+019
   8.7612000000000002E-003   1.9794049390214644E+019
   8.7603300000000002E-003   2.0026800911035175E+019
   8.7585100000000006E-003   2.0331271343820947E+019
   8.7567300000000008E-003   2.0556347890787086E+019
   8.7557999999999993E-003   2.0712684498499789E+019
   8.7548799999999996E-003   2.0866943505571541E+019
   8.7539699999999998E-003   2.1025682709899661E+019
   8.7530699999999999E-003   2.1282024501172613E+019
   8.7511800000000008E-003   2.1615987998415917E+019
   8.7493399999999995E-003   2.1861901434883645E+019
   8.7483700000000001E-003   2.2034314306412270E+019
   8.7474100000000006E-003   2.2294228316657885E+019
   8.7455399999999996E-003   2.2648378404688179E+019
   8.7435800000000008E-003   2.2914577119431913E+019
   8.7426199999999996E-003   2.3096352376450912E+019
   8.7416700000000000E-003   2.3390543652349620E+019
   8.7396799999999997E-003   2.3771759752105447E+019
   8.7377300000000008E-003   2.4149219347097608E+019
   8.7357000000000008E-003   2.4437706059816354E+019
   8.7347099999999997E-003   2.4629838034134790E+019
   8.7337200000000004E-003   2.4934999426687332E+019
   8.7316500000000005E-003   2.5341095109434524E+019
   8.7296400000000003E-003   2.5755764700035432E+019
   8.7275300000000007E-003   2.6178505705832190E+019
   8.7254800000000007E-003   2.6491708483843301E+019
   8.7244000000000002E-003   2.6709473239466717E+019
   8.7233299999999996E-003   2.7046473240562033E+019
   8.7211700000000003E-003   2.7489342234285502E+019
   8.7190600000000007E-003   2.7932419466940703E+019
   8.7169299999999995E-003   2.8392368599398138E+019
   8.7147000000000006E-003   2.8861278122186363E+019
   8.7125299999999996E-003   2.9207972255751389E+019
   8.7113899999999994E-003   2.9577057365734834E+019
   8.7091400000000006E-003   2.9997038462464451E+019
   8.7074600000000002E-003   3.0366265723704639E+019
   8.7057300000000001E-003   3.0803442981561938E+019
   8.7034799999999996E-003   3.1310813106364555E+019
   8.7011199999999997E-003   3.1754359654038983E+019
   8.6993899999999996E-003   3.2136672661415584E+019
   8.6976099999999997E-003   3.2537289072287638E+019
   8.6958199999999999E-003   3.2931246038147559E+019
   8.6940699999999999E-003   3.3312689791148360E+019
   8.6923699999999996E-003   3.3681625552562594E+019
   8.6907000000000009E-003   3.4009193382962356E+019
   8.6893300000000003E-003   3.4303848807770276E+019
   8.6879799999999997E-003   3.4619837559249506E+019
   8.6864400000000001E-003   3.4948581527213781E+019
   8.6849200000000005E-003   3.5274576999067054E+019
   8.6833299999999995E-003   3.5607467803375321E+019
   8.6817800000000001E-003   3.6018949189587235E+019
   8.6795499999999994E-003   3.6468960926099874E+019
   8.6773700000000002E-003   3.6826727851930677E+019
   8.6757799999999993E-003   3.7133864373747769E+019
   8.6742199999999998E-003   3.7521129890769994E+019
   8.6719299999999996E-003   3.7940517948116099E+019
   8.6696900000000007E-003   3.8272329137888502E+019
   8.6680400000000001E-003   3.8549031877626642E+019
   8.6664099999999994E-003   3.8814643802703184E+019
   8.6647700000000005E-003   3.9074814222224351E+019
   8.6631599999999996E-003   3.9389932336046621E+019
   8.6608299999999996E-003   3.9723117053888266E+019
   8.6585700000000008E-003   4.0003779252989305E+019
   8.6565400000000008E-003   4.0254985074332262E+019
   8.6545500000000004E-003   4.0488128112275988E+019
   8.6525300000000003E-003   4.0710627169935475E+019
   8.6505499999999999E-003   4.0938100584122409E+019
   8.6481800000000001E-003   4.1164428529346732E+019
   8.6458799999999999E-003   4.1372655843283558E+019
   8.6435200000000000E-003   4.1559506036254425E+019
   8.6412199999999998E-003   4.1692850428665897E+019
   8.6395399999999994E-003   4.1817292574441578E+019
   8.6379000000000004E-003   4.2004314220133794E+019
   8.6348599999999994E-003   4.2218829962081952E+019
   8.6319299999999995E-003   4.2374250406978044E+019
   8.6298999999999994E-003   4.2512646947178250E+019
   8.6279200000000007E-003   4.2661564217774391E+019
   8.6259000000000006E-003   4.2816150600621711E+019
   8.6239300000000001E-003   4.3065543879462175E+019
   8.6199799999999993E-003   4.3332388777479307E+019
   8.6179900000000007E-003   4.3529168866223309E+019
   8.6160500000000001E-003   4.3781992488461640E+019
   8.6133600000000005E-003   4.4013225198428463E+019
   8.6120599999999995E-003   4.4174206755430294E+019
   8.6107700000000002E-003   4.4438923900180275E+019
   8.6080900000000005E-003   4.4719193793867530E+019
   8.6067799999999996E-003   4.4966903706130956E+019
   8.6048099999999992E-003   4.5284378486623117E+019
   8.6028000000000007E-003   4.5563434304068305E+019
   8.6014899999999998E-003   4.5917625591815127E+019
   8.5988400000000000E-003   4.6292594361011487E+019
   8.5974999999999992E-003   4.6553153967352898E+019
   8.5961800000000001E-003   4.6893378652648047E+019
   8.5941999999999998E-003   4.7326494756100923E+019
   8.5921699999999997E-003   4.7704209585932911E+019
   8.5908400000000006E-003   4.8011661578727367E+019
   8.5895399999999997E-003   4.8504147310730027E+019
   8.5868000000000003E-003   4.9105118854631834E+019
   8.5848000000000001E-003   4.9548757936314122E+019
   8.5834499999999994E-003   5.0019017637191803E+019
   8.5813899999999995E-003   5.0697749418557768E+019
   8.5787099999999998E-003   5.1298882774622323E+019
   8.5772999999999995E-003   5.1830239277412614E+019
   8.5752299999999997E-003   5.2472885398459711E+019
   8.5731999999999996E-003   5.3261633503483421E+019
   8.5703800000000007E-003   5.4024117035560755E+019
   8.5686200000000007E-003   5.4622315982549582E+019
   8.5669000000000006E-003   5.5369654184147952E+019
   8.5643999999999998E-003   5.6254715019651097E+019
   8.5619700000000003E-003   5.7237510397451903E+019
   8.5590500000000003E-003   5.8048050797770195E+019
   8.5576200000000002E-003   5.8594549995279499E+019
   8.5562099999999999E-003   5.9540417544116437E+019
   8.5528600000000007E-003   6.0860793408150839E+019
   8.5495999999999992E-003   6.1898363591918928E+019
   8.5477200000000000E-003   6.2900751718207562E+019
   8.5447400000000003E-003   6.4250895873350836E+019
   8.5413299999999998E-003   6.5468914887280386E+019
   8.5390699999999993E-003   6.6380945838414160E+019
   8.5371100000000005E-003   6.7236380500835148E+019
   8.5351899999999998E-003   6.8300284519288742E+019
   8.5324200000000006E-003   6.9517029403143315E+019
   8.5297099999999994E-003   7.0678805568753615E+019
   8.5273099999999998E-003   7.1771517128899232E+019
   8.5249599999999998E-003   7.2706940056440709E+019
   8.5233199999999992E-003   7.3475977909783306E+019
   8.5217000000000001E-003   7.4604431554470937E+019
   8.5185799999999996E-003   7.6105305685182071E+019
   8.5155300000000003E-003   7.7217601279554650E+019
   8.5139599999999992E-003   7.7988598731592974E+019
   8.5124099999999998E-003   7.8939102360041325E+019
   8.5101699999999992E-003   8.0058348712635810E+019
   8.5079700000000001E-003   8.1499810147444359E+019
   8.5045199999999998E-003   8.3297299453685842E+019
   8.5010299999999997E-003   8.5256129538850472E+019
   8.4971000000000005E-003   8.7022023492279206E+019
   8.4944200000000008E-003   8.8494956237205422E+019
   8.4916899999999997E-003   9.0314032237689258E+019
   8.4878499999999999E-003   9.2745455269745639E+019
   8.4830300000000008E-003   9.4721047230798889E+019
   8.4808999999999996E-003   9.5942508001049625E+019
   8.4787999999999999E-003   9.7382261550106313E+019
   8.4759699999999993E-003   9.9073357995382653E+019
   8.4730599999999993E-003   1.0079295254491470E+020
   8.4702000000000006E-003   1.0254335907517987E+020
   8.4672399999999991E-003   1.0434358371743280E+020
   8.4642699999999994E-003   1.0615382284985701E+020
   8.4613399999999995E-003   1.0769575291382304E+020
   8.4592799999999996E-003   1.0960505301629172E+020
   8.4552299999999993E-003   1.1253960872001285E+020
   8.4500600000000006E-003   1.1535976155923266E+020
   8.4464299999999996E-003   1.1756308528387624E+020
   8.4432699999999992E-003   1.1966423998007293E+020
   8.4400399999999993E-003   1.2253124907887888E+020
   8.4346500000000001E-003   1.2553275938385587E+020
   8.4310900000000005E-003   1.2738795591242503E+020
   8.4291899999999996E-003   1.2951077365756635E+020
   8.4249400000000006E-003   1.3243431531892600E+020
   8.4207799999999992E-003   1.3469540689467215E+020
   8.4184800000000008E-003   1.3630813229663784E+020
   8.4162100000000004E-003   1.3869393867293504E+020
   8.4118100000000005E-003   1.4182497184418728E+020
   8.4075000000000000E-003   1.4403795243378205E+020
   8.4057000000000003E-003   1.4534492840225089E+020
   8.4039200000000005E-003   1.4756595026991790E+020
   8.3996799999999996E-003   1.5069094594274538E+020
   8.3955000000000002E-003   1.5303047019330214E+020
   8.3933500000000008E-003   1.5465226160396009E+020
   8.3912099999999996E-003   1.5695090413002516E+020
   8.3873100000000003E-003   1.5992080584662542E+020
   8.3834700000000005E-003   1.6244900639657853E+020
   8.3807699999999992E-003   1.6454246308259745E+020
   8.3780999999999994E-003   1.6693615147422207E+020
   8.3746800000000007E-003   1.6962699446258483E+020
   8.3712999999999999E-003   1.7270394271964771E+020
   8.3669899999999995E-003   1.7615914002884113E+020
   8.3627400000000005E-003   1.7934572861252662E+020
   8.3591499999999992E-003   1.8348074938782564E+020
   8.3527099999999993E-003   1.8734312136864963E+020
   8.3498600000000006E-003   1.8988720348790522E+020
   8.3466800000000004E-003   1.9257140657119619E+020
   8.3435300000000000E-003   1.9673112033870155E+020
   8.3370000000000007E-003   2.0234619149820956E+020
   8.3306100000000004E-003   2.0818386238563585E+020
   8.3237799999999994E-003   2.1424196399971323E+020
   8.3170999999999991E-003   2.1886743091065035E+020
   8.3135099999999997E-003   2.2215419048021020E+020
   8.3099500000000000E-003   2.2564523869984912E+020
   8.3059799999999993E-003   2.2934054242914084E+020
   8.3020500000000001E-003   2.3285919087676165E+020
   8.2985200000000002E-003   2.3620492720119965E+020
   8.2950200000000002E-003   2.4023661519304455E+020
   8.2901199999999998E-003   2.4494825551901531E+020
   8.2853000000000007E-003   2.5019960355878909E+020
   8.2794400000000008E-003   2.5597829936397163E+020
   8.2736700000000003E-003   2.6140464422370283E+020
   8.2686300000000008E-003   2.6649807852390449E+020
   8.2636500000000009E-003   2.7179220720226484E+020
   8.2582599999999999E-003   2.7681958860223604E+020
   8.2540400000000007E-003   2.8122590461573484E+020
   8.2498699999999994E-003   2.8718894734139956E+020
   8.2428399999999995E-003   2.9469478144570996E+020
   8.2359400000000006E-003   3.0183349329027636E+020
   8.2298000000000007E-003   3.0857533149727988E+020
   8.2237700000000000E-003   3.1488656001602145E+020
   8.2184300000000005E-003   3.2310039256088976E+020
   8.2093600000000006E-003   3.3039785521605797E+020
   8.2057499999999995E-003   3.3457546301566504E+020
   8.2021899999999998E-003   3.4082156493120274E+020
   8.1951599999999999E-003   3.4912303984719875E+020
   8.1882499999999993E-003   3.5588896625357855E+020
   8.1839300000000007E-003   3.6113028751332134E+020
   8.1796600000000001E-003   3.6731017767253495E+020
   8.1738999999999996E-003   3.7442407706819422E+020
   8.1682200000000003E-003   3.8236920939029771E+020
   8.1612899999999999E-003   3.9310933953856458E+020
   8.1514499999999993E-003   4.0403837996630658E+020
   8.1444599999999992E-003   4.1123231609484601E+020
   8.1405200000000000E-003   4.1940242533264707E+020
   8.1322400000000006E-003   4.3048757190295467E+020
   8.1241200000000003E-003   4.3894898321154834E+020
   8.1198499999999996E-003   4.4483018130037703E+020
   8.1156300000000004E-003   4.5069762496677465E+020
   8.1114499999999992E-003   4.5655547680999919E+020
   8.1073099999999995E-003   4.6570294214963095E+020
   8.0986099999999991E-003   4.7812824136472278E+020
   8.0900799999999995E-003   4.9092028200837802E+020
   8.0811700000000004E-003   5.0407983190164813E+020
   8.0724300000000002E-003   5.1414445403584502E+020
   8.0678399999999997E-003   5.2112444069514589E+020
   8.0632900000000007E-003   5.2809474266492803E+020
   8.0587899999999997E-003   5.3505568900440457E+020
   8.0543300000000002E-003   5.4593054344255603E+020
   8.0449700000000002E-003   5.6070045545598281E+020
   8.0357899999999993E-003   5.7193259390941331E+020
   8.0309800000000001E-003   5.7976792977552566E+020
   8.0262000000000007E-003   5.8759412317194709E+020
   8.0214799999999992E-003   5.9541110263610239E+020
   8.0167999999999993E-003   6.0761831490156888E+020
   8.0069700000000004E-003   6.2421146885059209E+020
   7.9973400000000004E-003   6.4125727059802299E+020
   7.9872799999999994E-003   6.5885157476709145E+020
   7.9774000000000008E-003   6.7231966795231920E+020
   7.9722200000000003E-003   6.8165960087860019E+020
   7.9670999999999995E-003   6.9099124093717840E+020
   7.9620200000000002E-003   7.0031677755307563E+020
   7.9569800000000006E-003   7.1487485204597126E+020
   7.9464300000000009E-003   7.3467114293031731E+020
   7.9360699999999999E-003   7.4972448607848825E+020
   7.9306399999999992E-003   7.6023276732168248E+020
   7.9252599999999999E-003   7.7073398724839591E+020
   7.9199300000000004E-003   7.8122780796620033E+020
   7.9146500000000005E-003   7.9761462230036172E+020
   7.9035800000000003E-003   8.1990420149018493E+020
   7.8927100000000007E-003   8.4285566177387938E+020
   7.8813800000000003E-003   8.6651644890002961E+020
   7.8702500000000005E-003   8.8464012782913389E+020
   7.8644200000000004E-003   8.9721052763702087E+020
   7.8586500000000000E-003   9.0977594536995730E+020
   7.8529299999999993E-003   9.2233854603621171E+020
   7.8472600000000000E-003   9.4194190767058230E+020
   7.8353799999999994E-003   9.6861688138363136E+020
   7.8237199999999993E-003   9.8891632970133052E+020
   7.8176099999999991E-003   1.0030809918491558E+021
   7.8115499999999996E-003   1.0243011030199253E+021
   7.7996200000000002E-003   1.0535249874214289E+021
   7.7871700000000004E-003   1.0761287176089554E+021
   7.7810300000000004E-003   1.0911446954363520E+021
   7.7749500000000001E-003   1.1146048972390034E+021
   7.7622100000000003E-003   1.1465394367270828E+021
   7.7497099999999999E-003   1.1708355853295573E+021
   7.7431499999999999E-003   1.1878016735830525E+021
   7.7366700000000002E-003   1.2092534361393969E+021
   7.7268500000000004E-003   1.2352786308090752E+021
   7.7171699999999998E-003   1.2617931319134273E+021
   7.7072299999999998E-003   1.2888920281209037E+021
   7.6974299999999999E-003   1.3168564187158613E+021
   7.6871700000000001E-003   1.3456596112105288E+021
   7.6770500000000004E-003   1.3750674848120292E+021
   7.6666700000000004E-003   1.4142219392708908E+021
   7.6502400000000000E-003   1.4567785235468575E+021
   7.6380199999999997E-003   1.4940081875940603E+021
   7.6256800000000001E-003   1.5321790751447874E+021
   7.6132200000000004E-003   1.5764385040461125E+021
   7.5974600000000003E-003   1.6217630406930210E+021
   7.5848299999999999E-003   1.6635841860091584E+021
   7.5717400000000004E-003   1.7068381415800164E+021
   7.5586500000000001E-003   1.7484212234165195E+021
   7.5469500000000002E-003   1.7872599411701949E+021
   7.5358100000000004E-003   1.8338191802795604E+021
   7.5199799999999999E-003   1.8842183694863318E+021
   7.5069500000000001E-003   1.9276783010637047E+021
   7.4952899999999999E-003   1.9719934181192455E+021
   7.4815100000000002E-003   2.0237969279942029E+021
   7.4663999999999998E-003   2.0690415622702721E+021
   7.4564799999999997E-003   2.1093932202170515E+021
   7.4425000000000003E-003   2.1601499009587728E+021
   7.4260799999999998E-003   2.2044862643099502E+021
   7.4102500000000002E-003   2.2456351936347292E+021
   7.3955999999999996E-003   2.2655044871267214E+021
   7.3815599999999997E-003   2.2709769209237172E+021
   7.3656800000000003E-003   2.2304151835807208E+021
   7.3594100000000003E-003   2.2514612267863376E+021
   7.3445699999999999E-003   2.1275561399462800E+021
   7.3251499999999999E-003   2.0794557734229909E+021
   7.3113700000000002E-003   1.9256916383192129E+021
   7.2980600000000003E-003   1.7129534176945129E+021
   7.2829300000000000E-003   1.6004213243712921E+021
   7.2690400000000000E-003   1.5352983363175074E+021
   7.2631500000000003E-003   1.4508913229347928E+021
   7.2573000000000004E-003   1.3772178058484274E+021
   7.2430100000000002E-003   1.3200275061203833E+021
   7.2372799999999996E-003   1.2904934033086981E+021
   7.2307200000000004E-003   1.2390685894710953E+021
   7.2256200000000003E-003   1.2378286411211088E+021
   7.2175299999999998E-003   1.2154013279752571E+021
   7.2123600000000001E-003   1.1882482189731908E+021
   7.2075000000000004E-003   1.1763438945304248E+021
   7.2031100000000004E-003   1.1833030440009657E+021
   7.1978600000000004E-003   1.1691368261793319E+021
   7.1920600000000001E-003   1.1658230023074325E+021
   7.1862999999999996E-003   1.1702830324826120E+021
   7.1828100000000004E-003   1.1751402147871830E+021
   7.1780400000000001E-003   1.1807659637945776E+021
   7.1756700000000003E-003   1.1853258053139201E+021
   7.1738899999999996E-003   1.1921687187976534E+021
   7.1697300000000000E-003   1.1995902455353906E+021
   7.1673500000000003E-003   1.2069259582387522E+021
   7.1640400000000000E-003   1.2160849068791355E+021
   7.1613199999999997E-003   1.2331443045907015E+021
   7.1552899999999999E-003   1.2573631107910371E+021
   7.1507599999999999E-003   1.2745639186495795E+021
   7.1456400000000000E-003   1.3085676330916690E+021
   7.1396500000000000E-003   1.3389015481659773E+021
   7.1349500000000001E-003   1.3658450345914673E+021
   7.1304500000000000E-003   1.3974606407777329E+021
   7.1260999999999998E-003   1.4236226937219939E+021
   7.1221399999999999E-003   1.4569867812356854E+021
   7.1171100000000003E-003   1.4841820964662495E+021
   7.1150400000000004E-003   1.5079830127409179E+021
   7.1109099999999998E-003   1.5374456570670804E+021
   7.1081699999999996E-003   1.5653773169186796E+021
   7.1040699999999997E-003   1.5918255461156869E+021
   7.1020199999999997E-003   1.6182127410124009E+021
   7.0980399999999999E-003   1.6535499722038877E+021
   7.0941499999999996E-003   1.6804504065561964E+021
   7.0922199999999998E-003   1.7016738190561648E+021
   7.0897000000000000E-003   1.7376758149419072E+021
   7.0846900000000003E-003   1.7865943812952902E+021
   7.0797000000000004E-003   1.8367419410473670E+021
   7.0747300000000004E-003   1.8751108507485117E+021
   7.0722500000000004E-003   1.8970964628733074E+021
   7.0704000000000001E-003   1.9262983797834968E+021
   7.0667000000000004E-003   1.9655644128259738E+021
   7.0630600000000003E-003   2.0046059249810601E+021
   7.0594799999999999E-003   2.0432933604518587E+021
   7.0559700000000000E-003   2.0815729669374571E+021
   7.0525099999999997E-003   2.1263190061434822E+021
   7.0479899999999996E-003   2.1677974047925207E+021
   7.0452099999999997E-003   2.1993319098535762E+021
   7.0424299999999997E-003   2.2406167741721627E+021
   7.0378599999999999E-003   2.2869398318494426E+021
   7.0342699999999996E-003   2.3258576081909648E+021
   7.0311100000000001E-003   2.3599593428576452E+021
   7.0283699999999999E-003   2.4037336222402724E+021
   7.0237700000000004E-003   2.4581644581094661E+021
   7.0189700000000002E-003   2.5270224475678195E+021
   7.0127799999999997E-003   2.5784013281867958E+021
   7.0098499999999998E-003   2.6186190601269842E+021
   7.0069399999999997E-003   2.6747900909501809E+021
   7.0025799999999996E-003   2.7070399552213347E+021
   6.9967900000000001E-003   2.8122915580037096E+021
   6.9939099999999999E-003   2.8100999685371986E+021
   6.9910299999999996E-003   2.8415414727096213E+021
   6.9865700000000001E-003   2.9057517218599487E+021
   6.9803100000000000E-003   2.9920831705806327E+021
   6.9766999999999997E-003   3.0363428984774779E+021
   6.9705699999999997E-003   3.1307439010039412E+021
   6.9645400000000000E-003   3.1333398668297372E+021
   6.9611100000000004E-003   3.1774940492830217E+021
   6.9589099999999996E-003   3.2567469889076645E+021
   6.9545199999999996E-003   3.2747384492847305E+021
   6.9491900000000001E-003   3.4533691678416673E+021
   6.9460600000000004E-003   3.4152227451917094E+021
   6.9410499999999998E-003   3.4210494702937833E+021
   6.9385599999999999E-003   3.4406852905331526E+021
   6.9336900000000002E-003   3.6182457745267229E+021
   6.9265899999999998E-003   3.6173748494286088E+021
   6.9217300000000001E-003   3.7081813106965810E+021
   6.9168900000000002E-003   3.7541478789095746E+021
   6.9085800000000001E-003   3.8051415600860805E+021
   6.9041500000000004E-003   3.8884320232550202E+021
   6.9004699999999997E-003   3.9501642324844395E+021
   6.8968099999999997E-003   4.0255380781146240E+021
   6.8941200000000001E-003   4.0218879000375764E+021
   6.8921099999999999E-003   4.0854200979442578E+021
   6.8884400000000000E-003   4.1584283832767207E+021
   6.8868599999999999E-003   4.2241365440945696E+021
   6.8843200000000002E-003   4.2752307414839837E+021
   6.8822900000000001E-003   4.3552583036481448E+021
   6.8807100000000000E-003   4.3648987033215886E+021
   6.8791399999999997E-003   4.4077103695250609E+021
   6.8778399999999996E-003   4.4374577713895136E+021
   6.8765400000000004E-003   4.4648592178844171E+021
   6.8752700000000002E-003   4.5044572001524536E+021
   6.8739900000000000E-003   4.5829427816966264E+021
   6.8713999999999997E-003   4.6093921732015156E+021
   6.8688100000000004E-003   4.6306092696839069E+021
   6.8676700000000002E-003   4.6380826015203821E+021
   6.8665400000000000E-003   4.7436166149050026E+021
   6.8647400000000003E-003   4.7559037653220254E+021
   6.8629299999999997E-003   4.7681958135065131E+021
   6.8611300000000000E-003   4.7804929257134547E+021
   6.8593400000000002E-003   4.8464323816289238E+021
   6.8552999999999999E-003   4.9017614046895056E+021
   6.8512699999999996E-003   4.9824926162014301E+021
   6.8422999999999999E-003   5.0591813608047808E+021
   6.8223199999999998E-003   5.1797431459414414E+021
   6.8044200000000003E-003   5.2876033756264619E+021
   6.7900399999999998E-003   5.4073459459020649E+021
   6.7766399999999996E-003   5.5511978619100704E+021
   6.7569099999999997E-003   5.7135728540630385E+021
   6.7384200000000002E-003   5.8535435200151903E+021
   6.7219899999999997E-003   5.9880851906660380E+021
   6.7056399999999997E-003   6.1281049656634900E+021
   6.6894800000000003E-003   6.2779068287385139E+021
   6.6707399999999997E-003   6.4240171951071166E+021
   6.6551400000000004E-003   6.5622433983484972E+021
   6.6391699999999998E-003   6.7089712052122000E+021
   6.6217699999999999E-003   6.8688670231481025E+021
   6.6032100000000000E-003   7.0536184180130510E+021
   6.5808000000000004E-003   7.2322012754832702E+021
   6.5642100000000000E-003   7.4030362606634984E+021
   6.5443000000000003E-003   7.5920365961591390E+021
   6.5246499999999999E-003   7.7642477135303981E+021
   6.5083500000000004E-003   7.8984137120059218E+021
   6.4977000000000004E-003   8.0417136246312644E+021
   6.4792599999999997E-003   8.1906431680302809E+021
   6.4679700000000000E-003   8.3603899324874568E+021
   6.4456200000000000E-003   8.5554443069767109E+021
   6.4293600000000003E-003   8.7248095068703173E+021
   6.4132599999999996E-003   8.8805483264711359E+021
   6.4001300000000004E-003   9.0211839162015872E+021
   6.3871099999999997E-003   9.2551411009200985E+021
   6.3569000000000004E-003   9.5845553466984869E+021
   6.3272199999999997E-003   9.8293928784770829E+021
   6.3136700000000004E-003   1.0042562884734288E+022
   6.2900200000000003E-003   1.0237628587557331E+022
   6.2798699999999999E-003   1.0441044997877327E+022
   6.2554799999999999E-003   1.0729819327309308E+022
   6.2314099999999997E-003   1.0963703786279782E+022
   6.2175099999999999E-003   1.1131625052176390E+022
   6.2037200000000002E-003   1.1349116329502783E+022
   6.1824000000000002E-003   1.1617967147896520E+022
   6.1613099999999997E-003   1.1845799711669098E+022
   6.1471099999999999E-003   1.2027077663358397E+022
   6.1330100000000004E-003   1.2309211078035486E+022
   6.1039400000000004E-003   1.2694033928165286E+022
   6.0753100000000004E-003   1.3014761848574514E+022
   6.0568799999999997E-003   1.3269414861584330E+022
   6.0386299999999997E-003   1.3478281872234252E+022
   6.0275800000000003E-003   1.3631337873059235E+022
   6.0165899999999996E-003   1.3895737241041199E+022
   5.9903900000000000E-003   1.4347729742968222E+022
   5.9540399999999999E-003   1.4827542728092168E+022
   5.9255100000000002E-003   1.5180397362364396E+022
   5.9075700000000000E-003   1.5495567635522651E+022
   5.8844099999999996E-003   1.5852769710152484E+022
   5.8615000000000004E-003   1.6279878361519525E+022
   5.8303900000000004E-003   1.6782339370720317E+022
   5.7990000000000003E-003   1.7172723394552309E+022
   5.7831200000000001E-003   1.7433373300081079E+022
   5.7673400000000001E-003   1.7835867768025797E+022
   5.7350400000000003E-003   1.8383715876510565E+022
   5.7031800000000004E-003   1.8949879670831076E+022
   5.6703099999999996E-003   1.9529978981577705E+022
   5.6378799999999996E-003   2.0126460269690809E+022
   5.6044299999999997E-003   2.0744579336054409E+022
   5.5714199999999997E-003   2.1373967775445287E+022
   5.5373799999999997E-003   2.2024991397170041E+022
   5.5037699999999998E-003   2.2695090890737004E+022
   5.4691300000000000E-003   2.3380313058958945E+022
   5.4349200000000002E-003   2.3907447376850979E+022
   5.4174200000000000E-003   2.4264521146887767E+022
   5.4000200000000002E-003   2.4812891504872125E+022
   5.3644499999999998E-003   2.5559889932400971E+022
   5.3293000000000004E-003   2.6130710374177080E+022
   5.3113199999999996E-003   2.6519238388874786E+022
   5.2934499999999999E-003   2.7112471829085449E+022
   5.2572900000000004E-003   2.7922813621009461E+022
   5.2207900000000003E-003   2.8755810427603064E+022
   5.1839599999999996E-003   2.9612080337254401E+022
   5.1468000000000000E-003   3.0492354243355675E+022
   5.1092899999999998E-003   3.1397316823350902E+022
   5.0714400000000000E-003   3.2327715327102429E+022
   5.0332299999999996E-003   3.3284226246143463E+022
   4.9946699999999997E-003   3.4267522076771889E+022
   4.9557500000000001E-003   3.5278748996835394E+022
   4.9164700000000000E-003   3.6047295462234391E+022
   4.8965900000000001E-003   3.6577051144921434E+022
   4.8768099999999997E-003   3.7107993609669188E+022
   4.8567500000000000E-003   3.7652588220909764E+022
   4.8367799999999997E-003   3.8364696377032327E+022
   4.8050100000000002E-003   3.9240463529689188E+022
   4.7734600000000002E-003   3.9970164805483142E+022
   4.7529000000000000E-003   4.0551475513595460E+022
   4.7324300000000001E-003   4.1144544039832270E+022
   4.7116700000000003E-003   4.1744936828182781E+022
   4.6910099999999998E-003   4.2354751679759896E+022
   4.6700500000000002E-003   4.2973164483133028E+022
   4.6491700000000002E-003   4.3601978694003390E+022
   4.6280100000000001E-003   4.4240352903757375E+022
   4.6069300000000004E-003   4.4888620053310382E+022
   4.5855599999999998E-003   4.5547706673074723E+022
   4.5642599999999997E-003   4.6216968286195260E+022
   4.5426800000000003E-003   4.6898085789643521E+022
   4.5211699999999997E-003   4.7591168728046424E+022
   4.4993600000000000E-003   4.8295738591373217E+022
   4.4776399999999997E-003   4.9011936976444043E+022
   4.4556099999999996E-003   4.9741970539808725E+022
   4.4336599999999999E-003   5.0485915799724250E+022
   4.4114100000000002E-003   5.1243244169959934E+022
   4.3892300000000000E-003   5.2015764942783167E+022
   4.3667500000000000E-003   5.2801020496091961E+022
   4.3443300000000004E-003   5.3604973915205530E+022
   4.3216200000000000E-003   5.4424904472736626E+022
   4.2989600000000001E-003   5.5263253262372635E+022
   4.2760000000000003E-003   5.6119153779697296E+022
   4.2531100000000001E-003   5.6993542192146164E+022
   4.2299900000000003E-003   5.7890002005485465E+022
   4.2067500000000004E-003   5.8808269250954353E+022
   4.1833900000000004E-003   5.9749645769452349E+022
   4.1598900000000003E-003   6.0714652987394091E+022
   4.1362600000000001E-003   6.1706960761376674E+022
   4.1125099999999998E-003   6.2725757581412912E+022
   4.0886200000000003E-003   6.3777196342187479E+022
   4.0645899999999999E-003   6.4859301852999498E+022
   4.0404200000000003E-003   6.5975076230234139E+022
   4.0161199999999998E-003   6.7127871290364404E+022
   3.9916700000000001E-003   6.8317369419383467E+022
   3.9670800000000004E-003   6.9545481943281681E+022
   3.9423499999999998E-003   7.0815565526355428E+022
   3.9174700000000002E-003   7.2128334581014326E+022
   3.8924400000000000E-003   7.3485151623838838E+022
   3.8672500000000000E-003   7.4894673798825987E+022
   3.8419200000000000E-003   7.6355672147457263E+022
   3.8164200000000001E-003   7.7878536123620270E+022
   3.7907700000000002E-003   7.9477542423736290E+022
   3.7649500000000000E-003   8.1160803070314826E+022
   3.7389699999999999E-003   8.2912608521585175E+022
   3.7128199999999999E-003   8.4709623452521252E+022
   3.6865000000000001E-003   8.6537622015363168E+022
   3.6600100000000000E-003   8.8396631248259596E+022
   3.6333400000000001E-003   9.0286725240018021E+022
   3.6064900000000000E-003   9.2208012133315163E+022
   3.5794500000000001E-003   9.4160637574507154E+022
   3.5522300000000000E-003   9.6144767651941794E+022
   3.5248200000000001E-003   9.8160596278541214E+022
   3.4972100000000002E-003   1.0020833163329733E+023
   3.4694100000000000E-003   1.0228820099776762E+023
   3.4413999999999998E-003   1.0440044548653166E+023
   3.4131800000000000E-003   1.0654531581818101E+023
   3.3847500000000002E-003   1.0872307059185102E+023
   3.3560999999999999E-003   1.1093398609034842E+023
   3.3272400000000000E-003   1.1317832638302297E+023
   3.2981400000000002E-003   1.1545638431771977E+023
   3.2688200000000000E-003   1.1776843362036674E+023
   3.2392499999999999E-003   1.2011476675210958E+023
   3.2094400000000000E-003   1.2249566769688994E+023
   3.1793799999999999E-003   1.2491142874732880E+023
   3.1490699999999999E-003   1.2736233222861778E+023
   3.1184899999999998E-003   1.2984867006625454E+023
   3.0876400000000000E-003   1.3237072218503713E+023
   3.0565100000000001E-003   1.3492876440989553E+023
   3.0251000000000002E-003   1.3752308016730961E+023
   2.9933899999999999E-003   1.4015393459948141E+023
   2.9613800000000000E-003   1.4282159485383045E+023
   2.9290599999999998E-003   1.4552631123509419E+023
   2.8964099999999999E-003   1.4826833774604692E+023
   2.8634400000000001E-003   1.5104790648795522E+023
   2.8301200000000002E-003   1.5386525545789958E+023
   2.7964399999999999E-003   1.5672058604561344E+023
   2.7623999999999999E-003   1.5961411569285684E+023
   2.7279800000000001E-003   1.6254602552373506E+023
   2.6931600000000000E-003   1.6551648821372262E+023
   2.6579300000000002E-003   1.6852566682299909E+023
   2.6222799999999998E-003   1.7157368956820716E+023
   2.5861899999999999E-003   1.7466068135294587E+023
   2.5496400000000002E-003   1.7778673280002864E+023
   2.5126100000000002E-003   1.8095190921415251E+023
   2.4750800000000002E-003   1.8415626439290212E+023
   2.4370300000000002E-003   1.8739981501682712E+023
   2.3984399999999999E-003   1.9068253581668390E+023
   2.3592700000000001E-003   1.9400438496295511E+023
   2.3194999999999999E-003   1.9736346606039044E+023
   2.2791000000000000E-003   2.0077412032040747E+023
   2.2380400000000002E-003   2.0422357541694913E+023
   2.1962800000000001E-003   2.0771159151933006E+023
   2.1537800000000001E-003   2.1123791149998657E+023
   2.1105000000000000E-003   2.1480218017782392E+023
   2.0663800000000000E-003   2.1840067200311352E+023
   2.0213700000000002E-003   2.2204969143821879E+023
   1.9754199999999999E-003   2.2573636253445005E+023
   1.9284599999999999E-003   2.2945290248526898E+023
   1.8807299999999999E-003   2.3322485363473378E+023
   1.8311899999999999E-003   2.3703578950606887E+023
   1.7807000000000001E-003   2.4086931521553353E+023
   1.7288300000000000E-003   2.4404472298345937E+023
   1.6892500000000000E-003   2.4707725015639212E+023
   1.6481700000000000E-003   2.5148709108238877E+023
   1.5708000000000000E-003   2.5527852572952340E+023
   1.5274799999999999E-003   2.5844129282271835E+023
   1.4820499999999999E-003   2.6320040593423541E+023
   1.3879100000000000E-003   2.6788878569924768E+023
   1.3229200000000000E-003   2.7199976964531748E+023
   1.2551200000000000E-003   2.7587884465891665E+023
   1.1802500000000001E-003   2.8022243680209172E+023
   1.1005300000000000E-003   2.8430303382369694E+023
   1.0087600000000000E-003   2.8915242680089593E+023
   8.9930999999999995E-004   2.9492466888458702E+023
   7.0638999999999999E-004   2.9949618316852105E+023
   5.6780999999999997E-004   3.0310957315856547E+023
   4.8412999999999999E-004   3.0506269962460547E+023
   3.8297000000000000E-004   3.0598204561615485E+023
   3.1385000000000001E-004   3.0754861067208975E+023
   2.5071000000000002E-004   3.0711724029327311E+023
   2.0164000000000000E-004   3.0856933981842413E+023
   1.6417000000000000E-004   3.0846273082658973E+023
   1.3642999999999999E-004   3.0911073602958953E+023
   1.1689000000000000E-004   3.0903914611888086E+023
   1.0404000000000000E-004   3.0935255706462724E+023
   8.6870000000000000E-005   3.0948405477761822E+023
   6.8940000000000001E-005   3.0953145996749890E+023
   5.4719999999999998E-005   3.0970335581267489E+023
   4.3430000000000003E-005   3.0973578003860001E+023
   3.4470000000000000E-005   3.0975005403885449E+023
   2.7359999999999999E-005   3.0982019318629519E+023
   2.1710000000000001E-005   3.0982750222613989E+023
   1.7229999999999999E-005   3.0986049112290626E+023
   1.3679999999999999E-005   3.0989281297575280E+023
