   8.9146199999999998E-003   394737507216538.12     
   8.9146000000000000E-003   623394514485510.25     
   8.9145900000000000E-003   793867006479598.62     
   8.9145800000000001E-003   934378705365885.88     
   8.9145700000000001E-003   1055992029264760.2     
   8.9145700000000001E-003   1163824200954412.8     
   8.9145600000000002E-003   1261195667127849.8     
   8.9145500000000003E-003   1350600959163089.2     
   8.9145500000000003E-003   1433790146013068.2     
   8.9145500000000003E-003   1511929242818966.5     
   8.9145400000000003E-003   1585806012943002.0     
   8.9145400000000003E-003   1655999635267607.0     
   8.9145400000000003E-003   1722991744267698.2     
   8.9145300000000004E-003   1787171932788979.0     
   8.9145300000000004E-003   1848843983479831.2     
   8.9145300000000004E-003   1908267829723335.0     
   8.9145200000000004E-003   1965669222996778.0     
   8.9145200000000004E-003   2021238011981709.5     
   8.9145200000000004E-003   2075141188034245.0     
   8.9145200000000004E-003   2127535430385742.0     
   8.9145100000000005E-003   2190937061381409.0     
   8.9145100000000005E-003   2264729257203213.5     
   8.9145100000000005E-003   2336091929297858.5     
   8.9145000000000005E-003   2405305451954750.5     
   8.9145000000000005E-003   2461633325390394.0     
   8.9145000000000005E-003   2505701085508386.5     
   8.9145000000000005E-003   2549026064781352.5     
   8.9145000000000005E-003   2591650550607756.5     
   8.9144900000000006E-003   2643894830636483.5     
   8.9144900000000006E-003   2705425609363179.0     
   8.9144900000000006E-003   2765625770503229.5     
   8.9144900000000006E-003   2824564673415484.5     
   8.9144800000000007E-003   2872843387782420.5     
   8.9144800000000007E-003   2910827945779147.0     
   8.9144800000000007E-003   2948322880697836.5     
   8.9144800000000007E-003   2985344992394405.5     
   8.9144800000000007E-003   3039869248199691.5     
   8.9144700000000007E-003   3093726313813469.0     
   8.9144700000000007E-003   3129019820948785.5     
   8.9144700000000007E-003   3181104023343639.0     
   8.9144700000000007E-003   3249479280257225.0     
   8.9144700000000007E-003   3316551863393781.0     
   8.9144600000000008E-003   3382451126495308.0     
   8.9144600000000008E-003   3431281510633487.0     
   8.9144600000000008E-003   3463445839266624.5     
   8.9144600000000008E-003   3495369261689447.5     
   8.9144600000000008E-003   3527059657988880.5     
   8.9144600000000008E-003   3574072749182828.5     
   8.9144500000000008E-003   3636139868515641.5     
   8.9144500000000008E-003   3697378408458470.5     
   8.9144500000000008E-003   3757809785885059.5     
   8.9144500000000008E-003   3827208447944887.5     
   8.9144399999999992E-003   3905270860526460.5     
   8.9144399999999992E-003   3981891422027821.0     
   8.9144399999999992E-003   4057080954592390.5     
   8.9144399999999992E-003   4130873347341897.0     
   8.9144299999999992E-003   4203389692102875.5     
   8.9144299999999992E-003   4274810556410711.0     
   8.9144299999999992E-003   4345322319807725.0     
   8.9144299999999992E-003   4423722123196832.5     
   8.9144199999999993E-003   4510135607091769.0     
   8.9144199999999993E-003   4596051323165253.0     
   8.9144199999999993E-003   4660466697661557.0     
   8.9144199999999993E-003   4703327438988735.0     
   8.9144199999999993E-003   4767583325192174.0     
   8.9144099999999993E-003   4853706489413518.0     
   8.9144099999999993E-003   4940344967048128.0     
   8.9144099999999993E-003   5027655132037416.0     
   8.9144099999999993E-003   5115743251691414.0     
   8.9143999999999994E-003   5204662256151707.0     
   8.9143999999999994E-003   5294372807159233.0     
   8.9143999999999994E-003   5384730961272694.0     
   8.9143999999999994E-003   5475550225655260.0     
   8.9143899999999995E-003   5566628489923047.0     
   8.9143899999999995E-003   5703094953642506.0     
   8.9143899999999995E-003   5861905635713387.0     
   8.9143799999999995E-003   5996708064223654.0     
   8.9143799999999995E-003   6129857978774142.0     
   8.9143799999999995E-003   6228458110127789.0     
   8.9143799999999995E-003   6293468663968175.0     
   8.9143799999999995E-003   6389835965333939.0     
   8.9143699999999996E-003   6516167646388390.0     
   8.9143699999999996E-003   6700555598112399.0     
   8.9143699999999996E-003   6878752955707622.0     
   8.9143599999999996E-003   6993966593766673.0     
   8.9143599999999996E-003   7106178826145509.0     
   8.9143599999999996E-003   7215922717056801.0     
   8.9143599999999996E-003   7322985918555170.0     
   8.9143499999999997E-003   7427492283958790.0     
   8.9143499999999997E-003   7529566228143718.0     
   8.9143499999999997E-003   7629332281437912.0     
   8.9143499999999997E-003   7742983626860026.0     
   8.9143499999999997E-003   7869453150423570.0     
   8.9143399999999998E-003   8052998670016298.0     
   8.9143399999999998E-003   8229654011812749.0     
   8.9143299999999998E-003   8343892684673707.0     
   8.9143299999999998E-003   8455447431117308.0     
   8.9143299999999998E-003   8564438279813343.0     
   8.9143299999999998E-003   8684113358504010.0     
   8.9143199999999999E-003   8813664555892903.0     
   8.9143199999999999E-003   8939801647851069.0     
   8.9143199999999999E-003   9062747960157562.0     
   8.9143199999999999E-003   9182692042392300.0     
   8.9143099999999999E-003   9299786505485614.0     
   8.9143099999999999E-003   9470055126028408.0     
   8.9143099999999999E-003   9645762141013872.0     
   8.9143000000000000E-003   9773264402766540.0     
   8.9143000000000000E-003   9897432356272006.0     
   8.9143000000000000E-003   10018438082735548.     
   8.9142900000000001E-003   10136452399924682.     
   8.9142900000000001E-003   10251643081943168.     
   8.9142900000000001E-003   10364166170555296.     
   8.9142800000000001E-003   10474163986189630.     
   8.9142800000000001E-003   10581775526008126.     
   8.9142800000000001E-003   10687138416816620.     
   8.9142800000000001E-003   10790388061872856.     
   8.9142700000000002E-003   10891656464826216.     
   8.9142700000000002E-003   11039824100394396.     
   8.9142700000000002E-003   11231895408308320.     
   8.9142600000000002E-003   11417822972123578.     
   8.9142600000000002E-003   11598119898860214.     
   8.9142500000000003E-003   11773189419596848.     
   8.9142500000000003E-003   11943354499355812.     
   8.9142400000000004E-003   12108864443565862.     
   8.9142400000000004E-003   12269907934050242.     
   8.9142300000000004E-003   12426640988790950.     
   8.9142300000000004E-003   12579346105929936.     
   8.9142200000000005E-003   12728345700771640.     
   8.9142200000000005E-003   12873910950966134.     
   8.9142200000000005E-003   13016267927952460.     
   8.9142100000000005E-003   13155600460474828.     
   8.9142100000000005E-003   13292036003604154.     
   8.9142000000000006E-003   13425701824643500.     
   8.9142000000000006E-003   13621055303235476.     
   8.9141900000000007E-003   13873872515200260.     
   8.9141900000000007E-003   14058326467367316.     
   8.9141800000000007E-003   14178653281406430.     
   8.9141800000000007E-003   14297089319280420.     
   8.9141700000000008E-003   14413715604835860.     
   8.9141700000000008E-003   14566391060551918.     
   8.9141600000000008E-003   14753495746352286.     
   8.9141600000000008E-003   14936448360937526.     
   8.9141499999999992E-003   15071291490855548.     
   8.9141499999999992E-003   15159823479164320.     
   8.9141499999999992E-003   15290620214886334.     
   8.9141399999999992E-003   15462158120776346.     
   8.9141399999999992E-003   15630332959714524.     
   8.9141299999999993E-003   15795400291111350.     
   8.9141299999999993E-003   15957554520853978.     
   8.9141199999999993E-003   16116944832082924.     
   8.9141199999999993E-003   16350403571306866.     
   8.9141099999999994E-003   16579993392111246.     
   8.9140999999999995E-003   16729831162260686.     
   8.9140999999999995E-003   16877588105397560.     
   8.9140899999999995E-003   17023340126858454.     
   8.9140899999999995E-003   17237765915442920.     
   8.9140799999999996E-003   17517551235981178.     
   8.9140699999999996E-003   17789847603509138.     
   8.9140599999999997E-003   18054937107188592.     
   8.9140499999999998E-003   18281198034279840.     
   8.9140399999999998E-003   18470685407424424.     
   8.9140399999999998E-003   18656269710614816.     
   8.9140299999999999E-003   18838054714635976.     
   8.9140199999999999E-003   19103498371335612.     
   8.9140100000000000E-003   19362654882636920.     
   8.9140000000000000E-003   19531198056960268.     
   8.9140000000000000E-003   19696805921683932.     
   8.9139900000000001E-003   19859633074879796.     
   8.9139900000000001E-003   20098569744970316.     
   8.9139700000000002E-003   20409726600409992.     
   8.9139600000000003E-003   20712642992360048.     
   8.9139500000000003E-003   21008367638479388.     
   8.9139400000000004E-003   21297877381442132.     
   8.9139300000000005E-003   21581994853071420.     
   8.9139200000000005E-003   21861297278847500.     
   8.9139100000000006E-003   22136061665502992.     
   8.9139000000000006E-003   22406606170837676.     
   8.9138900000000007E-003   22673315765102996.     
   8.9138800000000008E-003   22936466858672572.     
   8.9138700000000008E-003   23238805112914740.     
   8.9138599999999991E-003   23578934616865416.     
   8.9138399999999993E-003   23913102748721184.     
   8.9138299999999993E-003   24241536309617356.     
   8.9138199999999994E-003   24564463584899944.     
   8.9138099999999994E-003   24803531506050080.     
   8.9137999999999995E-003   24961010752045564.     
   8.9137899999999996E-003   25194433584028216.     
   8.9137799999999996E-003   25501647700179232.     
   8.9137699999999997E-003   25803723480242236.     
   8.9137599999999997E-003   26100658410689016.     
   8.9137499999999998E-003   26464137680745556.     
   8.9137299999999999E-003   26890546347695092.     
   8.9137200000000000E-003   27203728811304132.     
   8.9137100000000000E-003   27510077340745340.     
   8.9136900000000002E-003   27811525317353500.     
   8.9136900000000002E-003   28041723638029456.     
   8.9136800000000002E-003   28300903778485024.     
   8.9136700000000003E-003   28555935492684640.     
   8.9136600000000003E-003   28806958738654716.     
   8.9136500000000004E-003   29175808871905644.     
   8.9136300000000005E-003   29537478237425552.     
   8.9136200000000006E-003   29774051657634228.     
   8.9136100000000006E-003   30065132470601536.     
   8.9135900000000007E-003   30408544129153104.     
   8.9135800000000008E-003   30911338741556392.     
   8.9135499999999993E-003   31404065805967536.     
   8.9135399999999993E-003   31725998814442184.     
   8.9135299999999994E-003   32043752142006048.     
   8.9135099999999995E-003   32357629026278196.     
   8.9134999999999995E-003   32820613415739224.     
   8.9134799999999997E-003   33427022918171524.     
   8.9134499999999998E-003   33922819301818184.     
   8.9134300000000000E-003   34312633137211632.     
   8.9134200000000000E-003   34744462679868112.     
   8.9134000000000001E-003   35216774321169848.     
   8.9133800000000003E-003   35681202870032060.     
   8.9133600000000004E-003   36138074539440680.     
   8.9133400000000005E-003   36698388252358264.     
   8.9133200000000006E-003   37194754023928984.     
   8.9133000000000007E-003   37520451195134744.     
   8.9132900000000008E-003   37842473345815632.     
   8.9132800000000009E-003   38160896973573096.     
   8.9132599999999992E-003   38631349026512648.     
   8.9132399999999994E-003   39247598658572008.     
   8.9132099999999995E-003   39850961498545064.     
   8.9131899999999997E-003   40442170396006856.     
   8.9131599999999998E-003   41021950089887992.     
   8.9131400000000000E-003   41684359434740560.     
   8.9131100000000001E-003   42425256653412056.     
   8.9130800000000003E-003   43060406167737736.     
   8.9130600000000004E-003   43595084143114384.     
   8.9130400000000005E-003   44121563981590648.     
   8.9130100000000007E-003   44640190543718704.     
   8.9129900000000008E-003   45235390131977360.     
   8.9129599999999993E-003   45904166067491624.     
   8.9129399999999994E-003   46561190341099496.     
   8.9129099999999996E-003   47207273365147760.     
   8.9128799999999998E-003   47843018230958680.     
   8.9128599999999999E-003   48468828120650352.     
   8.9128300000000001E-003   49085056160184728.     
   8.9128100000000002E-003   49692070746106184.     
   8.9127800000000004E-003   50290242005618040.     
   8.9127600000000005E-003   50879940182261920.     
   8.9127300000000007E-003   51605046482256744.     
   8.9127000000000008E-003   52459902019418616.     
   8.9126599999999993E-003   53160072685467960.     
   8.9126399999999995E-003   53711836270106664.     
   8.9126199999999996E-003   54256811751727424.     
   8.9125899999999997E-003   54795246019481608.     
   8.9125699999999999E-003   55590127677779960.     
   8.9125300000000001E-003   56630400398393312.     
   8.9124900000000003E-003   57396523307438168.     
   8.9124700000000005E-003   57899888624822216.     
   8.9124500000000006E-003   58521397897386616.     
   8.9124100000000008E-003   59257201384406864.     
   8.9123799999999993E-003   59982087643735728.     
   8.9123599999999994E-003   60696535021383112.     
   8.9123299999999996E-003   61517104294059400.     
   8.9122899999999998E-003   62439684694954656.     
   8.9122500000000000E-003   63121777126804672.     
   8.9122300000000002E-003   63571269343546440.     
   8.9122100000000003E-003   64237901877962608.     
   8.9121800000000004E-003   65114831355804008.     
   8.9121400000000007E-003   65977832236332104.     
   8.9121100000000009E-003   66827550203099568.     
   8.9120699999999994E-003   67664561891225880.     
   8.9120399999999995E-003   68489361321000952.     
   8.9119999999999998E-003   69703043719091904.     
   8.9119400000000001E-003   70895319420120488.     
   8.9119100000000003E-003   71676150226175656.     
   8.9118700000000006E-003   72447115346625424.     
   8.9118400000000007E-003   73208557657575360.     
   8.9118099999999992E-003   74146919018723184.     
   8.9117699999999994E-003   75255692443528432.     
   8.9117199999999997E-003   76165990722768848.     
   8.9116899999999999E-003   76884890222738928.     
   8.9116600000000001E-003   77772280867082912.     
   8.9116200000000003E-003   78822598293318512.     
   8.9115800000000005E-003   79857008078824320.     
   8.9115400000000008E-003   80876250787346208.     
   8.9114899999999993E-003   81881055852333584.     
   8.9114499999999996E-003   82872065047125744.     
   8.9114099999999998E-003   83849829044451088.     
   8.9113800000000000E-003   84814825612723760.     
   8.9113400000000002E-003   85767498191042192.     
   8.9113000000000005E-003   86708264339259872.     
   8.9112600000000007E-003   87790829113258368.     
   8.9112099999999993E-003   89010195455941344.     
   8.9111599999999996E-003   89913111029434288.     
   8.9111399999999997E-003   90508897012221376.     
   8.9111099999999999E-003   91523774789948192.     
   8.9110600000000002E-003   92944406405487200.     
   8.9110000000000005E-003   94057990714997600.     
   8.9109700000000007E-003   94875218806716784.     
   8.9109299999999992E-003   95885283761322832.     
   8.9108899999999994E-003   97082523192526256.     
   8.9108399999999997E-003   98263651994062560.     
   8.9107900000000000E-003   99429331445810256.     
   8.9107500000000003E-003   1.0076993617364075E+017
   8.9106800000000007E-003   1.0227906362591539E+017
   8.9106299999999992E-003   1.0339598201075178E+017
   8.9105999999999994E-003   1.0413271383943362E+017
   8.9105699999999996E-003   1.0522643585463949E+017
   8.9105100000000000E-003   1.0666704504913952E+017
   8.9104500000000003E-003   1.0808701407842757E+017
   8.9104000000000006E-003   1.0948723900137914E+017
   8.9103399999999992E-003   1.1086851083367755E+017
   8.9102899999999995E-003   1.1223151778604493E+017
   8.9102299999999999E-003   1.1357688822512648E+017
   8.9101800000000002E-003   1.1490519737012939E+017
   8.9101300000000005E-003   1.1621699033405722E+017
   8.9100800000000008E-003   1.1751287598718611E+017
   8.9100299999999993E-003   1.1911048915603000E+017
   8.9099499999999998E-003   1.2099887582310440E+017
   8.9098800000000002E-003   1.2254980758957813E+017
   8.9098300000000005E-003   1.2377522783822758E+017
   8.9097900000000008E-003   1.2498800408903862E+017
   8.9097399999999993E-003   1.2618853646727336E+017
   8.9096899999999996E-003   1.2767192768728835E+017
   8.9096300000000000E-003   1.2942952065784139E+017
   8.9095600000000004E-003   1.3116281175954275E+017
   8.9094900000000008E-003   1.3287271363676120E+017
   8.9094299999999994E-003   1.3456000506942278E+017
   8.9093599999999998E-003   1.3622537639419016E+017
   8.9093000000000002E-003   1.3759748084911629E+017
   8.9092600000000004E-003   1.3868448005488149E+017
   8.9092200000000007E-003   1.4029728485847445E+017
   8.9091399999999994E-003   1.4241969285767046E+017
   8.9090599999999999E-003   1.4425089041169155E+017
   8.9090000000000003E-003   1.4580100332223869E+017
   8.9089400000000006E-003   1.4733414708417888E+017
   8.9088799999999992E-003   1.4885080639556298E+017
   8.9088199999999996E-003   1.5059952276807485E+017
   8.9087500000000000E-003   1.5257303261115210E+017
   8.9086800000000004E-003   1.5452033673536688E+017
   8.9085999999999992E-003   1.5644263186769891E+017
   8.9085299999999996E-003   1.5834101123427907E+017
   8.9084600000000000E-003   1.6021646663476186E+017
   8.9083900000000004E-003   1.6206990193428461E+017
   8.9083200000000008E-003   1.6390211377449789E+017
   8.9082599999999994E-003   1.6571382638094899E+017
   8.9081899999999999E-003   1.6750572172399098E+017
   8.9081200000000003E-003   1.6927844074100768E+017
   8.9080600000000006E-003   1.7103257763853846E+017
   8.9079999999999993E-003   1.7319890671200970E+017
   8.9078999999999998E-003   1.7576384489312278E+017
   8.9078100000000004E-003   1.7787337540865818E+017
   8.9077500000000007E-003   1.7954202253421254E+017
   8.9076899999999994E-003   1.8119494064436272E+017
   8.9076299999999997E-003   1.8283254782004746E+017
   8.9075700000000001E-003   1.8525918399850166E+017
   8.9074500000000008E-003   1.8844712296890224E+017
   8.9073399999999997E-003   1.9080362404103741E+017
   8.9072800000000001E-003   1.9235687945537843E+017
   8.9072200000000004E-003   1.9466110855645850E+017
   8.9071099999999993E-003   1.9769224596106515E+017
   8.9070099999999999E-003   1.9993574970833286E+017
   8.9069500000000003E-003   2.0141601744287875E+017
   8.9069000000000006E-003   2.0361396086888973E+017
   8.9067999999999994E-003   2.0650829920063917E+017
   8.9067000000000000E-003   2.0936108388844640E+017
   8.9065900000000007E-003   2.1217439364609798E+017
   8.9064999999999995E-003   2.1508966788207059E+017
   8.9063900000000001E-003   2.1891670371845568E+017
   8.9062299999999994E-003   2.2281619402489962E+017
   8.9061100000000001E-003   2.2520319440308717E+017
   8.9060600000000004E-003   2.2756193321368829E+017
   8.9059499999999993E-003   2.3067080834057875E+017
   8.9058399999999999E-003   2.3373797936213040E+017
   8.9057300000000006E-003   2.3676504668117462E+017
   8.9056299999999994E-003   2.4049256538061219E+017
   8.9054800000000003E-003   2.4489133975066128E+017
   8.9053299999999995E-003   2.4992084779133875E+017
   8.9051300000000007E-003   2.5554808603854477E+017
   8.9049400000000001E-003   2.5969049531750262E+017
   8.9048500000000006E-003   2.6241274658696963E+017
   8.9047499999999995E-003   2.6510636334620858E+017
   8.9046600000000000E-003   2.6777219372929232E+017
   8.9045700000000005E-003   2.7073854389495555E+017
   8.9044599999999995E-003   2.7399654101432666E+017
   8.9043500000000001E-003   2.7721544198129190E+017
   8.9042400000000008E-003   2.8039672951594938E+017
   8.9041399999999996E-003   2.8447650875399450E+017
   8.9039700000000006E-003   2.8942068135671482E+017
   8.9037999999999999E-003   2.9488187004552019E+017
   8.9035999999999994E-003   3.0083511252477914E+017
   8.9034100000000005E-003   3.0729480349726784E+017
   8.9031700000000002E-003   3.1423370037154746E+017
   8.9029499999999998E-003   3.1934288712424717E+017
   8.9028400000000004E-003   3.2270135868109523E+017
   8.9027299999999993E-003   3.2821667905630925E+017
   8.9024699999999991E-003   3.3579319315507590E+017
   8.9022300000000006E-003   3.4267995044491245E+017
   8.9020200000000001E-003   3.4736947100895418E+017
   8.9019200000000007E-003   3.5045874549604122E+017
   8.9018199999999995E-003   3.5402783237205152E+017
   8.9016900000000003E-003   3.5806378772486438E+017
   8.9015599999999993E-003   3.6402902635016019E+017
   8.9013100000000008E-003   3.7184121333581357E+017
   8.9010600000000006E-003   3.7949458017648608E+017
   8.9008200000000003E-003   3.8513971692300269E+017
   8.9006999999999992E-003   3.8885512500095270E+017
   8.9005799999999999E-003   3.9344863968491533E+017
   8.9004099999999992E-003   3.9889351463247168E+017
   8.9002400000000002E-003   4.0603705303936640E+017
   8.8999600000000002E-003   4.1480332677782982E+017
   8.8996900000000000E-003   4.2299706316885946E+017
   8.8994499999999997E-003   4.3064706883763322E+017
   8.8992099999999994E-003   4.3823390847698464E+017
   8.8989800000000008E-003   4.4579817718226368E+017
   8.8987500000000004E-003   4.5451871707288870E+017
   8.8984500000000005E-003   4.6436912262279514E+017
   8.8981600000000004E-003   4.7409139547591315E+017
   8.8978700000000004E-003   4.8368877311214400E+017
   8.8975900000000004E-003   4.9316469134457798E+017
   8.8973200000000002E-003   5.0252283622387738E+017
   8.8970600000000000E-003   5.1004808419111930E+017
   8.8968899999999993E-003   5.1578261447499104E+017
   8.8967300000000003E-003   5.2147502904238637E+017
   8.8965699999999995E-003   5.2712631225839002E+017
   8.8964200000000004E-003   5.3551907828164864E+017
   8.8961100000000005E-003   5.4658613143235603E+017
   8.8958100000000005E-003   5.5858412401730432E+017
   8.8954600000000009E-003   5.7148245240954074E+017
   8.8951199999999994E-003   5.8361456487529472E+017
   8.8948199999999995E-003   5.9500936270882483E+017
   8.8945299999999995E-003   6.0765006572784474E+017
   8.8941699999999999E-003   6.2149663502144013E+017
   8.8938200000000002E-003   6.3514011670834202E+017
   8.8934800000000005E-003   6.4859140697679283E+017
   8.8931500000000007E-003   6.5860300185679552E+017
   8.8929899999999999E-003   6.6857123580457997E+017
   8.8926600000000001E-003   6.7845678501040998E+017
   8.8924999999999994E-003   6.8632282406478746E+017
   8.8922900000000006E-003   6.9545578522176704E+017
   8.8920700000000002E-003   7.0451190596878067E+017
   8.8918599999999997E-003   7.1349376032680730E+017
   8.8916499999999992E-003   7.2556162707059264E+017
   8.8912899999999996E-003   7.4063266474691494E+017
   8.8909499999999999E-003   7.5564241621094771E+017
   8.8906100000000002E-003   7.7059472363307174E+017
   8.8902800000000004E-003   7.8780025652038656E+017
   8.8898399999999995E-003   8.0718169495499494E+017
   8.8894200000000003E-003   8.2157872407121370E+017
   8.8892199999999998E-003   8.3113933298785613E+017
   8.8890099999999993E-003   8.4542667307089958E+017
   8.8886099999999999E-003   8.6431095506654989E+017
   8.8882100000000006E-003   8.8298122826531635E+017
   8.8878299999999993E-003   9.0144862816426278E+017
   8.8874499999999999E-003   9.2209282522763917E+017
   8.8869900000000009E-003   9.4483937733705715E+017
   8.8865400000000001E-003   9.6737362119765350E+017
   8.8860999999999992E-003   9.8970979912835763E+017
   8.8856700000000000E-003   1.0118210162469725E+018
   8.8852500000000008E-003   1.0337205870035767E+018
   8.8848399999999998E-003   1.0511637474448627E+018
   8.8845899999999995E-003   1.0642723861461578E+018
   8.8843499999999992E-003   1.0772846083003348E+018
   8.8841100000000006E-003   1.0902029210774007E+018
   8.8838700000000003E-003   1.1095522323836553E+018
   8.8833999999999996E-003   1.1351534750825652E+018
   8.8829500000000006E-003   1.1626986795656489E+018
   8.8824200000000002E-003   1.1921218120590856E+018
   8.8819199999999997E-003   1.2213434675947274E+018
   8.8814099999999993E-003   1.2503785425265229E+018
   8.8809300000000004E-003   1.2730290126445315E+018
   8.8806500000000003E-003   1.2894798475925407E+018
   8.8803800000000002E-003   1.3058809001540393E+018
   8.8801000000000001E-003   1.3222339753112356E+018
   8.8798400000000000E-003   1.3426123109367444E+018
   8.8794400000000006E-003   1.3669189646865311E+018
   8.8790499999999994E-003   1.3953124670066468E+018
   8.8785300000000008E-003   1.4276644124433923E+018
   8.8780300000000003E-003   1.4598080593178865E+018
   8.8775299999999998E-003   1.4917563447974559E+018
   8.8770399999999992E-003   1.5155358182031404E+018
   8.8768000000000007E-003   1.5313554818087654E+018
   8.8765600000000004E-003   1.5492577035432210E+018
   8.8762600000000004E-003   1.5692034871456566E+018
   8.8759600000000004E-003   1.5990088121178557E+018
   8.8753700000000005E-003   1.6383764402506785E+018
   8.8748000000000004E-003   1.6676361675144366E+018
   8.8745200000000003E-003   1.6870837247764733E+018
   8.8742400000000003E-003   1.7086184277052152E+018
   8.8739000000000005E-003   1.7321979143770383E+018
   8.8735700000000008E-003   1.7555892775249052E+018
   8.8732399999999993E-003   1.7787972575533059E+018
   8.8729199999999994E-003   1.8021725853912632E+018
   8.8725899999999996E-003   1.8257128396392072E+018
   8.8722699999999998E-003   1.8609559625328655E+018
   8.8716300000000001E-003   1.9075402725918216E+018
   8.8710000000000004E-003   1.9421887571945377E+018
   8.8706900000000005E-003   1.9652596337020306E+018
   8.8703900000000006E-003   1.9904969338432684E+018
   8.8700299999999992E-003   2.0178561293070595E+018
   8.8696699999999996E-003   2.0449979741865116E+018
   8.8693200000000000E-003   2.0857171227660787E+018
   8.8686200000000007E-003   2.1264076435570557E+018
   8.8682699999999993E-003   2.1535438957371318E+018
   8.8679299999999996E-003   2.1804798938083917E+018
   8.8675899999999998E-003   2.2173415203231027E+018
   8.8669999999999999E-003   2.2638583469444913E+018
   8.8664299999999998E-003   2.3105737269386911E+018
   8.8658499999999998E-003   2.3574876153991265E+018
   8.8652899999999996E-003   2.4024170277941571E+018
   8.8647699999999992E-003   2.4454296901499638E+018
   8.8642600000000005E-003   2.4804722914419922E+018
   8.8639300000000008E-003   2.5077327177848479E+018
   8.8636099999999992E-003   2.5510876269535447E+018
   8.8629199999999998E-003   2.6100944927856814E+018
   8.8622500000000003E-003   2.6563856681590589E+018
   8.8618599999999992E-003   2.6903297267507922E+018
   8.8614699999999998E-003   2.7398743343279176E+018
   8.8607400000000006E-003   2.8045525524820091E+018
   8.8600199999999997E-003   2.8727667512361390E+018
   8.8592099999999993E-003   2.9435860834758922E+018
   8.8584300000000005E-003   2.9979043061904645E+018
   8.8579799999999997E-003   3.0369867890201190E+018
   8.8575400000000006E-003   3.0759390015068728E+018
   8.8570999999999997E-003   3.1148761565191260E+018
   8.8566600000000006E-003   3.1685873263076270E+018
   8.8558999999999999E-003   3.2371168097807913E+018
   8.8551499999999991E-003   3.2979570957862461E+018
   8.8545800000000008E-003   3.3511828964279260E+018
   8.8540300000000006E-003   3.4009501239692314E+018
   8.8535500000000000E-003   3.4700288905696497E+018
   8.8526200000000003E-003   3.5654909280590167E+018
   8.8516199999999993E-003   3.6394728289672366E+018
   8.8511400000000004E-003   3.6883179487046943E+018
   8.8506599999999998E-003   3.7610916399928003E+018
   8.8497100000000002E-003   3.8570871335203036E+018
   8.8487900000000005E-003   3.9491650416553523E+018
   8.8479500000000003E-003   4.0250715532080963E+018
   8.8473500000000004E-003   4.0878683412185052E+018
   8.8467600000000004E-003   4.1793244034710712E+018
   8.8456500000000000E-003   4.2984863494162186E+018
   8.8445699999999995E-003   4.4192787045940029E+018
   8.8434499999999992E-003   4.5416605781119247E+018
   8.8423700000000004E-003   4.6507916468436111E+018
   8.8415100000000003E-003   4.7471735454728837E+018
   8.8406700000000001E-003   4.8651235789825044E+018
   8.8394700000000003E-003   4.9694152932520714E+018
   8.8388700000000004E-003   5.0382530187838013E+018
   8.8382900000000004E-003   5.1342337888634296E+018
   8.8372499999999996E-003   5.2565794948726436E+018
   8.8362400000000004E-003   5.3516926317525023E+018
   8.8356700000000003E-003   5.4203386620987187E+018
   8.8351100000000002E-003   5.5076052318502830E+018
   8.8342400000000001E-003   5.6130334817452462E+018
   8.8333900000000000E-003   5.7469577487940495E+018
   8.8320900000000008E-003   5.8716066154642473E+018
   8.8313999999999997E-003   5.9712035376834621E+018
   8.8305199999999997E-003   6.0826858140826737E+018
   8.8296599999999996E-003   6.2192642666152264E+018
   8.8284100000000001E-003   6.3401162393569874E+018
   8.8277900000000003E-003   6.4199606703381268E+018
   8.8271900000000004E-003   6.5435779957967319E+018
   8.8259199999999993E-003   6.6683842043653294E+018
   8.8252999999999995E-003   6.7508466887801569E+018
   8.8246899999999996E-003   6.8409127529959875E+018
   8.8239700000000004E-003   6.9384180190756987E+018
   8.8232499999999995E-003   7.0627022125479455E+018
   8.8221500000000008E-003   7.2129551232646973E+018
   8.8210700000000003E-003   7.3388702444579707E+018
   8.8203299999999995E-003   7.4411696453681736E+018
   8.8196000000000004E-003   7.5435305425403587E+018
   8.8188699999999995E-003   7.7024089250178949E+018
   8.8173599999999998E-003   7.9149061072188692E+018
   8.8158899999999998E-003   8.1315404732425216E+018
   8.8143600000000003E-003   8.2972622155053220E+018
   8.8136099999999995E-003   8.4065774118751058E+018
   8.8128700000000004E-003   8.5766769218984335E+018
   8.8113099999999993E-003   8.8050943317473382E+018
   8.8097899999999996E-003   9.0374965632817388E+018
   8.8082000000000004E-003   9.2150357293289574E+018
   8.8074199999999998E-003   9.3318461679869440E+018
   8.8066599999999991E-003   9.4517158772761252E+018
   8.8058400000000005E-003   9.5744208396414689E+018
   8.8050400000000001E-003   9.6957918519717786E+018
   8.8042499999999996E-003   9.8157950402965320E+018
   8.8034700000000007E-003   9.9387848869456527E+018
   8.8026400000000005E-003   1.0064492172729571E+019
   8.8018200000000001E-003   1.0250034668600852E+019
   8.8002199999999992E-003   1.0436129509990015E+019
   8.7993800000000007E-003   1.0563960393113213E+019
   8.7985400000000005E-003   1.0689921221704987E+019
   8.7977200000000002E-003   1.0814005359761756E+019
   8.7969099999999998E-003   1.0941178237226371E+019
   8.7960499999999997E-003   1.1070251105183527E+019
   8.7952099999999995E-003   1.1197091151997309E+019
   8.7943699999999993E-003   1.1321854480819024E+019
   8.7935400000000007E-003   1.1448981275487871E+019
   8.7926700000000007E-003   1.1578129214275133E+019
   8.7918100000000006E-003   1.1704817771414098E+019
   8.7909600000000004E-003   1.1829258184247175E+019
   8.7901100000000003E-003   1.1955841244587514E+019
   8.7892200000000004E-003   1.2084269850487859E+019
   8.7883500000000003E-003   1.2210033468199070E+019
   8.7874800000000003E-003   1.2333512506573130E+019
   8.7866200000000002E-003   1.2458969209809201E+019
   8.7857200000000003E-003   1.2586323667572877E+019
   8.7848200000000005E-003   1.2711000877746977E+019
   8.7839400000000005E-003   1.2833637743507397E+019
   8.7830700000000005E-003   1.2958399854518786E+019
   8.7821400000000008E-003   1.3085307302999007E+019
   8.7812299999999992E-003   1.3209792791547619E+019
   8.7803299999999994E-003   1.3332539959623942E+019
   8.7794499999999994E-003   1.3457726597190814E+019
   8.7785099999999998E-003   1.3585401188467612E+019
   8.7775800000000001E-003   1.3711003724323863E+019
   8.7766700000000003E-003   1.3835181962715009E+019
   8.7757700000000004E-003   1.3962373155162616E+019
   8.7748099999999992E-003   1.4091917958328068E+019
   8.7738699999999996E-003   1.4218404418961648E+019
   8.7729399999999999E-003   1.4346436732272456E+019
   8.7720200000000002E-003   1.4548806391704388E+019
   8.7700899999999995E-003   1.4816248533395554E+019
   8.7682100000000002E-003   1.5015718055676957E+019
   8.7672300000000009E-003   1.5153946849788453E+019
   8.7662499999999997E-003   1.5290574938797701E+019
   8.7652900000000002E-003   1.5429279411580295E+019
   8.7643400000000007E-003   1.5650339056495536E+019
   8.7623500000000003E-003   1.5941608474862981E+019
   8.7604099999999997E-003   1.6158240854003309E+019
   8.7593900000000006E-003   1.6309310723711879E+019
   8.7583799999999996E-003   1.6535817150805729E+019
   8.7564099999999992E-003   1.6844427756158009E+019
   8.7543499999999993E-003   1.7077840069878297E+019
   8.7533400000000001E-003   1.7235375259710341E+019
   8.7523400000000008E-003   1.7487094950322266E+019
   8.7502499999999993E-003   1.7817343118093724E+019
   8.7482099999999993E-003   1.8147531035254233E+019
   8.7460799999999998E-003   1.8399997187596329E+019
   8.7450400000000008E-003   1.8567625607198667E+019
   8.7440100000000000E-003   1.8832109699179504E+019
   8.7418400000000007E-003   1.9185306068036293E+019
   8.7397399999999993E-003   1.9545790120219300E+019
   8.7375400000000002E-003   1.9913178479137296E+019
   8.7353900000000009E-003   2.0187278319302332E+019
   8.7342700000000006E-003   2.0377460655688827E+019
   8.7331500000000003E-003   2.0670145263423144E+019
   8.7308999999999998E-003   2.1056236427554017E+019
   8.7287000000000007E-003   2.1442611941428904E+019
   8.7264800000000000E-003   2.1843581532815847E+019
   8.7241599999999999E-003   2.2252226383607034E+019
   8.7218999999999994E-003   2.2556563700304220E+019
   8.7207099999999996E-003   2.2877735774550335E+019
   8.7183899999999995E-003   2.3245635013495337E+019
   8.7166399999999995E-003   2.3568888572541768E+019
   8.7148399999999997E-003   2.3951045946861982E+019
   8.7124999999999998E-003   2.4395219080956645E+019
   8.7100600000000004E-003   2.4785791341520601E+019
   8.7082600000000007E-003   2.5122910562489094E+019
   8.7064199999999994E-003   2.5473707204012581E+019
   8.7045700000000000E-003   2.5820277293782643E+019
   8.7027600000000004E-003   2.6157284836682916E+019
   8.7010000000000004E-003   2.6484773138761232E+019
   8.6992700000000003E-003   2.6777275256071762E+019
   8.6978600000000000E-003   2.7040402004468433E+019
   8.6964599999999996E-003   2.7322489741031023E+019
   8.6948700000000004E-003   2.7617942749955260E+019
   8.6932999999999993E-003   2.7913167627944747E+019
   8.6916600000000004E-003   2.8214289123703349E+019
   8.6900599999999995E-003   2.8584800958727524E+019
   8.6877599999999992E-003   2.8998322494651154E+019
   8.6855100000000005E-003   2.9334956644717621E+019
   8.6838699999999998E-003   2.9622152140039090E+019
   8.6822600000000007E-003   2.9981899681038721E+019
   8.6799000000000008E-003   3.0382226752026862E+019
   8.6776000000000006E-003   3.0708115342865527E+019
   8.6759000000000003E-003   3.0981348453121274E+019
   8.6742299999999998E-003   3.1247289174738149E+019
   8.6725399999999994E-003   3.1509605318750048E+019
   8.6708800000000006E-003   3.1828052779883352E+019
   8.6684899999999992E-003   3.2177088964045398E+019
   8.6661599999999991E-003   3.2483239987167121E+019
   8.6640799999999994E-003   3.2762042219783922E+019
   8.6620399999999993E-003   3.3028725392534696E+019
   8.6599599999999995E-003   3.3288004449451471E+019
   8.6579399999999994E-003   3.3559843113755701E+019
   8.6555099999999999E-003   3.3838888381635858E+019
   8.6531500000000001E-003   3.4104891439659614E+019
   8.6507300000000006E-003   3.4354942205932515E+019
   8.6483800000000007E-003   3.4548785781596037E+019
   8.6466600000000005E-003   3.4719028394151121E+019
   8.6449900000000000E-003   3.4966394033034965E+019
   8.6418699999999994E-003   3.5260915056271139E+019
   8.6388799999999998E-003   3.5485887205180903E+019
   8.6368100000000000E-003   3.5674743299828380E+019
   8.6347799999999999E-003   3.5868399988232724E+019
   8.6327200000000000E-003   3.6063195133563929E+019
   8.6307199999999997E-003   3.6362431993624293E+019
   8.6266899999999994E-003   3.6666528129453265E+019
   8.6246599999999993E-003   3.6878776791242170E+019
   8.6226900000000006E-003   3.7139892956515148E+019
   8.6199499999999995E-003   3.7370408088711021E+019
   8.6186200000000004E-003   3.7526197434146013E+019
   8.6173099999999996E-003   3.7775144494399701E+019
   8.6145800000000002E-003   3.8031337744295076E+019
   8.6132499999999994E-003   3.8251770830296990E+019
   8.6112500000000008E-003   3.8527811180374458E+019
   8.6092100000000008E-003   3.8765301984295584E+019
   8.6078800000000000E-003   3.9060570796029633E+019
   8.6051800000000005E-003   3.9366666765593018E+019
   8.6038199999999999E-003   3.9576175141990695E+019
   8.6024900000000008E-003   3.9845834442681188E+019
   8.6004700000000007E-003   4.0184064085815624E+019
   8.5984200000000007E-003   4.0475099180146983E+019
   8.5970700000000001E-003   4.0709340692643226E+019
   8.5957399999999993E-003   4.1079821166999831E+019
   8.5929700000000001E-003   4.1526820779267908E+019
   8.5909500000000000E-003   4.1853096983312482E+019
   8.5895699999999995E-003   4.2195465401890005E+019
   8.5874799999999998E-003   4.2684870140185862E+019
   8.5847700000000002E-003   4.3115068339870990E+019
   8.5833400000000001E-003   4.3491702889107677E+019
   8.5812500000000003E-003   4.3944405928947089E+019
   8.5791900000000004E-003   4.4495305495463756E+019
   8.5763300000000001E-003   4.5023554402012594E+019
   8.5745600000000002E-003   4.5436410533572559E+019
   8.5728200000000001E-003   4.5947989969272046E+019
   8.5702899999999995E-003   4.6552250898340110E+019
   8.5678200000000003E-003   4.7223916120082809E+019
   8.5648800000000004E-003   4.7772302400520561E+019
   8.5634300000000003E-003   4.8141322439181132E+019
   8.5620100000000001E-003   4.8772395629747675E+019
   8.5586199999999994E-003   4.9657725614533001E+019
   8.5553299999999999E-003   5.0358565280636256E+019
   8.5534200000000008E-003   5.1029348594736898E+019
   8.5504199999999995E-003   5.1929944575012315E+019
   8.5469699999999992E-003   5.2740420750124892E+019
   8.5446900000000006E-003   5.3349184087315694E+019
   8.5427100000000002E-003   5.3918943566561706E+019
   8.5407699999999996E-003   5.4625818884118127E+019
   8.5379700000000006E-003   5.5435704652597240E+019
   8.5352399999999995E-003   5.6211855037559153E+019
   8.5328200000000000E-003   5.6940507699119841E+019
   8.5304400000000002E-003   5.7567285970005443E+019
   8.5287899999999996E-003   5.8081168173339886E+019
   8.5271500000000007E-003   5.8831705589707342E+019
   8.5240100000000003E-003   5.9837725294009369E+019
   8.5209299999999995E-003   6.0587224358345998E+019
   8.5193500000000002E-003   6.1104872945805156E+019
   8.5177800000000008E-003   6.1742652158981857E+019
   8.5155300000000003E-003   6.2495471681375265E+019
   8.5132999999999997E-003   6.3467758739956859E+019
   8.5098299999999995E-003   6.4680241735556440E+019
   8.5063099999999996E-003   6.6003063386099720E+019
   8.5023500000000005E-003   6.7197624389420655E+019
   8.4996499999999992E-003   6.8194147432920695E+019
   8.4968900000000000E-003   6.9424844954414866E+019
   8.4930300000000004E-003   7.1071247106622710E+019
   8.4881699999999997E-003   7.2407577505697669E+019
   8.4860300000000003E-003   7.3233320234232357E+019
   8.4839100000000008E-003   7.4205976919732584E+019
   8.4810600000000003E-003   7.5347276217121898E+019
   8.4781300000000004E-003   7.6506304891449672E+019
   8.4752400000000002E-003   7.7684298371686613E+019
   8.4722700000000005E-003   7.8893686195975717E+019
   8.4692799999999992E-003   8.0107411239208010E+019
   8.4663299999999993E-003   8.1139061336264065E+019
   8.4642499999999996E-003   8.2408587240650899E+019
   8.4601699999999995E-003   8.4364758678225453E+019
   8.4549699999999992E-003   8.6237356207816622E+019
   8.4513200000000000E-003   8.7692816208582967E+019
   8.4481299999999999E-003   8.9076504912528474E+019
   8.4448800000000001E-003   9.0957205765680660E+019
   8.4394499999999994E-003   9.2919086758275449E+019
   8.4358699999999998E-003   9.4127191895734583E+019
   8.4339600000000008E-003   9.5504034930225234E+019
   8.4296900000000001E-003   9.7394951038905205E+019
   8.4254900000000008E-003   9.8852235152959259E+019
   8.4231900000000005E-003   9.9888783070346052E+019
   8.4209000000000003E-003   1.0141699127260835E+020
   8.4164800000000005E-003   1.0341592622098689E+020
   8.4121400000000002E-003   1.0482346010824742E+020
   8.4103300000000006E-003   1.0565280212924477E+020
   8.4085400000000008E-003   1.0705884922946358E+020
   8.4042700000000001E-003   1.0902997342083888E+020
   8.4000700000000008E-003   1.1050157872976701E+020
   8.3978999999999998E-003   1.1151818875395393E+020
   8.3957500000000004E-003   1.1295543974041090E+020
   8.3918299999999994E-003   1.1480593281443737E+020
   8.3879699999999998E-003   1.1637570390429458E+020
   8.3852600000000003E-003   1.1767176201318828E+020
   8.3825700000000006E-003   1.1914954030294865E+020
   8.3791300000000003E-003   1.2080549743211523E+020
   8.3757399999999996E-003   1.2269228575959972E+020
   8.3713999999999993E-003   1.2480266826383360E+020
   8.3671400000000003E-003   1.2674165703448678E+020
   8.3635199999999993E-003   1.2924699789784313E+020
   8.3570599999999995E-003   1.3157574570192626E+020
   8.3541799999999992E-003   1.3310391369533972E+020
   8.3509900000000008E-003   1.3471137731079388E+020
   8.3478300000000005E-003   1.3719298104313019E+020
   8.3412599999999996E-003   1.4052440680447259E+020
   8.3348399999999996E-003   1.4396624200799122E+020
   8.3279800000000005E-003   1.4751521510364175E+020
   8.3212700000000004E-003   1.5021150879173208E+020
   8.3176599999999993E-003   1.5211831234806147E+020
   8.3140799999999997E-003   1.5413656235835798E+020
   8.3100899999999991E-003   1.5626497335896379E+020
   8.3061500000000000E-003   1.5828438010301838E+020
   8.3026000000000003E-003   1.6019800126898373E+020
   8.2990900000000003E-003   1.6249563961861833E+020
   8.2941700000000000E-003   1.6516931071249298E+020
   8.2893299999999993E-003   1.6813484763734173E+020
   8.2834399999999996E-003   1.7138137463049450E+020
   8.2776499999999992E-003   1.7441466375991637E+020
   8.2725799999999999E-003   1.7724799734744787E+020
   8.2675900000000000E-003   1.8018137534634839E+020
   8.2621699999999992E-003   1.8295012883647231E+020
   8.2579300000000001E-003   1.8536816493631239E+020
   8.2537500000000007E-003   1.8862590247085100E+020
   8.2466799999999993E-003   1.9270279411866164E+020
   8.2397600000000005E-003   1.9655537838601388E+020
   8.2336000000000006E-003   2.0017398658388653E+020
   8.2275400000000002E-003   2.0354762051656273E+020
   8.2221800000000008E-003   2.0790798457747381E+020
   8.2130699999999994E-003   2.1175734703466902E+020
   8.2094600000000000E-003   2.1395176803439998E+020
   8.2058800000000005E-003   2.1721986253872447E+020
   8.1988200000000008E-003   2.2153955797441626E+020
   8.1918900000000003E-003   2.2504058643252524E+020
   8.1875600000000000E-003   2.2774095354715534E+020
   8.1832699999999994E-003   2.3091189982051077E+020
   8.1774900000000008E-003   2.3454488369783495E+020
   8.1717900000000000E-003   2.3858116337408803E+020
   8.1648399999999996E-003   2.4400264019412999E+020
   8.1549599999999993E-003   2.4947918142863950E+020
   8.1479499999999993E-003   2.5306260235357117E+020
   8.1439900000000003E-003   2.5711169798310727E+020
   8.1356899999999992E-003   2.6257267186880420E+020
   8.1275400000000008E-003   2.6671650513591045E+020
   8.1232600000000002E-003   2.6958328754439356E+020
   8.1190299999999993E-003   2.7243342284811174E+020
   8.1148300000000000E-003   2.7526890410933843E+020
   8.1106800000000003E-003   2.7967726239850807E+020
   8.1019500000000001E-003   2.8562755892429573E+020
   8.0934000000000006E-003   2.9170959529240737E+020
   8.0844599999999999E-003   2.9792120060048002E+020
   8.0756900000000000E-003   3.0264172035935915E+020
   8.0710799999999996E-003   3.0590062014130808E+020
   8.0665300000000006E-003   3.0914298862542022E+020
   8.0620099999999997E-003   3.1236921221175987E+020
   8.0575400000000002E-003   3.1738629733762839E+020
   8.0481500000000004E-003   3.2415630224267182E+020
   8.0389499999999996E-003   3.2927656395525502E+020
   8.0341200000000005E-003   3.3282830372626740E+020
   8.0293299999999995E-003   3.3636250842333250E+020
   8.0245899999999998E-003   3.3987942452113703E+020
   8.0198999999999999E-003   3.4534594225416248E+020
   8.0100499999999995E-003   3.5272702192289763E+020
   8.0003899999999996E-003   3.6025595298686193E+020
   7.9903000000000005E-003   3.6796410444807491E+020
   7.9804000000000003E-003   3.7382484406189726E+020
   7.9752099999999999E-003   3.7786969402610614E+020
   7.9700599999999993E-003   3.8189524717619754E+020
   7.9649700000000000E-003   3.8590261433374343E+020
   7.9599300000000005E-003   3.9212896798898002E+020
   7.9493399999999992E-003   4.0053764266656249E+020
   7.9389600000000001E-003   4.0689693962611366E+020
   7.9335099999999995E-003   4.1130880226616961E+020
   7.9281200000000003E-003   4.1570026551661389E+020
   7.9227800000000008E-003   4.2007157266813662E+020
   7.9174899999999993E-003   4.2686442418383100E+020
   7.9063899999999993E-003   4.3603989925006148E+020
   7.8954999999999997E-003   4.4541531696215654E+020
   7.8841399999999996E-003   4.5500189129559507E+020
   7.8729899999999998E-003   4.6229353208573028E+020
   7.8671399999999999E-003   4.6732552081823400E+020
   7.8613499999999996E-003   4.7233522435315991E+020
   7.8556200000000007E-003   4.7732378721845137E+020
   7.8499399999999997E-003   4.8507110090003186E+020
   7.8380299999999993E-003   4.9553831434910591E+020
   7.8263499999999993E-003   5.0346054867041282E+020
   7.8202199999999993E-003   5.0895278130764926E+020
   7.8141600000000005E-003   5.1714046700733058E+020
   7.8021999999999996E-003   5.2833251744973980E+020
   7.7897200000000000E-003   5.3692731740409207E+020
   7.7835700000000001E-003   5.4261377521627582E+020
   7.7774799999999998E-003   5.5145077126713128E+020
   7.7647100000000002E-003   5.6339409967944925E+020
   7.7521800000000000E-003   5.7243382443787334E+020
   7.7456199999999999E-003   5.7870277288131389E+020
   7.7391200000000004E-003   5.8659427447245609E+020
   7.7292799999999998E-003   5.9610732993215712E+020
   7.7195800000000002E-003   6.0574498362695405E+020
   7.7096200000000004E-003   6.1553055297600671E+020
   7.6998099999999996E-003   6.2556486487888206E+020
   7.6895300000000000E-003   6.3583923733252316E+020
   7.6793900000000003E-003   6.4626499808610130E+020
   7.6689799999999997E-003   6.6004880538956307E+020
   7.6525200000000003E-003   6.7490887708476965E+020
   7.6402800000000002E-003   6.8780215327151869E+020
   7.6279199999999998E-003   7.0093471527925069E+020
   7.6154400000000002E-003   7.1604821360151757E+020
   7.5996500000000003E-003   7.3140523103266315E+020
   7.5870000000000000E-003   7.4547126185553769E+020
   7.5738899999999998E-003   7.5992069092844490E+020
   7.5607799999999996E-003   7.7372326951746942E+020
   7.5490599999999998E-003   7.8654223968585017E+020
   7.5379000000000002E-003   8.0181827909613217E+020
   7.5220399999999998E-003   8.1826056389889347E+020
   7.5089900000000001E-003   8.3238616483473785E+020
   7.4973100000000001E-003   8.4681716794002086E+020
   7.4835099999999996E-003   8.6352143528271321E+020
   7.4683800000000002E-003   8.7805880236568635E+020
   7.4584400000000002E-003   8.9131053281423065E+020
   7.4444500000000000E-003   9.0806058417624187E+020
   7.4279999999999997E-003   9.2380900907200977E+020
   7.4121500000000002E-003   9.3858876883502380E+020
   7.3974699999999997E-003   9.4852846135646500E+020
   7.3834100000000000E-003   9.5565454959764531E+020
   7.3675099999999999E-003   9.5109743099209895E+020
   7.3612299999999999E-003   9.5994610312476413E+020
   7.3463799999999996E-003   9.3766775189998351E+020
   7.3269199999999998E-003   9.3168488454108742E+020
   7.3131300000000002E-003   8.9572275183989830E+020
   7.2998000000000004E-003   8.3728110581509312E+020
   7.2846500000000002E-003   8.0398181394334679E+020
   7.2707500000000003E-003   7.8329347299022170E+020
   7.2648499999999998E-003   7.5316577335624899E+020
   7.2589899999999999E-003   7.2547178059905696E+020
   7.2446799999999999E-003   7.0229323301550398E+020
   7.2389400000000001E-003   6.8951366959158880E+020
   7.2323800000000001E-003   6.6515259916063906E+020
   7.2272800000000000E-003   6.6446465446790234E+020
   7.2191800000000004E-003   6.5234728027370475E+020
   7.2139900000000000E-003   6.3613200015002226E+020
   7.2091300000000002E-003   6.2736446561072264E+020
   7.2047400000000003E-003   6.3087629408289371E+020
   7.1994800000000003E-003   6.1760924300975695E+020
   7.1936800000000000E-003   6.0876086874469525E+020
   7.1879099999999996E-003   6.0789720356932970E+020
   7.1844200000000004E-003   6.0749402311436114E+020
   7.1796400000000002E-003   6.0402538113141939E+020
   7.1772700000000004E-003   6.0282881545765952E+020
   7.1754899999999996E-003   6.0222032686814934E+020
   7.1713200000000001E-003   6.0272544124117451E+020
   7.1689400000000004E-003   6.0306047628617449E+020
   7.1656300000000001E-003   6.0341775468759299E+020
   7.1629099999999998E-003   6.0391548189260120E+020
   7.1568700000000001E-003   6.0538233913392221E+020
   7.1523400000000001E-003   6.0802535023708982E+020
   7.1472100000000002E-003   6.1108777074771231E+020
   7.1412200000000002E-003   6.1494384858304938E+020
   7.1365100000000004E-003   6.1869511278453680E+020
   7.1320100000000003E-003   6.2277620848854093E+020
   7.1276500000000001E-003   6.2671467299939379E+020
   7.1236900000000002E-003   6.3142785766498186E+020
   7.1186599999999997E-003   6.3533898346342475E+020
   7.1165800000000000E-003   6.3883799463463564E+020
   7.1124500000000002E-003   6.4298717835295300E+020
   7.1097100000000000E-003   6.4708146173459471E+020
   7.1056000000000001E-003   6.5091787817565330E+020
   7.1035600000000001E-003   6.5474537097532552E+020
   7.0995700000000004E-003   6.5984979892044353E+020
   7.0956800000000000E-003   6.6370907983876430E+020
   7.0937400000000003E-003   6.6672534448179878E+020
   7.0912299999999996E-003   6.7184489980959929E+020
   7.0862099999999999E-003   6.7874746561027860E+020
   7.0812100000000001E-003   6.8574111627556369E+020
   7.0762400000000001E-003   6.9103613465067887E+020
   7.0737600000000001E-003   6.9408130073254468E+020
   7.0719099999999998E-003   6.9806474218390841E+020
   7.0682100000000001E-003   7.0337042453018785E+020
   7.0645700000000001E-003   7.0860090429153319E+020
   7.0609899999999996E-003   7.1374043326827122E+020
   7.0574599999999998E-003   7.1878815797702623E+020
   7.0540000000000004E-003   7.2460838331147315E+020
   7.0494800000000003E-003   7.2994453601526691E+020
   7.0467000000000004E-003   7.3398310663844502E+020
   7.0439200000000004E-003   7.3925967892116459E+020
   7.0393499999999998E-003   7.4512146334256988E+020
   7.0357600000000003E-003   7.4999408978170531E+020
   7.0325900000000000E-003   7.5424468840075100E+020
   7.0298499999999998E-003   7.5961265026424190E+020
   7.0252500000000002E-003   7.6632913039579677E+020
   7.0204400000000002E-003   7.7444630317886223E+020
   7.0142499999999997E-003   7.8051918292826980E+020
   7.0113199999999997E-003   7.8511393774985465E+020
   7.0083999999999997E-003   7.9076077683897362E+020
   7.0040399999999996E-003   7.9721627545950840E+020
   6.9982500000000001E-003   8.0369319542826729E+020
   6.9953599999999999E-003   8.0816680613108410E+020
   6.9924799999999997E-003   8.1256128227341068E+020
   6.9880200000000002E-003   8.2033721173697102E+020
   6.9817600000000000E-003   8.2719432352266768E+020
   6.9781499999999998E-003   8.3400992792686467E+020
   6.9720099999999998E-003   8.4249254453954675E+020
   6.9659800000000001E-003   8.4930047981269968E+020
   6.9625399999999997E-003   8.5226329027461959E+020
   6.9603399999999998E-003   8.5727240267993226E+020
   6.9559499999999998E-003   8.6389680896548431E+020
   6.9506200000000002E-003   8.6964703967659216E+020
   6.9474899999999997E-003   8.7521034954506777E+020
   6.9424700000000001E-003   8.8030457942996405E+020
   6.9399800000000001E-003   8.8528035671358531E+020
   6.9351100000000004E-003   8.9335015303426618E+020
   6.9280100000000001E-003   9.0140220408023273E+020
   6.9231400000000004E-003   9.0792355885053418E+020
   6.9182999999999996E-003   9.1672385991305239E+020
   6.9099799999999996E-003   9.2527682996966772E+020
   6.9055499999999999E-003   9.3571848423989274E+020
   6.9018700000000001E-003   9.3991651487347992E+020
   6.8982000000000002E-003   9.4314555313249137E+020
   6.8955099999999997E-003   9.4445372770980712E+020
   6.8935000000000003E-003   9.4954089586828273E+020
   6.8898300000000004E-003   9.5532079176286785E+020
   6.8882500000000003E-003   9.5991043271622787E+020
   6.8857099999999997E-003   9.6405644513994251E+020
   6.8836699999999997E-003   9.6894300092589041E+020
   6.8821000000000004E-003   9.7080031965996764E+020
   6.8805200000000002E-003   9.7377931898582152E+020
   6.8792200000000001E-003   9.7614099350690687E+020
   6.8779300000000000E-003   9.7840963954233665E+020
   6.8766499999999998E-003   9.8112554080547216E+020
   6.8753699999999996E-003   9.8590101571330821E+020
   6.8727800000000002E-003   9.8928072517179553E+020
   6.8701900000000000E-003   9.9177275765449386E+020
   6.8690499999999998E-003   9.9313893168354558E+020
   6.8679199999999996E-003   9.9831304630118357E+020
   6.8661099999999999E-003   1.0005038585782883E+021
   6.8643100000000002E-003   1.0026948395535233E+021
   6.8625099999999996E-003   1.0048859909186055E+021
   6.8607099999999999E-003   1.0099247339880428E+021
   6.8566699999999996E-003   1.0157246669343345E+021
   6.8526400000000001E-003   1.0248065077883416E+021
   6.8436599999999997E-003   1.0409751212474828E+021
   6.8236800000000004E-003   1.0636605123864215E+021
   6.8057700000000000E-003   1.0835015487276619E+021
   6.7913799999999996E-003   1.1017052225587150E+021
   6.7779700000000003E-003   1.1235729147423165E+021
   6.7582400000000004E-003   1.1490546899750276E+021
   6.7397300000000002E-003   1.1723255570676988E+021
   6.7232999999999998E-003   1.1944950110187424E+021
   6.7069399999999998E-003   1.2169384207838594E+021
   6.6907700000000004E-003   1.2412406939715720E+021
   6.6720299999999998E-003   1.2654052254520346E+021
   6.6564199999999997E-003   1.2879562598822956E+021
   6.6404400000000001E-003   1.3120342822211444E+021
   6.6230400000000002E-003   1.3383157249349520E+021
   6.6044600000000004E-003   1.3686773424149454E+021
   6.5820499999999999E-003   1.3980737423798158E+021
   6.5654499999999996E-003   1.4259652464026347E+021
   6.5455299999999999E-003   1.4566898989784855E+021
   6.5258699999999996E-003   1.4849554907015773E+021
   6.5095700000000001E-003   1.5065201804824543E+021
   6.4989100000000001E-003   1.5298564517505131E+021
   6.4804700000000003E-003   1.5540840063669539E+021
   6.4691699999999998E-003   1.5816817859671320E+021
   6.4468099999999999E-003   1.6138101441208983E+021
   6.4305400000000002E-003   1.6411728338401336E+021
   6.4144400000000004E-003   1.6662130777813253E+021
   6.4013100000000003E-003   1.6888248333167163E+021
   6.3882799999999997E-003   1.7265179060006562E+021
   6.3580599999999996E-003   1.7798236904350593E+021
   6.3283699999999998E-003   1.8191955098543074E+021
   6.3148099999999997E-003   1.8534241990444633E+021
   6.2911499999999997E-003   1.8849817218236767E+021
   6.2810000000000001E-003   1.9175210155266115E+021
   6.2566000000000002E-003   1.9639485523172697E+021
   6.2325200000000001E-003   2.0010726605572056E+021
   6.2186200000000002E-003   2.0282537039021550E+021
   6.2048199999999998E-003   2.0631421074149445E+021
   6.1834899999999998E-003   2.1059864709521610E+021
   6.1624000000000002E-003   2.1422083360118827E+021
   6.1481900000000004E-003   2.1714295989164227E+021
   6.1340900000000000E-003   2.2165213921503562E+021
   6.1050100000000001E-003   2.2780219301700038E+021
   6.0763700000000002E-003   2.3291994889027602E+021
   6.0579400000000004E-003   2.3696456410412493E+021
   6.0396699999999996E-003   2.4025162873067395E+021
   6.0286200000000002E-003   2.4271672289532429E+021
   6.0176300000000004E-003   2.4692703507358170E+021
   5.9914199999999999E-003   2.5413925052590556E+021
   5.9550599999999999E-003   2.6179914524717980E+021
   5.9265200000000002E-003   2.6740126418072492E+021
   5.9085700000000001E-003   2.7241450435262404E+021
   5.8854099999999998E-003   2.7811797640090375E+021
   5.8624899999999997E-003   2.8491513865522496E+021
   5.8313699999999998E-003   2.9293654068595749E+021
   5.7999799999999997E-003   2.9914172261643882E+021
   5.7840900000000004E-003   3.0332695309298523E+021
   5.7683099999999996E-003   3.0975995323804481E+021
   5.7359999999999998E-003   3.1852803942257949E+021
   5.7041300000000000E-003   3.2756801677883962E+021
   5.6712500000000001E-003   3.3687441491061191E+021
   5.6388100000000002E-003   3.4646136569617706E+021
   5.6053500000000003E-003   3.5635334922574433E+021
   5.5723300000000003E-003   3.6652893679296069E+021
   5.5382799999999996E-003   3.7702728684057642E+021
   5.5046699999999997E-003   3.8784807927116716E+021
   5.4700199999999999E-003   3.9899298922364692E+021
   5.4357900000000002E-003   4.0756015507803608E+021
   5.4182900000000001E-003   4.1338472237815353E+021
   5.4008900000000002E-003   4.2233485950063471E+021
   5.3653099999999999E-003   4.3455332846409482E+021
   5.3301499999999996E-003   4.4393760393054996E+021
   5.3121699999999997E-003   4.5032577068254872E+021
   5.2943000000000000E-003   4.6007304429366348E+021
   5.2581199999999998E-003   4.7346634507364063E+021
   5.2216199999999997E-003   4.8728054027932874E+021
   5.1847799999999999E-003   5.0152929989535486E+021
   5.1476100000000004E-003   5.1622867099429938E+021
   5.1100900000000003E-003   5.3139424236214765E+021
   5.0722299999999996E-003   5.4704220098067505E+021
   5.0340200000000002E-003   5.6318965563739246E+021
   4.9954500000000002E-003   5.7985431985949466E+021
   4.9565199999999998E-003   5.9705370048191644E+021
   4.9172299999999999E-003   6.1035495111395660E+021
   4.8973500000000000E-003   6.1936915945313901E+021
   4.8775600000000004E-003   6.2853580455968317E+021
   4.8574899999999999E-003   6.3784313571270680E+021
   4.8375199999999997E-003   6.5001732522950158E+021
   4.8057400000000002E-003   6.6517609281624358E+021
   4.7741900000000002E-003   6.7786171717513264E+021
   4.7536300000000000E-003   6.8796961766573741E+021
   4.7331500000000002E-003   6.9824065104786447E+021
   4.7123900000000003E-003   7.0867971519279614E+021
   4.6917199999999999E-003   7.1928887552099945E+021
   4.6707600000000004E-003   7.3007198671786989E+021
   4.6498800000000003E-003   7.4103181119794992E+021
   4.6287100000000003E-003   7.5217234923221596E+021
   4.6076199999999998E-003   7.6349622952804661E+021
   4.5862500000000000E-003   7.7500813545157511E+021
   4.5649499999999999E-003   7.8671040457802714E+021
   4.5433599999999998E-003   7.9860851782626449E+021
   4.5218500000000000E-003   8.1070543902307328E+021
   4.5000400000000003E-003   8.2300555166062152E+021
   4.4783100000000001E-003   8.3551168770551673E+021
   4.4562800000000000E-003   8.4823075375337974E+021
   4.4343200000000003E-003   8.6116592515083424E+021
   4.4120699999999997E-003   8.7432188482699500E+021
   4.3898799999999997E-003   8.8770363064093560E+021
   4.3673999999999996E-003   9.0131374628283194E+021
   4.3449800000000000E-003   9.1516245091224838E+021
   4.3222599999999996E-003   9.2925235993567434E+021
   4.2995999999999998E-003   9.4358992219456154E+021
   4.2766400000000000E-003   9.5818008390713601E+021
   4.2537299999999998E-003   9.7300058897110039E+021
   4.2306200000000000E-003   9.8811623768812956E+021
   4.2073700000000002E-003   1.0035047856423358E+022
   4.1840000000000002E-003   1.0191734319458441E+022
   4.1605000000000001E-003   1.0351283074468738E+022
   4.1368700000000000E-003   1.0513807898746779E+022
   4.1131099999999997E-003   1.0679351716294437E+022
   4.0892100000000002E-003   1.0848076090447774E+022
   4.0651799999999998E-003   1.1020006797584577E+022
   4.0410100000000003E-003   1.1195255579739219E+022
   4.0167099999999997E-003   1.1373943085511251E+022
   3.9922600000000001E-003   1.1556125157419502E+022
   3.9676599999999996E-003   1.1741897814843954E+022
   3.9429199999999999E-003   1.1931385029539159E+022
   3.9180400000000002E-003   1.2124662647322306E+022
   3.8930000000000002E-003   1.2321817962969439E+022
   3.8678100000000002E-003   1.2523080155472362E+022
   3.8424700000000002E-003   1.2728488660057039E+022
   3.8169699999999998E-003   1.2938309201647846E+022
   3.7913100000000000E-003   1.3152886042523641E+022
   3.7654899999999998E-003   1.3372442686340135E+022
   3.7395100000000001E-003   1.3596729583952860E+022
   3.7133600000000002E-003   1.3825341929228486E+022
   3.6870300000000000E-003   1.4058055702268799E+022
   3.6605299999999999E-003   1.4294930459310495E+022
   3.6338600000000000E-003   1.4536029875837575E+022
   3.6070000000000000E-003   1.4781420597876581E+022
   3.5799700000000000E-003   1.5031172726841718E+022
   3.5527400000000000E-003   1.5285358757598271E+022
   3.5253200000000002E-003   1.5544054069442019E+022
   3.4977099999999998E-003   1.5807336734450250E+022
   3.4699000000000002E-003   1.6075286671752467E+022
   3.4418900000000000E-003   1.6347986445337245E+022
   3.4136599999999998E-003   1.6625521106562578E+022
   3.3852299999999999E-003   1.6907977321338267E+022
   3.3565800000000001E-003   1.7195444293087678E+022
   3.3277100000000002E-003   1.7488013038751333E+022
   3.2986100000000000E-003   1.7785776994906878E+022
   3.2692799999999998E-003   1.8088831292933023E+022
   3.2397099999999998E-003   1.8397273410349727E+022
   3.2098999999999999E-003   1.8711202461359461E+022
   3.1798299999999998E-003   1.9030720091428263E+022
   3.1495099999999999E-003   1.9355929514745008E+022
   3.1189299999999998E-003   1.9686936389260136E+022
   3.0880800000000000E-003   2.0023847960428516E+022
   3.0569400000000002E-003   2.0366773849738826E+022
   3.0255299999999998E-003   2.0715825667683545E+022
   2.9938100000000000E-003   2.1071117061005857E+022
   2.9618000000000001E-003   2.1432763914613122E+022
   2.9294700000000000E-003   2.1800883862811072E+022
   2.8968200000000000E-003   2.2175597107665175E+022
   2.8638399999999999E-003   2.2557025423737540E+022
   2.8305100000000001E-003   2.2945293246555012E+022
   2.7968300000000001E-003   2.3340526571264791E+022
   2.7627799999999998E-003   2.3742854672811431E+022
   2.7283600000000000E-003   2.4152407520996588E+022
   2.6935300000000000E-003   2.4569318348917337E+022
   2.6583000000000002E-003   2.4993722290089780E+022
   2.6226499999999998E-003   2.5425756359019180E+022
   2.5865500000000000E-003   2.5865559949444448E+022
   2.5500000000000002E-003   2.6313275094800435E+022
   2.5129599999999998E-003   2.6769045443920186E+022
   2.4754299999999998E-003   2.7233017079823430E+022
   2.4373699999999999E-003   2.7705338182143144E+022
   2.3987700000000002E-003   2.8186159445043535E+022
   2.3595999999999999E-003   2.8675632823835055E+022
   2.3198200000000002E-003   2.9173879198114627E+022
   2.2794199999999999E-003   2.9681327528695942E+022
   2.2383500000000001E-003   3.0197900173717476E+022
   2.1965900000000000E-003   3.0723757457376409E+022
   2.1540800000000001E-003   3.1259062435035751E+022
   2.1107900000000000E-003   3.1803979056986223E+022
   2.0666600000000001E-003   3.2358610252388048E+022
   2.0216499999999998E-003   3.2923442968141249E+022
   1.9756999999999999E-003   3.3498412398247313E+022
   1.9287300000000000E-003   3.4081880043409923E+022
   1.8809899999999999E-003   3.4677751924439420E+022
   1.8314399999999999E-003   3.5286244427732814E+022
   1.7809499999999999E-003   3.5903545725935734E+022
   1.7290700000000001E-003   3.6448945193473874E+022
   1.6894799999999999E-003   3.6928614818384974E+022
   1.6483900000000000E-003   3.7616248108684461E+022
   1.5710200000000000E-003   3.8312956163946269E+022
   1.5276900000000000E-003   3.8818617487635006E+022
   1.4822600000000000E-003   3.9581603439536092E+022
   1.3881000000000000E-003   4.0445713569339503E+022
   1.3231000000000000E-003   4.1141129000943991E+022
   1.2552900000000001E-003   4.1854650110065580E+022
   1.1804100000000000E-003   4.2604607252903993E+022
   1.1006799999999999E-003   4.3382594516324574E+022
   1.0088899999999999E-003   4.4241961092822627E+022
   8.9943000000000000E-004   4.5334970747418309E+022
   7.0648000000000000E-004   4.6458111510268955E+022
   5.6787999999999999E-004   4.7109148320483921E+022
   4.8420000000000001E-004   4.7513365897520620E+022
   3.8301999999999998E-004   4.7833646626124272E+022
   3.1389999999999999E-004   4.8048318034346521E+022
   2.5074000000000000E-004   4.8166493818919676E+022
   2.0167000000000001E-004   4.8277614123606235E+022
   1.6419000000000001E-004   4.8324061403361613E+022
   1.3643999999999999E-004   4.8367575359041403E+022
   1.1691000000000000E-004   4.8383147700466894E+022
   1.0406000000000000E-004   4.8402827119734464E+022
   8.6879999999999995E-005   4.8418740677598501E+022
   6.8949999999999995E-005   4.8429898543500381E+022
   5.4729999999999999E-005   4.8440026670316032E+022
   4.3439999999999997E-005   4.8444752114178643E+022
   3.4480000000000002E-005   4.8447594812624117E+022
   2.7359999999999999E-005   4.8450719140270582E+022
   2.1719999999999999E-005   4.8451882967155146E+022
   1.7240000000000001E-005   4.8453235172177477E+022
   1.3679999999999999E-005   4.8454471740058348E+022
