   8.8768600000000003E-003   6491990869487024.0     
   8.8768600000000003E-003   6677058672216552.0     
   8.8768600000000003E-003   6856391706926048.0     
   8.8768600000000003E-003   7030367370291987.0     
   8.8768600000000003E-003   7199321696991557.0     
   8.8768600000000003E-003   7363545760003983.0     
   8.8768600000000003E-003   7523307957844054.0     
   8.8768600000000003E-003   7678860915884521.0     
   8.8768600000000003E-003   7830432025853044.0     
   8.8768600000000003E-003   7978224406542014.0     
   8.8768500000000004E-003   8122423540618918.0     
   8.8768500000000004E-003   8263193906632594.0     
   8.8768500000000004E-003   8400686973179220.0     
   8.8768500000000004E-003   8535062214708984.0     
   8.8768500000000004E-003   8666476040268432.0     
   8.8768500000000004E-003   8795061447458607.0     
   8.8768500000000004E-003   8920943176476163.0     
   8.8768500000000004E-003   9044230735391244.0     
   8.8768500000000004E-003   9165031619858424.0     
   8.8768500000000004E-003   9283424262721794.0     
   8.8768500000000004E-003   9428181491276298.0     
   8.8768500000000004E-003   9597346357885524.0     
   8.8768500000000004E-003   9761793929059278.0     
   8.8768500000000004E-003   9921765818604004.0     
   8.8768500000000004E-003   10051817793559918.     
   8.8768500000000004E-003   10153813706297630.     
   8.8768500000000004E-003   10254074105922832.     
   8.8768500000000004E-003   10352629096357348.     
   8.8768500000000004E-003   10473536469168272.     
   8.8768500000000004E-003   10615360079814014.     
   8.8768400000000004E-003   10753787972660822.     
   8.8768400000000004E-003   10888966095211568.     
   8.8768400000000004E-003   10999200932972982.     
   8.8768400000000004E-003   11085889638371440.     
   8.8768400000000004E-003   11213509922353212.     
   8.8768400000000004E-003   11379210148202968.     
   8.8768400000000004E-003   11500288048610130.     
   8.8768400000000004E-003   11579579669705428.     
   8.8768400000000004E-003   11696426773940324.     
   8.8768400000000004E-003   11848323144622592.     
   8.8768400000000004E-003   11995990384132964.     
   8.8768400000000004E-003   12139576176360402.     
   8.8768400000000004E-003   12244620928507552.     
   8.8768400000000004E-003   12313475012390746.     
   8.8768400000000004E-003   12415023463680822.     
   8.8768400000000004E-003   12547104088688402.     
   8.8768400000000004E-003   12675561371723236.     
   8.8768400000000004E-003   12800455450160756.     
   8.8768400000000004E-003   12921871535956736.     
   8.8768300000000005E-003   13059268894000138.     
   8.8768300000000005E-003   13210550169368560.     
   8.8768300000000005E-003   13355868545667170.     
   8.8768300000000005E-003   13495225109977410.     
   8.8768300000000005E-003   13628593452108694.     
   8.8768300000000005E-003   13755898227502306.     
   8.8768300000000005E-003   13879730959322710.     
   8.8768300000000005E-003   14001053089268448.     
   8.8768300000000005E-003   14134649584264406.     
   8.8768300000000005E-003   14279757955739918.     
   8.8768300000000005E-003   14421491481691674.     
   8.8768300000000005E-003   14525775809766620.     
   8.8768300000000005E-003   14594262560517584.     
   8.8768300000000005E-003   14695499647989962.     
   8.8768200000000005E-003   14828088883242652.     
   8.8768200000000005E-003   14957903548693912.     
   8.8768200000000005E-003   15085099026373192.     
   8.8768200000000005E-003   15209795970600184.     
   8.8768200000000005E-003   15332092014681460.     
   8.8768200000000005E-003   15452087681244698.     
   8.8768200000000005E-003   15569912225127848.     
   8.8768200000000005E-003   15685637874469706.     
   8.8768200000000005E-003   15799342435127198.     
   8.8768200000000005E-003   15966093003563124.     
   8.8768200000000005E-003   16155836211674650.     
   8.8768100000000006E-003   16314198557110826.     
   8.8768100000000006E-003   16468933692663782.     
   8.8768100000000006E-003   16582813042840092.     
   8.8768100000000006E-003   16657640086351126.     
   8.8768100000000006E-003   16768269750662328.     
   8.8768100000000006E-003   16913211679580040.     
   8.8768100000000006E-003   17124811071175968.     
   8.8768100000000006E-003   17330829470773828.     
   8.8768100000000006E-003   17464762183291348.     
   8.8768100000000006E-003   17596249020877280.     
   8.8768000000000007E-003   17725406163845748.     
   8.8768000000000007E-003   17852343069470660.     
   8.8768000000000007E-003   17977133056230726.     
   8.8768000000000007E-003   18099869561910964.     
   8.8768000000000007E-003   18220651953698324.     
   8.8768000000000007E-003   18359139148568108.     
   8.8768000000000007E-003   18514459390458796.     
   8.8768000000000007E-003   18741483976668412.     
   8.8768000000000007E-003   18962774418420500.     
   8.8767900000000007E-003   19106784347345016.     
   8.8767900000000007E-003   19248297277637416.     
   8.8767900000000007E-003   19387406261237084.     
   8.8767900000000007E-003   19541126442243176.     
   8.8767900000000007E-003   19708740317454400.     
   8.8767900000000007E-003   19873137034115696.     
   8.8767900000000007E-003   20034460127419340.     
   8.8767900000000007E-003   20192864150306876.     
   8.8767800000000008E-003   20348518961689832.     
   8.8767800000000008E-003   20576790343471656.     
   8.8767800000000008E-003   20814736998710276.     
   8.8767800000000008E-003   20989161775883720.     
   8.8767800000000008E-003   21160500457560272.     
   8.8767800000000008E-003   21328888858797680.     
   8.8767700000000008E-003   21494475062146796.     
   8.8767700000000008E-003   21657422191414908.     
   8.8767700000000008E-003   21817840912556760.     
   8.8767700000000008E-003   21975845558255456.     
   8.8767700000000008E-003   22131563604660748.     
   8.8767700000000008E-003   22285082985133652.     
   8.8767700000000008E-003   22436497394415452.     
   8.8767599999999992E-003   22585894558421180.     
   8.8767599999999992E-003   22806131189977636.     
   8.8767599999999992E-003   23093737137441316.     
   8.8767599999999992E-003   23374541937028472.     
   8.8767499999999992E-003   23649047834220972.     
   8.8767499999999992E-003   23917645950658348.     
   8.8767499999999992E-003   24180749937567360.     
   8.8767499999999992E-003   24438698672463648.     
   8.8767399999999993E-003   24691792249862196.     
   8.8767399999999993E-003   24940296189889656.     
   8.8767399999999993E-003   25184458512639548.     
   8.8767399999999993E-003   25424525885262296.     
   8.8767299999999993E-003   25660648888775592.     
   8.8767299999999993E-003   25893024855006208.     
   8.8767299999999993E-003   26121791825332724.     
   8.8767299999999993E-003   26347101191345896.     
   8.8767299999999993E-003   26569091094050996.     
   8.8767199999999994E-003   26895772023322668.     
   8.8767199999999994E-003   27321283417424256.     
   8.8767099999999995E-003   27633262595895748.     
   8.8767099999999995E-003   27837708305157060.     
   8.8767099999999995E-003   28039570452099920.     
   8.8767099999999995E-003   28238956838970760.     
   8.8767099999999995E-003   28500941547184588.     
   8.8766999999999995E-003   28822849630147856.     
   8.8766999999999995E-003   29138692200229860.     
   8.8766999999999995E-003   29371873395855132.     
   8.8766899999999996E-003   29525478176069076.     
   8.8766899999999996E-003   29753201994537200.     
   8.8766899999999996E-003   30052329788762312.     
   8.8766899999999996E-003   30346344284529380.     
   8.8766799999999996E-003   30635440757023560.     
   8.8766799999999996E-003   30919826451092980.     
   8.8766799999999996E-003   31199648731729828.     
   8.8766699999999997E-003   31610769571048044.     
   8.8766699999999997E-003   32013252500510624.     
   8.8766699999999997E-003   32276260795013340.     
   8.8766599999999998E-003   32535364676301452.     
   8.8766599999999998E-003   32790676928017988.     
   8.8766599999999998E-003   33166469664756364.     
   8.8766499999999998E-003   33656046327748924.     
   8.8766499999999998E-003   34132834779931328.     
   8.8766399999999999E-003   34597687881576208.     
   8.8766399999999999E-003   34995419862816484.     
   8.8766299999999999E-003   35329833503759168.     
   8.8766299999999999E-003   35658754653451548.     
   8.8766299999999999E-003   35982505105508112.     
   8.8766200000000000E-003   36458495272799064.     
   8.8766100000000001E-003   36925459878161688.     
   8.8766100000000001E-003   37231216940278768.     
   8.8766100000000001E-003   37533068197923912.     
   8.8766000000000001E-003   37831237200673008.     
   8.8766000000000001E-003   38271631424020312.     
   8.8765900000000002E-003   38848285361618184.     
   8.8765900000000002E-003   39413237191001608.     
   8.8765800000000002E-003   39966915898225576.     
   8.8765700000000003E-003   40509746856139064.     
   8.8765700000000003E-003   41042336066705800.     
   8.8765600000000004E-003   41565117212803096.     
   8.8765600000000004E-003   42078268432356904.     
   8.8765500000000004E-003   42581908278295408.     
   8.8765400000000005E-003   43076093900500896.     
   8.8765400000000005E-003   43560925660295136.     
   8.8765300000000005E-003   44114921244554840.     
   8.8765300000000005E-003   44733820432238672.     
   8.8765200000000006E-003   45337795932028528.     
   8.8765100000000006E-003   45927361715058032.     
   8.8765000000000007E-003   46503289473770984.     
   8.8765000000000007E-003   46927086846655248.     
   8.8764900000000008E-003   47205470962054544.     
   8.8764900000000008E-003   47617052632407776.     
   8.8764800000000008E-003   48156217233366992.     
   8.8764800000000008E-003   48684699004784064.     
   8.8764699999999992E-003   49203445122986024.     
   8.8764599999999992E-003   49838854432692656.     
   8.8764499999999993E-003   50585674997087504.     
   8.8764499999999993E-003   51135990533862856.     
   8.8764399999999993E-003   51676687497789440.     
   8.8764299999999994E-003   52211370967493704.     
   8.8764299999999994E-003   52621753621768192.     
   8.8764199999999994E-003   53086207816400152.     
   8.8764199999999994E-003   53545904139548528.     
   8.8764099999999995E-003   54001176028411232.     
   8.8763999999999996E-003   54675477171830152.     
   8.8763899999999996E-003   55343287574713224.     
   8.8763899999999996E-003   55783679455423488.     
   8.8763799999999997E-003   56329466637688272.     
   8.8763699999999997E-003   56978772561675800.     
   8.8763699999999997E-003   57939473630597912.     
   8.8763499999999999E-003   58889854895000904.     
   8.8763399999999999E-003   59515675851679672.     
   8.8763399999999999E-003   60136127418641816.     
   8.8763300000000000E-003   60751056237564728.     
   8.8763200000000000E-003   61661912059979616.     
   8.8763100000000001E-003   62857090503322864.     
   8.8762900000000002E-003   63835339929588432.     
   8.8762800000000003E-003   64605427374222168.     
   8.8762800000000003E-003   65458482751584672.     
   8.8762600000000004E-003   66389999286929768.     
   8.8762500000000005E-003   67304062492858152.     
   8.8762400000000005E-003   68200646949750944.     
   8.8762300000000006E-003   69296574633027832.     
   8.8762200000000006E-003   70260680337005208.     
   8.8762100000000007E-003   70891117056152776.     
   8.8762000000000008E-003   71512056415213440.     
   8.8762000000000008E-003   72123596254807920.     
   8.8761900000000008E-003   73023391911237712.     
   8.8761699999999992E-003   74192813260992784.     
   8.8761599999999993E-003   75328383153185088.     
   8.8761499999999993E-003   76431612765619520.     
   8.8761299999999994E-003   77504926675733552.     
   8.8761199999999995E-003   78722441427881664.     
   8.8760999999999996E-003   80074014934705808.     
   8.8760799999999997E-003   81225414868301264.     
   8.8760699999999998E-003   82190554656785840.     
   8.8760599999999999E-003   83137598884265488.     
   8.8760499999999999E-003   84067799336357312.     
   8.8760400000000000E-003   85132691283601232.     
   8.8760200000000001E-003   86325752991882352.     
   8.8760000000000002E-003   87494545446989872.     
   8.8759900000000003E-003   88640708907651568.     
   8.8759700000000004E-003   89765671575745328.     
   8.8759600000000004E-003   90870530406448960.     
   8.8759400000000006E-003   91956162393868416.     
   8.8759300000000006E-003   93023464479151280.     
   8.8759200000000007E-003   94073276230150976.     
   8.8759000000000008E-003   95106399264037744.     
   8.8758900000000009E-003   96374734583879296.     
   8.8758699999999992E-003   97866155499178000.     
   8.8758499999999994E-003   99084745376349648.     
   8.8758399999999994E-003   1.0004372631466176E+017
   8.8758199999999995E-003   1.0098959069458923E+017
   8.8758099999999996E-003   1.0192290043975770E+017
   8.8757999999999997E-003   1.0329949559601162E+017
   8.8757699999999998E-003   1.0509759711569077E+017
   8.8757500000000000E-003   1.0642017283305726E+017
   8.8757400000000000E-003   1.0728921705832752E+017
   8.8757300000000001E-003   1.0836232768479638E+017
   8.8757100000000002E-003   1.0963276184219680E+017
   8.8756900000000003E-003   1.1088492560418341E+017
   8.8756700000000004E-003   1.1211990217229387E+017
   8.8756600000000005E-003   1.1353982663282000E+017
   8.8756300000000007E-003   1.1513815095370582E+017
   8.8756100000000008E-003   1.1632121110833867E+017
   8.8756000000000008E-003   1.1710196766220632E+017
   8.8755899999999992E-003   1.1826171079545726E+017
   8.8755699999999993E-003   1.1979014865893810E+017
   8.8755499999999994E-003   1.2129795695374227E+017
   8.8755299999999995E-003   1.2278613343406939E+017
   8.8755099999999996E-003   1.2425551756486277E+017
   8.8754899999999998E-003   1.2570680367227198E+017
   8.8754699999999999E-003   1.2784862771592227E+017
   8.8754300000000001E-003   1.2995607793530080E+017
   8.8754100000000002E-003   1.3133921705001133E+017
   8.8754000000000003E-003   1.3270638678650906E+017
   8.8753800000000004E-003   1.3405802352902786E+017
   8.8753600000000005E-003   1.3572577404117261E+017
   8.8753300000000007E-003   1.3769772198787288E+017
   8.8753100000000008E-003   1.3931737817699029E+017
   8.8752899999999992E-003   1.4059745390447789E+017
   8.8752699999999993E-003   1.4217857641658589E+017
   8.8752499999999995E-003   1.4405011942849915E+017
   8.8752199999999996E-003   1.4589393412667446E+017
   8.8751999999999998E-003   1.4771105030961507E+017
   8.8751799999999999E-003   1.4950253864293251E+017
   8.8751500000000001E-003   1.5126953006880304E+017
   8.8751300000000002E-003   1.5301313008818925E+017
   8.8751100000000003E-003   1.5473435615835722E+017
   8.8750800000000005E-003   1.5643412667208704E+017
   8.8750600000000006E-003   1.5811328150204554E+017
   8.8750400000000007E-003   1.6004682347687629E+017
   8.8750099999999991E-003   1.6222541951027725E+017
   8.8749799999999993E-003   1.6383877423575971E+017
   8.8749699999999994E-003   1.6490404226117466E+017
   8.8749499999999995E-003   1.6672014290743152E+017
   8.8749199999999997E-003   1.6926217633720394E+017
   8.8748899999999999E-003   1.7125497318886074E+017
   8.8748700000000000E-003   1.7271821853262909E+017
   8.8748500000000001E-003   1.7452730494882928E+017
   8.8748200000000003E-003   1.7667103988827875E+017
   8.8747900000000005E-003   1.7878546171486800E+017
   8.8747600000000006E-003   1.8087161298592986E+017
   8.8747400000000008E-003   1.8327055203728202E+017
   8.8746999999999993E-003   1.8596926102345398E+017
   8.8746699999999994E-003   1.8796476452244739E+017
   8.8746499999999996E-003   1.8928103024256867E+017
   8.8746299999999997E-003   1.9123498896524938E+017
   8.8745999999999998E-003   1.9380589559598320E+017
   8.8745700000000000E-003   1.9633821691235082E+017
   8.8745300000000003E-003   1.9883380843836896E+017
   8.8745000000000004E-003   2.0129444787636528E+017
   8.8744700000000006E-003   2.0372179293990707E+017
   8.8744400000000008E-003   2.0611740859451062E+017
   8.8744099999999992E-003   2.0848278245951325E+017
   8.8743799999999994E-003   2.1081932240514650E+017
   8.8743499999999996E-003   2.1312833625428029E+017
   8.8743199999999998E-003   2.1597677235473126E+017
   8.8742700000000001E-003   2.1934424305718694E+017
   8.8742300000000003E-003   2.2211023481814150E+017
   8.8742000000000005E-003   2.2429669902956842E+017
   8.8741700000000007E-003   2.2646124883963949E+017
   8.8741400000000008E-003   2.2860467517819974E+017
   8.8741199999999992E-003   2.3125453183154016E+017
   8.8740799999999995E-003   2.3439476270534342E+017
   8.8740399999999997E-003   2.3749253758768144E+017
   8.8739999999999999E-003   2.4054947773080624E+017
   8.8739600000000002E-003   2.4356702512946784E+017
   8.8739200000000004E-003   2.4654651808890944E+017
   8.8738800000000007E-003   2.4900185755976077E+017
   8.8738600000000008E-003   2.5094784979826179E+017
   8.8738299999999992E-003   2.5383674104563818E+017
   8.8737899999999995E-003   2.5763813883112278E+017
   8.8737399999999998E-003   2.6091812941285094E+017
   8.8737000000000000E-003   2.6369555544097008E+017
   8.8736700000000002E-003   2.6644313726860307E+017
   8.8736300000000004E-003   2.6916180002105510E+017
   8.8736000000000006E-003   2.7229766119790483E+017
   8.8735499999999991E-003   2.7583705677738371E+017
   8.8735099999999994E-003   2.7933023041405312E+017
   8.8734699999999996E-003   2.8277905745507354E+017
   8.8734199999999999E-003   2.8618534328150544E+017
   8.8733800000000002E-003   2.8955085653978336E+017
   8.8733400000000004E-003   2.9287721710865440E+017
   8.8733000000000006E-003   2.9616579460719078E+017
   8.8732599999999991E-003   2.9941777834351258E+017
   8.8732199999999994E-003   3.0263419427512762E+017
   8.8731799999999996E-003   3.0581600734324410E+017
   8.8731399999999998E-003   3.0896404377546464E+017
   8.8731000000000001E-003   3.1285212158786522E+017
   8.8730400000000004E-003   3.1745438213264288E+017
   8.8729900000000007E-003   3.2123910696813210E+017
   8.8729499999999992E-003   3.2423403205296134E+017
   8.8729099999999995E-003   3.2720140317727142E+017
   8.8728799999999997E-003   3.3014210641468109E+017
   8.8728399999999999E-003   3.3450295740785210E+017
   8.8727700000000003E-003   3.4023296252904326E+017
   8.8727000000000007E-003   3.4446967562529344E+017
   8.8726699999999992E-003   3.4726449054268480E+017
   8.8726399999999993E-003   3.5141383696793088E+017
   8.8725699999999998E-003   3.5687415107922547E+017
   8.8725000000000002E-003   3.6091748998221568E+017
   8.8724700000000004E-003   3.6358767320078963E+017
   8.8724400000000005E-003   3.6755616460679782E+017
   8.8723799999999992E-003   3.7278552187552947E+017
   8.8723099999999996E-003   3.7794488235558707E+017
   8.8722499999999999E-003   3.8303668705391418E+017
   8.8721900000000003E-003   3.8831604331649536E+017
   8.8721300000000006E-003   3.9525095799554234E+017
   8.8720299999999995E-003   4.0231570247611053E+017
   8.8719599999999999E-003   4.0664116693095616E+017
   8.8719300000000001E-003   4.1091857808799002E+017
   8.8718600000000005E-003   4.1655538888330144E+017
   8.8717899999999992E-003   4.2211713463740672E+017
   8.8717299999999995E-003   4.2760682471946406E+017
   8.8716600000000000E-003   4.3437035425739738E+017
   8.8715700000000005E-003   4.4235419305153747E+017
   8.8714799999999993E-003   4.5149100526488230E+017
   8.8713600000000000E-003   4.6171876049181747E+017
   8.8712400000000007E-003   4.6925073884642016E+017
   8.8711799999999993E-003   4.7420550393625709E+017
   8.8711299999999996E-003   4.7911110039215526E+017
   8.8710700000000000E-003   4.8396925216002182E+017
   8.8710100000000004E-003   4.8937909147553805E+017
   8.8709500000000007E-003   4.9532446283677965E+017
   8.8708799999999994E-003   5.0120239683397574E+017
   8.8708099999999998E-003   5.0701514535268032E+017
   8.8707500000000002E-003   5.1447558650089741E+017
   8.8706400000000008E-003   5.2352089462437888E+017
   8.8705399999999997E-003   5.3352075680303494E+017
   8.8704200000000004E-003   5.4443007044168800E+017
   8.8702899999999994E-003   5.5628171310158854E+017
   8.8701500000000003E-003   5.6902648584342880E+017
   8.8700099999999994E-003   5.7841808767679706E+017
   8.8699399999999998E-003   5.8459813890494221E+017
   8.8698700000000002E-003   5.9475900129314061E+017
   8.8697199999999993E-003   6.0872672990805786E+017
   8.8695700000000002E-003   6.2143470412316403E+017
   8.8694399999999993E-003   6.3009299638615386E+017
   8.8693799999999996E-003   6.3580091429040128E+017
   8.8693100000000000E-003   6.4239830908532019E+017
   8.8692300000000005E-003   6.4986062017483610E+017
   8.8691499999999993E-003   6.6089747291119923E+017
   8.8689900000000002E-003   6.7534843309046720E+017
   8.8688399999999994E-003   6.8950687415976013E+017
   8.8686900000000003E-003   6.9994894324585498E+017
   8.8686100000000007E-003   7.0682581784706458E+017
   8.8685399999999994E-003   7.1533203151656589E+017
   8.8684300000000001E-003   7.2541722299295949E+017
   8.8683200000000007E-003   7.3865852126152998E+017
   8.8681500000000000E-003   7.5491266455620250E+017
   8.8679799999999993E-003   7.7011572127577805E+017
   8.8678300000000002E-003   7.8432360326006899E+017
   8.8676799999999993E-003   7.9840390795471846E+017
   8.8675300000000002E-003   8.1236369816872410E+017
   8.8673899999999993E-003   8.2837497939594355E+017
   8.8672000000000004E-003   8.4633853068999027E+017
   8.8670199999999998E-003   8.6396028445682534E+017
   8.8668400000000008E-003   8.8125893412023603E+017
   8.8666600000000002E-003   8.9825067779327821E+017
   8.8664899999999994E-003   9.1495092975271642E+017
   8.8663200000000005E-003   9.2831909142237926E+017
   8.8662199999999993E-003   9.3848036456833856E+017
   8.8661100000000000E-003   9.4854169653087526E+017
   8.8660100000000006E-003   9.5850616179986637E+017
   8.8659099999999994E-003   9.7327117712846848E+017
   8.8657200000000005E-003   9.9265201313289574E+017
   8.8655200000000000E-003   1.0135753567317545E+018
   8.8652999999999996E-003   1.0360128403168717E+018
   8.8650799999999991E-003   1.0571154065925979E+018
   8.8648800000000003E-003   1.0769346690384404E+018
   8.8646899999999997E-003   1.0989175440551100E+018
   8.8644599999999994E-003   1.1229868600096333E+018
   8.8642300000000007E-003   1.1466893673752631E+018
   8.8640100000000003E-003   1.1700431164355881E+018
   8.8637899999999999E-003   1.1874135731713418E+018
   8.8636800000000005E-003   1.2047038834438702E+018
   8.8634600000000001E-003   1.2218390112806620E+018
   8.8633600000000007E-003   1.2354690412015329E+018
   8.8632099999999998E-003   1.2512859391764401E+018
   8.8630700000000007E-003   1.2669605324898496E+018
   8.8629199999999998E-003   1.2824967167360686E+018
   8.8627800000000007E-003   1.3033565126114437E+018
   8.8625500000000003E-003   1.3293779123216300E+018
   8.8623100000000000E-003   1.3552639088156626E+018
   8.8620799999999996E-003   1.3810226242159309E+018
   8.8618499999999992E-003   1.4106320272626862E+018
   8.8615599999999992E-003   1.4439404620954225E+018
   8.8612699999999992E-003   1.4686486290689649E+018
   8.8611300000000000E-003   1.4850436731601367E+018
   8.8609899999999991E-003   1.5095251762644040E+018
   8.8607100000000008E-003   1.5418382914524705E+018
   8.8604300000000007E-003   1.5737394909945759E+018
   8.8601600000000006E-003   1.6052495259508155E+018
   8.8599000000000004E-003   1.6404230464079004E+018
   8.8595700000000006E-003   1.6791109443911511E+018
   8.8592500000000008E-003   1.7173702133118413E+018
   8.8589399999999992E-003   1.7552272074934008E+018
   8.8586299999999993E-003   1.7926388614310295E+018
   8.8583299999999993E-003   1.8296299048948424E+018
   8.8580299999999994E-003   1.8590468115538186E+018
   8.8578600000000004E-003   1.8811306081613184E+018
   8.8576799999999997E-003   1.9030314908666911E+018
   8.8575100000000007E-003   1.9247548154329910E+018
   8.8573300000000001E-003   1.9572618034335903E+018
   8.8569900000000003E-003   2.0002047836758331E+018
   8.8566600000000006E-003   2.0463331160642363E+018
   8.8562799999999994E-003   2.0955134177722557E+018
   8.8558999999999999E-003   2.1442618805757233E+018
   8.8555300000000003E-003   2.1926050349725156E+018
   8.8551600000000008E-003   2.2302508728618619E+018
   8.8549600000000003E-003   2.2575616332257661E+018
   8.8547499999999998E-003   2.2847623481287232E+018
   8.8545499999999992E-003   2.3118567407287670E+018
   8.8543500000000004E-003   2.3455855607270758E+018
   8.8540500000000005E-003   2.3857614108000978E+018
   8.8537600000000004E-003   2.4326234756662349E+018
   8.8533599999999994E-003   2.4859220040171141E+018
   8.8529799999999999E-003   2.5387801267790679E+018
   8.8526000000000004E-003   2.5912243667229737E+018
   8.8522199999999992E-003   2.6301996614508472E+018
   8.8520400000000003E-003   2.6561063578317788E+018
   8.8518499999999996E-003   2.6854021733742858E+018
   8.8516199999999993E-003   2.7180152907557238E+018
   8.8513900000000006E-003   2.7667052679516979E+018
   8.8509399999999998E-003   2.8309222315791831E+018
   8.8504900000000008E-003   2.8785817594310072E+018
   8.8502700000000004E-003   2.9102304678561766E+018
   8.8500599999999999E-003   2.9452481823572541E+018
   8.8497899999999997E-003   2.9835572225577754E+018
   8.8495299999999995E-003   3.0215283291502367E+018
   8.8492699999999994E-003   3.0591721013099761E+018
   8.8490200000000008E-003   3.0970592437128494E+018
   8.8487600000000007E-003   3.1351861557840010E+018
   8.8485100000000004E-003   3.1922222098580700E+018
   8.8480000000000000E-003   3.2675183346922460E+018
   8.8474999999999995E-003   3.3234555977638840E+018
   8.8472599999999992E-003   3.3606755924040719E+018
   8.8470100000000006E-003   3.4013656611585352E+018
   8.8467200000000006E-003   3.4454465506321014E+018
   8.8464400000000006E-003   3.4891469248086308E+018
   8.8461600000000005E-003   3.5546561617732756E+018
   8.8455900000000004E-003   3.6200426254895145E+018
   8.8453100000000003E-003   3.6636141913440010E+018
   8.8450400000000002E-003   3.7068353075538755E+018
   8.8447600000000001E-003   3.7659418622829332E+018
   8.8442899999999994E-003   3.8404581009416489E+018
   8.8438200000000005E-003   3.9151901910644925E+018
   8.8433499999999998E-003   3.9897067657092388E+018
   8.8428900000000008E-003   4.0601559999300895E+018
   8.8424699999999998E-003   4.1266764296206909E+018
   8.8420500000000006E-003   4.1802592868025820E+018
   8.8417800000000005E-003   4.2216304700103194E+018
   8.8415200000000003E-003   4.2870168212532137E+018
   8.8409500000000002E-003   4.3755744134807214E+018
   8.8403800000000001E-003   4.4450672899357015E+018
   8.8400600000000003E-003   4.4962200425110088E+018
   8.8397400000000004E-003   4.5713896143757486E+018
   8.8391300000000006E-003   4.6706910329497334E+018
   8.8385300000000007E-003   4.7776935850253292E+018
   8.8378499999999995E-003   4.8916661898634834E+018
   8.8371900000000000E-003   4.9804987786877501E+018
   8.8368100000000005E-003   5.0449746018231542E+018
   8.8364399999999992E-003   5.1095113069175480E+018
   8.8360699999999997E-003   5.1741106028146811E+018
   8.8357000000000002E-003   5.2630254565544120E+018
   8.8350500000000005E-003   5.3754825871748055E+018
   8.8344200000000008E-003   5.4739218957183611E+018
   8.8339400000000002E-003   5.5588342140276470E+018
   8.8334699999999995E-003   5.6373168285277348E+018
   8.8330600000000002E-003   5.7454120155714222E+018
   8.8322699999999997E-003   5.8944050638816696E+018
   8.8314199999999995E-003   6.0096745848012052E+018
   8.8310100000000002E-003   6.0857055955762545E+018
   8.8305999999999992E-003   6.1988773996352563E+018
   8.8297900000000006E-003   6.3479273972743148E+018
   8.8290000000000000E-003   6.4906688371619635E+018
   8.8282699999999992E-003   6.6081754647026924E+018
   8.8277500000000005E-003   6.7052867634856131E+018
   8.8272400000000001E-003   6.8465686571988460E+018
   8.8262800000000006E-003   7.0303384080528845E+018
   8.8253399999999992E-003   7.2163031070698465E+018
   8.8243699999999998E-003   7.4043947866387272E+018
   8.8234200000000002E-003   7.5718543394173000E+018
   8.8226799999999994E-003   7.7195600658447176E+018
   8.8219400000000003E-003   7.9000905344389366E+018
   8.8208799999999997E-003   8.0594782947781294E+018
   8.8203699999999993E-003   8.1645823268656282E+018
   8.8198500000000006E-003   8.3110026343833928E+018
   8.8189400000000008E-003   8.4974009511216548E+018
   8.8180499999999992E-003   8.6421288099509535E+018
   8.8175400000000004E-003   8.7464989941716531E+018
   8.8170499999999999E-003   8.8790806207349770E+018
   8.8162799999999993E-003   9.0390878949790269E+018
   8.8155300000000002E-003   9.2421130323006607E+018
   8.8143700000000002E-003   9.4308148117136630E+018
   8.8137600000000003E-003   9.5814485817409004E+018
   8.8129799999999998E-003   9.7498893969645548E+018
   8.8121999999999992E-003   9.9560288774567404E+018
   8.8110900000000006E-003   1.0138198588554066E+019
   8.8105400000000004E-003   1.0258458781009398E+019
   8.8100000000000001E-003   1.0444503248645345E+019
   8.8088699999999999E-003   1.0632111466788581E+019
   8.8083099999999998E-003   1.0755967431305542E+019
   8.8077599999999995E-003   1.0891150757190666E+019
   8.8071099999999999E-003   1.1037381506945274E+019
   8.8064700000000003E-003   1.1223629455262130E+019
   8.8054699999999993E-003   1.1448498197418764E+019
   8.8044999999999998E-003   1.1636702981431054E+019
   8.8038300000000003E-003   1.1789474627437971E+019
   8.8031700000000008E-003   1.1942190235512060E+019
   8.8025099999999995E-003   1.2179011858256499E+019
   8.8011500000000006E-003   1.2495181731435287E+019
   8.7998199999999999E-003   1.2816852836089371E+019
   8.7984199999999995E-003   1.3062383559696019E+019
   8.7977400000000001E-003   1.3224129032492554E+019
   8.7970600000000006E-003   1.3475471174670281E+019
   8.7956400000000004E-003   1.3812052925180778E+019
   8.7942599999999999E-003   1.4153408185902529E+019
   8.7928099999999999E-003   1.4413359888439208E+019
   8.7921000000000006E-003   1.4583930498694302E+019
   8.7913899999999996E-003   1.4758616455132852E+019
   8.7906500000000005E-003   1.4936953070315391E+019
   8.7899099999999997E-003   1.5112897536049406E+019
   8.7891900000000005E-003   1.5286360126729789E+019
   8.7884699999999996E-003   1.5463653911623901E+019
   8.7877100000000007E-003   1.5644217433419821E+019
   8.7869599999999999E-003   1.5909520414172187E+019
   8.7854800000000000E-003   1.6173772172473346E+019
   8.7847099999999994E-003   1.6354445726464379E+019
   8.7839400000000005E-003   1.6531615185792260E+019
   8.7831799999999998E-003   1.6705258514074776E+019
   8.7824300000000008E-003   1.6882756352601954E+019
   8.7816400000000003E-003   1.7061483142573220E+019
   8.7808599999999997E-003   1.7235966060026677E+019
   8.7800799999999991E-003   1.7406553745397385E+019
   8.7793200000000002E-003   1.7579280212542411E+019
   8.7785099999999998E-003   1.7753456106496770E+019
   8.7777099999999993E-003   1.7922985438591414E+019
   8.7769200000000006E-003   1.8088338608659515E+019
   8.7761400000000000E-003   1.8255286084061399E+019
   8.7753099999999997E-003   1.8423255645776353E+019
   8.7744999999999993E-003   1.8586247185923920E+019
   8.7736900000000007E-003   1.8745101999826223E+019
   8.7729000000000001E-003   1.8905158289930101E+019
   8.7720500000000000E-003   1.9066334464482681E+019
   8.7712199999999997E-003   1.9222644439516844E+019
   8.7703999999999994E-003   1.9375475546837197E+019
   8.7695900000000007E-003   1.9529810114391069E+019
   8.7687200000000007E-003   1.9685786330234458E+019
   8.7678800000000005E-003   1.9837579243792060E+019
   8.7670400000000002E-003   1.9986653009557938E+019
   8.7662100000000000E-003   2.0137875251313840E+019
   8.7653300000000000E-003   2.0291441886517973E+019
   8.7644600000000000E-003   2.0441678960101499E+019
   8.7636099999999998E-003   2.0589947225009480E+019
   8.7627599999999996E-003   2.0741525257864958E+019
   8.7618699999999997E-003   2.0895114909607350E+019
   8.7609899999999997E-003   2.1043399318746231E+019
   8.7601199999999997E-003   2.1195992673158132E+019
   8.7592499999999997E-003   2.1440198846020125E+019
   8.7574400000000000E-003   2.1759158610137354E+019
   8.7556800000000001E-003   2.1994657557665489E+019
   8.7547500000000004E-003   2.2158417595123622E+019
   8.7538300000000006E-003   2.2320015211875357E+019
   8.7529300000000008E-003   2.2486904918228378E+019
   8.7520299999999992E-003   2.2757363678037447E+019
   8.7501499999999999E-003   2.3109132434273427E+019
   8.7483200000000004E-003   2.3367803371037020E+019
   8.7473599999999992E-003   2.3549486469628223E+019
   8.7464099999999996E-003   2.3823865893567947E+019
   8.7445400000000003E-003   2.4198057884006265E+019
   8.7425899999999997E-003   2.4479192360692769E+019
   8.7416400000000002E-003   2.4671762501410447E+019
   8.7406900000000006E-003   2.4984454633893589E+019
   8.7387100000000002E-003   2.5388951151876338E+019
   8.7367799999999995E-003   2.5789044365887590E+019
   8.7347499999999995E-003   2.6095079231094800E+019
   8.7337600000000001E-003   2.6299151834536301E+019
   8.7327800000000008E-003   2.6623917818724176E+019
   8.7307300000000008E-003   2.7056187279416062E+019
   8.7287200000000006E-003   2.7498073177447608E+019
   8.7266199999999992E-003   2.7949049348959142E+019
   8.7245799999999991E-003   2.8283011328314081E+019
   8.7235000000000004E-003   2.8515450899767722E+019
   8.7224399999999997E-003   2.8875783662743007E+019
   8.7202900000000003E-003   2.9349408989608763E+019
   8.7181800000000007E-003   2.9823723311186383E+019
   8.7160599999999994E-003   3.0316650423770264E+019
   8.7138400000000005E-003   3.0819743945898557E+019
   8.7116799999999994E-003   3.1191558412673159E+019
   8.7105399999999993E-003   3.1588346971688194E+019
   8.7083100000000004E-003   3.2039715875081073E+019
   8.7066399999999999E-003   3.2436937505450922E+019
   8.7049099999999997E-003   3.2907827839499502E+019
   8.7026699999999992E-003   3.3454785847743578E+019
   8.7003199999999992E-003   3.3932987506565763E+019
   8.6985900000000008E-003   3.4345476408074695E+019
   8.6968199999999992E-003   3.4778656962415964E+019
   8.6950399999999994E-003   3.5204725763279991E+019
   8.6932999999999993E-003   3.5617374560143221E+019
   8.6916000000000007E-003   3.6016583862979760E+019
   8.6899400000000002E-003   3.6371019061490942E+019
   8.6885699999999996E-003   3.6690132630257926E+019
   8.6872300000000006E-003   3.7032672393436627E+019
   8.6856899999999994E-003   3.7389018989259629E+019
   8.6841699999999997E-003   3.7742324751870206E+019
   8.6825900000000004E-003   3.8103607081918120E+019
   8.6810399999999992E-003   3.8551064893240336E+019
   8.6788200000000003E-003   3.9039800391217209E+019
   8.6766499999999993E-003   3.9427725286899966E+019
   8.6750600000000001E-003   3.9761618338141602E+019
   8.6735100000000006E-003   4.0183715761767367E+019
   8.6712200000000003E-003   4.0640337121221255E+019
   8.6689899999999997E-003   4.1001337898908008E+019
   8.6673400000000008E-003   4.1302928500734788E+019
   8.6657200000000000E-003   4.1592714345765315E+019
   8.6640899999999993E-003   4.1877185370822099E+019
   8.6624800000000002E-003   4.2222785989385372E+019
   8.6601600000000001E-003   4.2588808689428963E+019
   8.6578999999999996E-003   4.2898072903101874E+019
   8.6558699999999995E-003   4.3176295964556427E+019
   8.6539000000000008E-003   4.3436059418060415E+019
   8.6518800000000007E-003   4.3685857145805767E+019
   8.6499000000000003E-003   4.3943815599500009E+019
   8.6475400000000004E-003   4.4203779337758540E+019
   8.6452500000000002E-003   4.4447298110894277E+019
   8.6428900000000003E-003   4.4670517358875165E+019
   8.6406000000000000E-003   4.4834995324962021E+019
   8.6389199999999996E-003   4.4989724697197527E+019
   8.6372900000000006E-003   4.5226045120336331E+019
   8.6342499999999996E-003   4.5507110784877650E+019
   8.6313299999999996E-003   4.5721730977020912E+019
   8.6292999999999995E-003   4.5914992694775783E+019
   8.6273200000000008E-003   4.6124628524652888E+019
   8.6253100000000006E-003   4.6345186768990994E+019
   8.6233500000000001E-003   4.6704629996300870E+019
   8.6193999999999993E-003   4.7093936924278194E+019
   8.6174100000000007E-003   4.7381241839134507E+019
   8.6154800000000000E-003   4.7750667330792243E+019
   8.6128000000000003E-003   4.8089817239415947E+019
   8.6114999999999994E-003   4.8325575802372563E+019
   8.6102100000000001E-003   4.8712354693495374E+019
   8.6075300000000004E-003   4.9122255531401822E+019
   8.6062299999999994E-003   4.9483724153919971E+019
   8.6042600000000007E-003   4.9946602571365720E+019
   8.6022600000000005E-003   5.0353122656691290E+019
   8.6009499999999996E-003   5.0868558177178124E+019
   8.5982999999999997E-003   5.1413752113065443E+019
   8.5969600000000007E-003   5.1792480024450736E+019
   8.5956499999999998E-003   5.2286243148855157E+019
   8.5936699999999994E-003   5.2913543480672199E+019
   8.5916399999999993E-003   5.3459612416150528E+019
   8.5903200000000002E-003   5.3904137518946968E+019
   8.5890099999999994E-003   5.4616725545427517E+019
   8.5862800000000000E-003   5.5483168268926837E+019
   8.5842899999999996E-003   5.6122186930041905E+019
   8.5829300000000008E-003   5.6799805628977357E+019
   8.5808700000000009E-003   5.7776752530676818E+019
   8.5781999999999994E-003   5.8640015225019949E+019
   8.5767900000000008E-003   5.9403915682321113E+019
   8.5747299999999992E-003   6.0326729241471386E+019
   8.5727000000000008E-003   6.1459495368420958E+019
   8.5698800000000002E-003   6.2554823692905161E+019
   8.5681300000000002E-003   6.3412124477920829E+019
   8.5664100000000000E-003   6.4485428675628786E+019
   8.5639099999999992E-003   6.5753514140714975E+019
   8.5614799999999998E-003   6.7153709736709456E+019
   8.5585699999999997E-003   6.8313051745572102E+019
   8.5571399999999995E-003   6.9093529006775484E+019
   8.5557299999999992E-003   7.0452828898517443E+019
   8.5523800000000001E-003   7.2336501587629318E+019
   8.5491300000000003E-003   7.3803738037541585E+019
   8.5472499999999993E-003   7.5227512884368851E+019
   8.5442699999999996E-003   7.7144720186394231E+019
   8.5408600000000008E-003   7.8872999225854378E+019
   8.5386100000000003E-003   8.0161716911117779E+019
   8.5366499999999998E-003   8.1370712839829291E+019
   8.5347300000000008E-003   8.2875337550941307E+019
   8.5319599999999999E-003   8.4590191643869610E+019
   8.5292600000000003E-003   8.6221422941302260E+019
   8.5268600000000007E-003   8.7755700731244708E+019
   8.5245100000000008E-003   8.9063855575457022E+019
   8.5228700000000001E-003   9.0140509519074443E+019
   8.5212499999999993E-003   9.1724048060159476E+019
   8.5181400000000004E-003   9.3818003182495924E+019
   8.5150899999999995E-003   9.5361592456457454E+019
   8.5135200000000001E-003   9.6434229368602378E+019
   8.5119700000000006E-003   9.7757012399877210E+019
   8.5097300000000001E-003   9.9311124937103786E+019
   8.5075299999999993E-003   1.0130770076702378E+020
   8.5040900000000006E-003   1.0379641634437777E+020
   8.5006000000000005E-003   1.0650550566314693E+020
   8.4966799999999995E-003   1.0894376996395940E+020
   8.4939999999999998E-003   1.1097718452354495E+020
   8.4912700000000004E-003   1.1348851634631875E+020
   8.4874400000000006E-003   1.1684221983426334E+020
   8.4826199999999997E-003   1.1956871492780314E+020
   8.4804900000000003E-003   1.2125516912326364E+020
   8.4783900000000006E-003   1.2324390371001937E+020
   8.4755700000000000E-003   1.2558113402479329E+020
   8.4726599999999999E-003   1.2795952601728347E+020
   8.4697899999999996E-003   1.3038274887473832E+020
   8.4668399999999998E-003   1.3287756517548556E+020
   8.4638700000000001E-003   1.3538921562988241E+020
   8.4609500000000001E-003   1.3753119406581101E+020
   8.4588900000000002E-003   1.4019306875222899E+020
   8.4548300000000000E-003   1.4428037775355655E+020
   8.4496799999999993E-003   1.4821623186482646E+020
   8.4460500000000001E-003   1.5130015009907556E+020
   8.4428799999999998E-003   1.5424736978575426E+020
   8.4396599999999999E-003   1.5827718717193899E+020
   8.4342700000000007E-003   1.6250417488889312E+020
   8.4307099999999992E-003   1.6512310688764051E+020
   8.4288100000000001E-003   1.6812779669408288E+020
   8.4245699999999993E-003   1.7227169927810715E+020
   8.4204099999999997E-003   1.7548227322772134E+020
   8.4181099999999995E-003   1.7777561747781822E+020
   8.4158400000000008E-003   1.8117587943930269E+020
   8.4114499999999991E-003   1.8564425669186784E+020
   8.4071400000000004E-003   1.8880868388499731E+020
   8.4053400000000007E-003   1.9067987371689702E+020
   8.4035599999999992E-003   1.9386360414488563E+020
   8.3993200000000000E-003   1.9835168736873759E+020
   8.3951500000000005E-003   2.0171148998660466E+020
   8.3929899999999995E-003   2.0404801519222620E+020
   8.3908500000000000E-003   2.0736393853580365E+020
   8.3869600000000006E-003   2.1165599999669646E+020
   8.3831200000000008E-003   2.1531586480977035E+020
   8.3804199999999995E-003   2.1835076690082012E+020
   8.3777499999999998E-003   2.2182571559749455E+020
   8.3743299999999993E-003   2.2573808455124881E+020
   8.3709600000000002E-003   2.3021989683788408E+020
   8.3666499999999998E-003   2.3526179584551977E+020
   8.3624100000000007E-003   2.3991819602561171E+020
   8.3588199999999994E-003   2.4597268854199884E+020
   8.3523799999999995E-003   2.5164138478297570E+020
   8.3495300000000008E-003   2.5538242972041593E+020
   8.3463500000000006E-003   2.5933510727519689E+020
   8.3432100000000002E-003   2.6547121454933528E+020
   8.3366699999999992E-003   2.7377436595419896E+020
   8.3302900000000006E-003   2.8243046771290889E+020
   8.3234599999999995E-003   2.9143826865302195E+020
   8.3167899999999993E-003   2.9832128657864026E+020
   8.3131899999999998E-003   3.0322809881429547E+020
   8.3096400000000001E-003   3.0844759989998269E+020
   8.3056699999999994E-003   3.1398140718980537E+020
   8.3017400000000002E-003   3.1925791350985569E+020
   8.2982100000000003E-003   3.2428202981147050E+020
   8.2947100000000003E-003   3.3034499117448318E+020
   8.2898199999999998E-003   3.3744241973547218E+020
   8.2850000000000007E-003   3.4536876819251154E+020
   8.2791400000000008E-003   3.5410737798125735E+020
   8.2733800000000003E-003   3.6232568194709324E+020
   8.2683300000000008E-003   3.7005469537156307E+020
   8.2633600000000008E-003   3.7808896373225777E+020
   8.2579699999999999E-003   3.8575516748318179E+020
   8.2537500000000007E-003   3.9247612551009691E+020
   8.2495899999999994E-003   4.0158600604129880E+020
   8.2425499999999995E-003   4.1307593904029316E+020
   8.2356600000000005E-003   4.2403350730827150E+020
   8.2295200000000006E-003   4.3439581154331663E+020
   8.2234900000000000E-003   4.4408760150089302E+020
   8.2181500000000005E-003   4.5675703989219538E+020
   8.2090800000000005E-003   4.6803843318980765E+020
   8.2054799999999994E-003   4.7450358514460367E+020
   8.2019199999999997E-003   4.8418156237423260E+020
   8.1948899999999998E-003   4.9706553358651995E+020
   8.1879899999999992E-003   5.0758366259900370E+020
   8.1836700000000005E-003   5.1574199478941227E+020
   8.1793999999999999E-003   5.2537252123035396E+020
   8.1736399999999994E-003   5.3647326780124057E+020
   8.1679700000000001E-003   5.4888907913861392E+020
   8.1610399999999996E-003   5.6570151992909182E+020
   8.1512000000000008E-003   5.8284247591740952E+020
   8.1442100000000007E-003   5.9414254051589226E+020
   8.1402699999999998E-003   6.0699496673154944E+020
   8.1319900000000004E-003   6.2445441439393566E+020
   8.1238700000000000E-003   6.3779448200134394E+020
   8.1196099999999993E-003   6.4708226019880901E+020
   8.1153900000000001E-003   6.5635408250908679E+020
   8.1112100000000006E-003   6.6561798970536545E+020
   8.1070699999999992E-003   6.8009826368429398E+020
   8.0983800000000005E-003   6.9979370553090599E+020
   8.0898500000000009E-003   7.2010048523615129E+020
   8.0809400000000000E-003   7.4102060495114705E+020
   8.0721999999999999E-003   7.5704003112278675E+020
   8.0676099999999994E-003   7.6815915818669231E+020
   8.0630700000000003E-003   7.7927027805076809E+020
   8.0585699999999993E-003   7.9037362253885119E+020
   8.0541099999999997E-003   8.0773578816312915E+020
   8.0447499999999998E-003   8.3133803990148658E+020
   8.0355700000000006E-003   8.4926854028418417E+020
   8.0307599999999996E-003   8.6181025054515357E+020
   8.0259900000000002E-003   8.7434442181514913E+020
   8.0212600000000005E-003   8.8687040990832047E+020
   8.0165800000000006E-003   9.0644399102739966E+020
   8.0067599999999999E-003   9.3307366236533608E+020
   7.9971299999999999E-003   9.6042811119608712E+020
   7.9870700000000006E-003   9.8871544445363159E+020
   7.9772000000000003E-003   1.0103860582173474E+021
   7.9720199999999998E-003   1.0254213602757517E+021
   7.9668900000000008E-003   1.0404490282072045E+021
   7.9618099999999997E-003   1.0554732845145949E+021
   7.9567800000000001E-003   1.0789344369750182E+021
   7.9462300000000003E-003   1.1108546307080707E+021
   7.9358699999999994E-003   1.1350756402595833E+021
   7.9304400000000004E-003   1.1520318399512434E+021
   7.9250599999999994E-003   1.1689808379497162E+021
   7.9197299999999998E-003   1.1859213833320687E+021
   7.9144599999999999E-003   1.2123817352196407E+021
   7.9033899999999997E-003   1.2483845040792089E+021
   7.8925300000000000E-003   1.2854523290714864E+021
   7.8811899999999997E-003   1.3236879559565907E+021
   7.8700699999999998E-003   1.3529820850074576E+021
   7.8642399999999998E-003   1.3733023117790890E+021
   7.8584699999999993E-003   1.3936149957780588E+021
   7.8527500000000004E-003   1.4139243766452134E+021
   7.8470799999999993E-003   1.4456060218834553E+021
   7.8352000000000005E-003   1.4887121292122543E+021
   7.8235400000000004E-003   1.5214162629189627E+021
   7.8174300000000002E-003   1.5442945304413610E+021
   7.8113799999999997E-003   1.5785581007152834E+021
   7.7994500000000003E-003   1.6257514474795384E+021
   7.7869999999999997E-003   1.6622415026387993E+021
   7.7808599999999997E-003   1.6864445572542554E+021
   7.7747800000000002E-003   1.7242585713225063E+021
   7.7620500000000004E-003   1.7757069827541678E+021
   7.7495400000000001E-003   1.8147022902134705E+021
   7.7429899999999999E-003   1.8420126788019138E+021
   7.7365100000000003E-003   1.8765239611542471E+021
   7.7266899999999996E-003   1.9184263895666674E+021
   7.7170099999999998E-003   1.9612445529303042E+021
   7.7070799999999998E-003   2.0048488495808753E+021
   7.6972799999999999E-003   2.0498378991935304E+021
   7.6870200000000001E-003   2.0961345498142265E+021
   7.6769100000000003E-003   2.1433685063778050E+021
   7.6665199999999996E-003   2.2061966164719614E+021
   7.6500900000000000E-003   2.2743950577203051E+021
   7.6378799999999997E-003   2.3340119223288099E+021
   7.6255400000000001E-003   2.3950158211463329E+021
   7.6130900000000003E-003   2.4656488234040694E+021
   7.5973300000000002E-003   2.5378456594809388E+021
   7.5846999999999998E-003   2.6043466922863394E+021
   7.5716100000000003E-003   2.6729821744227030E+021
   7.5585299999999999E-003   2.7388111160924355E+021
   7.5468300000000000E-003   2.8001284387029516E+021
   7.5356900000000003E-003   2.8734411178028208E+021
   7.5198699999999997E-003   2.9524332632682812E+021
   7.5068399999999999E-003   3.0200666319710952E+021
   7.4951799999999997E-003   3.0878909875033085E+021
   7.4814000000000000E-003   3.1675517893027787E+021
   7.4663000000000004E-003   3.2366626332228379E+021
   7.4563700000000004E-003   3.2950987915298582E+021
   7.4424000000000001E-003   3.3671237494139634E+021
   7.4259800000000004E-003   3.4199361571236390E+021
   7.4101599999999998E-003   3.4673235986758097E+021
   7.3955100000000001E-003   3.4677691063669170E+021
   7.3814600000000003E-003   3.4344718654393779E+021
   7.3655999999999999E-003   3.3135969264032112E+021
   7.3593199999999999E-003   3.3303850242529354E+021
   7.3444900000000004E-003   3.0328482141707310E+021
   7.3250700000000004E-003   2.9052249210689715E+021
   7.3112899999999998E-003   2.5981858550280508E+021
   7.2979799999999999E-003   2.2165386253551718E+021
   7.2828499999999996E-003   2.0226813599741515E+021
   7.2689699999999996E-003   1.9144484357301417E+021
   7.2630799999999999E-003   1.7840264432594623E+021
   7.2572299999999999E-003   1.6709179852953134E+021
   7.2429399999999998E-003   1.5847772477257836E+021
   7.2372000000000001E-003   1.5408639687832814E+021
   7.2306499999999999E-003   1.4680048725421250E+021
   7.2255499999999999E-003   1.4637779204734381E+021
   7.2174600000000002E-003   1.4313661300456109E+021
   7.2122899999999997E-003   1.3939545887639703E+021
   7.2074299999999999E-003   1.3772038143427892E+021
   7.2030400000000000E-003   1.3847825046076239E+021
   7.1977899999999999E-003   1.3656014689383762E+021
   7.1919999999999996E-003   1.3609413181200440E+021
   7.1862400000000000E-003   1.3659948265968123E+021
   7.1827400000000000E-003   1.3716718743383268E+021
   7.1779799999999996E-003   1.3793160456905957E+021
   7.1755999999999999E-003   1.3854223012765156E+021
   7.1738200000000000E-003   1.3943712875776102E+021
   7.1696599999999996E-003   1.4037962204098522E+021
   7.1672799999999998E-003   1.4132841211552512E+021
   7.1639800000000003E-003   1.4253351106796509E+021
   7.1612600000000000E-003   1.4482833428528898E+021
   7.1552200000000003E-003   1.4811172034840311E+021
   7.1507000000000003E-003   1.5037050064723902E+021
   7.1455800000000003E-003   1.5505734336815240E+021
   7.1395900000000003E-003   1.5921600711494709E+021
   7.1348799999999997E-003   1.6292297685766963E+021
   7.1303900000000003E-003   1.6734466070825680E+021
   7.1260400000000002E-003   1.7098186212470995E+021
   7.1220800000000003E-003   1.7568888657002271E+021
   7.1170499999999998E-003   1.7954830414037021E+021
   7.1149799999999999E-003   1.8293801883540217E+021
   7.1108500000000002E-003   1.8718011154650888E+021
   7.1081099999999999E-003   1.9120683748202764E+021
   7.1040100000000000E-003   1.9504749473634024E+021
   7.1019600000000000E-003   1.9889905498921359E+021
   7.0979700000000003E-003   2.0409057969683909E+021
   7.0940899999999999E-003   2.0806951914060346E+021
   7.0921600000000001E-003   2.1122693722801239E+021
   7.0896400000000004E-003   2.1660927470945949E+021
   7.0846299999999997E-003   2.2398450841765030E+021
   7.0796399999999999E-003   2.3162151512669540E+021
   7.0746699999999999E-003   2.3751681282452483E+021
   7.0721899999999999E-003   2.4090847611287424E+021
   7.0703399999999996E-003   2.4544310526090024E+021
   7.0666399999999999E-003   2.5158268466437004E+021
   7.0629999999999998E-003   2.5773195513152626E+021
   7.0594200000000003E-003   2.6386878186499846E+021
   7.0559100000000003E-003   2.6998264140281503E+021
   7.0524500000000000E-003   2.7719009557125147E+021
   7.0479300000000000E-003   2.8392564009129969E+021
   7.0451500000000000E-003   2.8907660648942362E+021
   7.0423700000000001E-003   2.9585574689685389E+021
   7.0378000000000003E-003   3.0352221977847556E+021
   7.0342199999999999E-003   3.1001431570281634E+021
   7.0310499999999996E-003   3.1573612302448790E+021
   7.0283100000000003E-003   3.2314509435910698E+021
   7.0237099999999998E-003   3.3240444408633906E+021
   7.0189099999999997E-003   3.4432024669635488E+021
   7.0127200000000001E-003   3.5314318746065117E+021
   7.0098000000000001E-003   3.6029846992787457E+021
   7.0068800000000001E-003   3.7041824642365532E+021
   7.0025199999999999E-003   3.7567861729486706E+021
   6.9967299999999996E-003   3.9547950747532966E+021
   6.9938500000000002E-003   3.9436729615080573E+021
   6.9909700000000000E-003   3.9979288957474691E+021
   6.9865099999999996E-003   4.1159090848945783E+021
   6.9802600000000003E-003   4.2785683270505611E+021
   6.9766500000000000E-003   4.3585851286390734E+021
   6.9705200000000000E-003   4.5408707734092723E+021
   6.9644900000000003E-003   4.5321740928958967E+021
   6.9610499999999999E-003   4.6178351427739247E+021
   6.9588499999999999E-003   4.7770220795871248E+021
   6.9544600000000000E-003   4.8039073681929646E+021
   6.9491400000000004E-003   5.1816321910836224E+021
   6.9460099999999999E-003   5.0839548731740903E+021
   6.9410000000000001E-003   5.0832113090623691E+021
   6.9385000000000002E-003   5.1148306541197373E+021
   6.9336299999999997E-003   5.4962073584831719E+021
   6.9265400000000001E-003   5.4705003500954074E+021
   6.9216800000000004E-003   5.6611939830929398E+021
   6.9168399999999996E-003   5.7438301860517370E+021
   6.9085300000000004E-003   5.8364947892985817E+021
   6.9040999999999998E-003   6.0172720207964311E+021
   6.9004200000000000E-003   6.1499843998000706E+021
   6.8967500000000001E-003   6.3184209444301271E+021
   6.8940700000000004E-003   6.2984274039927451E+021
   6.8920500000000003E-003   6.4427356609844735E+021
   6.8883900000000003E-003   6.6121659460870797E+021
   6.8868100000000002E-003   6.7698025979968393E+021
   6.8842699999999996E-003   6.8894138272816657E+021
   6.8822299999999996E-003   7.0908217605663689E+021
   6.8806600000000002E-003   7.1057464213534052E+021
   6.8790900000000000E-003   7.2118244043657430E+021
   6.8777899999999999E-003   7.2837662913380556E+021
   6.8764899999999999E-003   7.3496044552042997E+021
   6.8752099999999997E-003   7.4497113640140024E+021
   6.8739400000000003E-003   7.6552809940000996E+021
   6.8713400000000001E-003   7.7099211119806760E+021
   6.8687599999999998E-003   7.7556077674944382E+021
   6.8676199999999996E-003   7.7676205794655082E+021
   6.8664900000000003E-003   8.0611761537075642E+021
   6.8646799999999997E-003   8.0813219106032137E+021
   6.8628800000000000E-003   8.1014707739339323E+021
   6.8610800000000003E-003   8.1216219202697812E+021
   6.8592799999999997E-003   8.2910931491184506E+021
   6.8552500000000002E-003   8.4195136019145991E+021
   6.8512199999999999E-003   8.6016469837378119E+021
   6.8422500000000002E-003   8.6982679173827039E+021
   6.8222700000000001E-003   8.8790252004399697E+021
   6.8043699999999997E-003   9.0447338146157665E+021
   6.7899900000000001E-003   9.2649310007568682E+021
   6.7765899999999999E-003   9.5282753947498342E+021
   6.7568599999999999E-003   9.8166656990263703E+021
   6.7383699999999996E-003   1.0051030315483519E+022
   6.7219400000000000E-003   1.0277093215491630E+022
   6.7055999999999999E-003   1.0517515792729267E+022
   6.6894299999999997E-003   1.0770454704914415E+022
   6.6706999999999999E-003   1.1011376278042669E+022
   6.6550899999999998E-003   1.1241204678965445E+022
   6.6391200000000001E-003   1.1482539842808284E+022
   6.6217300000000002E-003   1.1743746154916234E+022
   6.6031600000000003E-003   1.2043827416282404E+022
   6.5807599999999997E-003   1.2331879300360147E+022
   6.5641700000000002E-003   1.2608057464412822E+022
   6.5442599999999997E-003   1.2913318959856040E+022
   6.5246000000000002E-003   1.3187284521945141E+022
   6.5083099999999998E-003   1.3404414284258878E+022
   6.4976599999999997E-003   1.3632123159137720E+022
   6.4792199999999999E-003   1.3868300594727566E+022
   6.4679300000000002E-003   1.4136173939574205E+022
   6.4455800000000002E-003   1.4438590883073523E+022
   6.4293199999999997E-003   1.4705191088485866E+022
   6.4132199999999999E-003   1.4950570449499958E+022
   6.4000899999999998E-003   1.5171300230046331E+022
   6.3870699999999999E-003   1.5535819168520277E+022
   6.3568599999999998E-003   1.6043679824266006E+022
   6.3271800000000000E-003   1.6421328810939391E+022
   6.3136299999999998E-003   1.6748731841118514E+022
   6.2899799999999997E-003   1.7044921532433511E+022
   6.2798300000000001E-003   1.7355845486144247E+022
   6.2554400000000001E-003   1.7793019438607475E+022
   6.2313700000000000E-003   1.8150060037846105E+022
   6.2174700000000001E-003   1.8400244522990935E+022
   6.2036900000000004E-003   1.8726145696244972E+022
   6.1823599999999996E-003   1.9130069654206975E+022
   6.1612799999999999E-003   1.9471796630069277E+022
   6.1470700000000001E-003   1.9738893171852373E+022
   6.1329699999999997E-003   2.0156596919213069E+022
   6.1039099999999997E-003   2.0723597529648151E+022
   6.0752699999999998E-003   2.1194500645281556E+022
   6.0568499999999999E-003   2.1568533179717294E+022
   6.0385899999999999E-003   2.1877220239739021E+022
   6.0275399999999996E-003   2.2097558466533880E+022
   6.0165499999999998E-003   2.2481543246590385E+022
   5.9903500000000002E-003   2.3133774745628242E+022
   5.9540000000000001E-003   2.3822072063351002E+022
   5.9254800000000003E-003   2.4328626497762999E+022
   5.9075300000000002E-003   2.4778514537408304E+022
   5.8843799999999998E-003   2.5284738681009577E+022
   5.8614599999999998E-003   2.5889593665637161E+022
   5.8303499999999998E-003   2.6595901709895007E+022
   5.7989699999999996E-003   2.7144838382415178E+022
   5.7830800000000003E-003   2.7506680321012692E+022
   5.7673100000000003E-003   2.8066412155685946E+022
   5.7350099999999996E-003   2.8824534653512289E+022
   5.7031499999999997E-003   2.9606526678122724E+022
   5.6702799999999998E-003   3.0401004126380260E+022
   5.6378499999999998E-003   3.1213412829787593E+022
   5.6043999999999998E-003   3.2055602342353856E+022
   5.5713899999999998E-003   3.2902046270278009E+022
   5.5373499999999999E-003   3.3776818441403406E+022
   5.5037400000000000E-003   3.4673222794299193E+022
   5.4691000000000002E-003   3.5581120357323162E+022
   5.4348900000000004E-003   3.6278324189751042E+022
   5.4173900000000002E-003   3.6748260179046776E+022
   5.4000000000000003E-003   3.7468436308674455E+022
   5.3644200000000000E-003   3.8445433077859220E+022
   5.3292699999999997E-003   3.9187101935232874E+022
   5.3112999999999997E-003   3.9691222495624572E+022
   5.2934300000000000E-003   4.0460417509910722E+022
   5.2572599999999997E-003   4.1503846088510198E+022
   5.2207599999999996E-003   4.2571386744793901E+022
   5.1839399999999997E-003   4.3663726367737804E+022
   5.1467700000000002E-003   4.4781675188344911E+022
   5.1092600000000000E-003   4.5925981278328928E+022
   5.0714100000000002E-003   4.7097503360943712E+022
   5.0332099999999998E-003   4.8296896624753755E+022
   4.9946499999999998E-003   4.9524788639905192E+022
   4.9557300000000002E-003   5.0782904658745119E+022
   4.9164400000000002E-003   5.1725061604012091E+022
   4.8965700000000003E-003   5.2383392570533539E+022
   4.8767899999999998E-003   5.3035368887204916E+022
   4.8567200000000001E-003   5.3709448996111339E+022
   4.8367499999999999E-003   5.4590366559652526E+022
   4.8049800000000004E-003   5.5662984197814308E+022
   4.7734400000000003E-003   5.6553582806893781E+022
   4.7528800000000001E-003   5.7262938498893145E+022
   4.7324100000000003E-003   5.7988832317941133E+022
   4.7116500000000004E-003   5.8721430765044576E+022
   4.6909800000000000E-003   5.9465164988996001E+022
   4.6700200000000004E-003   6.0218077273565084E+022
   4.6491500000000003E-003   6.0983882804647806E+022
   4.6279900000000002E-003   6.1760586440160204E+022
   4.6069099999999997E-003   6.2548768356811089E+022
   4.5855300000000000E-003   6.3350142065209160E+022
   4.5642399999999998E-003   6.4163241949087813E+022
   4.5426499999999996E-003   6.4991292754073515E+022
   4.5211499999999998E-003   6.5834356788972222E+022
   4.4993400000000001E-003   6.6691214131637592E+022
   4.4776199999999999E-003   6.7562018772781950E+022
   4.4555899999999997E-003   6.8450944213522709E+022
   4.4336400000000000E-003   6.9357949779198295E+022
   4.4113900000000003E-003   7.0281707882925173E+022
   4.3892100000000002E-003   7.1225613982271292E+022
   4.3667300000000001E-003   7.2184562679345326E+022
   4.3443099999999997E-003   7.3170024145162997E+022
   4.3216000000000001E-003   7.4176348907652237E+022
   4.2989400000000002E-003   7.5208053202814753E+022
   4.2759800000000004E-003   7.6263112228958397E+022
   4.2530900000000002E-003   7.7344285042808384E+022
   4.2299700000000004E-003   7.8455721379053588E+022
   4.2067299999999997E-003   7.9597766711641796E+022
   4.1833699999999996E-003   8.0772549021346805E+022
   4.1598700000000004E-003   8.1980705850539888E+022
   4.1362500000000002E-003   8.3228790518187528E+022
   4.1124899999999999E-003   8.4514892188515461E+022
   4.0886000000000004E-003   8.5850125171739517E+022
   4.0645700000000000E-003   8.7230372774457922E+022
   4.0404000000000004E-003   8.8660815513272101E+022
   4.0160999999999999E-003   9.0147242136397301E+022
   3.9916500000000002E-003   9.1688634083561655E+022
   3.9670699999999996E-003   9.3288105255028363E+022
   3.9423300000000000E-003   9.4951427990081308E+022
   3.9174500000000003E-003   9.6679507133677663E+022
   3.8924200000000002E-003   9.8474446964830341E+022
   3.8672400000000001E-003   1.0035174395569826E+023
   3.8419000000000001E-003   1.0230874262643520E+023
   3.8164000000000002E-003   1.0436411934575704E+023
   3.7907499999999998E-003   1.0654368564619673E+023
   3.7649300000000001E-003   1.0886203627631986E+023
   3.7389500000000000E-003   1.1129020319805817E+023
   3.7128000000000000E-003   1.1378518516736538E+023
   3.6864799999999998E-003   1.1632057869104581E+023
   3.6599900000000001E-003   1.1889609067705052E+023
   3.6333200000000002E-003   1.2151150081253310E+023
   3.6064700000000001E-003   1.2416664227942812E+023
   3.5794400000000001E-003   1.2686139812594026E+023
   3.5522200000000000E-003   1.2959569053401078E+023
   3.5247999999999998E-003   1.3236947099065717E+023
   3.4971999999999998E-003   1.3518272231699527E+023
   3.4693900000000001E-003   1.3803545092898853E+023
   3.4413800000000000E-003   1.4092767723226369E+023
   3.4131600000000002E-003   1.4385943915115570E+023
   3.3847299999999999E-003   1.4683077323062347E+023
   3.3560899999999999E-003   1.4984175296980948E+023
   3.3272200000000001E-003   1.5289242947906115E+023
   3.2981299999999998E-003   1.5598287605723890E+023
   3.2688000000000001E-003   1.5911316142504675E+023
   3.2392400000000000E-003   1.6228335768764893E+023
   3.2094300000000001E-003   1.6549352638691984E+023
   3.1793699999999999E-003   1.6874374066067599E+023
   3.1490600000000000E-003   1.7203405768386082E+023
   3.1184799999999999E-003   1.7536453153423042E+023
   3.0876300000000001E-003   1.7873521465009076E+023
   3.0565000000000002E-003   1.8214613821477421E+023
   3.0250899999999998E-003   1.8559733651166163E+023
   2.9933799999999999E-003   1.8908881991342634E+023
   2.9613700000000001E-003   1.9262059954139827E+023
   2.9290499999999999E-003   1.9619264970773087E+023
   2.8963999999999999E-003   1.9980494758208791E+023
   2.8634200000000002E-003   2.0345745016257590E+023
   2.8300999999999999E-003   2.0715008849437167E+023
   2.7964299999999999E-003   2.1088275637983768E+023
   2.7623900000000000E-003   2.1465536995867863E+023
   2.7279600000000002E-003   2.1846778062863882E+023
   2.6931500000000001E-003   2.2231982092664476E+023
   2.6579199999999998E-003   2.2621130726313951E+023
   2.6222699999999999E-003   2.3014199494937708E+023
   2.5861800000000000E-003   2.3411163852576293E+023
   2.5496300000000002E-003   2.3811994642294825E+023
   2.5125999999999998E-003   2.4216656353956415E+023
   2.4750699999999998E-003   2.4625112975996438E+023
   2.4370199999999998E-003   2.5037321149230152E+023
   2.3984300000000000E-003   2.5453233452958179E+023
   2.3592600000000002E-003   2.5872796510901874E+023
   2.3194900000000000E-003   2.6295629649949469E+023
   2.2791000000000000E-003   2.6724252595723190E+023
   2.2380299999999998E-003   2.7156332980361510E+023
   2.1962700000000002E-003   2.7591787725504849E+023
   2.1537700000000002E-003   2.8030531762129915E+023
   2.1104900000000000E-003   2.8472464205219559E+023
   2.0663700000000001E-003   2.8916889199818014E+023
   2.0213599999999998E-003   2.9366648660162999E+023
   1.9754199999999999E-003   2.9819428820987607E+023
   1.9284500000000000E-003   3.0274471975196930E+023
   1.8807299999999999E-003   3.0734979098100083E+023
   1.8311800000000000E-003   3.1197914862464121E+023
   1.7806899999999999E-003   3.1661791284305852E+023
   1.7288300000000000E-003   3.2033536659832378E+023
   1.6892400000000001E-003   3.2403972674325037E+023
   1.6481600000000001E-003   3.2946354096415237E+023
   1.5708000000000000E-003   3.3374625457227472E+023
   1.5274700000000000E-003   3.3759411979324565E+023
   1.4820499999999999E-003   3.4337784444799802E+023
   1.3879000000000001E-003   3.4868396059537337E+023
   1.3229100000000001E-003   3.5355980743849751E+023
   1.2551200000000000E-003   3.5796787215527958E+023
   1.1802500000000001E-003   3.6307628118669618E+023
   1.1005300000000000E-003   3.6763487277441117E+023
   1.0087500000000001E-003   3.7327690073612718E+023
   8.9930000000000001E-004   3.7977454114790635E+023
   7.0638999999999999E-004   3.8412326741578941E+023
   5.6780999999999997E-004   3.8831643584879541E+023
   4.8412999999999999E-004   3.9042381176928832E+023
   3.8296000000000001E-004   3.9102199956475276E+023
   3.1385000000000001E-004   3.9304813831577497E+023
   2.5071000000000002E-004   3.9195681689662797E+023
   2.0164000000000000E-004   3.9409832616472288E+023
   1.6417000000000000E-004   3.9377701541445009E+023
   1.3642999999999999E-004   3.9475097023754475E+023
   1.1689000000000000E-004   3.9458210668107850E+023
   1.0404000000000000E-004   3.9505730862076885E+023
   8.6870000000000000E-005   3.9523368121928870E+023
   6.8940000000000001E-005   3.9528095796711718E+023
   5.4719999999999998E-005   3.9554363516264796E+023
   4.3430000000000003E-005   3.9558471228993490E+023
   3.4470000000000000E-005   3.9560050002892924E+023
   2.7359999999999999E-005   3.9571072689644485E+023
   2.1710000000000001E-005   3.9571968864012494E+023
   1.7229999999999999E-005   3.9577189907712587E+023
   1.3679999999999999E-005   3.9582331213206116E+023
