   9.0726100000000000E-003   319747968559539.06     
   9.0724299999999994E-003   474217880600266.50     
   9.0723599999999998E-003   576953221936154.50     
   9.0723100000000001E-003   659081666826846.75     
   9.0722700000000003E-003   729411315177074.75     
   9.0722300000000006E-003   791845710570103.38     
   9.0722100000000007E-003   848586130680346.12     
   9.0721799999999991E-003   900911497182614.62     
   9.0721599999999993E-003   949656525471687.62     
   9.0721399999999994E-003   995557272144544.50     
   9.0721199999999995E-003   1039042704697685.6     
   9.0720999999999996E-003   1080389661915775.5     
   9.0720899999999997E-003   1119903779316008.1     
   9.0720699999999998E-003   1157859114749162.8     
   9.0720499999999999E-003   1194441039111294.0     
   9.0720400000000000E-003   1229767816609337.0     
   9.0720300000000000E-003   1263939340894032.2     
   9.0720100000000001E-003   1297059328099154.0     
   9.0720000000000002E-003   1329231036162480.2     
   9.0719900000000003E-003   1360546885505255.2     
   9.0719800000000003E-003   1398638629328453.2     
   9.0719600000000004E-003   1442871084171898.5     
   9.0719500000000005E-003   1485669937523189.2     
   9.0719300000000006E-003   1527146658088888.5     
   9.0719200000000007E-003   1560753167350227.8     
   9.0719100000000007E-003   1587091158901247.2     
   9.0719000000000008E-003   1612962283991225.8     
   9.0718900000000009E-003   1638395957345854.2     
   9.0718799999999992E-003   1669632672963175.2     
   9.0718699999999992E-003   1706310483678521.5     
   9.0718499999999994E-003   1742185204309163.2     
   9.0718399999999994E-003   1777303657338050.2     
   9.0718299999999995E-003   1806006473211118.8     
   9.0718199999999995E-003   1828636852603611.2     
   9.0718099999999996E-003   1850975001414262.2     
   9.0718099999999996E-003   1873031580147623.5     
   9.0717999999999997E-003   1905638099533866.8     
   9.0717799999999998E-003   1937613600550970.5     
   9.0717799999999998E-003   1958643624153206.8     
   9.0717699999999998E-003   1989779916384375.0     
   9.0717599999999999E-003   2030495511831541.2     
   9.0717400000000000E-003   2070392644975170.5     
   9.0717300000000001E-003   2109523295327223.8     
   9.0717200000000001E-003   2138372346299272.5     
   9.0717100000000002E-003   2157399504090176.5     
   9.0717100000000002E-003   2176255691511864.5     
   9.0717000000000002E-003   2194946401953024.0     
   9.0716900000000003E-003   2222695377544626.8     
   9.0716800000000004E-003   2259124111218034.5     
   9.0716700000000004E-003   2294954512633835.5     
   9.0716600000000005E-003   2330214690832145.5     
   9.0716500000000005E-003   2370680475165983.5     
   9.0716400000000006E-003   2416050318874367.0     
   9.0716200000000007E-003   2460560926846702.5     
   9.0716100000000008E-003   2504266453616331.0     
   9.0715899999999992E-003   2547218349003763.0     
   9.0715799999999992E-003   2589457919388287.0     
   9.0715699999999993E-003   2631018550258275.0     
   9.0715599999999993E-003   2671928127146591.5     
   9.0715399999999995E-003   2717219988796168.5     
   9.0715299999999995E-003   2766646987986975.5     
   9.0715199999999996E-003   2815190327520321.0     
   9.0714999999999997E-003   2851019276061302.0     
   9.0714899999999998E-003   2874667476942372.0     
   9.0714899999999998E-003   2909791529549903.5     
   9.0714699999999999E-003   2955923725686084.5     
   9.0714599999999999E-003   3001327508624850.5     
   9.0714500000000000E-003   3046042068780321.0     
   9.0714300000000001E-003   3090104009646846.5     
   9.0714200000000002E-003   3133544582908295.5     
   9.0714100000000002E-003   3176393569317067.5     
   9.0714000000000003E-003   3218675146303375.5     
   9.0713800000000004E-003   3260409785138785.5     
   9.0713700000000005E-003   3301620281755615.0     
   9.0713600000000005E-003   3362559019193272.5     
   9.0713400000000007E-003   3432190499015873.5     
   9.0713200000000008E-003   3490799390476033.5     
   9.0713100000000008E-003   3548434129617843.5     
   9.0712899999999992E-003   3591015169820604.5     
   9.0712799999999993E-003   3619139763634181.0     
   9.0712699999999993E-003   3660943998190530.5     
   9.0712599999999994E-003   3715911017983826.0     
   9.0712399999999995E-003   3796973632690942.0     
   9.0712099999999997E-003   3876154591453200.5     
   9.0711999999999997E-003   3928127541948544.0     
   9.0711799999999999E-003   3979433774944786.0     
   9.0711699999999999E-003   4030102467703123.5     
   9.0711600000000000E-003   4080162400548297.0     
   9.0711400000000001E-003   4129639562204737.0     
   9.0711300000000002E-003   4178552865316411.5     
   9.0711200000000002E-003   4226917249071313.5     
   9.0711000000000003E-003   4282688252341090.5     
   9.0710900000000004E-003   4345547081630372.0     
   9.0710700000000005E-003   4438312776516455.0     
   9.0710400000000007E-003   4528988658213616.0     
   9.0710200000000008E-003   4588535500124583.0     
   9.0710099999999991E-003   4647333776273107.0     
   9.0709899999999993E-003   4705408586074112.0     
   9.0709799999999993E-003   4769932288783335.0     
   9.0709599999999994E-003   4840621997843403.0     
   9.0709399999999996E-003   4910325547952690.0     
   9.0709199999999997E-003   4979088538506283.0     
   9.0708999999999998E-003   5046951990213866.0     
   9.0708899999999999E-003   5113949195881754.0     
   9.0708700000000000E-003   5213012778846262.0     
   9.0708400000000002E-003   5316513151123725.0     
   9.0708200000000003E-003   5392970029798029.0     
   9.0708000000000004E-003   5468408933407943.0     
   9.0707800000000005E-003   5542864515980407.0     
   9.0707600000000006E-003   5616370251389459.0     
   9.0707400000000007E-003   5688955099547957.0     
   9.0707200000000009E-003   5760650742358648.0     
   9.0707099999999992E-003   5831493361398863.0     
   9.0706899999999993E-003   5901516647898792.0     
   9.0706699999999994E-003   5970750142457163.0     
   9.0706499999999995E-003   6039223760519571.0     
   9.0706399999999996E-003   6106961612780461.0     
   9.0706199999999997E-003   6207350888031193.0     
   9.0705899999999999E-003   6338711069384967.0     
   9.0705600000000001E-003   6467548124946327.0     
   9.0705200000000003E-003   6594016615276891.0     
   9.0704900000000005E-003   6718240074451520.0     
   9.0704600000000007E-003   6840330986093880.0     
   9.0704400000000008E-003   6960399501971687.0     
   9.0704099999999992E-003   7078545333650730.0     
   9.0703799999999994E-003   7194853432059704.0     
   9.0703499999999996E-003   7309402912110519.0     
   9.0703299999999997E-003   7422267115929200.0     
   9.0702999999999999E-003   7533524504906513.0     
   9.0702700000000001E-003   7643255358891099.0     
   9.0702500000000002E-003   7751531312184536.0     
   9.0702200000000004E-003   7858415279286155.0     
   9.0702000000000005E-003   7963963422059764.0     
   9.0701700000000007E-003   8120105086297399.0     
   9.0701299999999992E-003   8323818417104115.0     
   9.0700799999999995E-003   8473474886769788.0     
   9.0700599999999996E-003   8572037023245240.0     
   9.0700299999999998E-003   8669568756696406.0     
   9.0700099999999999E-003   8766098200323911.0     
   9.0699900000000000E-003   8893394972418015.0     
   9.0699600000000002E-003   9050067109980064.0     
   9.0699200000000004E-003   9204268552347834.0     
   9.0698900000000006E-003   9318264166123438.0     
   9.0698700000000007E-003   9393609643825888.0     
   9.0698500000000008E-003   9505673895318134.0     
   9.0698199999999993E-003   9653068482534492.0     
   9.0697899999999994E-003   9798389958435124.0     
   9.0697599999999996E-003   9941744847200950.0     
   9.0697199999999999E-003   10083226561682972.     
   9.0696900000000000E-003   10222919821694818.     
   9.0696600000000002E-003   10429562851956550.     
   9.0696000000000006E-003   10631985444474408.     
   9.0695700000000008E-003   10765197705405738.     
   9.0695499999999991E-003   10896937388784810.     
   9.0695199999999993E-003   11027252737907084.     
   9.0694899999999995E-003   11220393135933862.     
   9.0694399999999998E-003   11472989056867982.     
   9.0693800000000001E-003   11720625562898926.     
   9.0693300000000004E-003   11963602976539104.     
   9.0692800000000007E-003   12172476701723222.     
   9.0692399999999992E-003   12349043584404556.     
   9.0692099999999994E-003   12523333067572906.     
   9.0691699999999997E-003   12695441896105366.     
   9.0691399999999998E-003   12950092224779654.     
   9.0690700000000003E-003   13199586501485764.     
   9.0690300000000005E-003   13363819524502650.     
   9.0690000000000007E-003   13526261020266092.     
   9.0689700000000009E-003   13686972965346462.     
   9.0689299999999994E-003   13925238063085336.     
   9.0688699999999997E-003   14236998888569152.     
   9.0688100000000001E-003   14542812043174522.     
   9.0687500000000004E-003   14842996699379130.     
   9.0686900000000008E-003   15137845128507502.     
   9.0686299999999994E-003   15427636522097584.     
   9.0685699999999998E-003   15712635451274608.     
   9.0685200000000001E-003   15993076261280396.     
   9.0684600000000004E-003   16269178459295092.     
   9.0684100000000007E-003   16541164444147638.     
   9.0683599999999993E-003   16809239302117724.     
   9.0683099999999996E-003   17117482464971368.     
   9.0682400000000000E-003   17463664351325372.     
   9.0681700000000004E-003   17803902483175378.     
   9.0681100000000008E-003   18138523952609344.     
   9.0680499999999994E-003   18467835438385720.     
   9.0679899999999997E-003   18711236356539312.     
   9.0679599999999999E-003   18872135023511228.     
   9.0679300000000001E-003   19111480714988988.     
   9.0678700000000004E-003   19426238106764892.     
   9.0678100000000008E-003   19736547923736344.     
   9.0677499999999994E-003   20042613903102008.     
   9.0676999999999997E-003   20419849261820716.     
   9.0676100000000003E-003   20864227912625648.     
   9.0675300000000007E-003   21191740916786068.     
   9.0674899999999992E-003   21515673263861668.     
   9.0674199999999996E-003   21834632189531108.     
   9.0673799999999999E-003   22080299205944828.     
   9.0673300000000002E-003   22358054322045360.     
   9.0672800000000005E-003   22632823602240040.     
   9.0672300000000008E-003   22904710859795168.     
   9.0671799999999993E-003   23307930735476468.     
   9.0670899999999999E-003   23704119091335028.     
   9.0670400000000002E-003   23965455533929456.     
   9.0669900000000005E-003   24288917406308860.     
   9.0669300000000008E-003   24671972949241892.     
   9.0668599999999995E-003   25238127737195300.     
   9.0667300000000003E-003   25791499518924644.     
   9.0666700000000006E-003   26155411543394604.     
   9.0666099999999993E-003   26514997639263704.     
   9.0665399999999997E-003   26870411359312516.     
   9.0664800000000000E-003   27396860443700068.     
   9.0663700000000007E-003   28084342288874368.     
   9.0662499999999997E-003   28645721419089012.     
   9.0661800000000001E-003   29088477154874828.     
   9.0661000000000005E-003   29579967175453348.     
   9.0660099999999993E-003   30117767202068212.     
   9.0659199999999999E-003   30647559134255796.     
   9.0658400000000004E-003   31169717951742480.     
   9.0657499999999992E-003   31812774510690992.     
   9.0656299999999999E-003   32380705098040940.     
   9.0655700000000002E-003   32755138862718444.     
   9.0655100000000006E-003   33125912998227276.     
   9.0654499999999992E-003   33493146276539340.     
   9.0653899999999996E-003   34038336999277060.     
   9.0652700000000003E-003   34752841870366832.     
   9.0651599999999992E-003   35454979236209040.     
   9.0650499999999998E-003   36145461799540960.     
   9.0649400000000005E-003   36824934687801496.     
   9.0648299999999994E-003   37605083218626904.     
   9.0647000000000002E-003   38479523525947840.     
   9.0645599999999993E-003   39230468461333808.     
   9.0644599999999999E-003   39864948165417520.     
   9.0643700000000004E-003   40490937202880416.     
   9.0642699999999993E-003   41108800189426944.     
   9.0641799999999998E-003   41820272470851760.     
   9.0640600000000005E-003   42620538690345848.     
   9.0639399999999995E-003   43408295060252496.     
   9.0638200000000002E-003   44184129332266984.     
   9.0636999999999992E-003   44948560276673728.     
   9.0635899999999998E-003   45702082186524096.     
   9.0634800000000005E-003   46445193021073000.     
   9.0633699999999994E-003   47178366144876680.     
   9.0632600000000001E-003   47902049860215696.     
   9.0631600000000007E-003   48616646826864896.     
   9.0630499999999996E-003   49498476298460848.     
   9.0629000000000005E-003   50538547906460416.     
   9.0627499999999996E-003   51390946252710096.     
   9.0626600000000002E-003   52064966399093424.     
   9.0625600000000008E-003   52731712554085920.     
   9.0624599999999996E-003   53391432928447408.     
   9.0623700000000001E-003   54369900419200440.     
   9.0621899999999995E-003   55649898108557904.     
   9.0620100000000006E-003   56592475725989696.     
   9.0619199999999994E-003   57214497177422536.     
   9.0618399999999998E-003   57984659140631640.     
   9.0617100000000006E-003   58897021627684112.     
   9.0615799999999996E-003   59797684331017296.     
   9.0614600000000003E-003   60687126986659240.     
   9.0613399999999993E-003   61711861111690992.     
   9.0611800000000003E-003   62865094609747456.     
   9.0610199999999995E-003   63717528092074144.     
   9.0609499999999999E-003   64281232926883152.     
   9.0608700000000004E-003   65120110605976192.     
   9.0607199999999995E-003   66223547326669840.     
   9.0605800000000004E-003   67311867105323712.     
   9.0604299999999995E-003   68385686058806264.     
   9.0602900000000004E-003   69973737065399224.     
   9.0600100000000003E-003   72041203640609720.     
   9.0597500000000001E-003   73557018433577328.     
   9.0596099999999992E-003   74555053391765936.     
   9.0594899999999999E-003   75542034402747456.     
   9.0593600000000007E-003   76518366319419456.     
   9.0592299999999997E-003   77725408594775760.     
   9.0590500000000008E-003   79152445588828736.     
   9.0588700000000001E-003   80324652139635440.     
   9.0587500000000008E-003   81241432277838640.     
   9.0586299999999998E-003   82361261677762976.     
   9.0584600000000008E-003   83663722099430128.     
   9.0582900000000001E-003   84928550412343776.     
   9.0581199999999994E-003   86159319884654640.     
   9.0579600000000003E-003   87359048666535488.     
   9.0577999999999995E-003   88530303346424800.     
   9.0576400000000005E-003   89675295942317680.     
   9.0574899999999996E-003   90795942244911712.     
   9.0573300000000006E-003   91893924600778960.     
   9.0571899999999997E-003   92970729402443536.     
   9.0570400000000006E-003   94203288149736912.     
   9.0568500000000000E-003   95579684219379728.     
   9.0566599999999994E-003   96590044014553616.     
   9.0565699999999999E-003   97255834405726480.     
   9.0564700000000005E-003   98389386506378816.     
   9.0562500000000001E-003   99961273657063376.     
   9.0560399999999996E-003   1.0118397482830341E+017
   9.0559100000000003E-003   1.0207974866918218E+017
   9.0557899999999993E-003   1.0318456333803978E+017
   9.0556100000000004E-003   1.0448670061153403E+017
   9.0554299999999997E-003   1.0576580794367725E+017
   9.0552600000000007E-003   1.0702312154181186E+017
   9.0550900000000000E-003   1.0846509195152939E+017
   9.0548699999999996E-003   1.1007932489727637E+017
   9.0546499999999992E-003   1.1126690452372854E+017
   9.0545399999999998E-003   1.1205006575113179E+017
   9.0544400000000004E-003   1.1321237978247091E+017
   9.0542299999999999E-003   1.1473496943511981E+017
   9.0540199999999994E-003   1.1623045295999642E+017
   9.0538300000000006E-003   1.1770029235564643E+017
   9.0536300000000000E-003   1.1914581772224192E+017
   9.0534399999999994E-003   1.2056823557304259E+017
   9.0532500000000005E-003   1.2196864470966488E+017
   9.0530699999999999E-003   1.2334803939736493E+017
   9.0528899999999992E-003   1.2470733383062002E+017
   9.0527100000000003E-003   1.2604736877552160E+017
   9.0525399999999995E-003   1.2769797398803403E+017
   9.0522799999999994E-003   1.2964079550942600E+017
   9.0520400000000008E-003   1.3123003247675154E+017
   9.0518700000000001E-003   1.3248469487805531E+017
   9.0517099999999993E-003   1.3372417823644810E+017
   9.0515600000000002E-003   1.3494902089239962E+017
   9.0513999999999994E-003   1.3646132243349306E+017
   9.0511800000000007E-003   1.3824687199260635E+017
   9.0509500000000003E-003   1.4000340071158531E+017
   9.0507399999999998E-003   1.4173229148114208E+017
   9.0505199999999994E-003   1.4343483652956139E+017
   9.0503100000000006E-003   1.4511224590940538E+017
   9.0501100000000001E-003   1.4649090991136880E+017
   9.0499699999999992E-003   1.4758286706630064E+017
   9.0498400000000000E-003   1.4920384712194630E+017
   9.0495799999999998E-003   1.5132913901382944E+017
   9.0493299999999995E-003   1.5315770447987318E+017
   9.0491400000000007E-003   1.5470438032811107E+017
   9.0489600000000000E-003   1.5623197206843824E+017
   9.0487799999999993E-003   1.5774114874558032E+017
   9.0486000000000004E-003   1.5948020778403798E+017
   9.0483700000000000E-003   1.6143843743017539E+017
   9.0481399999999997E-003   1.6336775747308406E+017
   9.0479199999999992E-003   1.6526946816503878E+017
   9.0477000000000005E-003   1.6714475392568538E+017
   9.0474900000000000E-003   1.6899469723987811E+017
   9.0472799999999996E-003   1.7082027581719440E+017
   9.0470700000000008E-003   1.7262238956729670E+017
   9.0468700000000003E-003   1.7440186403306470E+017
   9.0466699999999997E-003   1.7615946561431034E+017
   9.0464699999999992E-003   1.7789593280243802E+017
   9.0462800000000003E-003   1.7961197080861245E+017
   9.0460899999999997E-003   1.8173064732758755E+017
   9.0458099999999996E-003   1.8423256119301008E+017
   9.0455399999999995E-003   1.8628534144688189E+017
   9.0453600000000006E-003   1.8790906312169763E+017
   9.0451899999999998E-003   1.8951606519865066E+017
   9.0450099999999992E-003   1.9110685734550896E+017
   9.0448400000000002E-003   1.9346614159078592E+017
   9.0445100000000004E-003   1.9655605951502432E+017
   9.0441900000000006E-003   1.9883386952538810E+017
   9.0440299999999998E-003   2.0033677391526918E+017
   9.0438700000000007E-003   2.0256837269038096E+017
   9.0435600000000008E-003   2.0549651871382758E+017
   9.0432599999999991E-003   2.0765877089594218E+017
   9.0431100000000000E-003   2.0908679118054294E+017
   9.0429699999999991E-003   2.1120911238281869E+017
   9.0426800000000009E-003   2.1399783797190630E+017
   9.0424000000000008E-003   2.1674414615041072E+017
   9.0421200000000007E-003   2.1944992054298074E+017
   9.0418600000000005E-003   2.2225159583394352E+017
   9.0415700000000005E-003   2.2592943548217331E+017
   9.0411299999999997E-003   2.2966239588992429E+017
   9.0408299999999997E-003   2.3194501113865773E+017
   9.0406800000000006E-003   2.3420518603006221E+017
   9.0403900000000006E-003   2.3717776607523533E+017
   9.0401100000000005E-003   2.4010783820120042E+017
   9.0398300000000004E-003   2.4299717039613248E+017
   9.0395600000000003E-003   2.4655627799412496E+017
   9.0391599999999992E-003   2.5074774539534381E+017
   9.0387699999999998E-003   2.5554050817550154E+017
   9.0382699999999993E-003   2.6089045015094630E+017
   9.0377900000000004E-003   2.6481708938188512E+017
   9.0375600000000000E-003   2.6740074451632688E+017
   9.0373199999999997E-003   2.6995604554977994E+017
   9.0370999999999993E-003   2.7248395721007478E+017
   9.0368700000000007E-003   2.7529691940361395E+017
   9.0366000000000005E-003   2.7838386626758435E+017
   9.0363300000000004E-003   2.8143253312956125E+017
   9.0360600000000003E-003   2.8444435523754790E+017
   9.0358000000000001E-003   2.8830919061569843E+017
   9.0353900000000008E-003   2.9298416811085568E+017
   9.0349899999999997E-003   2.9814679688689216E+017
   9.0345100000000008E-003   3.0376486021093229E+017
   9.0340400000000001E-003   3.0985838530814963E+017
   9.0334899999999999E-003   3.1639191797047232E+017
   9.0329599999999996E-003   3.2118981030501101E+017
   9.0326999999999994E-003   3.2434733060740070E+017
   9.0324399999999992E-003   3.2954097156202758E+017
   9.0318599999999992E-003   3.3665355670890368E+017
   9.0313000000000008E-003   3.4310983146378298E+017
   9.0308400000000000E-003   3.4895347672201485E+017
   9.0303899999999993E-003   3.5563973193600826E+017
   9.0297999999999993E-003   3.6311041365094490E+017
   9.0292399999999991E-003   3.7041433491579155E+017
   9.0286900000000007E-003   3.7756229425466419E+017
   9.0281600000000004E-003   3.8282284979199334E+017
   9.0279000000000002E-003   3.8628900139297222E+017
   9.0276400000000000E-003   3.9057598129606470E+017
   9.0272700000000004E-003   3.9565157931636762E+017
   9.0268999999999992E-003   4.0231537421699878E+017
   9.0262999999999993E-003   4.1047450414594918E+017
   9.0257199999999992E-003   4.1809177267794394E+017
   9.0252200000000005E-003   4.2520062960859533E+017
   9.0247200000000000E-003   4.3223474511124794E+017
   9.0242299999999994E-003   4.3919760428741843E+017
   9.0237600000000005E-003   4.4717600647449370E+017
   9.0231400000000007E-003   4.5610640274189216E+017
   9.0225400000000008E-003   4.6485257849756717E+017
   9.0219600000000007E-003   4.7342599596845325E+017
   9.0214000000000006E-003   4.8183696564247181E+017
   9.0208500000000004E-003   4.9009481113378394E+017
   9.0203200000000001E-003   4.9669460515848186E+017
   9.0200000000000002E-003   5.0171128539963808E+017
   9.0196800000000004E-003   5.0667567384101734E+017
   9.0193600000000006E-003   5.1158939152430566E+017
   9.0190500000000007E-003   5.1887289877876800E+017
   9.0184400000000008E-003   5.2841379130622035E+017
   9.0178500000000009E-003   5.3870577968646682E+017
   9.0171699999999997E-003   5.4969992969694061E+017
   9.0165000000000002E-003   5.5998186208442266E+017
   9.0159200000000002E-003   5.6959510741916678E+017
   9.0153500000000001E-003   5.8021569447671731E+017
   9.0146600000000007E-003   5.9178230009402483E+017
   9.0139899999999995E-003   6.0311924503539162E+017
   9.0133399999999999E-003   6.1423921657991795E+017
   9.0127000000000002E-003   6.2246946406854758E+017
   9.0123900000000003E-003   6.3065483636600666E+017
   9.0117800000000005E-003   6.3872438729495846E+017
   9.0114800000000005E-003   6.4513607341589363E+017
   9.0110599999999996E-003   6.5255521308179699E+017
   9.0106500000000003E-003   6.5988925323847142E+017
   9.0102499999999992E-003   6.6714136427126157E+017
   9.0098499999999998E-003   6.7686173509260621E+017
   9.0091900000000003E-003   6.8893785320172186E+017
   9.0085500000000006E-003   7.0091133826009702E+017
   9.0079099999999992E-003   7.1278735505117901E+017
   9.0072899999999994E-003   7.2640045382721293E+017
   9.0064800000000007E-003   7.4164722103371149E+017
   9.0057000000000002E-003   7.5290722985104026E+017
   9.0053200000000007E-003   7.6036872351758374E+017
   9.0049399999999995E-003   7.7149602562777293E+017
   9.0042000000000004E-003   7.8612467147035174E+017
   9.0034699999999995E-003   8.0052048797686656E+017
   9.0027700000000002E-003   8.1469677480706586E+017
   9.0020800000000008E-003   8.3047968401193229E+017
   9.0012300000000007E-003   8.4777647788209498E+017
   9.0004100000000004E-003   8.6482618680901670E+017
   8.9996099999999999E-003   8.8164311886239885E+017
   8.9988299999999993E-003   8.9821149366603187E+017
   8.9980600000000004E-003   9.1454480927185421E+017
   8.9973199999999996E-003   9.2749432857777728E+017
   8.9968800000000005E-003   9.3720410448612621E+017
   8.9964399999999996E-003   9.4682081581742490E+017
   8.9960100000000005E-003   9.5634827335608474E+017
   8.9955799999999995E-003   9.7059672336645606E+017
   8.9947499999999993E-003   9.8937427331660429E+017
   8.9939300000000007E-003   1.0095135506454482E+018
   8.9929999999999993E-003   1.0309419266057179E+018
   8.9920899999999995E-003   1.0521442276386523E+018
   8.9911999999999995E-003   1.0731316538655611E+018
   8.9903399999999994E-003   1.0894397424367565E+018
   8.9898500000000006E-003   1.1012617274137647E+018
   8.9893700000000000E-003   1.1130233714906808E+018
   8.9888899999999994E-003   1.1247260907945683E+018
   8.9884200000000004E-003   1.1392807505075470E+018
   8.9877199999999994E-003   1.1565848911088783E+018
   8.9870400000000000E-003   1.1767371689366001E+018
   8.9861300000000002E-003   1.1995994140589158E+018
   8.9852500000000002E-003   1.2222183828522040E+018
   8.9843800000000001E-003   1.2446049238316032E+018
   8.9835399999999999E-003   1.2611982920246533E+018
   8.9831200000000007E-003   1.2722155066056535E+018
   8.9827099999999997E-003   1.2846586522787781E+018
   8.9821899999999993E-003   1.2984879618162703E+018
   8.9816800000000006E-003   1.3191035522109148E+018
   8.9806699999999996E-003   1.3462032545897613E+018
   8.9796900000000002E-003   1.3662518219628736E+018
   8.9792099999999996E-003   1.3795458128494518E+018
   8.9787300000000007E-003   1.3942333413734592E+018
   8.9781600000000007E-003   1.4102728595413962E+018
   8.9775900000000006E-003   1.4261437584900867E+018
   8.9770300000000004E-003   1.4418518768381407E+018
   8.9764800000000002E-003   1.4576363742433889E+018
   8.9759300000000000E-003   1.4734955781657687E+018
   8.9753799999999998E-003   1.4971845777346427E+018
   8.9742899999999994E-003   1.5283660485858483E+018
   8.9732400000000004E-003   1.5514685001236718E+018
   8.9727200000000000E-003   1.5668221051706593E+018
   8.9722099999999996E-003   1.5835883408757371E+018
   8.9715999999999997E-003   1.6017291745592788E+018
   8.9709999999999998E-003   1.6196930334524844E+018
   8.9704199999999998E-003   1.6465949141540646E+018
   8.9692499999999998E-003   1.6733878175220513E+018
   8.9686699999999998E-003   1.6912256418074801E+018
   8.9680999999999997E-003   1.7089034449753664E+018
   8.9675399999999995E-003   1.7330571921981384E+018
   8.9665700000000001E-003   1.7634585420922045E+018
   8.9656300000000005E-003   1.7939135366062525E+018
   8.9646699999999992E-003   1.8244227545798290E+018
   8.9637399999999996E-003   1.8535723139803169E+018
   8.9628899999999994E-003   1.8814181742026716E+018
   8.9620600000000009E-003   1.9040575293237668E+018
   8.9615300000000005E-003   1.9216455787142743E+018
   8.9610100000000002E-003   1.9495804921354179E+018
   8.9598799999999999E-003   1.9875016603130330E+018
   8.9587799999999995E-003   2.0171783443758876E+018
   8.9581499999999998E-003   2.0389089830892324E+018
   8.9575300000000000E-003   2.0705842263406298E+018
   8.9563500000000001E-003   2.1118423296457265E+018
   8.9552000000000000E-003   2.1555842891258294E+018
   8.9539100000000007E-003   2.2016980956329341E+018
   8.9526499999999995E-003   2.2375690639544602E+018
   8.9519400000000002E-003   2.2635873666684303E+018
   8.9512399999999992E-003   2.2896141833451377E+018
   8.9505399999999999E-003   2.3156506846389161E+018
   8.9498500000000005E-003   2.3514662349326024E+018
   8.9486500000000007E-003   2.3967231746607585E+018
   8.9474800000000007E-003   2.4363050049978573E+018
   8.9466000000000007E-003   2.4704260556007537E+018
   8.9457300000000007E-003   2.5019453697110349E+018
   8.9449899999999999E-003   2.5453345706724178E+018
   8.9435499999999998E-003   2.6050912101268982E+018
   8.9420100000000002E-003   2.6512868708891044E+018
   8.9412699999999994E-003   2.6817441192160461E+018
   8.9405300000000004E-003   2.7270611622142239E+018
   8.9390800000000003E-003   2.7867109804368763E+018
   8.9376799999999999E-003   2.8438055698186732E+018
   8.9363900000000007E-003   2.8907871037554222E+018
   8.9354800000000009E-003   2.9296023106884562E+018
   8.9345999999999991E-003   2.9860544133709952E+018
   8.9329100000000005E-003   3.0590452795038572E+018
   8.9312799999999998E-003   3.1309982499905915E+018
   8.9296099999999993E-003   3.2017974487544294E+018
   8.9279900000000002E-003   3.2639309814874235E+018
   8.9267099999999992E-003   3.3187225115640008E+018
   8.9254599999999996E-003   3.3864836298443689E+018
   8.9236599999999999E-003   3.4475717491632067E+018
   8.9227799999999999E-003   3.4885827020259907E+018
   8.9219199999999999E-003   3.5463974279320684E+018
   8.9203800000000003E-003   3.6202326007373286E+018
   8.9188900000000005E-003   3.6775745644616960E+018
   8.9180500000000003E-003   3.7189290909147971E+018
   8.9172200000000000E-003   3.7714655260119439E+018
   8.9159600000000006E-003   3.8348886551508813E+018
   8.9147199999999992E-003   3.9153800028445353E+018
   8.9128200000000001E-003   3.9902386976529167E+018
   8.9118200000000009E-003   4.0500052475582725E+018
   8.9105499999999997E-003   4.1168649333048970E+018
   8.9093000000000002E-003   4.1987168283119293E+018
   8.9075000000000005E-003   4.2711093571358607E+018
   8.9066200000000005E-003   4.3189115350338780E+018
   8.9057500000000005E-003   4.3928801451587850E+018
   8.9039500000000008E-003   4.4674321234279439E+018
   8.9030600000000008E-003   4.5168249699000428E+018
   8.9021900000000008E-003   4.5707556670030469E+018
   8.9011699999999999E-003   4.6291269639484375E+018
   8.9001500000000008E-003   4.7035009688000287E+018
   8.8985899999999996E-003   4.7934022642767268E+018
   8.8970700000000000E-003   4.8687340999225160E+018
   8.8960399999999992E-003   4.9299257410238945E+018
   8.8950200000000000E-003   4.9911526040782531E+018
   8.8940000000000009E-003   5.0861622835727350E+018
   8.8918899999999995E-003   5.2132755965810473E+018
   8.8898499999999995E-003   5.3428969110609705E+018
   8.8877299999999999E-003   5.4421234650034719E+018
   8.8867000000000008E-003   5.5075871580821576E+018
   8.8856800000000000E-003   5.6094717137194230E+018
   8.8835400000000005E-003   5.7464430707715717E+018
   8.8814600000000007E-003   5.8859717737135053E+018
   8.8793099999999996E-003   5.9927130000299131E+018
   8.8782500000000007E-003   6.0630194051280865E+018
   8.8772100000000000E-003   6.1352328329940101E+018
   8.8761099999999996E-003   6.2092469837703578E+018
   8.8750300000000008E-003   6.2825463133569536E+018
   8.8739600000000002E-003   6.3551201069080812E+018
   8.8729099999999995E-003   6.4296006209383639E+018
   8.8718000000000009E-003   6.5058617120864788E+018
   8.8707100000000004E-003   6.6186557583916319E+018
   8.8685699999999992E-003   6.7322215021768438E+018
   8.8674500000000007E-003   6.8104107024433183E+018
   8.8663400000000003E-003   6.8876495330592881E+018
   8.8652499999999999E-003   6.9639394805440840E+018
   8.8641799999999993E-003   7.0422558810603950E+018
   8.8630400000000008E-003   7.1220574314897377E+018
   8.8619300000000005E-003   7.2007472264433879E+018
   8.8608200000000002E-003   7.2783997518439260E+018
   8.8597399999999996E-003   7.3577903237133732E+018
   8.8585899999999995E-003   7.4387605622305556E+018
   8.8574599999999993E-003   7.5185174843122924E+018
   8.8563500000000007E-003   7.5971593970020168E+018
   8.8552500000000003E-003   7.6774793760404152E+018
   8.8540900000000002E-003   7.7593386035535800E+018
   8.8529500000000001E-003   7.8398890678471916E+018
   8.8518199999999998E-003   7.9193043574255811E+018
   8.8507099999999995E-003   8.0003620204046684E+018
   8.8495399999999995E-003   8.0830196865844951E+018
   8.8483899999999994E-003   8.1643563576034284E+018
   8.8472499999999992E-003   8.2446605547796152E+018
   8.8461300000000007E-003   8.3267108493256653E+018
   8.8449400000000008E-003   8.4105089742216581E+018
   8.8437800000000007E-003   8.4930915012436439E+018
   8.8426300000000006E-003   8.5747687605597409E+018
   8.8414900000000005E-003   8.6583714246458921E+018
   8.8403000000000006E-003   8.7439136813242522E+018
   8.8391200000000007E-003   8.8283879425855724E+018
   8.8379500000000007E-003   8.9120897285846917E+018
   8.8368100000000005E-003   8.9980157124664238E+018
   8.8356000000000007E-003   9.0858598422825953E+018
   8.8344099999999991E-003   9.1721779397940173E+018
   8.8332399999999991E-003   9.2590634098494792E+018
   8.8320800000000008E-003   9.3958536112723948E+018
   8.8296499999999997E-003   9.5780882138616504E+018
   8.8272999999999997E-003   9.7150035998544404E+018
   8.8260700000000001E-003   9.8099055384719012E+018
   8.8248500000000004E-003   9.9039274448081859E+018
   8.8236500000000006E-003   9.9987561659623997E+018
   8.8224700000000007E-003   1.0148890185374063E+019
   8.8199999999999997E-003   1.0348504796082182E+019
   8.8176000000000001E-003   1.0498202434705619E+019
   8.8163400000000006E-003   1.0602401478994764E+019
   8.8150999999999993E-003   1.0758316005369188E+019
   8.8126799999999998E-003   1.0971213734660858E+019
   8.8101499999999992E-003   1.1133246777189675E+019
   8.8089199999999996E-003   1.1241931230386731E+019
   8.8076999999999999E-003   1.1414311940270764E+019
   8.8051499999999994E-003   1.1642839384143454E+019
   8.8026800000000002E-003   1.1873332373270008E+019
   8.8000999999999999E-003   1.2050031151365818E+019
   8.7988400000000005E-003   1.2167258888035064E+019
   8.7975999999999992E-003   1.2351598328675131E+019
   8.7950000000000007E-003   1.2598907715503585E+019
   8.7924700000000001E-003   1.2851798846829001E+019
   8.7898300000000002E-003   1.3110060253902283E+019
   8.7872699999999998E-003   1.3304132520229652E+019
   8.7859300000000008E-003   1.3438758974201457E+019
   8.7846100000000000E-003   1.3645352550114888E+019
   8.7819300000000003E-003   1.3919229738579466E+019
   8.7793300000000001E-003   1.4193962139896920E+019
   8.7767100000000001E-003   1.4479619212059646E+019
   8.7739800000000007E-003   1.4771304989356493E+019
   8.7713200000000009E-003   1.4990207590677981E+019
   8.7699300000000004E-003   1.5219943627915831E+019
   8.7672099999999992E-003   1.5485001657684922E+019
   8.7651699999999992E-003   1.5718167536643162E+019
   8.7630699999999995E-003   1.5993922946878620E+019
   8.7603500000000001E-003   1.6315428414895958E+019
   8.7575199999999995E-003   1.6600041521785571E+019
   8.7554399999999998E-003   1.6846366689314079E+019
   8.7533100000000003E-003   1.7101584324062931E+019
   8.7511800000000008E-003   1.7355043444925385E+019
   8.7490899999999993E-003   1.7602723135474565E+019
   8.7470599999999992E-003   1.7844655884075966E+019
   8.7450800000000006E-003   1.8062091301797288E+019
   8.7434599999999998E-003   1.8257903798378324E+019
   8.7418600000000006E-003   1.8467991568989364E+019
   8.7400299999999993E-003   1.8689503364116562E+019
   8.7382399999999995E-003   1.8912505747795505E+019
   8.7363800000000002E-003   1.9139987011118895E+019
   8.7345500000000006E-003   1.9419150630681436E+019
   8.7319300000000006E-003   1.9736431868953944E+019
   8.7293800000000001E-003   2.0000085172713173E+019
   8.7275200000000008E-003   2.0224197570343727E+019
   8.7256999999999994E-003   2.0503802117286388E+019
   8.7230299999999997E-003   2.0822246591452131E+019
   8.7204299999999995E-003   2.1087669521529446E+019
   8.7185200000000004E-003   2.1311516004622766E+019
   8.7166399999999995E-003   2.1532017406093058E+019
   8.7147400000000003E-003   2.1751007729558995E+019
   8.7128899999999992E-003   2.2017866158825206E+019
   8.7102099999999995E-003   2.2318813113669870E+019
   8.7075999999999994E-003   2.2591064067992674E+019
   8.7052699999999993E-003   2.2842837823122235E+019
   8.7030100000000006E-003   2.3089393095284929E+019
   8.7006900000000005E-003   2.3333113912762409E+019
   8.6984400000000000E-003   2.3594074986211017E+019
   8.6957500000000004E-003   2.3868998821885493E+019
   8.6931500000000002E-003   2.4138750621703176E+019
   8.6904700000000005E-003   2.4401636488095478E+019
   8.6878800000000003E-003   2.4616553334744400E+019
   8.6859899999999993E-003   2.4801688644126085E+019
   8.6841399999999999E-003   2.5069064599509115E+019
   8.6807299999999993E-003   2.5400613885051073E+019
   8.6774599999999997E-003   2.5667358344680698E+019
   8.6751899999999993E-003   2.5888924405592310E+019
   8.6729800000000003E-003   2.6114226463012676E+019
   8.6707399999999997E-003   2.6341219567599735E+019
   8.6685600000000005E-003   2.6687920226087342E+019
   8.6641900000000004E-003   2.7039457796754850E+019
   8.6619899999999996E-003   2.7280786493476311E+019
   8.6598600000000001E-003   2.7573702536830419E+019
   8.6569100000000003E-003   2.7830599717095006E+019
   8.6554800000000001E-003   2.8002210584562295E+019
   8.6540699999999998E-003   2.8272896969830134E+019
   8.6511399999999999E-003   2.8549230128808251E+019
   8.6497099999999997E-003   2.8783857746242646E+019
   8.6475700000000003E-003   2.9074936547743412E+019
   8.6453799999999994E-003   2.9323184081485165E+019
   8.6439599999999991E-003   2.9628775831757451E+019
   8.6410800000000006E-003   2.9942448411005866E+019
   8.6396300000000006E-003   3.0155907128892957E+019
   8.6382000000000004E-003   3.0428032476744204E+019
   8.6360599999999992E-003   3.0766302805364662E+019
   8.6338700000000001E-003   3.1055090548753158E+019
   8.6324399999999999E-003   3.1286258571931787E+019
   8.6310299999999996E-003   3.1649677019128001E+019
   8.6280899999999997E-003   3.2084262083164004E+019
   8.6259500000000003E-003   3.2399317863467704E+019
   8.6244900000000003E-003   3.2728000741274493E+019
   8.6222799999999995E-003   3.3194753867047485E+019
   8.6194099999999992E-003   3.3602965010296226E+019
   8.6179099999999995E-003   3.3958624983556067E+019
   8.6157000000000004E-003   3.4384368077558424E+019
   8.6135299999999995E-003   3.4899956803483398E+019
   8.6105200000000000E-003   3.5392707848937374E+019
   8.6086500000000007E-003   3.5775463349345108E+019
   8.6068199999999994E-003   3.6248381690487501E+019
   8.6041699999999995E-003   3.6806249465913074E+019
   8.6015799999999993E-003   3.7423081233683317E+019
   8.5984900000000003E-003   3.7926802939889615E+019
   8.5969800000000006E-003   3.8263812543266775E+019
   8.5954900000000008E-003   3.8839440182635725E+019
   8.5919399999999993E-003   3.9644658653687112E+019
   8.5885000000000006E-003   4.0279136398552556E+019
   8.5865100000000003E-003   4.0886883999042814E+019
   8.5833699999999999E-003   4.1699863935122252E+019
   8.5797700000000005E-003   4.2429859668084408E+019
   8.5774000000000006E-003   4.2977416657623540E+019
   8.5753400000000007E-003   4.3488636065180082E+019
   8.5733100000000007E-003   4.4119926935632953E+019
   8.5704100000000005E-003   4.4847233339689935E+019
   8.5675600000000001E-003   4.5540150801483989E+019
   8.5650399999999995E-003   4.6190388242886935E+019
   8.5625700000000003E-003   4.6746770553500336E+019
   8.5608600000000000E-003   4.7203084537241977E+019
   8.5591599999999997E-003   4.7870126826656203E+019
   8.5559000000000000E-003   4.8758123527744299E+019
   8.5527099999999998E-003   4.9420934371201294E+019
   8.5510699999999992E-003   4.9877360142961451E+019
   8.5494400000000002E-003   5.0438381824873120E+019
   8.5471000000000002E-003   5.1099866794024935E+019
   8.5448000000000000E-003   5.1952560625847165E+019
   8.5412000000000005E-003   5.3013446275372327E+019
   8.5375599999999996E-003   5.4167770032493625E+019
   8.5334699999999996E-003   5.5208329219890946E+019
   8.5306700000000006E-003   5.6074616496183329E+019
   8.5278300000000001E-003   5.7142273017311838E+019
   8.5238399999999995E-003   5.8568664836453990E+019
   8.5188199999999999E-003   5.9724951657921815E+019
   8.5166100000000008E-003   6.0438587776216179E+019
   8.5144200000000000E-003   6.1278560622183039E+019
   8.5114900000000000E-003   6.2263730426975371E+019
   8.5084600000000007E-003   6.3263806716919521E+019
   8.5054899999999992E-003   6.4279898813725180E+019
   8.5024200000000001E-003   6.5322821854612914E+019
   8.4993399999999993E-003   6.6369333794628633E+019
   8.4963000000000000E-003   6.7258936675207946E+019
   8.4941700000000005E-003   6.8355474834033435E+019
   8.4899599999999995E-003   7.0039709837075079E+019
   8.4846200000000000E-003   7.1653410397344498E+019
   8.4808599999999998E-003   7.2909042136124867E+019
   8.4775800000000002E-003   7.4102101128750170E+019
   8.4742499999999991E-003   7.5724895091152454E+019
   8.4686699999999993E-003   7.7418254337002799E+019
   8.4649900000000004E-003   7.8460753651342885E+019
   8.4630299999999999E-003   7.9648703399538196E+019
   8.4586399999999999E-003   8.1280669387353784E+019
   8.4543399999999994E-003   8.2539155131979317E+019
   8.4519699999999996E-003   8.3434560073182691E+019
   8.4496299999999996E-003   8.4754375036223750E+019
   8.4450900000000006E-003   8.6482273833529754E+019
   8.4406399999999993E-003   8.7699385637382029E+019
   8.4387899999999998E-003   8.8416663403485200E+019
   8.4369600000000003E-003   8.9632941540111516E+019
   8.4325800000000003E-003   9.1338469380553654E+019
   8.4282799999999998E-003   9.2614768414808392E+019
   8.4260600000000008E-003   9.3494831847378993E+019
   8.4238600000000000E-003   9.4739260898419933E+019
   8.4198399999999996E-003   9.6341734619165639E+019
   8.4158900000000005E-003   9.7701553444153278E+019
   8.4131099999999997E-003   9.8824473751638082E+019
   8.4103700000000003E-003   1.0010506086694450E+020
   8.4068500000000004E-003   1.0154034458933948E+020
   8.4033800000000002E-003   1.0317590560006106E+020
   8.3989500000000005E-003   1.0500587477675481E+020
   8.3945900000000004E-003   1.0668837841042683E+020
   8.3908899999999998E-003   1.0886271884424045E+020
   8.3842799999999992E-003   1.1088401655461277E+020
   8.3813499999999992E-003   1.1221034035316908E+020
   8.3780799999999996E-003   1.1360560881163949E+020
   8.3748599999999996E-003   1.1575991604052178E+020
   8.3681499999999995E-003   1.1865266912810251E+020
   8.3616000000000003E-003   1.2164195910249890E+020
   8.3546000000000002E-003   1.2472495393983367E+020
   8.3477599999999992E-003   1.2707053491572613E+020
   8.3440700000000003E-003   1.2872749579477452E+020
   8.3404299999999994E-003   1.3048135221632859E+020
   8.3363599999999993E-003   1.3233105780906184E+020
   8.3323400000000006E-003   1.3408624154998578E+020
   8.3287199999999995E-003   1.3574958097547053E+020
   8.3251400000000000E-003   1.3774681119293787E+020
   8.3201300000000002E-003   1.4007107289558698E+020
   8.3152000000000000E-003   1.4264892681763983E+020
   8.3091899999999993E-003   1.4547148678634391E+020
   8.3032999999999996E-003   1.4810952408646065E+020
   8.2981400000000007E-003   1.5057347530394442E+020
   8.2930599999999997E-003   1.5312700907250385E+020
   8.2875399999999995E-003   1.5553255136208781E+020
   8.2832300000000008E-003   1.5763494195416957E+020
   8.2789800000000000E-003   1.6046731310480241E+020
   8.2717899999999994E-003   1.6401179240853232E+020
   8.2647499999999995E-003   1.6735993054872568E+020
   8.2584800000000003E-003   1.7050554447131525E+020
   8.2523300000000004E-003   1.7344216938631483E+020
   8.2468799999999998E-003   1.7723184732819849E+020
   8.2376199999999993E-003   1.8057664213080434E+020
   8.2339500000000003E-003   1.8248347379182761E+020
   8.2303099999999994E-003   1.8532294133305128E+020
   8.2231400000000003E-003   1.8907559846612907E+020
   8.2161000000000005E-003   1.9211659402294893E+020
   8.2117000000000006E-003   1.9446178782693052E+020
   8.2073400000000005E-003   1.9721527085985681E+020
   8.2014800000000006E-003   2.0036946133204871E+020
   8.1956900000000003E-003   2.0387308947841673E+020
   8.1886300000000006E-003   2.0857787780364298E+020
   8.1786099999999994E-003   2.1332908612779973E+020
   8.1714900000000000E-003   2.1643706599557998E+020
   8.1674799999999995E-003   2.1994769810859377E+020
   8.1590599999999992E-003   2.2468153885636388E+020
   8.1507899999999998E-003   2.2827318744744490E+020
   8.1464599999999995E-003   2.3075662449598320E+020
   8.1421600000000007E-003   2.3322534344050020E+020
   8.1379099999999999E-003   2.3568086728307651E+020
   8.1337000000000007E-003   2.3949742332080695E+020
   8.1248499999999994E-003   2.4464699629368522E+020
   8.1161800000000006E-003   2.4990811528426252E+020
   8.1071200000000006E-003   2.5527868770815754E+020
   8.0982299999999997E-003   2.5935828928191182E+020
   8.0935699999999996E-003   2.6217374229291404E+020
   8.0889499999999993E-003   2.6497414046021937E+020
   8.0843800000000004E-003   2.6775982012669303E+020
   8.0798499999999995E-003   2.7208997726448284E+020
   8.0703400000000005E-003   2.7793046104262781E+020
   8.0610200000000003E-003   2.8234824991311056E+020
   8.0561299999999999E-003   2.8540949252290648E+020
   8.0512899999999991E-003   2.8845461194515261E+020
   8.0464899999999999E-003   2.9148384427649103E+020
   8.0417400000000003E-003   2.9619026178396540E+020
   8.0317700000000006E-003   3.0254119533218405E+020
   8.0219899999999997E-003   3.0901647002212860E+020
   8.0117799999999996E-003   3.1563900135801494E+020
   8.0017600000000001E-003   3.2067081686560886E+020
   7.9965100000000001E-003   3.2414182772932588E+020
   7.9913099999999997E-003   3.2759484715124851E+020
   7.9861600000000008E-003   3.3103076968478199E+020
   7.9810499999999999E-003   3.3636651422729948E+020
   7.9703499999999993E-003   3.4356699194932180E+020
   7.9598499999999992E-003   3.4901185811994588E+020
   7.9543400000000007E-003   3.5278468708155877E+020
   7.9488900000000001E-003   3.5653827638400496E+020
   7.9434899999999992E-003   3.6027287365319642E+020
   7.9381399999999998E-003   3.6607269425129370E+020
   7.9269200000000005E-003   3.7390003013655042E+020
   7.9159199999999999E-003   3.8189035771601309E+020
   7.9044300000000005E-003   3.9005126670629090E+020
   7.8931699999999997E-003   3.9625252139182745E+020
   7.8872600000000001E-003   4.0052896158000192E+020
   7.8814100000000002E-003   4.0478400985635992E+020
   7.8756199999999998E-003   4.0901860644338696E+020
   7.8698799999999992E-003   4.1559046164574909E+020
   7.8578499999999996E-003   4.2446024918515528E+020
   7.8460500000000002E-003   4.3117000838642683E+020
   7.8398700000000005E-003   4.3581548706772399E+020
   7.8337400000000005E-003   4.4273529700698797E+020
   7.8216599999999994E-003   4.5218273541492349E+020
   7.8090700000000004E-003   4.5942926878755501E+020
   7.8028600000000000E-003   4.6422052461429680E+020
   7.7967100000000001E-003   4.7165938322572837E+020
   7.7838200000000003E-003   4.8170056758687597E+020
   7.7711700000000000E-003   4.8929515840104163E+020
   7.7645500000000003E-003   4.9455404335464736E+020
   7.7579900000000002E-003   5.0116857920291832E+020
   7.7480600000000002E-003   5.0913246853128880E+020
   7.7382700000000002E-003   5.1719218656476653E+020
   7.7282300000000000E-003   5.2536472440318080E+020
   7.7183199999999999E-003   5.3373367287063773E+020
   7.7079499999999999E-003   5.4229313499629814E+020
   7.6977199999999999E-003   5.5096752658573053E+020
   7.6872299999999998E-003   5.6241848068690510E+020
   7.6706200000000004E-003   5.7474504244398811E+020
   7.6582799999999999E-003   5.8541505208076743E+020
   7.6458100000000003E-003   5.9626910014070614E+020
   7.6332300000000004E-003   6.0873814743585207E+020
   7.6173100000000004E-003   6.2138427149106466E+020
   7.6045499999999999E-003   6.3294592434642656E+020
   7.5913400000000002E-003   6.4480199258958489E+020
   7.5781199999999998E-003   6.5610798042283783E+020
   7.5663099999999997E-003   6.6659184720902960E+020
   7.5550599999999997E-003   6.7906400031189474E+020
   7.5390800000000001E-003   6.9246493019277243E+020
   7.5259300000000001E-003   7.0396111923516382E+020
   7.5141599999999998E-003   7.1570090490336156E+020
   7.5002500000000000E-003   7.2925252173723193E+020
   7.4850100000000003E-003   7.4102678437420374E+020
   7.4749899999999999E-003   7.5178690455788218E+020
   7.4608900000000004E-003   7.6537694332887761E+020
   7.4443199999999999E-003   7.7826282403667313E+020
   7.4283600000000002E-003   7.9034205751589116E+020
   7.4135800000000003E-003   7.9872683161665824E+020
   7.3994100000000004E-003   8.0502122441872219E+020
   7.3834100000000000E-003   8.0227719906275321E+020
   7.3770800000000003E-003   8.0955138243435404E+020
   7.3621199999999998E-003   7.9357827367673712E+020
   7.3425399999999998E-003   7.8971930024291743E+020
   7.3286499999999999E-003   7.6235686720030664E+020
   7.3152299999999998E-003   7.1643775660488917E+020
   7.2999800000000002E-003   6.8953653301320876E+020
   7.2859900000000000E-003   6.7241560363056995E+020
   7.2800599999999997E-003   6.4710482122058079E+020
   7.2741600000000000E-003   6.2306080054983262E+020
   7.2597699999999996E-003   6.0217743142037632E+020
   7.2539900000000001E-003   5.9026176135713889E+020
   7.2473900000000003E-003   5.6724766140528027E+020
   7.2422600000000004E-003   5.6581594758496086E+020
   7.2341100000000002E-003   5.5319677439898950E+020
   7.2288999999999999E-003   5.3598307083596517E+020
   7.2240200000000003E-003   5.2567087413766436E+020
   7.2195999999999996E-003   5.2837431717189694E+020
   7.2143199999999998E-003   5.1173633966546131E+020
   7.2084799999999997E-003   4.9843857713204278E+020
   7.2026800000000004E-003   4.9513778612390232E+020
   7.1991700000000004E-003   4.9246033279102301E+020
   7.1943700000000003E-003   4.8485418278967568E+020
   7.1919799999999997E-003   4.8128891307354581E+020
   7.1901999999999999E-003   4.7777325925030848E+020
   7.1860099999999996E-003   4.7576266930454810E+020
   7.1836100000000000E-003   4.7356163258868308E+020
   7.1802899999999998E-003   4.7080288309291627E+020
   7.1775600000000004E-003   4.6558873703029834E+020
   7.1714800000000000E-003   4.5952577939769990E+020
   7.1669300000000002E-003   4.5754724935174573E+020
   7.1617800000000004E-003   4.5103907953328849E+020
   7.1557599999999997E-003   4.4700733487031504E+020
   7.1510300000000001E-003   4.4404859284910467E+020
   7.1465100000000000E-003   4.4038349507281931E+020
   7.1421399999999999E-003   4.3820235831924556E+020
   7.1381600000000002E-003   4.3524303838185895E+020
   7.1330999999999999E-003   4.3306719046652245E+020
   7.1310200000000001E-003   4.3135440174555863E+020
   7.1268700000000004E-003   4.2914861475377532E+020
   7.1241200000000003E-003   4.2734588060687840E+020
   7.1199999999999996E-003   4.2571929456804161E+020
   7.1179399999999997E-003   4.2418624108223922E+020
   7.1139300000000001E-003   4.2225539858925892E+020
   7.1100299999999998E-003   4.2086668707347268E+020
   7.1080900000000001E-003   4.1980782560606401E+020
   7.1055600000000003E-003   4.1812359857452194E+020
   7.1005199999999999E-003   4.1600522009006552E+020
   7.0955100000000002E-003   4.1401157313865554E+020
   7.0905100000000004E-003   4.1260020527860174E+020
   7.0880300000000004E-003   4.1185103288253855E+020
   7.0861600000000002E-003   4.1087596025561966E+020
   7.0824499999999997E-003   4.0963561411030417E+020
   7.0787899999999997E-003   4.0847738350295574E+020
   7.0752000000000002E-003   4.0739058288305327E+020
   7.0716700000000004E-003   4.0637872970514845E+020
   7.0681900000000002E-003   4.0525954659240142E+020
   7.0636500000000003E-003   4.0428337459438964E+020
   7.0608600000000004E-003   4.0358590000851327E+020
   7.0580699999999996E-003   4.0273015525991953E+020
   7.0534800000000000E-003   4.0183425385623919E+020
   7.0498799999999997E-003   4.0113644312278696E+020
   7.0467000000000004E-003   4.0057265909452276E+020
   7.0439500000000002E-003   3.9989530503244507E+020
   7.0393299999999999E-003   3.9917309781968998E+020
   7.0345099999999999E-003   3.9816553654372270E+020
   7.0282900000000004E-003   3.9814695594457924E+020
   7.0253499999999997E-003   3.9741962340243892E+020
   7.0224299999999996E-003   3.9662083751790543E+020
   7.0180499999999996E-003   3.9702214360769194E+020
   7.0122300000000004E-003   3.9634515549796447E+020
   7.0093400000000002E-003   3.9569114079534285E+020
   7.0064500000000000E-003   3.9635153898725160E+020
   7.0019699999999997E-003   3.9583814620930553E+020
   6.9956899999999997E-003   3.9573488520746723E+020
   6.9920599999999996E-003   3.9565754181374286E+020
   6.9859099999999997E-003   3.9562618158940206E+020
   6.9798500000000001E-003   3.9534966028222339E+020
   6.9764099999999997E-003   3.9647482378851143E+020
   6.9741999999999998E-003   3.9599503025042280E+020
   6.9697900000000000E-003   3.9622718582347878E+020
   6.9644399999999997E-003   3.9647131240060617E+020
   6.9613000000000001E-003   3.9671690391733790E+020
   6.9562699999999996E-003   3.9699441887284285E+020
   6.9537699999999997E-003   3.9730464879248631E+020
   6.9488800000000002E-003   3.9786666993520719E+020
   6.9417599999999999E-003   3.9849446198084193E+020
   6.9368800000000003E-003   3.9905708661195021E+020
   6.9320199999999997E-003   3.9990687928275108E+020
   6.9236799999999998E-003   4.0076939527052362E+020
   6.9192300000000002E-003   4.0152508603212608E+020
   6.9118599999999997E-003   4.0283250646475152E+020
   6.9084899999999998E-003   4.0290349864174505E+020
   6.9064699999999996E-003   4.0336114497558295E+020
   6.9037800000000000E-003   4.0413531468229208E+020
   6.8978599999999996E-003   4.0523016731242168E+020
   6.8918800000000004E-003   4.0636235505376743E+020
   6.8850400000000003E-003   4.0784690718650925E+020
   6.8793500000000002E-003   4.0876106386222449E+020
   6.8750399999999998E-003   4.0997647069308027E+020
   6.8684999999999996E-003   4.1136038866104654E+020
   6.8631500000000002E-003   4.1237177383890787E+020
   6.8599600000000000E-003   4.1332906920582323E+020
   6.8539600000000001E-003   4.1488147528079724E+020
   6.8497000000000002E-003   4.1578573687907923E+020
   6.8454400000000004E-003   4.1726509970530841E+020
   6.8380300000000001E-003   4.1898766347721533E+020
   6.8338200000000000E-003   4.2034884132606234E+020
   6.8275200000000001E-003   4.2230824618476713E+020
   6.8199000000000003E-003   4.2427426823954098E+020
   6.8139200000000002E-003   4.2587986050332675E+020
   6.8091599999999999E-003   4.2744416354712565E+020
   6.8032400000000003E-003   4.2957654746852937E+020
   6.7963900000000002E-003   4.3168709351593601E+020
   6.7895799999999999E-003   4.3398110057191552E+020
   6.7824399999999998E-003   4.3627847592199966E+020
   6.7757900000000003E-003   4.3888919901958832E+020
   6.7672000000000001E-003   4.4167573933458751E+020
   6.7595600000000004E-003   4.4472916151743696E+020
   6.7507399999999999E-003   4.4781242414683672E+020
   6.7419699999999999E-003   4.5168454747148157E+020
   6.7309700000000002E-003   4.5580529528151704E+020
   6.7200599999999999E-003   4.6115974459990317E+020
   6.7038499999999999E-003   4.6822295805485135E+020
   6.6850599999999996E-003   4.7536483493589936E+020
   6.6694099999999997E-003   4.8204555471324807E+020
   6.6533900000000003E-003   4.8931567468728805E+020
   6.6359499999999998E-003   4.9717306983237131E+020
   6.6173300000000003E-003   5.0631081417028836E+020
   6.5948600000000001E-003   5.1509410855768936E+020
   6.5782300000000000E-003   5.2344010864644476E+020
   6.5582599999999998E-003   5.3254793221004860E+020
   6.5385499999999997E-003   5.4091728705728178E+020
   6.5222099999999996E-003   5.4724437331468085E+020
   6.5115299999999997E-003   5.5412687250997930E+020
   6.4930400000000003E-003   5.6121536981762618E+020
   6.4817199999999998E-003   5.6931268076178578E+020
   6.4593000000000003E-003   5.7869216277687278E+020
   6.4429999999999999E-003   5.8663218566230403E+020
   6.4268600000000004E-003   5.9386712773935995E+020
   6.4136999999999996E-003   6.0039309214691584E+020
   6.4006400000000000E-003   6.1128434951551648E+020
   6.3703500000000003E-003   6.2658641348324190E+020
   6.3405900000000001E-003   6.3779197445544293E+020
   6.3270000000000002E-003   6.4754370480807805E+020
   6.3032899999999996E-003   6.5648900655547797E+020
   6.2931200000000001E-003   6.6571504075170945E+020
   6.2686599999999997E-003   6.7880539264587268E+020
   6.2445299999999999E-003   6.8917799744830125E+020
   6.2306000000000002E-003   6.9680561978187776E+020
   6.2167699999999999E-003   7.0656214617133561E+020
   6.1953900000000003E-003   7.1845811514848340E+020
   6.1742500000000001E-003   7.2845176585457736E+020
   6.1600099999999996E-003   7.3653408402225378E+020
   6.1458700000000003E-003   7.4897180631333772E+020
   6.1167399999999999E-003   7.6580182536393995E+020
   6.0880300000000004E-003   7.7970513973025728E+020
   6.0695599999999999E-003   7.9065007903557511E+020
   6.0512600000000001E-003   7.9946356867177015E+020
   6.0401800000000000E-003   8.0613123968614557E+020
   6.0291600000000004E-003   8.1746200357672426E+020
   6.0029000000000002E-003   8.3674468153886284E+020
   5.9664599999999998E-003   8.5704585991936147E+020
   5.9378599999999997E-003   8.7177546349103363E+020
   5.9198699999999998E-003   8.8493217202376173E+020
   5.8966599999999997E-003   8.9982910882831873E+020
   5.8736900000000000E-003   9.1749480319981296E+020
   5.8424999999999996E-003   9.3820143636027330E+020
   5.8110400000000000E-003   9.5406340254768379E+020
   5.7951200000000000E-003   9.6477740805161904E+020
   5.7793000000000002E-003   9.8118299160539562E+020
   5.7469299999999999E-003   1.0033576697010531E+021
   5.7149899999999997E-003   1.0260427105186516E+021
   5.6820400000000002E-003   1.0492525232048842E+021
   5.6495299999999998E-003   1.0730000129892022E+021
   5.6160100000000003E-003   1.0972947640194620E+021
   5.5829199999999999E-003   1.1221496748162499E+021
   5.5488000000000004E-003   1.1475814366845026E+021
   5.5151100000000002E-003   1.1736034777076145E+021
   5.4803899999999999E-003   1.2002267282853976E+021
   5.4460899999999998E-003   1.2204801131449242E+021
   5.4285499999999999E-003   1.2342554369168625E+021
   5.4111200000000002E-003   1.2553345513840939E+021
   5.3754600000000003E-003   1.2838507700598079E+021
   5.3402299999999996E-003   1.3055498798165498E+021
   5.3222100000000000E-003   1.3203059559022401E+021
   5.3042999999999996E-003   1.3427231431873260E+021
   5.2680499999999998E-003   1.3732658435867712E+021
   5.2314700000000002E-003   1.4045179188420957E+021
   5.1945600000000000E-003   1.4364962654218976E+021
   5.1573100000000000E-003   1.4692055818378821E+021
   5.1197200000000003E-003   1.5026898836078173E+021
   5.0817800000000002E-003   1.5369410090306130E+021
   5.0434900000000003E-003   1.5719906695711991E+021
   5.0048400000000000E-003   1.6078515227526465E+021
   4.9658300000000001E-003   1.6445448260741699E+021
   4.9264599999999997E-003   1.6726789433344503E+021
   4.9065400000000000E-003   1.6916689513703072E+021
   4.8867199999999998E-003   1.7108772768516428E+021
   4.8666100000000004E-003   1.7303070737763926E+021
   4.8465899999999996E-003   1.7555935026344763E+021
   4.8147499999999996E-003   1.7868547227286045E+021
   4.7831300000000000E-003   1.8128449320329452E+021
   4.7625300000000001E-003   1.8334375689604256E+021
   4.7420199999999996E-003   1.8542585587609061E+021
   4.7212100000000000E-003   1.8753094224923675E+021
   4.7004999999999998E-003   1.8965935082571123E+021
   4.6794899999999997E-003   1.9181093210378302E+021
   4.6585799999999998E-003   1.9398619589822081E+021
   4.6373700000000000E-003   1.9618460923310034E+021
   4.6162399999999998E-003   1.9840609313244489E+021
   4.5948200000000003E-003   2.0065286228968376E+021
   4.5734800000000004E-003   2.0292426218733966E+021
   4.5518499999999996E-003   2.0522220337279145E+021
   4.5302900000000002E-003   2.0754592221857301E+021
   4.5084399999999998E-003   2.0989818308006820E+021
   4.4866699999999999E-003   2.1227758850530791E+021
   4.4646000000000000E-003   2.1468870771768094E+021
   4.4425999999999997E-003   2.1712989933872606E+021
   4.4203000000000003E-003   2.1960507344791124E+021
   4.3980699999999996E-003   2.2211269052791702E+021
   4.3755399999999998E-003   2.2465706090566650E+021
   4.3530799999999996E-003   2.2724966936608923E+021
   4.3303100000000004E-003   2.2984252178027554E+021
   4.3076099999999999E-003   2.3243839086050985E+021
   4.2846000000000004E-003   2.3507501098760242E+021
   4.2616599999999996E-003   2.3501560145420668E+021
   4.2385100000000000E-003   2.3763520023093151E+021
   4.2152300000000004E-003   2.4040843965709628E+021
   4.1918199999999997E-003   2.4316337396954059E+021
   4.1682899999999998E-003   2.4591821380826636E+021
   4.1446299999999998E-003   2.4877309423849455E+021
   4.1208299999999998E-003   2.5169191866281047E+021
   4.0968999999999997E-003   2.5466063636221521E+021
   4.0728400000000003E-003   2.5768706792475596E+021
   4.0486300000000001E-003   2.6074225203739849E+021
   4.0242899999999998E-003   2.6383445514459420E+021
   3.9998100000000003E-003   2.6696413532735097E+021
   3.9751800000000000E-003   2.7013176284369450E+021
   3.9503999999999997E-003   2.7333780133048274E+021
   3.9254800000000003E-003   2.7658272834579842E+021
   3.9004100000000000E-003   2.7986702640385140E+021
   3.8751800000000002E-003   2.8319118416240202E+021
   3.8498000000000000E-003   2.8655569727301049E+021
   3.8242599999999999E-003   2.8996106765602815E+021
   3.7985699999999998E-003   2.9340780390284935E+021
   3.7726999999999999E-003   2.9689642108850138E+021
   3.7466800000000001E-003   3.0042744185479102E+021
   3.7204800000000000E-003   3.0400139391905820E+021
   3.6941200000000000E-003   3.0761881439729872E+021
   3.6675800000000001E-003   3.1128024617129413E+021
   3.6408600000000001E-003   3.1498623949005704E+021
   3.6139599999999998E-003   3.1873735214281298E+021
   3.5868800000000002E-003   3.2253414904621407E+021
   3.5596099999999999E-003   3.2637720326098948E+021
   3.5321500000000000E-003   3.3026709498595283E+021
   3.5044899999999999E-003   3.3420441164786691E+021
   3.4766300000000001E-003   3.3818975014141816E+021
   3.4485700000000002E-003   3.4222371436467035E+021
   3.4202999999999998E-003   3.4630691606107196E+021
   3.3918199999999998E-003   3.5043997462202249E+021
   3.3631199999999998E-003   3.5462351978288455E+021
   3.3341999999999998E-003   3.5885818731882757E+021
   3.3050499999999999E-003   3.6314462394906260E+021
   3.2756600000000001E-003   3.6748348188877437E+021
   3.2460399999999999E-003   3.7187542589600081E+021
   3.2161799999999999E-003   3.7632112559672221E+021
   3.1860600000000001E-003   3.8082126250555532E+021
   3.1556800000000001E-003   3.8537652537697234E+021
   3.1250499999999999E-003   3.8998761261465626E+021
   3.0941400000000000E-003   3.9465523325958168E+021
   3.0629500000000000E-003   3.9938010216837189E+021
   3.0314700000000001E-003   4.0416294749293133E+021
   2.9997000000000001E-003   4.0900450344428440E+021
   2.9676300000000002E-003   4.1390551575299159E+021
   2.9352400000000000E-003   4.1886673961977145E+021
   2.9025300000000000E-003   4.2388893786759947E+021
   2.8694900000000001E-003   4.2897288575884953E+021
   2.8360999999999998E-003   4.3411936475483100E+021
   2.8023599999999998E-003   4.3932916896614355E+021
   2.7682499999999999E-003   4.4460309904796507E+021
   2.7337600000000000E-003   4.4994196850472245E+021
   2.6988699999999999E-003   4.5534659745673920E+021
   2.6635700000000001E-003   4.6081781514524400E+021
   2.6278500000000002E-003   4.6635645138299147E+021
   2.5916799999999999E-003   4.7196336247756864E+021
   2.5550600000000001E-003   4.7763940499811446E+021
   2.5179500000000001E-003   4.8339512812389584E+021
   2.4803500000000001E-003   4.8920984544460942E+021
   2.4422200000000002E-003   4.9509408392767299E+021
   2.4035400000000000E-003   5.0104846633252055E+021
   2.3643000000000002E-003   5.0707339763191760E+021
   2.3244500000000000E-003   5.1316867287123304E+021
   2.2839599999999998E-003   5.1933472118179690E+021
   2.2428200000000000E-003   5.2557185847808796E+021
   2.2009700000000000E-003   5.3188030287065645E+021
   2.1583800000000001E-003   5.3826015323716342E+021
   2.1150000000000001E-003   5.4471135449786855E+021
   2.0707899999999999E-003   5.5123366256550494E+021
   2.0256900000000001E-003   5.5782658970340263E+021
   1.9796499999999999E-003   5.6448934515640128E+021
   1.9325900000000001E-003   5.7119893200063494E+021
   1.8847600000000001E-003   5.7799612582806023E+021
   1.8351100000000000E-003   5.8488246535031452E+021
   1.7845100000000000E-003   5.9180776424596235E+021
   1.7325299999999999E-003   5.9791773951408566E+021
   1.6928600000000000E-003   6.0318625516751128E+021
   1.6516899999999999E-003   6.1064941448451787E+021
   1.5741600000000000E-003   6.1826692039458853E+021
   1.5307400000000001E-003   6.2363839592635512E+021
   1.4852200000000000E-003   6.3165584028838994E+021
   1.3908700000000000E-003   6.4075424941999747E+021
   1.3257399999999999E-003   6.4790382163854633E+021
   1.2577899999999999E-003   6.5523655753592073E+021
   1.1827599999999999E-003   6.6283427997299088E+021
   1.1028699999999999E-003   6.7065858649973944E+021
   1.0108999999999999E-003   6.7902984022857613E+021
   9.0121000000000005E-004   6.8929108837067433E+021
   7.0786999999999998E-004   6.9832598623648712E+021
   5.6899000000000001E-004   7.0145153812983122E+021
   4.8512000000000002E-004   7.0234976095220552E+021
   3.8374999999999998E-004   7.0264288398549252E+021
   3.1449000000000001E-004   7.0285587124586000E+021
   2.5122000000000002E-004   7.0303012679161301E+021
   2.0205000000000001E-004   7.0318581886469947E+021
   1.6449999999999999E-004   7.0330985411557322E+021
   1.3669999999999999E-004   7.0342558526176347E+021
   1.1713000000000000E-004   7.0351772686628810E+021
   1.0425999999999999E-004   7.0361387146829921E+021
   8.7050000000000002E-005   7.0376941653084078E+021
   6.9090000000000004E-005   7.0388963301705510E+021
   5.4830000000000002E-005   7.0396659447853492E+021
   4.3519999999999997E-005   7.0401441964699209E+021
   3.4539999999999998E-005   7.0404449412120702E+021
   2.7410000000000000E-005   7.0406396850225860E+021
   2.1759999999999998E-005   7.0407591834598349E+021
   1.7269999999999999E-005   7.0408369130843962E+021
   1.3709999999999999E-005   7.0409026088527106E+021
