   8.8780500000000002E-003   5393609272118386.0     
   8.8780500000000002E-003   5602321171631721.0     
   8.8780400000000002E-003   5802789406672264.0     
   8.8780400000000002E-003   5995595829704482.0     
   8.8780400000000002E-003   6181364985804292.0     
   8.8780400000000002E-003   6360640325126335.0     
   8.8780400000000002E-003   6533826447847994.0     
   8.8780400000000002E-003   6701287112051582.0     
   8.8780400000000002E-003   6863358663254587.0     
   8.8780400000000002E-003   7020356139646889.0     
   8.8780400000000002E-003   7172545805055381.0     
   8.8780400000000002E-003   7320167811620080.0     
   8.8780400000000002E-003   7463436146950919.0     
   8.8780400000000002E-003   7602541063113728.0     
   8.8780400000000002E-003   7737648464433521.0     
   8.8780400000000002E-003   7868916457536417.0     
   8.8780400000000002E-003   7996484298073855.0     
   8.8780400000000002E-003   8120490211559793.0     
   8.8780300000000003E-003   8241062248152539.0     
   8.8780300000000003E-003   8358303706985107.0     
   8.8780300000000003E-003   8500393051816888.0     
   8.8780300000000003E-003   8664364750220866.0     
   8.8780300000000003E-003   8821523061224508.0     
   8.8780300000000003E-003   8972032487459816.0     
   8.8780300000000003E-003   9092366274401696.0     
   8.8780300000000003E-003   9185497859066098.0     
   8.8780300000000003E-003   9275786898267396.0     
   8.8780300000000003E-003   9363228685612272.0     
   8.8780300000000003E-003   9468675614159948.0     
   8.8780300000000003E-003   9589083797761200.0     
   8.8780300000000003E-003   9705442735866686.0     
   8.8780300000000003E-003   9819090782033376.0     
   8.8780300000000003E-003   9911887344541808.0     
   8.8780300000000003E-003   9984828577794390.0     
   8.8780300000000003E-003   10056715139346408.     
   8.8780300000000003E-003   10127575502694792.     
   8.8780300000000003E-003   10231892916302242.     
   8.8780200000000004E-003   10334328667477032.     
   8.8780200000000004E-003   10401407101348998.     
   8.8780200000000004E-003   10500288036409856.     
   8.8780200000000004E-003   10629372384355498.     
   8.8780200000000004E-003   10755318390511972.     
   8.8780200000000004E-003   10878295455130478.     
   8.8780200000000004E-003   10968756784289834.     
   8.8780200000000004E-003   11028159394686108.     
   8.8780200000000004E-003   11115953201704478.     
   8.8780200000000004E-003   11230917214931656.     
   8.8780200000000004E-003   11343453896986060.     
   8.8780200000000004E-003   11453690873589426.     
   8.8780200000000004E-003   11561730530640826.     
   8.8780200000000004E-003   11685063812203696.     
   8.8780200000000004E-003   11822760331459274.     
   8.8780200000000004E-003   11957091574715674.     
   8.8780100000000004E-003   12088235774915004.     
   8.8780100000000004E-003   12216353853691220.     
   8.8780100000000004E-003   12341589486178460.     
   8.8780100000000004E-003   12464095563803668.     
   8.8780100000000004E-003   12583981606196162.     
   8.8780100000000004E-003   12715821864132896.     
   8.8780100000000004E-003   12858852287493734.     
   8.8780100000000004E-003   12998366518981020.     
   8.8780100000000004E-003   13100891453472986.     
   8.8780100000000004E-003   13168181101840444.     
   8.8780100000000004E-003   13267581501842936.     
   8.8780100000000004E-003   13397607870782404.     
   8.8780100000000004E-003   13524776527837990.     
   8.8780000000000005E-003   13649230971329218.     
   8.8780000000000005E-003   13771087704674756.     
   8.8780000000000005E-003   13890483361812604.     
   8.8780000000000005E-003   14007522476102620.     
   8.8780000000000005E-003   14122307503164622.     
   8.8780000000000005E-003   14234950172369622.     
   8.8780000000000005E-003   14345530880808488.     
   8.8780000000000005E-003   14507557748520866.     
   8.8780000000000005E-003   14691661694860196.     
   8.8780000000000005E-003   14845189661159678.     
   8.8780000000000005E-003   14995090427463438.     
   8.8779900000000005E-003   15105351591933916.     
   8.8779900000000005E-003   15177765253778204.     
   8.8779900000000005E-003   15284836073161728.     
   8.8779900000000005E-003   15425042871240478.     
   8.8779900000000005E-003   15629693495937934.     
   8.8779900000000005E-003   15828862741449276.     
   8.8779900000000005E-003   15958339878777358.     
   8.8779900000000005E-003   16085438715744064.     
   8.8779900000000005E-003   16210273790431830.     
   8.8779800000000006E-003   16332942932275534.     
   8.8779800000000006E-003   16453535497570366.     
   8.8779800000000006E-003   16572142514722378.     
   8.8779800000000006E-003   16688823196504424.     
   8.8779800000000006E-003   16822594554605292.     
   8.8779800000000006E-003   16972596973761874.     
   8.8779800000000006E-003   17191788544466602.     
   8.8779800000000006E-003   17405245073444734.     
   8.8779700000000007E-003   17544106408794784.     
   8.8779700000000007E-003   17680493729880964.     
   8.8779700000000007E-003   17814498815148578.     
   8.8779700000000007E-003   17962506035003928.     
   8.8779700000000007E-003   18123775629808232.     
   8.8779700000000007E-003   18281827708718216.     
   8.8779700000000007E-003   18436809805803372.     
   8.8779700000000007E-003   18588885197452404.     
   8.8779600000000007E-003   18738202128581492.     
   8.8779600000000007E-003   18957052205563664.     
   8.8779600000000007E-003   19184926685702236.     
   8.8779600000000007E-003   19351883621890652.     
   8.8779600000000007E-003   19515775878345220.     
   8.8779600000000007E-003   19676779532475016.     
   8.8779500000000008E-003   19835039252337192.     
   8.8779500000000008E-003   19990703148027852.     
   8.8779500000000008E-003   20143885091188752.     
   8.8779500000000008E-003   20294717064500264.     
   8.8779500000000008E-003   20443293782038036.     
   8.8779500000000008E-003   20589709645254588.     
   8.8779400000000008E-003   20734062301488864.     
   8.8779400000000008E-003   20876431424469264.     
   8.8779400000000008E-003   21086239366359908.     
   8.8779400000000008E-003   21359995974015796.     
   8.8779400000000008E-003   21627028579123900.     
   8.8779299999999992E-003   21887759901755888.     
   8.8779299999999992E-003   22142542238260764.     
   8.8779299999999992E-003   22391711781333336.     
   8.8779299999999992E-003   22635567035586712.     
   8.8779199999999992E-003   22874379087881836.     
   8.8779199999999992E-003   23108380421173684.     
   8.8779199999999992E-003   23337790906453228.     
   8.8779199999999992E-003   23562821231618428.     
   8.8779099999999993E-003   23783665625044032.     
   8.8779099999999993E-003   24000520813885572.     
   8.8779099999999993E-003   24213561739277808.     
   8.8779099999999993E-003   24422957208743952.     
   8.8778999999999993E-003   24628873311883940.     
   8.8778999999999993E-003   24931226131210048.     
   8.8778999999999993E-003   25323805474661180.     
   8.8778899999999994E-003   25610802713805200.     
   8.8778899999999994E-003   25798483823059428.     
   8.8778899999999994E-003   25983523082409432.     
   8.8778899999999994E-003   26166002195361712.     
   8.8778799999999995E-003   26405364248435300.     
   8.8778799999999995E-003   26698930809879212.     
   8.8778799999999995E-003   26986376182922664.     
   8.8778699999999995E-003   27198293943925376.     
   8.8778699999999995E-003   27337710794070120.     
   8.8778699999999995E-003   27544150461432516.     
   8.8778699999999995E-003   27815135721798956.     
   8.8778599999999996E-003   28081309637571236.     
   8.8778599999999996E-003   28342930426053888.     
   8.8778599999999996E-003   28600249219475764.     
   8.8778499999999996E-003   28853476025398904.     
   8.8778499999999996E-003   29225599057738480.     
   8.8778499999999996E-003   29590603664626796.     
   8.8778399999999997E-003   29829653345708344.     
   8.8778399999999997E-003   30065731285383560.     
   8.8778399999999997E-003   30299077088358772.     
   8.8778299999999997E-003   30644105122618436.     
   8.8778299999999997E-003   31096503529311824.     
   8.8778199999999998E-003   31540422789803024.     
   8.8778199999999998E-003   31976608334887600.     
   8.8778099999999999E-003   32352651556210924.     
   8.8778099999999999E-003   32671027248715048.     
   8.8777999999999999E-003   32985884401663416.     
   8.8777999999999999E-003   33297302049645056.     
   8.8777999999999999E-003   33757862247609468.     
   8.8777900000000000E-003   34211590961690060.     
   8.8777900000000000E-003   34509922570051928.     
   8.8777800000000000E-003   34804954886242552.     
   8.8777800000000000E-003   35096696227765240.     
   8.8777700000000001E-003   35527846498542076.     
   8.8777700000000001E-003   36091706869228056.     
   8.8777600000000002E-003   36642791638149176.     
   8.8777500000000002E-003   37181216453598160.     
   8.8777500000000002E-003   37707002323853144.     
   8.8777400000000003E-003   38220534646002952.     
   8.8777400000000003E-003   38723120736444192.     
   8.8777300000000003E-003   39215746444531576.     
   8.8777200000000004E-003   39698918129381232.     
   8.8777200000000004E-003   40173019135622688.     
   8.8777100000000005E-003   40638816928580616.     
   8.8777100000000005E-003   41172367483028336.     
   8.8777000000000005E-003   41771425269535464.     
   8.8776900000000006E-003   42359687209161720.     
   8.8776800000000006E-003   42938239680871048.     
   8.8776800000000006E-003   43507978731524248.     
   8.8776700000000007E-003   43930421063104360.     
   8.8776700000000007E-003   44209354185421208.     
   8.8776600000000008E-003   44623942898098176.     
   8.8776600000000008E-003   45171179304684976.     
   8.8776500000000008E-003   45711662570580248.     
   8.8776399999999991E-003   46245584829846272.     
   8.8776399999999991E-003   46903704092395840.     
   8.8776299999999992E-003   47681406201281288.     
   8.8776199999999993E-003   48256464948933144.     
   8.8776099999999993E-003   48823665407880808.     
   8.8775999999999994E-003   49384262916821864.     
   8.8775999999999994E-003   49815150667121528.     
   8.8775899999999994E-003   50302516753817200.     
   8.8775899999999994E-003   50784493932705216.     
   8.8775799999999995E-003   51261194032310152.     
   8.8775699999999996E-003   51966249768985608.     
   8.8775599999999996E-003   52660065077495512.     
   8.8775599999999996E-003   53116023708609264.     
   8.8775499999999997E-003   53678644076262952.     
   8.8775399999999997E-003   54343233327295936.     
   8.8775399999999997E-003   55318209785189528.     
   8.8775199999999999E-003   56267468147968376.     
   8.8775099999999999E-003   56885785059626232.     
   8.8775099999999999E-003   57492640648718368.     
   8.8775000000000000E-003   58088151265743384.     
   8.8774900000000000E-003   58960624894397384.     
   8.8774800000000001E-003   60088455769381272.     
   8.8774600000000002E-003   60999927860571360.     
   8.8774500000000003E-003   61711657707631048.     
   8.8774400000000003E-003   62495437606770040.     
   8.8774300000000004E-003   63347563963169176.     
   8.8774200000000004E-003   64181484355144848.     
   8.8774100000000005E-003   64998728051174096.     
   8.8774000000000006E-003   65998016409938328.     
   8.8773900000000006E-003   66880141357906680.     
   8.8773800000000007E-003   67458293251613272.     
   8.8773700000000007E-003   68029419826965888.     
   8.8773600000000008E-003   68593818336594104.     
   8.8773600000000008E-003   69427519112402760.     
   8.8773399999999992E-003   70518843019970792.     
   8.8773299999999992E-003   71586849382617536.     
   8.8773099999999994E-003   72632456565870352.     
   8.8772999999999994E-003   73656256942829088.     
   8.8772899999999995E-003   74823300477961152.     
   8.8772699999999996E-003   76123017582486320.     
   8.8772499999999997E-003   77231327673662880.     
   8.8772399999999998E-003   78160313353700336.     
   8.8772199999999999E-003   79071104563553760.     
   8.8772100000000000E-003   79964536161022320.     
   8.8772000000000000E-003   80985724390668064.     
   8.8771800000000001E-003   82126904186479664.     
   8.8771700000000002E-003   83241862411338224.     
   8.8771500000000003E-003   84332317597825568.     
   8.8771400000000004E-003   85399977395542208.     
   8.8771200000000005E-003   86446549525884240.     
   8.8771100000000006E-003   87473603232741056.     
   8.8770900000000007E-003   88482548918660976.     
   8.8770800000000007E-003   89474644211406704.     
   8.8770700000000008E-003   90451033526568608.     
   8.8770499999999992E-003   91650446458818608.     
   8.8770299999999993E-003   93063003192491248.     
   8.8770099999999994E-003   94219795105247840.     
   8.8769999999999995E-003   95132107971357088.     
   8.8769799999999996E-003   96033804853063648.     
   8.8769699999999997E-003   96925375172291552.     
   8.8769599999999997E-003   98243540112368560.     
   8.8769299999999999E-003   99971619109884240.     
   8.8769100000000000E-003   1.0124691132747930E+017
   8.8769000000000001E-003   1.0208642032608640E+017
   8.8768800000000002E-003   1.0312453927586854E+017
   8.8768700000000002E-003   1.0435535334627101E+017
   8.8768500000000004E-003   1.0556995782776907E+017
   8.8768300000000005E-003   1.0676896206184117E+017
   8.8768100000000006E-003   1.0814838533214109E+017
   8.8767900000000007E-003   1.0970128592173411E+017
   8.8767700000000008E-003   1.1085039107031394E+017
   8.8767599999999992E-003   1.1160856915997555E+017
   8.8767499999999992E-003   1.1273438599268610E+017
   8.8767299999999993E-003   1.1421666945274837E+017
   8.8767099999999995E-003   1.1567754390296672E+017
   8.8766899999999996E-003   1.1711803943823126E+017
   8.8766699999999997E-003   1.1853915688181357E+017
   8.8766499999999998E-003   1.1994183281511971E+017
   8.8766299999999999E-003   1.2201135989000010E+017
   8.8765900000000002E-003   1.2404748893571464E+017
   8.8765700000000003E-003   1.2538450956229918E+017
   8.8765500000000004E-003   1.2670683352457408E+017
   8.8765300000000005E-003   1.2801488980884224E+017
   8.8765100000000006E-003   1.2962994055352702E+017
   8.8764900000000008E-003   1.3154126004918334E+017
   8.8764599999999992E-003   1.3311253922891242E+017
   8.8764399999999993E-003   1.3435521320237133E+017
   8.8764199999999994E-003   1.3589107521924406E+017
   8.8763999999999996E-003   1.3771034916684973E+017
   8.8763699999999997E-003   1.3950371682052264E+017
   8.8763499999999999E-003   1.4127180518763859E+017
   8.8763200000000000E-003   1.4301531248434482E+017
   8.8763000000000002E-003   1.4473506549390608E+017
   8.8762800000000003E-003   1.4643185522845930E+017
   8.8762500000000005E-003   1.4810641003030205E+017
   8.8762300000000006E-003   1.4975938795594893E+017
   8.8762100000000007E-003   1.5139143583717168E+017
   8.8761900000000008E-003   1.5326960332819485E+017
   8.8761599999999993E-003   1.5538413849187197E+017
   8.8761299999999994E-003   1.5694877309755027E+017
   8.8761099999999996E-003   1.5798138099439427E+017
   8.8760999999999996E-003   1.5974084150891930E+017
   8.8760599999999999E-003   1.6220106597090602E+017
   8.8760300000000000E-003   1.6412802756164896E+017
   8.8760100000000001E-003   1.6554233000022499E+017
   8.8759900000000003E-003   1.6729037825028256E+017
   8.8759600000000004E-003   1.6936121718464707E+017
   8.8759300000000006E-003   1.7140361768122189E+017
   8.8759100000000007E-003   1.7341884874055219E+017
   8.8758799999999992E-003   1.7573668211581104E+017
   8.8758399999999994E-003   1.7834504559433898E+017
   8.8758099999999996E-003   1.8027464060484707E+017
   8.8757899999999997E-003   1.8154796348169331E+017
   8.8757699999999998E-003   1.8343902609877142E+017
   8.8757400000000000E-003   1.8592880413432381E+017
   8.8757000000000003E-003   1.8838292649696128E+017
   8.8756700000000004E-003   1.9080310029266608E+017
   8.8756400000000006E-003   1.9319086482805382E+017
   8.8756000000000008E-003   1.9554755873975818E+017
   8.8755699999999993E-003   1.9787439011031715E+017
   8.8755399999999995E-003   2.0017248575071110E+017
   8.8755099999999996E-003   2.0244287457711677E+017
   8.8754799999999998E-003   2.0468653295338589E+017
   8.8754500000000000E-003   2.0745411952248474E+017
   8.8754000000000003E-003   2.1072552997329312E+017
   8.8753600000000005E-003   2.1341206991354976E+017
   8.8753300000000007E-003   2.1553531885011728E+017
   8.8752999999999992E-003   2.1763677617802285E+017
   8.8752799999999993E-003   2.1971715214353066E+017
   8.8752499999999995E-003   2.2228833840699994E+017
   8.8752099999999997E-003   2.2533425516509059E+017
   8.8751699999999999E-003   2.2833816075487350E+017
   8.8751300000000002E-003   2.3130200784527555E+017
   8.8750900000000004E-003   2.3422750390024173E+017
   8.8750500000000006E-003   2.3711618093914979E+017
   8.8750099999999991E-003   2.3949684492300883E+017
   8.8749799999999993E-003   2.4138379903250832E+017
   8.8749599999999994E-003   2.4418535036316941E+017
   8.8749099999999997E-003   2.4787246244039078E+017
   8.8748600000000000E-003   2.5105426485672701E+017
   8.8748300000000002E-003   2.5374869635257587E+017
   8.8747900000000005E-003   2.5641421242965997E+017
   8.8747600000000006E-003   2.5905157263965110E+017
   8.8747199999999991E-003   2.6209338043416083E+017
   8.8746799999999994E-003   2.6552605054955088E+017
   8.8746299999999997E-003   2.6891310745838726E+017
   8.8745899999999999E-003   2.7225613690833312E+017
   8.8745400000000002E-003   2.7555665670712013E+017
   8.8745000000000004E-003   2.7881611538940797E+017
   8.8744600000000007E-003   2.8203605682565366E+017
   8.8744199999999992E-003   2.8521804297634838E+017
   8.8743799999999994E-003   2.8836354089558963E+017
   8.8743299999999997E-003   2.9147394399100819E+017
   8.8742900000000000E-003   2.9455058263992717E+017
   8.8742500000000002E-003   2.9759473339286285E+017
   8.8742200000000004E-003   3.0135516709322010E+017
   8.8741600000000007E-003   3.0580725036519782E+017
   8.8740999999999993E-003   3.0946919937382810E+017
   8.8740599999999996E-003   3.1236735929027821E+017
   8.8740299999999998E-003   3.1523914361893318E+017
   8.8739900000000000E-003   3.1808529314297395E+017
   8.8739500000000002E-003   3.2230605121735014E+017
   8.8738800000000007E-003   3.2785219263393242E+017
   8.8738099999999993E-003   3.3195292545960941E+017
   8.8737799999999995E-003   3.3465790254850259E+017
   8.8737399999999998E-003   3.3867344897434163E+017
   8.8736800000000001E-003   3.4395613917869760E+017
   8.8736100000000005E-003   3.4786618373322022E+017
   8.8735800000000007E-003   3.5044738159032659E+017
   8.8735399999999992E-003   3.5428192554560819E+017
   8.8734799999999996E-003   3.5933075493404595E+017
   8.8734199999999999E-003   3.6430764394451027E+017
   8.8733500000000003E-003   3.6921570575550848E+017
   8.8732900000000007E-003   3.7430138612387552E+017
   8.8732299999999993E-003   3.8097817735076077E+017
   8.8731299999999999E-003   3.8777701035230035E+017
   8.8730600000000003E-003   3.9193915219431520E+017
   8.8730200000000006E-003   3.9605518962379456E+017
   8.8729499999999992E-003   4.0148047560106432E+017
   8.8728899999999996E-003   4.0683568501405338E+017
   8.8728200000000000E-003   4.1212397728784870E+017
   8.8727600000000004E-003   4.1864215833439629E+017
   8.8726599999999992E-003   4.2634011684330618E+017
   8.8725699999999998E-003   4.3515378732990720E+017
   8.8724500000000005E-003   4.4502576452554451E+017
   8.8723299999999995E-003   4.5229921570542189E+017
   8.8722699999999998E-003   4.5708451449399469E+017
   8.8722100000000002E-003   4.6182253187891264E+017
   8.8721500000000005E-003   4.6651461472352109E+017
   8.8721000000000008E-003   4.7173928358327750E+017
   8.8720299999999995E-003   4.7748110512713082E+017
   8.8719599999999999E-003   4.8315778041600474E+017
   8.8718900000000003E-003   4.8877160100718355E+017
   8.8718300000000007E-003   4.9597671674185805E+017
   8.8717199999999996E-003   5.0471255527819526E+017
   8.8716200000000002E-003   5.1436856774769408E+017
   8.8714899999999992E-003   5.2489904329874227E+017
   8.8713700000000000E-003   5.3633274673605542E+017
   8.8712200000000008E-003   5.4861995322201376E+017
   8.8710799999999999E-003   5.5766874597412205E+017
   8.8710100000000004E-003   5.6362073959764090E+017
   8.8709400000000008E-003   5.7340264236934131E+017
   8.8707800000000000E-003   5.8684222915238989E+017
   8.8706299999999991E-003   5.9906454259286144E+017
   8.8704999999999999E-003   6.0739098544585203E+017
   8.8704400000000003E-003   6.1288015203623578E+017
   8.8703700000000007E-003   6.1922537769046976E+017
   8.8702899999999994E-003   6.2640416139137280E+017
   8.8702099999999999E-003   6.3702515829576653E+017
   8.8700500000000009E-003   6.5094232564969830E+017
   8.8698900000000001E-003   6.6458859199555878E+017
   8.8697399999999992E-003   6.7465988037622490E+017
   8.8696599999999997E-003   6.8129476179739341E+017
   8.8695900000000001E-003   6.8950346934482202E+017
   8.8694800000000008E-003   6.9923754192173478E+017
   8.8693699999999997E-003   7.1201801589116058E+017
   8.8691900000000008E-003   7.2770331933981248E+017
   8.8690200000000000E-003   7.4236864963450611E+017
   8.8688699999999992E-003   7.5606821111512179E+017
   8.8687200000000001E-003   7.6963943604272128E+017
   8.8685699999999992E-003   7.8309010729495462E+017
   8.8684200000000001E-003   7.9851307517950566E+017
   8.8682299999999995E-003   8.1581302372404595E+017
   8.8680500000000006E-003   8.3278037580054643E+017
   8.8678600000000000E-003   8.4943466229044672E+017
   8.8676899999999993E-003   8.6579325444639514E+017
   8.8675100000000003E-003   8.8187142953404403E+017
   8.8673399999999996E-003   8.9474241884793498E+017
   8.8672400000000002E-003   9.0452564814131341E+017
   8.8671300000000008E-003   9.1421287819384499E+017
   8.8670299999999997E-003   9.2380713826639501E+017
   8.8669300000000003E-003   9.3802399521895053E+017
   8.8667299999999998E-003   9.5668703765686387E+017
   8.8665399999999991E-003   9.7683462068478810E+017
   8.8663100000000005E-003   9.9839129258550016E+017
   8.8660800000000001E-003   1.0186529494716073E+018
   8.8658899999999995E-003   1.0376853411875404E+018
   8.8656900000000007E-003   1.0587989691155212E+018
   8.8654600000000004E-003   1.0819234796915942E+018
   8.8652200000000000E-003   1.1047018084810958E+018
   8.8649999999999996E-003   1.1271494528600163E+018
   8.8647799999999992E-003   1.1438486137139756E+018
   8.8646699999999998E-003   1.1604686037417426E+018
   8.8644499999999994E-003   1.1769414085445084E+018
   8.8643400000000001E-003   1.1900429172263619E+018
   8.8641899999999992E-003   1.2052465762018939E+018
   8.8640500000000001E-003   1.2203134877996198E+018
   8.8638999999999992E-003   1.2352478411204626E+018
   8.8637600000000000E-003   1.2552998624702651E+018
   8.8635199999999997E-003   1.2803184156553649E+018
   8.8632899999999994E-003   1.3052113824741176E+018
   8.8630500000000008E-003   1.3299871761702497E+018
   8.8628200000000004E-003   1.3584717253092042E+018
   8.8625200000000005E-003   1.3905234436046044E+018
   8.8622300000000005E-003   1.4143061465144824E+018
   8.8620799999999996E-003   1.4300887768898970E+018
   8.8619400000000004E-003   1.4536586378169016E+018
   8.8616600000000004E-003   1.4847785256627052E+018
   8.8613800000000003E-003   1.5155113463024527E+018
   8.8611100000000002E-003   1.5458768170253018E+018
   8.8608400000000000E-003   1.5797826994158820E+018
   8.8605100000000003E-003   1.6170894004437281E+018
   8.8601900000000004E-003   1.6539942691239347E+018
   8.8598700000000006E-003   1.6905212296899433E+018
   8.8595600000000007E-003   1.7266270440431877E+018
   8.8592600000000007E-003   1.7623339706467133E+018
   8.8589600000000008E-003   1.7907344078792230E+018
   8.8587800000000001E-003   1.8120562314374646E+018
   8.8585999999999995E-003   1.8332024173610314E+018
   8.8584200000000005E-003   1.8541777733961170E+018
   8.8582499999999998E-003   1.8855646786453850E+018
   8.8579100000000001E-003   1.9270291647052060E+018
   8.8575700000000004E-003   1.9715674291671101E+018
   8.8571799999999992E-003   2.0190522542114127E+018
   8.8567999999999997E-003   2.0661205102289157E+018
   8.8564300000000002E-003   2.1127993719529009E+018
   8.8560600000000007E-003   2.1491524499238871E+018
   8.8558500000000002E-003   2.1755263547712668E+018
   8.8556399999999997E-003   2.2017958449082010E+018
   8.8554399999999991E-003   2.2279648747586519E+018
   8.8552400000000003E-003   2.2605450018862395E+018
   8.8549300000000004E-003   2.2993596511894252E+018
   8.8546400000000004E-003   2.3446431644697917E+018
   8.8542399999999993E-003   2.3961612180824033E+018
   8.8538499999999999E-003   2.4472685937649531E+018
   8.8534700000000004E-003   2.4979900152893660E+018
   8.8530899999999992E-003   2.5356939636481935E+018
   8.8529000000000004E-003   2.5607582298188022E+018
   8.8527199999999997E-003   2.5891039111702753E+018
   8.8524799999999994E-003   2.6206622653349110E+018
   8.8522500000000007E-003   2.6677806233598034E+018
   8.8517900000000000E-003   2.7299319043487181E+018
   8.8513499999999991E-003   2.7760615749810488E+018
   8.8511200000000005E-003   2.8066940565780122E+018
   8.8509100000000000E-003   2.8405872065375483E+018
   8.8506399999999999E-003   2.8776662088036055E+018
   8.8503799999999997E-003   2.9144180402999465E+018
   8.8501199999999995E-003   2.9508527388513224E+018
   8.8498599999999993E-003   2.9875226365202125E+018
   8.8495999999999991E-003   3.0244241186212193E+018
   8.8493400000000007E-003   3.0796248395246054E+018
   8.8488300000000002E-003   3.1524975252272276E+018
   8.8483299999999997E-003   3.2066329841550280E+018
   8.8480799999999995E-003   3.2426517071052308E+018
   8.8478399999999992E-003   3.2820269372568294E+018
   8.8475399999999992E-003   3.3246821937812142E+018
   8.8472599999999992E-003   3.3669682948782029E+018
   8.8469699999999991E-003   3.4303557186251039E+018
   8.8464100000000007E-003   3.4936278949788436E+018
   8.8461200000000007E-003   3.5357916549861253E+018
   8.8458400000000006E-003   3.5776183652649784E+018
   8.8455700000000005E-003   3.6348202363289682E+018
   8.8450899999999999E-003   3.7069395934177690E+018
   8.8446199999999992E-003   3.7792991723738163E+018
   8.8441500000000003E-003   3.8516644321498127E+018
   8.8436799999999996E-003   3.9201994585245123E+018
   8.8432600000000004E-003   3.9849281530888156E+018
   8.8428299999999994E-003   4.0370408046123075E+018
   8.8425699999999993E-003   4.0772465780651566E+018
   8.8423000000000009E-003   4.1407219311437891E+018
   8.8417300000000008E-003   4.2265401525179049E+018
   8.8411600000000007E-003   4.2937576960477143E+018
   8.8408299999999992E-003   4.3431694199944904E+018
   8.8405099999999993E-003   4.4156969645657585E+018
   8.8398899999999996E-003   4.5114233506331320E+018
   8.8392899999999996E-003   4.6146172521681992E+018
   8.8386100000000002E-003   4.7248348434399416E+018
   8.8379400000000007E-003   4.8108619466887240E+018
   8.8375599999999995E-003   4.8733013397303368E+018
   8.8371900000000000E-003   4.9357999462998354E+018
   8.8368100000000005E-003   4.9983593238784420E+018
   8.8364399999999992E-003   5.0844659221311980E+018
   8.8357899999999996E-003   5.1933719666227886E+018
   8.8351599999999999E-003   5.2887027998960108E+018
   8.8346699999999993E-003   5.3709332168946534E+018
   8.8342000000000004E-003   5.4469365893007329E+018
   8.8337899999999994E-003   5.5516153215981015E+018
   8.8330000000000006E-003   5.6958980104588227E+018
   8.8321400000000005E-003   5.8075222882137887E+018
   8.8317199999999995E-003   5.8811473087963341E+018
   8.8313100000000002E-003   5.9907352350269327E+018
   8.8304999999999998E-003   6.1350624285147238E+018
   8.8296999999999994E-003   6.2732766380461896E+018
   8.8289700000000002E-003   6.3870531169954847E+018
   8.8284499999999998E-003   6.4810789137140664E+018
   8.8279399999999994E-003   6.6178666899915141E+018
   8.8269700000000000E-003   6.7957834496409098E+018
   8.8260300000000003E-003   6.9758148019547832E+018
   8.8250499999999992E-003   7.1578941779973468E+018
   8.8240999999999997E-003   7.3199912269289769E+018
   8.8233500000000006E-003   7.4629584858568520E+018
   8.8226099999999998E-003   7.6376861858558556E+018
   8.8215499999999992E-003   7.7919410441838633E+018
   8.8210300000000005E-003   7.8936546863092879E+018
   8.8205100000000002E-003   8.0353441944263834E+018
   8.8196000000000004E-003   8.2157076420124047E+018
   8.8187000000000005E-003   8.3557399121204050E+018
   8.8181900000000001E-003   8.4567181305121352E+018
   8.8176899999999996E-003   8.5849838335531080E+018
   8.8169200000000007E-003   8.7397723901049580E+018
   8.8161699999999999E-003   8.9361591771127153E+018
   8.8150099999999999E-003   9.1186743906801603E+018
   8.8143900000000001E-003   9.2643574826588754E+018
   8.8135999999999996E-003   9.4272498691069133E+018
   8.8128300000000007E-003   9.6265806588475597E+018
   8.8117100000000004E-003   9.8027170182229320E+018
   8.8111600000000002E-003   9.9189853705738772E+018
   8.8106100000000000E-003   1.0098840319440245E+019
   8.8094799999999997E-003   1.0280190292086288E+019
   8.8089199999999996E-003   1.0399905469489844E+019
   8.8083699999999994E-003   1.0530560562300578E+019
   8.8077099999999998E-003   1.0671883320542874E+019
   8.8070700000000002E-003   1.0851863797487493E+019
   8.8060699999999992E-003   1.1069145785000413E+019
   8.8050899999999998E-003   1.1250983856193747E+019
   8.8044200000000003E-003   1.1398574860536836E+019
   8.8037600000000008E-003   1.1546102333236918E+019
   8.8030999999999995E-003   1.1774855258569402E+019
   8.8017300000000007E-003   1.2080218015235944E+019
   8.8003899999999999E-003   1.2390853780290529E+019
   8.7989999999999995E-003   1.2627939957964562E+019
   8.7983100000000002E-003   1.2784110949802213E+019
   8.7976300000000007E-003   1.3026772992934961E+019
   8.7962100000000005E-003   1.3351713888075913E+019
   8.7948200000000001E-003   1.3681250234900443E+019
   8.7933600000000001E-003   1.3932192684512901E+019
   8.7926500000000008E-003   1.4096855782625591E+019
   8.7919399999999998E-003   1.4265492562280272E+019
   8.7911900000000008E-003   1.4437662866739026E+019
   8.7904599999999999E-003   1.4607531379631553E+019
   8.7897300000000008E-003   1.4775015578865912E+019
   8.7890099999999999E-003   1.4946209186399730E+019
   8.7882399999999992E-003   1.5120581431129299E+019
   8.7874900000000002E-003   1.5376830299915078E+019
   8.7860100000000003E-003   1.5632140701750903E+019
   8.7852299999999998E-003   1.5806731581872558E+019
   8.7844599999999991E-003   1.5977974749164157E+019
   8.7837000000000002E-003   1.6145851251603663E+019
   8.7829499999999994E-003   1.6317462573190978E+019
   8.7821600000000007E-003   1.6490344174498609E+019
   8.7813700000000001E-003   1.6659182542261131E+019
   8.7805999999999995E-003   1.6824306000001497E+019
   8.7798300000000006E-003   1.6991558295392178E+019
   8.7790200000000002E-003   1.7160287759147663E+019
   8.7782199999999998E-003   1.7324593514369622E+019
   8.7774199999999993E-003   1.7484917991975541E+019
   8.7766400000000005E-003   1.7646861203267074E+019
   8.7758100000000002E-003   1.7809880655054504E+019
   8.7749999999999998E-003   1.7968161963676611E+019
   8.7741899999999994E-003   1.8122494434646753E+019
   8.7733900000000007E-003   1.8278076274744625E+019
   8.7725400000000005E-003   1.8434824477656132E+019
   8.7717100000000003E-003   1.8586933786961318E+019
   8.7708800000000000E-003   1.8735706405839675E+019
   8.7700699999999996E-003   1.8886009429160432E+019
   8.7692099999999995E-003   1.9037965567568790E+019
   8.7683499999999994E-003   1.9185918010721845E+019
   8.7675099999999992E-003   1.9331241160369983E+019
   8.7666800000000007E-003   1.9478697637561324E+019
   8.7658000000000007E-003   1.9628464342203097E+019
   8.7649300000000006E-003   1.9775023380496060E+019
   8.7640800000000005E-003   1.9919653682841903E+019
   8.7632300000000003E-003   2.0067505068307415E+019
   8.7623300000000005E-003   2.0217352554390467E+019
   8.7614500000000005E-003   2.0362133930550456E+019
   8.7605700000000005E-003   2.0510876593877217E+019
   8.7597100000000004E-003   2.0748607252644504E+019
   8.7579000000000008E-003   2.1059285555189936E+019
   8.7561300000000009E-003   2.1288773975109997E+019
   8.7551899999999995E-003   2.1448265261125628E+019
   8.7542799999999997E-003   2.1605635706241352E+019
   8.7533699999999999E-003   2.1767892015667102E+019
   8.7524700000000000E-003   2.2030412754708550E+019
   8.7505900000000008E-003   2.2372071966952845E+019
   8.7487499999999996E-003   2.2623433321688367E+019
   8.7477900000000001E-003   2.2799830542160093E+019
   8.7468400000000005E-003   2.3065999456515604E+019
   8.7449699999999995E-003   2.3428813514805305E+019
   8.7430100000000007E-003   2.3701425170260017E+019
   8.7420599999999994E-003   2.3887890683420684E+019
   8.7411099999999999E-003   2.4190209140545479E+019
   8.7391199999999995E-003   2.4581537792847360E+019
   8.7371800000000006E-003   2.4968737926341612E+019
   8.7351600000000005E-003   2.5264772789917336E+019
   8.7341599999999995E-003   2.5462056035187978E+019
   8.7331800000000001E-003   2.5775724180950905E+019
   8.7311200000000002E-003   2.6193140616943018E+019
   8.7291100000000000E-003   2.6619585137043083E+019
   8.7270100000000003E-003   2.7054543255426298E+019
   8.7249600000000004E-003   2.7376675894507106E+019
   8.7238899999999998E-003   2.7600764556270293E+019
   8.7228199999999992E-003   2.7947864172821398E+019
   8.7206599999999999E-003   2.8404005294568075E+019
   8.7185600000000002E-003   2.8860558741658079E+019
   8.7164300000000007E-003   2.9334741637622551E+019
   8.7142100000000000E-003   2.9818404107525755E+019
   8.7120400000000008E-003   3.0175882008138744E+019
   8.7109000000000006E-003   3.0556934683699958E+019
   8.7086700000000000E-003   3.0990410727770997E+019
   8.7069899999999995E-003   3.1371678689331732E+019
   8.7052599999999994E-003   3.1823370587083555E+019
   8.7030100000000006E-003   3.2347765439899894E+019
   8.7006600000000007E-003   3.2806156228436857E+019
   8.6989300000000006E-003   3.3201383190837703E+019
   8.6971600000000007E-003   3.3615996798108885E+019
   8.6953800000000008E-003   3.4023713538643616E+019
   8.6936300000000008E-003   3.4418490115133989E+019
   8.6919300000000005E-003   3.4800320631052718E+019
   8.6902600000000000E-003   3.5139288310921970E+019
   8.6888999999999994E-003   3.5444320539735216E+019
   8.6875500000000005E-003   3.5771576253660860E+019
   8.6860099999999992E-003   3.6111982167832347E+019
   8.6844899999999996E-003   3.6449459834571370E+019
   8.6829100000000003E-003   3.6794295585714639E+019
   8.6813600000000008E-003   3.7220958319399018E+019
   8.6791300000000002E-003   3.7687096539868340E+019
   8.6769599999999992E-003   3.8057219733611053E+019
   8.6753700000000000E-003   3.8375375578661970E+019
   8.6738100000000005E-003   3.8777057896301355E+019
   8.6715300000000002E-003   3.9211580369047159E+019
   8.6692899999999996E-003   3.9555022593983046E+019
   8.6676400000000008E-003   3.9841622211345113E+019
   8.6660200000000000E-003   4.0116765192993522E+019
   8.6643799999999993E-003   4.0386489579792089E+019
   8.6627700000000002E-003   4.0713608480198754E+019
   8.6604500000000001E-003   4.1059439030776267E+019
   8.6581899999999996E-003   4.1350859907269386E+019
   8.6561599999999995E-003   4.1612189332455399E+019
   8.6541799999999992E-003   4.1855199326305247E+019
   8.6521600000000008E-003   4.2087815091937010E+019
   8.6501800000000004E-003   4.2326575126473458E+019
   8.6478200000000005E-003   4.2565356275558621E+019
   8.6455200000000003E-003   4.2786690489026560E+019
   8.6431600000000004E-003   4.2987077823864726E+019
   8.6408700000000001E-003   4.3131970270394360E+019
   8.6391899999999997E-003   4.3267976624877232E+019
   8.6375500000000008E-003   4.3474203979058373E+019
   8.6345099999999998E-003   4.3714887377328087E+019
   8.6315899999999997E-003   4.3893806509403275E+019
   8.6295599999999997E-003   4.4054343361324646E+019
   8.6275799999999993E-003   4.4228059251409691E+019
   8.6255600000000009E-003   4.4409842441552232E+019
   8.6236000000000004E-003   4.4705091994568434E+019
   8.6196499999999995E-003   4.5023510182207250E+019
   8.6176599999999992E-003   4.5258722128252420E+019
   8.6157300000000003E-003   4.5561348750682202E+019
   8.6130500000000006E-003   4.5838915856480117E+019
   8.6117399999999997E-003   4.6032122069536375E+019
   8.6104600000000003E-003   4.6349617299018596E+019
   8.6077700000000007E-003   4.6686141421206520E+019
   8.6064699999999997E-003   4.6983363689211159E+019
   8.6044999999999993E-003   4.7364294159509234E+019
   8.6024900000000008E-003   4.7699112981142340E+019
   8.6011799999999999E-003   4.8123997997200089E+019
   8.5985300000000001E-003   4.8573754999193002E+019
   8.5971999999999993E-003   4.8886318281601769E+019
   8.5958800000000002E-003   4.9294193576638145E+019
   8.5938999999999998E-003   4.9812994019928343E+019
   8.5918699999999997E-003   5.0265094724492354E+019
   8.5905500000000006E-003   5.0633165713974821E+019
   8.5892399999999997E-003   5.1223072269475750E+019
   8.5865100000000003E-003   5.1941686286097342E+019
   8.5845100000000001E-003   5.2471981232285860E+019
   8.5831599999999994E-003   5.3034254123957273E+019
   8.5810999999999995E-003   5.3845396654188970E+019
   8.5784199999999998E-003   5.4563013098582458E+019
   8.5770199999999994E-003   5.5197732757139546E+019
   8.5749499999999996E-003   5.5964964933590286E+019
   8.5729199999999995E-003   5.6906734550120784E+019
   8.5701000000000006E-003   5.7817323272354857E+019
   8.5683400000000007E-003   5.8530823938814231E+019
   8.5666200000000005E-003   5.9423205038701486E+019
   8.5641299999999997E-003   6.0478806848886211E+019
   8.5616900000000003E-003   6.1647535637039170E+019
   8.5587800000000002E-003   6.2613464343532175E+019
   8.5573500000000000E-003   6.3264158867442156E+019
   8.5559399999999997E-003   6.4394018752710140E+019
   8.5525900000000005E-003   6.5965292866254569E+019
   8.5493400000000008E-003   6.7194391876772528E+019
   8.5474599999999998E-003   6.8384601619439862E+019
   8.5444800000000001E-003   6.9987425518829216E+019
   8.5410699999999996E-003   7.1432818751095439E+019
   8.5388100000000008E-003   7.2512812945728651E+019
   8.5368600000000003E-003   7.3525847277367902E+019
   8.5349299999999996E-003   7.4786020092610232E+019
   8.5321700000000004E-003   7.6225069408906772E+019
   8.5294600000000009E-003   7.7596266797952434E+019
   8.5270599999999995E-003   7.8885997257208938E+019
   8.5246999999999996E-003   7.9987656674079883E+019
   8.5230700000000006E-003   8.0893903092207485E+019
   8.5214499999999999E-003   8.2225352083521864E+019
   8.5183399999999992E-003   8.3990624005503762E+019
   8.5152900000000000E-003   8.5295553743391932E+019
   8.5137200000000007E-003   8.6201119863678697E+019
   8.5121599999999995E-003   8.7317606509649871E+019
   8.5099300000000006E-003   8.8630802352676864E+019
   8.5077199999999999E-003   9.0319878132376076E+019
   8.5042799999999995E-003   9.2425588433495163E+019
   8.5007899999999994E-003   9.4718854313945547E+019
   8.4968700000000001E-003   9.6784486645075100E+019
   8.4941800000000005E-003   9.8507175048627978E+019
   8.4914499999999993E-003   1.0063458351801334E+020
   8.4876199999999995E-003   1.0347680883246560E+020
   8.4828000000000004E-003   1.0578679055895331E+020
   8.4806800000000009E-003   1.0721525719710981E+020
   8.4785699999999995E-003   1.0889935968096340E+020
   8.4757500000000006E-003   1.1087803574932531E+020
   8.4728400000000006E-003   1.1289083305723023E+020
   8.4699700000000003E-003   1.1494066049716219E+020
   8.4670200000000004E-003   1.1704998576325150E+020
   8.4640500000000007E-003   1.1917234971507076E+020
   8.4611200000000008E-003   1.2098131346046822E+020
   8.4590599999999991E-003   1.2322558376338434E+020
   8.4550100000000007E-003   1.2667283644247494E+020
   8.4498500000000001E-003   1.2998941411396321E+020
   8.4462200000000008E-003   1.3258464375880478E+020
   8.4430500000000006E-003   1.3506219167582000E+020
   8.4398300000000006E-003   1.3844664823126198E+020
   8.4344399999999996E-003   1.4199360845473815E+020
   8.4308800000000000E-003   1.4418864728473634E+020
   8.4289800000000008E-003   1.4670372809484177E+020
   8.4247400000000000E-003   1.5017021875252078E+020
   8.4205700000000005E-003   1.5285388522869172E+020
   8.4182800000000002E-003   1.5476955993128128E+020
   8.4160099999999998E-003   1.5760676232499803E+020
   8.4116099999999999E-003   1.6133322479675762E+020
   8.4072999999999995E-003   1.6396989622171222E+020
   8.4054999999999998E-003   1.6552814823410090E+020
   8.4037199999999999E-003   1.6817796208974358E+020
   8.3994800000000008E-003   1.7191016251112322E+020
   8.3953099999999996E-003   1.7470498360497275E+020
   8.3931500000000003E-003   1.7664527269569076E+020
   8.3910100000000008E-003   1.7939729210237426E+020
   8.3871099999999997E-003   1.8295650004349803E+020
   8.3832700000000000E-003   1.8598922592567299E+020
   8.3805800000000003E-003   1.8850247476956771E+020
   8.3779100000000006E-003   1.9137836479983233E+020
   8.3744900000000001E-003   1.9461406543055998E+020
   8.3711199999999993E-003   1.9831772515152085E+020
   8.3668000000000006E-003   2.0248098349677330E+020
   8.3625599999999998E-003   2.0632388492458987E+020
   8.3589700000000003E-003   2.1131624068001448E+020
   8.3525300000000004E-003   2.1598555187880978E+020
   8.3496799999999999E-003   2.1906438272637688E+020
   8.3464999999999998E-003   2.2231537764766915E+020
   8.3433499999999994E-003   2.2735842179969460E+020
   8.3368200000000000E-003   2.3417538204597099E+020
   8.3304399999999997E-003   2.4127379456045351E+020
   8.3236100000000004E-003   2.4865199211098105E+020
   8.3169300000000002E-003   2.5428950705892147E+020
   8.3133400000000007E-003   2.5830190921832484E+020
   8.3097799999999993E-003   2.6256734633483964E+020
   8.3058100000000003E-003   2.6708652166470146E+020
   8.3018799999999993E-003   2.7139320077517039E+020
   8.2983499999999995E-003   2.7549156130775686E+020
   8.2948499999999994E-003   2.8043439087427843E+020
   8.2899600000000007E-003   2.8621658998528482E+020
   8.2851399999999999E-003   2.9266865941551353E+020
   8.2792700000000000E-003   2.9977672392545560E+020
   8.2735099999999995E-003   3.0645803715264479E+020
   8.2684700000000000E-003   3.1273655994845017E+020
   8.2635000000000000E-003   3.1926486492643341E+020
   8.2581000000000009E-003   3.2547853514091928E+020
   8.2538799999999999E-003   3.3092677371246621E+020
   8.2497200000000003E-003   3.3830697776634842E+020
   8.2426800000000005E-003   3.4760807158196050E+020
   8.2357899999999998E-003   3.5646792254033546E+020
   8.2296499999999998E-003   3.6484315757749115E+020
   8.2236199999999992E-003   3.7268340450883102E+020
   8.2182799999999997E-003   3.8290993459334447E+020
   8.2092099999999998E-003   3.9200787734838405E+020
   8.2056100000000003E-003   3.9722003253326112E+020
   8.2020400000000007E-003   4.0501891414626848E+020
   8.1950100000000008E-003   4.1539508802086902E+020
   8.1881100000000002E-003   4.2386093060763661E+020
   8.1837899999999998E-003   4.3042447092193283E+020
   8.1795199999999992E-003   4.3816922970651093E+020
   8.1737600000000004E-003   4.4709221095184728E+020
   8.1680899999999994E-003   4.5706727470926024E+020
   8.1611600000000006E-003   4.7056680718800971E+020
   8.1513100000000002E-003   4.8432131494906528E+020
   8.1443300000000000E-003   4.9338436540855747E+020
   8.1403900000000008E-003   5.0368688882646372E+020
   8.1321099999999997E-003   5.1767795001385504E+020
   8.1239899999999993E-003   5.2836604216153257E+020
   8.1197300000000004E-003   5.3580223728071646E+020
   8.1154999999999995E-003   5.4322465089613470E+020
   8.1113200000000000E-003   5.5063901475570293E+020
   8.1071800000000003E-003   5.6222500645693384E+020
   8.0984899999999999E-003   5.7797773185338042E+020
   8.0899600000000002E-003   5.9421280201227357E+020
   8.0810499999999993E-003   6.1093182210344904E+020
   8.0723099999999992E-003   6.2373033268272641E+020
   8.0677200000000004E-003   6.3261193449941094E+020
   8.0631699999999997E-003   6.4148570443187028E+020
   8.0586700000000004E-003   6.5035195556554683E+020
   8.0542200000000008E-003   6.6421253566183611E+020
   8.0448599999999992E-003   6.8305223983053642E+020
   8.0356799999999999E-003   6.9737864163090419E+020
   8.0308600000000008E-003   7.0738667504532783E+020
   8.0260899999999996E-003   7.1738765446645377E+020
   8.0213699999999999E-003   7.2738125486268429E+020
   8.0166899999999999E-003   7.4299614604003666E+020
   8.0068599999999993E-003   7.6423753689350983E+020
   7.9972299999999993E-003   7.8606733271281199E+020
   7.9871700000000000E-003   8.0862739189298299E+020
   7.9772999999999997E-003   8.2590905632947149E+020
   7.9721199999999992E-003   8.3789934612722863E+020
   7.9669900000000002E-003   8.4988357874864344E+020
   7.9619100000000009E-003   8.6186472252335745E+020
   7.9568799999999995E-003   8.8057583516885320E+020
   7.9463199999999998E-003   9.0603505755873948E+020
   7.9359700000000005E-003   9.2538421483843709E+020
   7.9305399999999998E-003   9.3891136017684444E+020
   7.9251600000000005E-003   9.5243377891523953E+020
   7.9198299999999992E-003   9.6595068189723014E+020
   7.9145499999999994E-003   9.8706612288470018E+020
   7.9034799999999992E-003   1.0158020987614517E+021
   7.8926199999999995E-003   1.0454024574923106E+021
   7.8812799999999992E-003   1.0759380606054323E+021
   7.8701599999999993E-003   1.0993383917163567E+021
   7.8643299999999992E-003   1.1155735939728188E+021
   7.8585600000000005E-003   1.1318059204338660E+021
   7.8528399999999998E-003   1.1480384090911086E+021
   7.8471700000000005E-003   1.1733713011683915E+021
   7.8352900000000000E-003   1.2078537160594804E+021
   7.8236299999999998E-003   1.2340695060494921E+021
   7.8175199999999997E-003   1.2523871116363867E+021
   7.8114700000000000E-003   1.2798321384812857E+021
   7.7995299999999998E-003   1.3176445718642798E+021
   7.7870800000000000E-003   1.3468971656925036E+021
   7.7809500000000000E-003   1.3663215449654260E+021
   7.7748699999999997E-003   1.3966765953415937E+021
   7.7621299999999999E-003   1.4380008346422099E+021
   7.7496300000000004E-003   1.4693975623678626E+021
   7.7430800000000003E-003   1.4913538823098304E+021
   7.7365899999999998E-003   1.5191122137467202E+021
   7.7267700000000000E-003   1.5528046933414896E+021
   7.7170900000000002E-003   1.5871180816743680E+021
   7.7071600000000002E-003   1.6221992776818544E+021
   7.6973600000000003E-003   1.6584036629173701E+021
   7.6870999999999997E-003   1.6956859254205883E+021
   7.6769799999999999E-003   1.7337467558915049E+021
   7.6665900000000000E-003   1.7844139274291333E+021
   7.6501700000000004E-003   1.8394707308581193E+021
   7.6379500000000001E-003   1.8876354324351872E+021
   7.6256099999999997E-003   1.9369890499719460E+021
   7.6131599999999999E-003   1.9941956968731026E+021
   7.5973999999999998E-003   2.0527486261868408E+021
   7.5847600000000003E-003   2.1067493998565917E+021
   7.5716799999999999E-003   2.1625628566298417E+021
   7.5585899999999996E-003   2.2161774317934210E+021
   7.5468899999999997E-003   2.2662040240206683E+021
   7.5357499999999999E-003   2.3261179716812478E+021
   7.5199200000000003E-003   2.3908551665191617E+021
   7.5068899999999996E-003   2.4465146283301001E+021
   7.4952300000000003E-003   2.5028635053380605E+021
   7.4814499999999997E-003   2.5688803106565548E+021
   7.4663500000000001E-003   2.6263765380692553E+021
   7.4564200000000001E-003   2.6764831795194217E+021
   7.4424499999999998E-003   2.7389592319813348E+021
   7.4260300000000001E-003   2.7897661885937064E+021
   7.4101999999999996E-003   2.8362635132715658E+021
   7.3955499999999999E-003   2.8502038588774165E+021
   7.3815000000000000E-003   2.8412010093302257E+021
   7.3656299999999997E-003   2.7667633616923793E+021
   7.3593599999999997E-003   2.7873949873123261E+021
   7.3445300000000002E-003   2.5865457773250489E+021
   7.3251000000000002E-003   2.5030001490773724E+021
   7.3113300000000004E-003   2.2771074255215172E+021
   7.2980099999999997E-003   1.9819394247011722E+021
   7.2828800000000003E-003   1.8288526064129543E+021
   7.2690000000000003E-003   1.7420025767238702E+021
   7.2631099999999997E-003   1.6338557044616169E+021
   7.2572599999999998E-003   1.5397120372839054E+021
   7.2429699999999996E-003   1.4673697796270221E+021
   7.2372299999999999E-003   1.4302682834462788E+021
   7.2306799999999997E-003   1.3673885699240281E+021
   7.2255799999999997E-003   1.3646387590081038E+021
   7.2174900000000000E-003   1.3369027713550582E+021
   7.2123200000000004E-003   1.3042378069847004E+021
   7.2074599999999997E-003   1.2897444870521327E+021
   7.2030699999999998E-003   1.2971031356632893E+021
   7.1978199999999997E-003   1.2802448077339076E+021
   7.1920300000000003E-003   1.2762366471616486E+021
   7.1862599999999999E-003   1.2810645218829856E+021
   7.1827699999999998E-003   1.2864084101950918E+021
   7.1780000000000004E-003   1.2931561204086376E+021
   7.1756299999999997E-003   1.2985729721321246E+021
   7.1738499999999998E-003   1.3065874537597229E+021
   7.1696900000000003E-003   1.3151316505256725E+021
   7.1673099999999997E-003   1.3236655304153477E+021
   7.1640000000000002E-003   1.3344254404070859E+021
   7.1612899999999998E-003   1.3547234418394202E+021
   7.1552500000000002E-003   1.3836655344665085E+021
   7.1507200000000002E-003   1.4038416618677975E+021
   7.1456000000000002E-003   1.4448594668395296E+021
   7.1396100000000002E-003   1.4813286560595061E+021
   7.1349100000000004E-003   1.5137839421685925E+021
   7.1304100000000002E-003   1.5522269757584221E+021
   7.1260600000000000E-003   1.5839235251093570E+021
   7.1221100000000001E-003   1.6246862525802084E+021
   7.1170699999999996E-003   1.6580210014974603E+021
   7.1149999999999998E-003   1.6872513132146902E+021
   7.1108800000000000E-003   1.7236601274979870E+021
   7.1081299999999998E-003   1.7581963523312200E+021
   7.1040299999999999E-003   1.7910316980994908E+021
   7.1019899999999999E-003   1.8238842646659740E+021
   7.0980000000000001E-003   1.8680378717830279E+021
   7.0941199999999998E-003   1.9017760552216499E+021
   7.0921800000000000E-003   1.9284796279495435E+021
   7.0896700000000002E-003   1.9738983910446735E+021
   7.0846499999999996E-003   2.0358973878050022E+021
   7.0796599999999998E-003   2.0998048900227853E+021
   7.0746899999999998E-003   2.1489389914407321E+021
   7.0722199999999997E-003   2.1771528251648421E+021
   7.0703600000000004E-003   2.2147634954607717E+021
   7.0666599999999998E-003   2.2655257799785576E+021
   7.0630299999999997E-003   2.3161971204542536E+021
   7.0594500000000001E-003   2.3666003415563197E+021
   7.0559300000000002E-003   2.4166553367950325E+021
   7.0524699999999999E-003   2.4754341220396900E+021
   7.0479599999999998E-003   2.5301577314991032E+021
   7.0451699999999999E-003   2.5718910793353485E+021
   7.0423899999999999E-003   2.6266777349885557E+021
   7.0378300000000001E-003   2.6884074748068716E+021
   7.0342399999999998E-003   2.7404878073864798E+021
   7.0310800000000003E-003   2.7862619364548034E+021
   7.0283300000000002E-003   2.8452950576188600E+021
   7.0237399999999997E-003   2.9188819836875765E+021
   7.0189400000000004E-003   3.0128427714299361E+021
   7.0127399999999999E-003   3.0826102558919009E+021
   7.0098199999999999E-003   3.1383181030276842E+021
   7.0069099999999999E-003   3.2166512690320103E+021
   7.0025499999999997E-003   3.2591496496187824E+021
   6.9967600000000003E-003   3.4094831080237475E+021
   6.9938700000000001E-003   3.4032677112718106E+021
   6.9909999999999998E-003   3.4459896695512446E+021
   6.9865400000000003E-003   3.5363526432866068E+021
   6.9802800000000002E-003   3.6595344046251028E+021
   6.9766699999999999E-003   3.7211673316065338E+021
   6.9705399999999999E-003   3.8575611895820253E+021
   6.9645100000000001E-003   3.8554323629131374E+021
   6.9610799999999997E-003   3.9193721353195833E+021
   6.9588799999999998E-003   4.0363742686772089E+021
   6.9544799999999999E-003   4.0589716400555389E+021
   6.9491600000000002E-003   4.3301181866665989E+021
   6.9460299999999997E-003   4.2651715782699967E+021
   6.9410200000000000E-003   4.2685482548952406E+021
   6.9385200000000001E-003   4.2941935304789590E+021
   6.9336600000000003E-003   4.5656932479326088E+021
   6.9265600000000000E-003   4.5545607994950051E+021
   6.9217000000000002E-003   4.6914271051282393E+021
   6.9168600000000004E-003   4.7549707757039995E+021
   6.9085500000000003E-003   4.8258847007095160E+021
   6.9041199999999997E-003   4.9535929333154390E+021
   6.9004399999999999E-003   5.0476361757482623E+021
   6.8967799999999999E-003   5.1649242480255026E+021
   6.8940900000000003E-003   5.1545273637665338E+021
   6.8920800000000001E-003   5.2542297592841844E+021
   6.8884100000000002E-003   5.3701045346461706E+021
   6.8868300000000000E-003   5.4762633972832063E+021
   6.8842900000000004E-003   5.5575689706660168E+021
   6.8822600000000003E-003   5.6901727086551132E+021
   6.8806800000000001E-003   5.7025590174131023E+021
   6.8791099999999999E-003   5.7727620291422595E+021
   6.8778099999999998E-003   5.8208366174965837E+021
   6.8765099999999997E-003   5.8649361422325907E+021
   6.8752400000000003E-003   5.9305014494249416E+021
   6.8739600000000001E-003   6.0629643703994611E+021
   6.8713699999999999E-003   6.1021009565353949E+021
   6.8687799999999997E-003   6.1341830082207825E+021
   6.8676400000000004E-003   6.1439666973551834E+021
   6.8665100000000001E-003   6.3279131820808670E+021
   6.8647100000000004E-003   6.3441559764931130E+021
   6.8628999999999999E-003   6.3604037160708918E+021
   6.8611000000000002E-003   6.3766561132206317E+021
   6.8593100000000004E-003   6.4862467854276284E+021
   6.8552700000000001E-003   6.5731157674138460E+021
   6.8512399999999998E-003   6.6979099124675369E+021
   6.8422700000000001E-003   6.7888058894400304E+021
   6.8222900000000000E-003   6.9421351050875953E+021
   6.8043899999999996E-003   7.0807509820542907E+021
   6.7900100000000000E-003   7.2478843855789181E+021
   6.7766099999999998E-003   7.4482581052190905E+021
   6.7568799999999998E-003   7.6712393625447621E+021
   6.7383900000000004E-003   7.8582866320646776E+021
   6.7219599999999999E-003   8.0383836593274791E+021
   6.7056199999999998E-003   8.2277207022927358E+021
   6.6894500000000004E-003   8.4287390515808185E+021
   6.6707199999999998E-003   8.6227001524743255E+021
   6.6551099999999997E-003   8.8069069740313663E+021
   6.6391400000000000E-003   9.0014880058862868E+021
   6.6217500000000000E-003   9.2128832208147726E+021
   6.6031800000000002E-003   9.4565101651176467E+021
   6.5807799999999996E-003   9.6912696614762452E+021
   6.5641900000000001E-003   9.9160785584267901E+021
   6.5442800000000004E-003   1.0164694667009607E+022
   6.5246200000000001E-003   1.0389670763272352E+022
   6.5083299999999997E-003   1.0566327408984209E+022
   6.4976699999999997E-003   1.0753434201711733E+022
   6.4792399999999998E-003   1.0947715964851068E+022
   6.4679500000000001E-003   1.1168651040257047E+022
   6.4456000000000001E-003   1.1420488248429117E+022
   6.4293400000000004E-003   1.1640665622277589E+022
   6.4132399999999997E-003   1.1843213562226267E+022
   6.4001099999999997E-003   1.2025791851716441E+022
   6.3870899999999998E-003   1.2328490516276002E+022
   6.3568799999999996E-003   1.2752619550716163E+022
   6.3271999999999998E-003   1.3067905391224391E+022
   6.3136499999999996E-003   1.3341851973194902E+022
   6.2899899999999996E-003   1.3591209445747742E+022
   6.2798500000000000E-003   1.3852010736860994E+022
   6.2554500000000001E-003   1.4220592540130730E+022
   6.2313799999999999E-003   1.4520246515900806E+022
   6.2174900000000000E-003   1.4732972060035919E+022
   6.2037000000000004E-003   1.5009195249660571E+022
   6.1823800000000003E-003   1.5351035170822262E+022
   6.1612899999999998E-003   1.5640474791579990E+022
   6.1470900000000000E-003   1.5868860674882151E+022
   6.1329899999999996E-003   1.6225058807641778E+022
   6.1039199999999997E-003   1.6709758148208138E+022
   6.0752899999999997E-003   1.7113009053294299E+022
   6.0568599999999998E-003   1.7433199300948282E+022
   6.0386099999999998E-003   1.7696562778509945E+022
   6.0275600000000004E-003   1.7887185702038266E+022
   6.0165699999999997E-003   1.8217790897862549E+022
   5.9903700000000001E-003   1.8781185603327456E+022
   5.9540200000000000E-003   1.9377481384621358E+022
   5.9254900000000003E-003   1.9816067121526304E+022
   5.9075500000000001E-003   2.0206703931513092E+022
   5.8843899999999998E-003   2.0647872465019353E+022
   5.8614799999999996E-003   2.1175095624717079E+022
   5.8303699999999997E-003   2.1793036016567877E+022
   5.7989799999999996E-003   2.2273117737757016E+022
   5.7831000000000002E-003   2.2591665950828056E+022
   5.7673200000000003E-003   2.3083886127280994E+022
   5.7350200000000004E-003   2.3752150964616714E+022
   5.7031599999999997E-003   2.4441953859320171E+022
   5.6702899999999997E-003   2.5145699708258914E+022
   5.6378599999999997E-003   2.5867207914497665E+022
   5.6044099999999998E-003   2.6614809139330087E+022
   5.5713999999999998E-003   2.7371086521659711E+022
   5.5373599999999999E-003   2.8152791059638981E+022
   5.5037599999999999E-003   2.8955436507007046E+022
   5.4691100000000001E-003   2.9772164321922368E+022
   5.4349000000000003E-003   3.0399758208023820E+022
   5.4174000000000002E-003   3.0823770986147710E+022
   5.4000100000000002E-003   3.1474139276228510E+022
   5.3644299999999999E-003   3.2358062374374215E+022
   5.3292799999999996E-003   3.3031165568778552E+022
   5.3113099999999996E-003   3.3488901338507506E+022
   5.2934400000000000E-003   3.4187418796915710E+022
   5.2572699999999997E-003   3.5138071440742551E+022
   5.2207800000000004E-003   3.6112707411137985E+022
   5.1839499999999997E-003   3.7111971152871649E+022
   5.1467800000000001E-003   3.8136631663068600E+022
   5.1092700000000000E-003   3.9187402329320474E+022
   5.0714200000000001E-003   4.0265080862314047E+022
   5.0332199999999997E-003   4.1370330970965202E+022
   4.9946599999999997E-003   4.2503802290685457E+022
   4.9557400000000001E-003   4.3666920357184255E+022
   4.9164500000000002E-003   4.4544157739873972E+022
   4.8965800000000002E-003   4.5152806447031001E+022
   4.8767999999999997E-003   4.5759086783497501E+022
   4.8567300000000001E-003   4.6383323251275228E+022
   4.8367599999999998E-003   4.7199182880450760E+022
   4.8049900000000003E-003   4.8197288299779401E+022
   4.7734500000000003E-003   4.9027253838662018E+022
   4.7528900000000001E-003   4.9688245128164796E+022
   4.7324200000000002E-003   5.0363523003470165E+022
   4.7116600000000003E-003   5.1045964768898485E+022
   4.6909899999999999E-003   5.1738831576534608E+022
   4.6700300000000004E-003   5.2440734958637371E+022
   4.6491600000000003E-003   5.3154439939127715E+022
   4.6280000000000002E-003   5.3878529662393248E+022
   4.6069199999999996E-003   5.4613461998501032E+022
   4.5855399999999999E-003   5.5360567028440055E+022
   4.5642499999999997E-003   5.6118786367920974E+022
   4.5426599999999996E-003   5.6890586133367710E+022
   4.5211599999999998E-003   5.7676061836510858E+022
   4.4993500000000001E-003   5.8474361454676767E+022
   4.4776299999999998E-003   5.9285634554765628E+022
   4.4555999999999997E-003   6.0113101698366045E+022
   4.4336499999999999E-003   6.0956784345065619E+022
   4.4114000000000002E-003   6.1815756433851429E+022
   4.3892200000000001E-003   6.2692644140850291E+022
   4.3667400000000000E-003   6.3583640484443733E+022
   4.3443199999999996E-003   6.4497546443490874E+022
   4.3216000000000001E-003   6.5430148850402814E+022
   4.2989500000000002E-003   6.6384965670220486E+022
   4.2759900000000003E-003   6.7360550077229804E+022
   4.2530900000000002E-003   6.8358755365896950E+022
   4.2299800000000004E-003   6.9383538582808995E+022
   4.2067399999999996E-003   7.0434934457733631E+022
   4.1833699999999996E-003   7.1514691163924130E+022
   4.1598800000000003E-003   7.2623400955417530E+022
   4.1362500000000002E-003   7.3766256650926086E+022
   4.1124999999999998E-003   7.4941891817088357E+022
   4.0886000000000004E-003   7.6159067760559040E+022
   4.0645799999999999E-003   7.7414708946032585E+022
   4.0404100000000004E-003   7.8712979703011253E+022
   4.0161099999999998E-003   8.0058529468743036E+022
   3.9916600000000002E-003   8.1450688633053972E+022
   3.9670699999999996E-003   8.2892024062929738E+022
   3.9423399999999999E-003   8.4387175003939116E+022
   3.9174600000000002E-003   8.5936976500379854E+022
   3.8924300000000001E-003   8.7543199168455332E+022
   3.8672400000000001E-003   8.9218107724590028E+022
   3.8419100000000000E-003   9.0959741882197298E+022
   3.8164100000000001E-003   9.2782861428623667E+022
   3.7907599999999998E-003   9.4707815363317124E+022
   3.7649400000000000E-003   9.6746125502920952E+022
   3.7389599999999999E-003   9.8875119632070316E+022
   3.7128100000000000E-003   1.0106112469037579E+023
   3.6864900000000002E-003   1.0328353206830308E+023
   3.6600000000000001E-003   1.0554221261708113E+023
   3.6333300000000002E-003   1.0783709561140595E+023
   3.6064800000000000E-003   1.1016815587336023E+023
   3.5794400000000001E-003   1.1253541949118516E+023
   3.5522200000000000E-003   1.1493893193851953E+023
   3.5248100000000002E-003   1.1737877604642569E+023
   3.4971999999999998E-003   1.1985505602997460E+023
   3.4694000000000001E-003   1.2236789509091391E+023
   3.4413899999999999E-003   1.2491743039278294E+023
   3.4131700000000001E-003   1.2750381238652136E+023
   3.3847399999999998E-003   1.3012720265083937E+023
   3.3560999999999999E-003   1.3278777926537117E+023
   3.3272300000000000E-003   1.3548571010255460E+023
   3.2981299999999998E-003   1.3822117975906565E+023
   3.2688100000000000E-003   1.4099437580697401E+023
   3.2392400000000000E-003   1.4380547758342486E+023
   3.2094300000000001E-003   1.4665467102667190E+023
   3.1793799999999999E-003   1.4954214511671427E+023
   3.1490600000000000E-003   1.5246806953808824E+023
   3.1184799999999999E-003   1.5543262648653341E+023
   3.0876300000000001E-003   1.5843598636048398E+023
   3.0565100000000001E-003   1.6147831055366837E+023
   3.0250899999999998E-003   1.6455975216205158E+023
   2.9933899999999999E-003   1.6768045924053337E+023
   2.9613800000000000E-003   1.7084057121749229E+023
   2.9290499999999999E-003   1.7404019960223463E+023
   2.8964099999999999E-003   1.7727946086738409E+023
   2.8634300000000001E-003   1.8055845729670274E+023
   2.8301099999999998E-003   1.8387725814450763E+023
   2.7964299999999999E-003   1.8723592362488923E+023
   2.7623900000000000E-003   1.9063450693145418E+023
   2.7279700000000001E-003   1.9407302450503183E+023
   2.6931500000000001E-003   1.9755147404144014E+023
   2.6579300000000002E-003   2.0106984164987325E+023
   2.6222799999999998E-003   2.0462805694836666E+023
   2.5861800000000000E-003   2.0822605113562121E+023
   2.5496300000000002E-003   2.1186371828643673E+023
   2.5126100000000002E-003   2.1554089730109914E+023
   2.4750800000000002E-003   2.1925742490338663E+023
   2.4370300000000002E-003   2.2301307846504705E+023
   2.3984300000000000E-003   2.2680759423396502E+023
   2.3592600000000002E-003   2.3064065929634089E+023
   2.3194999999999999E-003   2.3450936597872911E+023
   2.2791000000000000E-003   2.3843381264051783E+023
   2.2380400000000002E-003   2.4239562147515794E+023
   2.1962800000000001E-003   2.4639423615857770E+023
   2.1537800000000001E-003   2.5042907213424919E+023
   2.1104900000000000E-003   2.5449940999124618E+023
   2.0663700000000001E-003   2.5859979761458687E+023
   2.0213700000000002E-003   2.6275298665704396E+023
   1.9754199999999999E-003   2.6694061878366314E+023
   1.9284599999999999E-003   2.7115483554798536E+023
   1.8807299999999999E-003   2.7542495908223062E+023
   1.8311899999999999E-003   2.7972711887036907E+023
   1.7807000000000001E-003   2.8404534671438328E+023
   1.7288300000000000E-003   2.8755823301665209E+023
   1.6892400000000001E-003   2.9099160779448973E+023
   1.6481600000000001E-003   2.9600311064508059E+023
   1.5708000000000000E-003   3.0011665987598153E+023
   1.5274700000000000E-003   3.0368895969879286E+023
   1.4820499999999999E-003   3.0906086197733420E+023
   1.3879000000000001E-003   3.1415113117701154E+023
   1.3229100000000001E-003   3.1872889188275815E+023
   1.2551200000000000E-003   3.2294865097931953E+023
   1.1802500000000001E-003   3.2776230340191222E+023
   1.1005300000000000E-003   3.3215964452301323E+023
   1.0087500000000001E-003   3.3750112171722838E+023
   8.9930000000000001E-004   3.4374510109988744E+023
   7.0638999999999999E-004   3.4827390291544714E+023
   5.6780999999999997E-004   3.5224661765647997E+023
   4.8412999999999999E-004   3.5431071348520264E+023
   3.8296000000000001E-004   3.5507624061858368E+023
   3.1385000000000001E-004   3.5690729134359256E+023
   2.5071000000000002E-004   3.5612378186908742E+023
   2.0164000000000000E-004   3.5795902187253957E+023
   1.6417000000000000E-004   3.5773834875258918E+023
   1.3642999999999999E-004   3.5856691201315344E+023
   1.1689000000000000E-004   3.5844328405907637E+023
   1.0404000000000000E-004   3.5884618900106853E+023
   8.6870000000000000E-005   3.5900318589226624E+023
   6.8940000000000001E-005   3.5905124467016609E+023
   5.4719999999999998E-005   3.5927329317872669E+023
   4.3430000000000003E-005   3.5931074173901449E+023
   3.4470000000000000E-005   3.5932602558861783E+023
   2.7359999999999999E-005   3.5941822304339272E+023
   2.1710000000000001E-005   3.5942650872209915E+023
   1.7229999999999999E-005   3.5947006756949703E+023
   1.3679999999999999E-005   3.5951287764670231E+023
