   8.8939499999999994E-003   1005183786861844.2     
   8.8939499999999994E-003   1318673845689778.5     
   8.8939399999999995E-003   1573392368424390.2     
   8.8939399999999995E-003   1791765032313425.8     
   8.8939299999999995E-003   1984637891335115.2     
   8.8939299999999995E-003   2158975666973620.5     
   8.8939299999999995E-003   2318906742107405.5     
   8.8939299999999995E-003   2467130667170524.0     
   8.8939199999999996E-003   2605405992958851.5     
   8.8939199999999996E-003   2735215339181564.0     
   8.8939199999999996E-003   2857768188697465.5     
   8.8939199999999996E-003   2974038425636433.0     
   8.8939199999999996E-003   3084832443738224.0     
   8.8939199999999996E-003   3190780484903163.0     
   8.8939099999999997E-003   3292388698924431.0     
   8.8939099999999997E-003   3390065709903760.5     
   8.8939099999999997E-003   3484143315526050.5     
   8.8939099999999997E-003   3574913001600389.5     
   8.8939099999999997E-003   3662642022353534.5     
   8.8939099999999997E-003   3747574184527249.0     
   8.8939099999999997E-003   3849968339710284.5     
   8.8938999999999997E-003   3968267208235231.5     
   8.8938999999999997E-003   4081861852002356.0     
   8.8938999999999997E-003   4191206736117951.5     
   8.8938999999999997E-003   4279451787976282.0     
   8.8938999999999997E-003   4348125446449390.0     
   8.8938999999999997E-003   4415256741123321.5     
   8.8938999999999997E-003   4480918548272277.5     
   8.8938999999999997E-003   4560944478112489.0     
   8.8938899999999998E-003   4654371786458183.0     
   8.8938899999999998E-003   4745033654332548.0     
   8.8938899999999998E-003   4833116090685427.0     
   8.8938899999999998E-003   4904736250573453.0     
   8.8938899999999998E-003   4960833764420923.0     
   8.8938899999999998E-003   5015961279408249.0     
   8.8938899999999998E-003   5070162375920950.0     
   8.8938899999999998E-003   5149675681001835.0     
   8.8938899999999998E-003   5227586051549961.0     
   8.8938899999999998E-003   5278457348702898.0     
   8.8938899999999998E-003   5353250790624572.0     
   8.8938799999999998E-003   5450686357294950.0     
   8.8938799999999998E-003   5545497878749952.0     
   8.8938799999999998E-003   5637856582323362.0     
   8.8938799999999998E-003   5705701257071646.0     
   8.8938799999999998E-003   5750176495942804.0     
   8.8938799999999998E-003   5794117460799174.0     
   8.8938799999999998E-003   5837539160705469.0     
   8.8938799999999998E-003   5901644685549283.0     
   8.8938799999999998E-003   5985534102716728.0     
   8.8938699999999999E-003   6067568976766773.0     
   8.8938699999999999E-003   6147834649297991.0     
   8.8938699999999999E-003   6239278782053408.0     
   8.8938699999999999E-003   6341192993477448.0     
   8.8938699999999999E-003   6440410209621272.0     
   8.8938699999999999E-003   6537080458735121.0     
   8.8938699999999999E-003   6631347404789043.0     
   8.8938600000000000E-003   6723342753245232.0     
   8.8938600000000000E-003   6813191894406193.0     
   8.8938600000000000E-003   6901008117236943.0     
   8.8938600000000000E-003   6997444769510210.0     
   8.8938600000000000E-003   7101958820703448.0     
   8.8938600000000000E-003   7203794780561185.0     
   8.8938600000000000E-003   7278607290622532.0     
   8.8938600000000000E-003   7327656612610492.0     
   8.8938500000000000E-003   7400042939042653.0     
   8.8938500000000000E-003   7494734580842727.0     
   8.8938500000000000E-003   7587309465607091.0     
   8.8938500000000000E-003   7677884194980086.0     
   8.8938500000000000E-003   7766568396217948.0     
   8.8938500000000000E-003   7853462221276843.0     
   8.8938500000000000E-003   7938663807196856.0     
   8.8938400000000001E-003   8022268204628644.0     
   8.8938400000000001E-003   8104362250849178.0     
   8.8938400000000001E-003   8185027391562494.0     
   8.8938400000000001E-003   8303242224810986.0     
   8.8938400000000001E-003   8438082676129485.0     
   8.8938400000000001E-003   8550646732426996.0     
   8.8938300000000001E-003   8660622616950517.0     
   8.8938300000000001E-003   8741571281020517.0     
   8.8938300000000001E-003   8794674455182810.0     
   8.8938300000000001E-003   8873064207174143.0     
   8.8938300000000001E-003   8975658264989472.0     
   8.8938300000000001E-003   9124807523828680.0     
   8.8938200000000002E-003   9270113273434798.0     
   8.8938200000000002E-003   9364306798977884.0     
   8.8938200000000002E-003   9456699778259330.0     
   8.8938200000000002E-003   9547378270791046.0     
   8.8938200000000002E-003   9636414019034636.0     
   8.8938200000000002E-003   9723894297523040.0     
   8.8938100000000003E-003   9809984182721420.0     
   8.8938100000000003E-003   9894857916064958.0     
   8.8938100000000003E-003   9992505802597100.0     
   8.8938100000000003E-003   10102718849195718.     
   8.8938100000000003E-003   10265586715513836.     
   8.8938000000000003E-003   10427325104977664.     
   8.8938000000000003E-003   10534419849825406.     
   8.8938000000000003E-003   10641198066686218.     
   8.8938000000000003E-003   10747760965195728.     
   8.8938000000000003E-003   10867468529514072.     
   8.8937900000000004E-003   11000497026413324.     
   8.8937900000000004E-003   11133644332530358.     
   8.8937900000000004E-003   11267021098853732.     
   8.8937900000000004E-003   11400588074942930.     
   8.8937800000000004E-003   11534232230605262.     
   8.8937800000000004E-003   11734317075593118.     
   8.8937800000000004E-003   11947720736320878.     
   8.8937800000000004E-003   12106926547767824.     
   8.8937700000000005E-003   12265341953508740.     
   8.8937700000000005E-003   12422759525313326.     
   8.8937700000000005E-003   12578978530516534.     
   8.8937700000000005E-003   12733827097389628.     
   8.8937700000000005E-003   12887162625987660.     
   8.8937600000000006E-003   13038869152559792.     
   8.8937600000000006E-003   13188853706599664.     
   8.8937600000000006E-003   13337045876913834.     
   8.8937600000000006E-003   13483394315971286.     
   8.8937500000000006E-003   13627875867921016.     
   8.8937500000000006E-003   13840969644984604.     
   8.8937500000000006E-003   14119218301737380.     
   8.8937500000000006E-003   14390802057265596.     
   8.8937400000000007E-003   14656120515838262.     
   8.8937400000000007E-003   14915568022541364.     
   8.8937300000000007E-003   15169524108751446.     
   8.8937300000000007E-003   15418361036674374.     
   8.8937300000000007E-003   15662410552283684.     
   8.8937200000000008E-003   15901979399228622.     
   8.8937200000000008E-003   16137322895147474.     
   8.8937200000000008E-003   16368663108442184.     
   8.8937100000000009E-003   16596194911623724.     
   8.8937100000000009E-003   16820093182691794.     
   8.8937100000000009E-003   17040523261579102.     
   8.8937100000000009E-003   17257638242784906.     
   8.8936999999999992E-003   17471566692605950.     
   8.8936999999999992E-003   17786622824001260.     
   8.8936899999999992E-003   18196646350534920.     
   8.8936899999999992E-003   18496959285723384.     
   8.8936899999999992E-003   18693817584015488.     
   8.8936799999999993E-003   18888098965287648.     
   8.8936799999999993E-003   19079862747550300.     
   8.8936799999999993E-003   19331719203554592.     
   8.8936699999999994E-003   19640499362225252.     
   8.8936699999999994E-003   19942660863085764.     
   8.8936699999999994E-003   20164977199048072.     
   8.8936599999999994E-003   20311184976267712.     
   8.8936599999999994E-003   20527525684642792.     
   8.8936599999999994E-003   20810401953729148.     
   8.8936499999999995E-003   21087032887332136.     
   8.8936499999999995E-003   21357498200278200.     
   8.8936499999999995E-003   21621857141384224.     
   8.8936399999999995E-003   21880169234540228.     
   8.8936399999999995E-003   22256649229653560.     
   8.8936299999999996E-003   22619434104762252.     
   8.8936299999999996E-003   22854109741718800.     
   8.8936299999999996E-003   23083137994543492.     
   8.8936199999999997E-003   23306760291015608.     
   8.8936199999999997E-003   23632657883527980.     
   8.8936099999999997E-003   24050279320887704.     
   8.8936099999999997E-003   24450518993825996.     
   8.8935999999999998E-003   24836057626464916.     
   8.8935899999999998E-003   25163338781205676.     
   8.8935899999999998E-003   25437296326518628.     
   8.8935799999999999E-003   25706387336555304.     
   8.8935799999999999E-003   25971516368513520.     
   8.8935799999999999E-003   26362538654997432.     
   8.8935699999999999E-003   26749043162711348.     
   8.8935600000000000E-003   27003418630958700.     
   8.8935600000000000E-003   27255573417862868.     
   8.8935500000000001E-003   27505599923923800.     
   8.8935500000000001E-003   27876508470646420.     
   8.8935400000000001E-003   28364951767017004.     
   8.8935400000000001E-003   28845649620922580.     
   8.8935300000000002E-003   29317858869144280.     
   8.8935200000000002E-003   29781138779433040.     
   8.8935100000000003E-003   30235204026972240.     
   8.8935100000000003E-003   30679386799555324.     
   8.8935000000000004E-003   31112880146361412.     
   8.8934900000000004E-003   31534944809924380.     
   8.8934900000000004E-003   31944914274469468.     
   8.8934800000000005E-003   32342204255917628.     
   8.8934700000000005E-003   32788936360678436.     
   8.8934600000000006E-003   33276467371134888.     
   8.8934600000000006E-003   33738510546714076.     
   8.8934500000000007E-003   34176171725474964.     
   8.8934400000000007E-003   34591714325085672.     
   8.8934300000000008E-003   34890260364665220.     
   8.8934300000000008E-003   35083345028441156.     
   8.8934200000000008E-003   35364744452127980.     
   8.8934099999999992E-003   35726897550806760.     
   8.8934099999999992E-003   36075919615024080.     
   8.8933999999999992E-003   36413766771421920.     
   8.8933899999999993E-003   36822375240203768.     
   8.8933799999999993E-003   37297740763503496.     
   8.8933699999999994E-003   37646346493246944.     
   8.8933599999999995E-003   37988075302274568.     
   8.8933499999999995E-003   38326967345991048.     
   8.8933499999999995E-003   38587470235265480.     
   8.8933399999999996E-003   38883395847657712.     
   8.8933399999999996E-003   39177658009545504.     
   8.8933299999999996E-003   39470685522496008.     
   8.8933199999999997E-003   39907133274553208.     
   8.8933099999999998E-003   40342581149431240.     
   8.8932999999999998E-003   40630396273765424.     
   8.8932999999999998E-003   40987533253548048.     
   8.8932899999999999E-003   41412852788785784.     
   8.8932799999999999E-003   42041208162828152.     
   8.8932600000000001E-003   42661591874195744.     
   8.8932500000000001E-003   43068150943607560.     
   8.8932400000000002E-003   43469610764935376.     
   8.8932300000000002E-003   43865915488683336.     
   8.8932200000000003E-003   44449758019661792.     
   8.8932000000000004E-003   45211050853763040.     
   8.8931900000000005E-003   45830114635620872.     
   8.8931800000000005E-003   46314996572466784.     
   8.8931600000000006E-003   46850172450441472.     
   8.8931500000000007E-003   47433055868694096.     
   8.8931400000000008E-003   48004079143456296.     
   8.8931199999999992E-003   48564410770340544.     
   8.8931099999999992E-003   49250857131709120.     
   8.8930899999999993E-003   49859136190159048.     
   8.8930799999999994E-003   50258898966003992.     
   8.8930699999999994E-003   50654917423980704.     
   8.8930599999999995E-003   51047471175650232.     
   8.8930499999999996E-003   51629496004543040.     
   8.8930399999999996E-003   52396784033762208.     
   8.8930199999999997E-003   53153984315186128.     
   8.8929999999999999E-003   53902137373712064.     
   8.8929800000000000E-003   54642194350704888.     
   8.8929700000000000E-003   55495784583327880.     
   8.8929500000000002E-003   56461316709578568.     
   8.8929200000000003E-003   57297928359056368.     
   8.8929100000000004E-003   58008193754526240.     
   8.8928900000000005E-003   58712853637159248.     
   8.8928800000000006E-003   59411674550460432.     
   8.8928600000000007E-003   60218576616235168.     
   8.8928400000000008E-003   61130221212671224.     
   8.8928199999999992E-003   62029328992026904.     
   8.8927999999999993E-003   62915359868118704.     
   8.8927799999999994E-003   63788126871315744.     
   8.8927699999999995E-003   64647536414397480.     
   8.8927499999999996E-003   65493527672841432.     
   8.8927299999999997E-003   66326063380687336.     
   8.8927099999999999E-003   67145197973275256.     
   8.8926900000000000E-003   67951174104960656.     
   8.8926800000000000E-003   68940110582882352.     
   8.8926500000000002E-003   70100820483214408.     
   8.8926300000000003E-003   71046344617869920.     
   8.8926100000000004E-003   71788453262520584.     
   8.8925900000000006E-003   72518070352058448.     
   8.8925800000000006E-003   73235417906422144.     
   8.8925600000000007E-003   74289361477602688.     
   8.8925299999999992E-003   75653891789492688.     
   8.8924999999999994E-003   76647728207264320.     
   8.8924899999999994E-003   77297253726126320.     
   8.8924699999999995E-003   78094809359725984.     
   8.8924499999999997E-003   79031225281610784.     
   8.8924299999999998E-003   79947033294587520.     
   8.8924099999999999E-003   80843928232177024.     
   8.8923900000000000E-003   81868490692314368.     
   8.8923600000000002E-003   83013002328740640.     
   8.8923300000000004E-003   83854597354976512.     
   8.8923200000000004E-003   84408134448919456.     
   8.8923100000000005E-003   85227864886508816.     
   8.8922800000000007E-003   86303666384925424.     
   8.8922500000000008E-003   87361143157818016.     
   8.8922299999999992E-003   88401843995643312.     
   8.8921999999999994E-003   89427072567442176.     
   8.8921799999999995E-003   90437958754635216.     
   8.8921599999999996E-003   91926892352658320.     
   8.8921099999999999E-003   93392251086819952.     
   8.8920900000000001E-003   94352462996355184.     
   8.8920600000000002E-003   95300868122535520.     
   8.8920400000000004E-003   96237811660909888.     
   8.8920200000000005E-003   97392620688854432.     
   8.8919800000000007E-003   98757227711442944.     
   8.8919499999999992E-003   99877560801279936.     
   8.8919299999999993E-003   1.0076244090056958E+017
   8.8919099999999994E-003   1.0185494446399285E+017
   8.8918799999999996E-003   1.0314833558414477E+017
   8.8918499999999998E-003   1.0442240374649102E+017
   8.8918199999999999E-003   1.0567795835541365E+017
   8.8917900000000001E-003   1.0691600828200053E+017
   8.8917600000000003E-003   1.0813762365505466E+017
   8.8917300000000005E-003   1.0934353769801451E+017
   8.8917000000000006E-003   1.1053426090857741E+017
   8.8916700000000008E-003   1.1171029823723235E+017
   8.8916399999999993E-003   1.1287217944069109E+017
   8.8916199999999994E-003   1.1421006215458680E+017
   8.8915799999999996E-003   1.1571895873335102E+017
   8.8915399999999999E-003   1.1683798651681637E+017
   8.8915299999999999E-003   1.1757695424100552E+017
   8.8915100000000000E-003   1.1883673611419566E+017
   8.8914700000000003E-003   1.2060410817611907E+017
   8.8914300000000005E-003   1.2199261699292266E+017
   8.8914000000000007E-003   1.2301289692185515E+017
   8.8913800000000008E-003   1.2427552663067406E+017
   8.8913399999999993E-003   1.2577523985098093E+017
   8.8913099999999995E-003   1.2725801546388642E+017
   8.8912699999999997E-003   1.2872474375028360E+017
   8.8912399999999999E-003   1.3041554335195144E+017
   8.8911900000000002E-003   1.3232413816596466E+017
   8.8911500000000004E-003   1.3373996200955730E+017
   8.8911300000000006E-003   1.3467492993618662E+017
   8.8911100000000007E-003   1.3606434134423154E+017
   8.8910599999999992E-003   1.3789718889656331E+017
   8.8910199999999995E-003   1.3970603742691597E+017
   8.8909799999999997E-003   1.4149142412715494E+017
   8.8909400000000000E-003   1.4325395721481062E+017
   8.8909000000000002E-003   1.4499430482339261E+017
   8.8908600000000004E-003   1.4671320404471747E+017
   8.8908200000000007E-003   1.4841144335974282E+017
   8.8907900000000008E-003   1.5008972472502950E+017
   8.8907499999999993E-003   1.5174866856599232E+017
   8.8907099999999996E-003   1.5379484723046864E+017
   8.8906599999999999E-003   1.5621439163116675E+017
   8.8906000000000002E-003   1.5820189269382806E+017
   8.8905700000000004E-003   1.5977233438723581E+017
   8.8905300000000007E-003   1.6132665239558061E+017
   8.8905000000000008E-003   1.6286533011670067E+017
   8.8904599999999993E-003   1.6476646381716512E+017
   8.8904099999999996E-003   1.6701830548583690E+017
   8.8903599999999999E-003   1.6923793625349965E+017
   8.8903200000000002E-003   1.7142648255318826E+017
   8.8902700000000005E-003   1.7358504553870099E+017
   8.8902200000000008E-003   1.7571466657810902E+017
   8.8901699999999993E-003   1.7746856658196941E+017
   8.8901399999999995E-003   1.7885760446668970E+017
   8.8901099999999997E-003   1.8091778282465309E+017
   8.8900500000000000E-003   1.8362697126177494E+017
   8.8899900000000004E-003   1.8596288598839440E+017
   8.8899500000000006E-003   1.8793945691390214E+017
   8.8899100000000009E-003   1.8989394827097558E+017
   8.8898599999999994E-003   1.9182722013778630E+017
   8.8898199999999997E-003   1.9405626376545750E+017
   8.8897700000000000E-003   1.9657205588542266E+017
   8.8897100000000003E-003   1.9905479094939162E+017
   8.8896600000000006E-003   2.0150599242871360E+017
   8.8896099999999992E-003   2.0392704511320899E+017
   8.8895499999999995E-003   2.0631918301698070E+017
   8.8894999999999998E-003   2.0868332467677862E+017
   8.8894500000000001E-003   2.1102024194759702E+017
   8.8894000000000004E-003   2.1333067228707862E+017
   8.8893500000000007E-003   2.1561531952340282E+017
   8.8892999999999993E-003   2.1787484391339542E+017
   8.8892599999999995E-003   2.2010984243211706E+017
   8.8892099999999998E-003   2.2286876086411914E+017
   8.8891400000000002E-003   2.2613301001358989E+017
   8.8890700000000007E-003   2.2881568937402362E+017
   8.8890199999999992E-003   2.3093649138375894E+017
   8.8889799999999995E-003   2.3303619991529414E+017
   8.8889399999999997E-003   2.3511543545418771E+017
   8.8888900000000000E-003   2.3819481121362122E+017
   8.8888100000000005E-003   2.4223736245031386E+017
   8.8887199999999993E-003   2.4522376259843226E+017
   8.8886799999999995E-003   2.4719142802877613E+017
   8.8886399999999997E-003   2.5010957950573053E+017
   8.8885600000000002E-003   2.5394798846857082E+017
   8.8884800000000007E-003   2.5678936815741046E+017
   8.8884399999999992E-003   2.5866431212677840E+017
   8.8883999999999994E-003   2.6144888078432909E+017
   8.8883199999999999E-003   2.6511764810376838E+017
   8.8882400000000004E-003   2.6873553362229018E+017
   8.8881700000000008E-003   2.7230475509292042E+017
   8.8880999999999995E-003   2.7600426247110896E+017
   8.8880199999999999E-003   2.8086146983462013E+017
   8.8878900000000007E-003   2.8581151325570976E+017
   8.8878099999999995E-003   2.8884187832151974E+017
   8.8877699999999997E-003   2.9183654685925069E+017
   8.8876900000000002E-003   2.9578349954960352E+017
   8.8876100000000006E-003   2.9967716100100160E+017
   8.8875299999999994E-003   3.0351954131254202E+017
   8.8874499999999999E-003   3.0825093802434451E+017
   8.8873400000000005E-003   3.1383495092815546E+017
   8.8872199999999995E-003   3.2021970742482253E+017
   8.8870800000000003E-003   3.2736143869284512E+017
   8.8869299999999995E-003   3.3261706626342746E+017
   8.8868599999999999E-003   3.3607010996659334E+017
   8.8868000000000003E-003   3.3948687269047590E+017
   8.8867300000000007E-003   3.4286868022394829E+017
   8.8866599999999994E-003   3.4663212015094170E+017
   8.8865799999999998E-003   3.5076627408348582E+017
   8.8864900000000004E-003   3.5485130884148134E+017
   8.8864100000000008E-003   3.5888887309963430E+017
   8.8863299999999996E-003   3.6406657202771853E+017
   8.8862100000000003E-003   3.7034143717472115E+017
   8.8860799999999993E-003   3.7727207312162099E+017
   8.8859300000000002E-003   3.8482726690387725E+017
   8.8857899999999993E-003   3.9302490771254963E+017
   8.8856100000000004E-003   4.0183120242392186E+017
   8.8854399999999997E-003   4.0831592858704077E+017
   8.8853600000000001E-003   4.1257816564610906E+017
   8.8852800000000006E-003   4.1957627626959968E+017
   8.8850900000000000E-003   4.2918782470899789E+017
   8.8848999999999994E-003   4.3792209584590048E+017
   8.8847500000000003E-003   4.4386949641242618E+017
   8.8846800000000007E-003   4.4778717330567744E+017
   8.8845999999999994E-003   4.5231344604690669E+017
   8.8845000000000000E-003   4.5743218763076186E+017
   8.8844000000000006E-003   4.6499683577942317E+017
   8.8842100000000000E-003   4.7490154672953766E+017
   8.8840299999999994E-003   4.8459930386365882E+017
   8.8838500000000004E-003   4.9174899627491866E+017
   8.8837599999999992E-003   4.9645303688493178E+017
   8.8836699999999998E-003   5.0226731139709024E+017
   8.8835400000000005E-003   5.0915719117270739E+017
   8.8834099999999996E-003   5.1819248409887622E+017
   8.8832000000000008E-003   5.2927579816460845E+017
   8.8829900000000003E-003   5.3963296659844896E+017
   8.8828099999999997E-003   5.4930325742115776E+017
   8.8826300000000007E-003   5.5887871547380717E+017
   8.8824600000000000E-003   5.6836487001273875E+017
   8.8822799999999993E-003   5.7923472659766605E+017
   8.8820600000000006E-003   5.9142526051074778E+017
   8.8818400000000002E-003   6.0337709381900224E+017
   8.8816199999999998E-003   6.1510311253420979E+017
   8.8814099999999993E-003   6.2661393691015130E+017
   8.8812000000000006E-003   6.3791944256980518E+017
   8.8810000000000000E-003   6.4696537344532109E+017
   8.8808800000000007E-003   6.5383535189089101E+017
   8.8807499999999998E-003   6.6063438036108570E+017
   8.8806300000000005E-003   6.6736477010429568E+017
   8.8805099999999994E-003   6.7732832072596838E+017
   8.8802800000000008E-003   6.9040257127436480E+017
   8.8800500000000004E-003   7.0450240548364557E+017
   8.8797800000000003E-003   7.1957527349689894E+017
   8.8795200000000001E-003   7.3367675989031949E+017
   8.8792799999999998E-003   7.4685854365848512E+017
   8.8790499999999994E-003   7.6141407765842368E+017
   8.8787699999999994E-003   7.7731376122059930E+017
   8.8784999999999992E-003   7.9302945024238054E+017
   8.8782300000000008E-003   8.0856826914061542E+017
   8.8779700000000007E-003   8.2016939166061747E+017
   8.8778399999999997E-003   8.3172471544761690E+017
   8.8775899999999994E-003   8.4322048773891699E+017
   8.8774600000000002E-003   8.5237206954584166E+017
   8.8772899999999995E-003   8.6301373794025242E+017
   8.8771100000000006E-003   8.7357878997437939E+017
   8.8769399999999998E-003   8.8406891115100570E+017
   8.8767800000000008E-003   8.9817268369489395E+017
   8.8764900000000008E-003   9.1582093204679501E+017
   8.8762200000000006E-003   9.3342277470113869E+017
   8.8759400000000006E-003   9.5098152169945638E+017
   8.8756700000000004E-003   9.7120668062304896E+017
   8.8753200000000008E-003   9.9402613157563277E+017
   8.8749799999999993E-003   1.0110027648314193E+018
   8.8748100000000003E-003   1.0222771489847219E+018
   8.8746399999999996E-003   1.0391261230898185E+018
   8.8743099999999998E-003   1.0614225945622017E+018
   8.8739900000000000E-003   1.0834821987137892E+018
   8.8736700000000002E-003   1.1053168702716481E+018
   8.8733600000000003E-003   1.1297366444974595E+018
   8.8729800000000008E-003   1.1566664580111066E+018
   8.8725999999999996E-003   1.1833618845446684E+018
   8.8722300000000000E-003   1.2098385387309535E+018
   8.8718700000000005E-003   1.2360622974304192E+018
   8.8715200000000008E-003   1.2620468011642982E+018
   8.8711699999999994E-003   1.2827550860476436E+018
   8.8709700000000006E-003   1.2983176070674644E+018
   8.8707600000000001E-003   1.3137685340881288E+018
   8.8705599999999996E-003   1.3291106663409690E+018
   8.8703600000000007E-003   1.3520883511454712E+018
   8.8699599999999997E-003   1.3825064256638943E+018
   8.8695800000000002E-003   1.4152371574965663E+018
   8.8691299999999994E-003   1.4502030325465213E+018
   8.8687000000000002E-003   1.4849238712063406E+018
   8.8682699999999993E-003   1.5194147182551416E+018
   8.8678500000000000E-003   1.5463197763070026E+018
   8.8676099999999997E-003   1.5658539012671931E+018
   8.8673799999999994E-003   1.5853262865502200E+018
   8.8671400000000008E-003   1.6047392946280003E+018
   8.8669100000000004E-003   1.6289248475142602E+018
   8.8665700000000007E-003   1.6577710457468948E+018
   8.8662299999999993E-003   1.6914572595265521E+018
   8.8657800000000002E-003   1.7298336696774136E+018
   8.8653399999999993E-003   1.7679511588984425E+018
   8.8649000000000002E-003   1.8058254773347279E+018
   8.8644799999999992E-003   1.8340131934861453E+018
   8.8642700000000005E-003   1.8527603621302339E+018
   8.8640600000000000E-003   1.8739729830660585E+018
   8.8637999999999998E-003   1.8976066154760799E+018
   8.8635399999999996E-003   1.9329154862941942E+018
   8.8630199999999992E-003   1.9795593905278979E+018
   8.8625200000000005E-003   2.0142321110877399E+018
   8.8622700000000002E-003   2.0372743148782295E+018
   8.8620200000000000E-003   2.0627893569341514E+018
   8.8617200000000000E-003   2.0907295182870252E+018
   8.8614300000000000E-003   2.1184487494085821E+018
   8.8611400000000000E-003   2.1459530746988255E+018
   8.8608500000000000E-003   2.1736580613543478E+018
   8.8605600000000000E-003   2.2015606342412137E+018
   8.8602799999999999E-003   2.2433308537719877E+018
   8.8596999999999999E-003   2.2985500028549696E+018
   8.8591499999999997E-003   2.3396238377588557E+018
   8.8588699999999996E-003   2.3669692485476869E+018
   8.8585999999999995E-003   2.3968819172264033E+018
   8.8582799999999996E-003   2.4293111895928079E+018
   8.8579599999999998E-003   2.4614844530647347E+018
   8.8576400000000000E-003   2.5097504031347011E+018
   8.8570100000000002E-003   2.5579992344430828E+018
   8.8567000000000003E-003   2.5901754434490363E+018
   8.8563900000000004E-003   2.6221156388907494E+018
   8.8560900000000005E-003   2.6658236859613491E+018
   8.8555600000000002E-003   2.7209838893919903E+018
   8.8550499999999997E-003   2.7763770732055020E+018
   8.8545199999999994E-003   2.8320020771995331E+018
   8.8540100000000007E-003   2.8852709379788278E+018
   8.8535400000000000E-003   2.9362635380877665E+018
   8.8530799999999993E-003   2.9778055851824758E+018
   8.8527899999999993E-003   3.0101195041097472E+018
   8.8524999999999993E-003   3.0615021025394207E+018
   8.8518699999999995E-003   3.1310690087270113E+018
   8.8512499999999997E-003   3.1849624607834982E+018
   8.8509000000000001E-003   3.2240364215012347E+018
   8.8505500000000004E-003   3.2804484977665597E+018
   8.8498699999999993E-003   3.3532709483677901E+018
   8.8492199999999997E-003   3.4301642515260831E+018
   8.8484800000000006E-003   3.5115925157672120E+018
   8.8477499999999997E-003   3.5756321243240125E+018
   8.8473400000000004E-003   3.6226009142810061E+018
   8.8469399999999993E-003   3.6700817835374659E+018
   8.8465300000000000E-003   3.7180682042857590E+018
   8.8461300000000007E-003   3.7847068140379448E+018
   8.8454199999999997E-003   3.8693737560396047E+018
   8.8447400000000002E-003   3.9435593855511875E+018
   8.8442099999999999E-003   4.0075963018809713E+018
   8.8436999999999995E-003   4.0668234385506529E+018
   8.8432600000000004E-003   4.1484472567360215E+018
   8.8424000000000003E-003   4.2610693764449572E+018
   8.8414800000000005E-003   4.3482924342046034E+018
   8.8410299999999997E-003   4.4058573559443139E+018
   8.8405900000000006E-003   4.4915898016662006E+018
   8.8397100000000006E-003   4.6046070398674340E+018
   8.8388600000000005E-003   4.7129408397887406E+018
   8.8380700000000000E-003   4.8021953491625185E+018
   8.8375199999999998E-003   4.8760019421230940E+018
   8.8369699999999995E-003   4.9834430373498880E+018
   8.8359300000000005E-003   5.1233293686970900E+018
   8.8349199999999996E-003   5.2650219306934477E+018
   8.8338800000000006E-003   5.4084697525786214E+018
   8.8328699999999996E-003   5.5362938230037596E+018
   8.8320699999999992E-003   5.6491181356010803E+018
   8.8312800000000004E-003   5.7871089846084936E+018
   8.8301500000000002E-003   5.9090368093625795E+018
   8.8295900000000000E-003   5.9894791708772147E+018
   8.8290499999999997E-003   6.1015941420272261E+018
   8.8280700000000004E-003   6.2444182600284703E+018
   8.8271200000000008E-003   6.3553855435712819E+018
   8.8265800000000005E-003   6.4354426946108467E+018
   8.8260500000000002E-003   6.5371783197083197E+018
   8.8252399999999998E-003   6.6600253621279263E+018
   8.8244399999999994E-003   6.8159901032226796E+018
   8.8232099999999997E-003   6.9610549242745549E+018
   8.8225600000000001E-003   7.0769096285318277E+018
   8.8217299999999998E-003   7.2065257088541624E+018
   8.8209099999999995E-003   7.3652354461266852E+018
   8.8197299999999996E-003   7.5055822717637745E+018
   8.8191399999999996E-003   7.5982691472533975E+018
   8.8185699999999995E-003   7.7417121401086894E+018
   8.8173699999999997E-003   7.8864490882705326E+018
   8.8167899999999997E-003   7.9820410007933635E+018
   8.8162099999999997E-003   8.0864107060346849E+018
   8.8155200000000003E-003   8.1993559328405002E+018
   8.8148399999999991E-003   8.3432615770615368E+018
   8.8137900000000002E-003   8.5171281805840425E+018
   8.8127599999999993E-003   8.6627438173589955E+018
   8.8120600000000000E-003   8.7809964388213207E+018
   8.8113700000000007E-003   8.8992669861338675E+018
   8.8106699999999996E-003   9.0827535159617772E+018
   8.8092299999999995E-003   9.3279580598150287E+018
   8.8078300000000009E-003   9.5777033370402857E+018
   8.8063700000000009E-003   9.7685719809046794E+018
   8.8056499999999999E-003   9.8944000622473708E+018
   8.8049400000000007E-003   1.0090075864154640E+019
   8.8034500000000009E-003   1.0352542834124626E+019
   8.8020000000000008E-003   1.0619244086849380E+019
   8.8004799999999994E-003   1.0822733304931975E+019
   8.7997400000000003E-003   1.0956480580932246E+019
   8.7989999999999995E-003   1.1093624963859964E+019
   8.7982200000000007E-003   1.1233875965784541E+019
   8.7974500000000001E-003   1.1372471557123123E+019
   8.7966899999999994E-003   1.1509364098901993E+019
   8.7959400000000004E-003   1.1649524729297807E+019
   8.7951499999999998E-003   1.1792603957476026E+019
   8.7943699999999993E-003   1.2003456425789094E+019
   8.7928299999999997E-003   1.2214441437000624E+019
   8.7920199999999993E-003   1.2359136362351870E+019
   8.7912200000000006E-003   1.2501483115589526E+019
   8.7904300000000001E-003   1.2641471659488207E+019
   8.7896499999999995E-003   1.2784805125616466E+019
   8.7888199999999993E-003   1.2929912796246546E+019
   8.7880100000000006E-003   1.3072206391887495E+019
   8.7872000000000002E-003   1.3211893370577875E+019
   8.7863999999999998E-003   1.3353935057124104E+019
   8.7855599999999996E-003   1.3497892691844944E+019
   8.7847299999999993E-003   1.3638757951296057E+019
   8.7839100000000007E-003   1.3776811238912637E+019
   8.7831000000000003E-003   1.3916907015593857E+019
   8.7822400000000002E-003   1.4058669913300537E+019
   8.7813900000000000E-003   1.4197095467552422E+019
   8.7805499999999998E-003   1.4332686945212254E+019
   8.7797299999999995E-003   1.4470088048278612E+019
   8.7788499999999995E-003   1.4609212977464361E+019
   8.7779899999999994E-003   1.4745014615661609E+019
   8.7771399999999992E-003   1.4878331131923173E+019
   8.7762900000000008E-003   1.5013638348899361E+019
   8.7753999999999992E-003   1.5150982479205382E+019
   8.7745199999999992E-003   1.5285367334472847E+019
   8.7736499999999992E-003   1.5417687181011880E+019
   8.7727900000000008E-003   1.5552393601226060E+019
   8.7718799999999993E-003   1.5689569420245455E+019
   8.7709899999999993E-003   1.5824267223327300E+019
   8.7700999999999994E-003   1.5957328699570399E+019
   8.7692299999999994E-003   1.6093503087397382E+019
   8.7682999999999997E-003   1.6231952033683657E+019
   8.7673899999999999E-003   1.6366663890360781E+019
   8.7664900000000000E-003   1.6503606941347871E+019
   8.7656000000000001E-003   1.6720738198936717E+019
   8.7637300000000008E-003   1.7006571268208343E+019
   8.7618999999999995E-003   1.7219025851629552E+019
   8.7609500000000000E-003   1.7366334016086641E+019
   8.7600000000000004E-003   1.7511817778079269E+019
   8.7590700000000007E-003   1.7660194493663306E+019
   8.7581399999999993E-003   1.7897735050758400E+019
   8.7562100000000004E-003   1.8209355402097115E+019
   8.7543199999999995E-003   1.8440220895856232E+019
   8.7533300000000001E-003   1.8601487680089383E+019
   8.7523500000000008E-003   1.8843699736037487E+019
   8.7504300000000000E-003   1.9173609904114967E+019
   8.7484199999999998E-003   1.9422486419489419E+019
   8.7474400000000004E-003   1.9591137541633040E+019
   8.7464699999999992E-003   1.9861839790498370E+019
   8.7444299999999992E-003   2.0215253065114055E+019
   8.7424400000000006E-003   2.0567202176170983E+019
   8.7403600000000008E-003   2.0836171639855305E+019
   8.7393400000000000E-003   2.1014917439918883E+019
   8.7383400000000007E-003   2.1297574405486858E+019
   8.7362299999999993E-003   2.1674418206252728E+019
   8.7341699999999994E-003   2.2058957205838094E+019
   8.7320200000000001E-003   2.2450754828444336E+019
   8.7299200000000004E-003   2.2742194288925258E+019
   8.7288200000000000E-003   2.2944515710039790E+019
   8.7277299999999995E-003   2.3256463306551140E+019
   8.7255300000000004E-003   2.3667226717091557E+019
   8.7233699999999994E-003   2.4078088377361617E+019
   8.7212000000000001E-003   2.4504351076665569E+019
   8.7189299999999997E-003   2.4938653416907420E+019
   8.7167200000000007E-003   2.5261078894452158E+019
   8.7155600000000007E-003   2.5602391880358609E+019
   8.7132800000000003E-003   2.5992223092768887E+019
   8.7115600000000001E-003   2.6334710017372094E+019
   8.7098000000000002E-003   2.6739713660188254E+019
   8.7075099999999999E-003   2.7209987050717008E+019
   8.7051100000000003E-003   2.7622401795090616E+019
   8.7033500000000003E-003   2.7978057267267695E+019
   8.7015400000000007E-003   2.8349046503332499E+019
   8.6997299999999993E-003   2.8714778445519913E+019
   8.6979499999999994E-003   2.9069702047557001E+019
   8.6962199999999993E-003   2.9413852558763794E+019
   8.6945200000000007E-003   2.9720420138070917E+019
   8.6931300000000003E-003   2.9996117608105169E+019
   8.6917599999999998E-003   3.0291637460892045E+019
   8.6901900000000004E-003   3.0600243147682353E+019
   8.6886499999999992E-003   3.0907581064590025E+019
   8.6870400000000000E-003   3.1221097391916749E+019
   8.6854600000000007E-003   3.1607419311756775E+019
   8.6832000000000003E-003   3.2034915303851291E+019
   8.6809799999999996E-003   3.2379509070628721E+019
   8.6793700000000005E-003   3.2674078068805435E+019
   8.6777899999999995E-003   3.3043844779703538E+019
   8.6754699999999994E-003   3.3450647252128293E+019
   8.6732000000000007E-003   3.3777877819875824E+019
   8.6715200000000003E-003   3.4051460404186382E+019
   8.6698699999999997E-003   3.4316113547831095E+019
   8.6682100000000008E-003   3.4576243185271198E+019
   8.6665800000000001E-003   3.4891455901093429E+019
   8.6642200000000003E-003   3.5231692701498814E+019
   8.6619300000000000E-003   3.5525030111588274E+019
   8.6598700000000001E-003   3.5789922798259618E+019
   8.6578599999999999E-003   3.6039889018578395E+019
   8.6558099999999999E-003   3.6280633764069630E+019
   8.6538099999999996E-003   3.6529906694262362E+019
   8.6514199999999999E-003   3.6781848535532646E+019
   8.6490899999999999E-003   3.7017689550660428E+019
   8.6467000000000002E-003   3.7234333969669407E+019
   8.6443800000000001E-003   3.7396124512405996E+019
   8.6426799999999998E-003   3.7540632047791653E+019
   8.6410199999999993E-003   3.7751860975746859E+019
   8.6379500000000001E-003   3.7996944281068716E+019
   8.6349900000000004E-003   3.8177493697460068E+019
   8.6329400000000004E-003   3.8330982990428873E+019
   8.6309300000000002E-003   3.8490054364841968E+019
   8.6289000000000001E-003   3.8650551080461279E+019
   8.6269099999999998E-003   3.8899482602913636E+019
   8.6229199999999992E-003   3.9154749266509070E+019
   8.6209100000000007E-003   3.9335936283243889E+019
   8.6189600000000002E-003   3.9561878043101684E+019
   8.6162500000000006E-003   3.9763188487402054E+019
   8.6149299999999998E-003   3.9900705336422646E+019
   8.6136400000000005E-003   4.0122914175376818E+019
   8.6109299999999993E-003   4.0353670045438165E+019
   8.6096100000000002E-003   4.0554390398483235E+019
   8.6076299999999998E-003   4.0807942780179137E+019
   8.6055999999999997E-003   4.1027875726406853E+019
   8.6042800000000006E-003   4.1303594026295755E+019
   8.6016100000000009E-003   4.1591846106930823E+019
   8.6002600000000002E-003   4.1790279432085307E+019
   8.5989399999999994E-003   4.2047413771207139E+019
   8.5969400000000008E-003   4.2372207167891153E+019
   8.5949000000000008E-003   4.2653460910257390E+019
   8.5935600000000001E-003   4.2880857320340799E+019
   8.5922499999999992E-003   4.3242263648907624E+019
   8.5894900000000000E-003   4.3681258262501392E+019
   8.5874799999999998E-003   4.4003398220978848E+019
   8.5861199999999992E-003   4.4342869244572131E+019
   8.5840399999999994E-003   4.4830508274430583E+019
   8.5813499999999997E-003   4.5261070621030187E+019
   8.5799299999999995E-003   4.5639434391439630E+019
   8.5778499999999997E-003   4.6095773548017992E+019
   8.5758099999999997E-003   4.6653246502360302E+019
   8.5729599999999993E-003   4.7189655826339062E+019
   8.5711999999999993E-003   4.7610354918097388E+019
   8.5694699999999992E-003   4.8133044998009233E+019
   8.5669600000000002E-003   4.8751871147861819E+019
   8.5645099999999991E-003   4.9441819060498260E+019
   8.5615799999999992E-003   5.0006366174467785E+019
   8.5601400000000008E-003   5.0387197278699061E+019
   8.5587300000000005E-003   5.1039880067806331E+019
   8.5553599999999997E-003   5.1957315530632061E+019
   8.5520800000000001E-003   5.2684938733722649E+019
   8.5501899999999992E-003   5.3382542520141324E+019
   8.5471999999999996E-003   5.4321159379933676E+019
   8.5437699999999991E-003   5.5167398987186840E+019
   8.5415000000000005E-003   5.5803604644643144E+019
   8.5395300000000000E-003   5.6399822606119363E+019
   8.5375999999999994E-003   5.7140718268974064E+019
   8.5348200000000003E-003   5.7989452366583063E+019
   8.5321000000000008E-003   5.8803878781917225E+019
   8.5296899999999995E-003   5.9569151636997022E+019
   8.5273199999999997E-003   6.0227959530662691E+019
   8.5256800000000008E-003   6.0768447869854843E+019
   8.5240500000000000E-003   6.1558473790307738E+019
   8.5209199999999995E-003   6.2618136910210851E+019
   8.5178600000000004E-003   6.3407414307196174E+019
   8.5162799999999993E-003   6.3953111079225754E+019
   8.5147199999999999E-003   6.4625870759767130E+019
   8.5124799999999994E-003   6.5420147690063815E+019
   8.5102600000000004E-003   6.6446279237592179E+019
   8.5068000000000001E-003   6.7726777513226904E+019
   8.5033000000000001E-003   6.9124651547836695E+019
   8.4993599999999992E-003   7.0387486335003910E+019
   8.4966599999999996E-003   7.1441484064790651E+019
   8.4939200000000003E-003   7.2743790739036168E+019
   8.4900700000000006E-003   7.4486620726616572E+019
   8.4852299999999999E-003   7.5901999805275701E+019
   8.4831000000000004E-003   7.6776918439448461E+019
   8.4809900000000008E-003   7.7807814054109413E+019
   8.4781500000000003E-003   7.9017858972229419E+019
   8.4752300000000003E-003   8.0247158902772302E+019
   8.4723500000000000E-003   8.1497056597984494E+019
   8.4693900000000003E-003   8.2780781595655176E+019
   8.4664100000000006E-003   8.4069648792527667E+019
   8.4634700000000007E-003   8.5165608384835879E+019
   8.4614000000000009E-003   8.6515337964138971E+019
   8.4573300000000007E-003   8.8595345672181613E+019
   8.4521600000000002E-003   9.0587778475126276E+019
   8.4485099999999994E-003   9.2137559115474354E+019
   8.4453400000000008E-003   9.3611773340907160E+019
   8.4420999999999993E-003   9.5616769416626897E+019
   8.4366900000000002E-003   9.7709666173894345E+019
   8.4331200000000005E-003   9.8999292987072315E+019
   8.4312099999999997E-003   1.0047000232562444E+020
   8.4269600000000007E-003   1.0249086105048282E+020
   8.4227799999999995E-003   1.0404921616298923E+020
   8.4204799999999993E-003   1.0515817231025376E+020
   8.4182000000000007E-003   1.0679408134333404E+020
   8.4137900000000009E-003   1.0893510030797460E+020
   8.4094600000000005E-003   1.1044365143897229E+020
   8.4076600000000008E-003   1.1133287580141339E+020
   8.4058799999999993E-003   1.1284106198083782E+020
   8.4016200000000003E-003   1.1495671215760001E+020
   8.3974400000000008E-003   1.1653693293209613E+020
   8.3952699999999998E-003   1.1762927451912739E+020
   8.3931300000000004E-003   1.1917427979899870E+020
   8.3892199999999993E-003   1.2116473080661382E+020
   8.3853699999999996E-003   1.2285427053745411E+020
   8.3826600000000001E-003   1.2424993560798598E+020
   8.3799800000000004E-003   1.2584208208419131E+020
   8.3765500000000000E-003   1.2762720864118966E+020
   8.3731699999999992E-003   1.2966247780216839E+020
   8.3688500000000006E-003   1.3194055179727595E+020
   8.3645899999999999E-003   1.3403504515389542E+020
   8.3609900000000004E-003   1.3674342678996345E+020
   8.3545400000000006E-003   1.3926312789421806E+020
   8.3516700000000003E-003   1.4091773785997435E+020
   8.3484900000000001E-003   1.4265916797965463E+020
   8.3453299999999998E-003   1.4534948370122880E+020
   8.3387800000000005E-003   1.4896476451038393E+020
   8.3323800000000003E-003   1.5270421821150718E+020
   8.3255399999999993E-003   1.5656469391519413E+020
   8.3188499999999992E-003   1.5950051694881348E+020
   8.3152399999999998E-003   1.6157850243879017E+020
   8.3116800000000001E-003   1.6377939554698052E+020
   8.3076899999999995E-003   1.6610204838217925E+020
   8.3037600000000003E-003   1.6830726402529382E+020
   8.3002200000000005E-003   1.7039832697346254E+020
   8.2967100000000005E-003   1.7291075950996790E+020
   8.2918100000000002E-003   1.7583678579316906E+020
   8.2869799999999993E-003   1.7908524870068791E+020
   8.2810999999999996E-003   1.8264509924543506E+020
   8.2753199999999992E-003   1.8597446399791533E+020
   8.2702699999999997E-003   1.8908731927330534E+020
   8.2652799999999998E-003   1.9231285610619388E+020
   8.2598800000000007E-003   1.9536055523193160E+020
   8.2556499999999998E-003   1.9802425892022252E+020
   8.2514800000000003E-003   2.0161617816044968E+020
   8.2444300000000005E-003   2.0611650128674685E+020
   8.2375199999999999E-003   2.1037459832963665E+020
   8.2313700000000000E-003   2.1437864741626970E+020
   8.2253299999999994E-003   2.1811533901761918E+020
   8.2199800000000000E-003   2.2295107576269619E+020
   8.2108900000000002E-003   2.2722559953128253E+020
   8.2072800000000008E-003   2.2966456651012148E+020
   8.2037099999999995E-003   2.3329983094770336E+020
   8.1966599999999997E-003   2.3811036251261783E+020
   8.1897500000000008E-003   2.4201378678244449E+020
   8.1854200000000005E-003   2.4502729062119152E+020
   8.1811399999999999E-003   2.4856901002004424E+020
   8.1753699999999995E-003   2.5263087798995386E+020
   8.1696900000000003E-003   2.5714872019742363E+020
   8.1627399999999999E-003   2.6322537847058055E+020
   8.1528799999999995E-003   2.6937351973636709E+020
   8.1458799999999994E-003   2.7340163505837877E+020
   8.1419300000000003E-003   2.7795820694081202E+020
   8.1336399999999993E-003   2.8411187444140337E+020
   8.1255100000000007E-003   2.8878766408412742E+020
   8.1212400000000001E-003   2.9202566756771778E+020
   8.1170099999999992E-003   2.9524744369256314E+020
   8.1128199999999998E-003   2.9845520029040417E+020
   8.1086800000000001E-003   3.0344732182082014E+020
   8.0999699999999997E-003   3.1019528497945136E+020
   8.0914200000000002E-003   3.1710405558366850E+020
   8.0824999999999994E-003   3.2417186019533056E+020
   8.0737399999999994E-003   3.2955105550755784E+020
   8.0691500000000006E-003   3.3326865608854117E+020
   8.0645999999999999E-003   3.3697062848157005E+020
   8.0600900000000007E-003   3.4065735663020337E+020
   8.0556299999999994E-003   3.4639678065122509E+020
   8.0462499999999996E-003   3.5415369585191145E+020
   8.0370600000000004E-003   3.6002938080669132E+020
   8.0322399999999995E-003   3.6410989155942282E+020
   8.0274600000000002E-003   3.6817401011915162E+020
   8.0227300000000005E-003   3.7222195539876787E+020
   8.0180400000000006E-003   3.7852113736815306E+020
   8.0082100000000000E-003   3.8704065587765838E+020
   7.9985600000000000E-003   3.9574722978816682E+020
   7.9884799999999992E-003   4.0467850298122286E+020
   7.9786000000000006E-003   4.1148087441993348E+020
   7.9734100000000002E-003   4.1618142300558990E+020
   7.9682799999999995E-003   4.2086425853933119E+020
   7.9631900000000002E-003   4.2553058960560849E+020
   7.9581500000000006E-003   4.3278987068732434E+020
   7.9475799999999992E-003   4.4261127728917794E+020
   7.9372100000000001E-003   4.5005211955678439E+020
   7.9317799999999994E-003   4.5522127387247935E+020
   7.9263900000000002E-003   4.6037200786839188E+020
   7.9210600000000006E-003   4.6550451350185692E+020
   7.9157700000000008E-003   4.7349084559339074E+020
   7.9046900000000007E-003   4.8429906753558308E+020
   7.8938099999999994E-003   4.9536695781239449E+020
   7.8824600000000009E-003   5.0670944260073030E+020
   7.8713299999999993E-003   5.1535368668010925E+020
   7.8654899999999993E-003   5.2132764583498062E+020
   7.8597100000000007E-003   5.2728203616714582E+020
   7.8539800000000000E-003   5.3321808866359103E+020
   7.8483100000000007E-003   5.4245003757313157E+020
   7.8364100000000003E-003   5.5494910026218439E+020
   7.8247400000000002E-003   5.6442832813824147E+020
   7.8186300000000000E-003   5.7101012068578099E+020
   7.8125699999999996E-003   5.8083671793946729E+020
   7.8006200000000003E-003   5.9429852107135241E+020
   7.7881599999999997E-003   6.0465897762140468E+020
   7.7820199999999997E-003   6.1152355536847530E+020
   7.7759300000000003E-003   6.2220858932026737E+020
   7.7631799999999997E-003   6.3668203451497421E+020
   7.7506600000000004E-003   6.4766068918522990E+020
   7.7441100000000002E-003   6.5528709902166380E+020
   7.7376099999999998E-003   6.6490154984722740E+020
   7.7277900000000000E-003   6.7651354370901344E+020
   7.7181000000000003E-003   6.8830091196978574E+020
   7.7081500000000004E-003   7.0029350719508447E+020
   7.6983499999999996E-003   7.1261632945069228E+020
   7.6880799999999999E-003   7.2525979399101494E+020
   7.6779500000000002E-003   7.3811645098124850E+020
   7.6675500000000004E-003   7.5515535460748847E+020
   7.6511100000000000E-003   7.7357688551433686E+020
   7.6388799999999998E-003   7.8960520773975894E+020
   7.6265300000000003E-003   8.0597169828379571E+020
   7.6140699999999997E-003   8.2485831728349223E+020
   7.5982899999999997E-003   8.4410538855096844E+020
   7.5856500000000002E-003   8.6178355328499358E+020
   7.5725499999999999E-003   8.7999231289690371E+020
   7.5594499999999997E-003   8.9743154285541890E+020
   7.5477499999999998E-003   9.1366786035980763E+020
   7.5365900000000001E-003   9.3306600315547301E+020
   7.5207599999999996E-003   9.5400546717249477E+020
   7.5077099999999999E-003   9.7204373834491639E+020
   7.4960399999999998E-003   9.9052120165415885E+020
   7.4822600000000001E-003   1.0119656706152551E+021
   7.4671399999999997E-003   1.0306784987996093E+021
   7.4572099999999997E-003   1.0477825760744182E+021
   7.4432300000000003E-003   1.0694533782930114E+021
   7.4267900000000000E-003   1.0898931731902055E+021
   7.4109500000000003E-003   1.1091209641963609E+021
   7.3962899999999998E-003   1.1220942775461830E+021
   7.3822400000000000E-003   1.1314300792124442E+021
   7.3663599999999997E-003   1.1255660921826838E+021
   7.3600799999999997E-003   1.1371070698145177E+021
   7.3452300000000003E-003   1.1084715710967230E+021
   7.3258000000000004E-003   1.1010570730674747E+021
   7.3120099999999999E-003   1.0556117208614834E+021
   7.2986900000000000E-003   9.8308806643788533E+020
   7.2835499999999997E-003   9.4294376880515750E+020
   7.2696599999999998E-003   9.1848126217055476E+020
   7.2637700000000001E-003   8.8293557178025522E+020
   7.2579100000000002E-003   8.5127892180054757E+020
   7.2436100000000002E-003   8.2560983855892241E+020
   7.2378800000000004E-003   8.1186880616287620E+020
   7.2313200000000003E-003   7.8577689509192860E+020
   7.2262200000000002E-003   7.8597850755534710E+020
   7.2181199999999997E-003   7.7421112153920229E+020
   7.2129400000000001E-003   7.5861504249512775E+020
   7.2080900000000003E-003   7.5114545871975455E+020
   7.2036899999999996E-003   7.5561702687467045E+020
   7.1984400000000004E-003   7.4513726833153645E+020
   7.1926400000000001E-003   7.4008090167944453E+020
   7.1868799999999997E-003   7.4142516317031209E+020
   7.1833799999999996E-003   7.4307109449394854E+020
   7.1786100000000002E-003   7.4312376206176328E+020
   7.1762400000000004E-003   7.4395430561749388E+020
   7.1744599999999997E-003   7.4584762384112969E+020
   7.1703000000000001E-003   7.4856033297521390E+020
   7.1679100000000004E-003   7.5109100986647459E+020
   7.1646000000000001E-003   7.5412840479590410E+020
   7.1618899999999997E-003   7.5948151776970605E+020
   7.1558500000000001E-003   7.6731238714759420E+020
   7.1513200000000001E-003   7.7393002501521369E+020
   7.1462000000000001E-003   7.8502508280532776E+020
   7.1402000000000002E-003   7.9553347332581504E+020
   7.1355000000000003E-003   8.0495570761541471E+020
   7.1310000000000002E-003   8.1555428523872525E+020
   7.1266500000000000E-003   8.2467844106977909E+020
   7.1226900000000001E-003   8.3588578838318888E+020
   7.1176499999999997E-003   8.4496537702519970E+020
   7.1155799999999998E-003   8.5290380136602219E+020
   7.1114500000000001E-003   8.6246945621405689E+020
   7.1087099999999999E-003   8.7160584531466034E+020
   7.1046099999999999E-003   8.8013787511207677E+020
   7.1025599999999999E-003   8.8858582788909367E+020
   7.0985700000000002E-003   8.9978063362299724E+020
   7.0946899999999999E-003   9.0820522621846618E+020
   7.0927500000000001E-003   9.1478144938687136E+020
   7.0902300000000003E-003   9.2586592426829074E+020
   7.0852199999999997E-003   9.4072831470214722E+020
   7.0802199999999999E-003   9.5583450528121867E+020
   7.0752499999999999E-003   9.6714442894426676E+020
   7.0727799999999999E-003   9.7360306098416019E+020
   7.0709199999999996E-003   9.8207337633220565E+020
   7.0672199999999999E-003   9.9333887127770982E+020
   7.0635899999999998E-003   1.0044193872673598E+021
   7.0600100000000002E-003   1.0152873164942543E+021
   7.0564900000000003E-003   1.0259382005399116E+021
   7.0530300000000001E-003   1.0382217413795902E+021
   7.0485100000000000E-003   1.0494739909046187E+021
   7.0457200000000001E-003   1.0579683670600210E+021
   7.0429500000000001E-003   1.0690299425952414E+021
   7.0383800000000003E-003   1.0813071541429055E+021
   7.0347900000000000E-003   1.0915068546140525E+021
   7.0316299999999997E-003   1.1003844919407812E+021
   7.0288800000000004E-003   1.1116195159979679E+021
   7.0242799999999999E-003   1.1255728683874683E+021
   7.0194799999999998E-003   1.1426650229280975E+021
   7.0132900000000001E-003   1.1559620632882826E+021
   7.0103600000000002E-003   1.1654293029030337E+021
   7.0074500000000001E-003   1.1784338279098788E+021
   7.0030900000000000E-003   1.1879361082956595E+021
   6.9972999999999997E-003   1.2101858504061184E+021
   6.9944100000000004E-003   1.2121076724971025E+021
   6.9915400000000001E-003   1.2205319927966230E+021
   6.9870699999999997E-003   1.2353170141615759E+021
   6.9808200000000004E-003   1.2546020592370584E+021
   6.9772000000000002E-003   1.2655250461513050E+021
   6.9710700000000002E-003   1.2857652152467991E+021
   6.9650399999999996E-003   1.2904203471697706E+021
   6.9616100000000000E-003   1.2998925980422156E+021
   6.9594000000000001E-003   1.3157619810568852E+021
   6.9550100000000002E-003   1.3217587630057954E+021
   6.9496899999999997E-003   1.3542325332571594E+021
   6.9465600000000001E-003   1.3513852422547728E+021
   6.9415500000000003E-003   1.3559123041550071E+021
   6.9390500000000004E-003   1.3620276062846032E+021
   6.9341799999999999E-003   1.3938927811267246E+021
   6.9270800000000004E-003   1.3994952999109311E+021
   6.9222199999999998E-003   1.4174383638520348E+021
   6.9173799999999999E-003   1.4297677354441908E+021
   6.9090699999999998E-003   1.4433663002898027E+021
   6.9046400000000001E-003   1.4589980414610207E+021
   6.9009600000000003E-003   1.4710850192392887E+021
   6.8972900000000004E-003   1.4847978149569676E+021
   6.8945999999999999E-003   1.4865824589691649E+021
   6.8925899999999997E-003   1.4977470527555984E+021
   6.8889199999999998E-003   1.5102099527730518E+021
   6.8873399999999996E-003   1.5206611476238875E+021
   6.8847999999999999E-003   1.5295564469485809E+021
   6.8827699999999999E-003   1.5411940153943072E+021
   6.8811899999999997E-003   1.5443356455373507E+021
   6.8796200000000004E-003   1.5510529370861202E+021
   6.8783200000000003E-003   1.5561054617884264E+021
   6.8770200000000002E-003   1.5608773729991855E+021
   6.8757400000000000E-003   1.5669835165207765E+021
   6.8744699999999997E-003   1.5781961701494531E+021
   6.8718700000000004E-003   1.5844597569756308E+021
   6.8692900000000001E-003   1.5891828038478177E+021
   6.8681499999999999E-003   1.5915163540846050E+021
   6.8670199999999997E-003   1.6047351608757516E+021
   6.8652100000000001E-003   1.6084933364967835E+021
   6.8634100000000003E-003   1.6122525099630736E+021
   6.8616099999999998E-003   1.6160126832609898E+021
   6.8598100000000000E-003   1.6267917986411064E+021
   6.8557699999999997E-003   1.6380238214700770E+021
   6.8517500000000002E-003   1.6552719982918322E+021
   6.8427699999999998E-003   1.6826712498777568E+021
   6.8227899999999996E-003   1.7215759008125705E+021
   6.8048900000000001E-003   1.7557270149546461E+021
   6.7904999999999997E-003   1.7881703887508291E+021
   6.7771000000000003E-003   1.8272014664886610E+021
   6.7573700000000004E-003   1.8724075634127932E+021
   6.7388700000000001E-003   1.9133042078915617E+021
   6.7224399999999997E-003   1.9523734689989630E+021
   6.7060899999999996E-003   1.9921576008617173E+021
   6.6899200000000002E-003   2.0352021049621010E+021
   6.6711799999999996E-003   2.0778932713214593E+021
   6.6555800000000003E-003   2.1178829870346579E+021
   6.6395999999999998E-003   2.1605908915670014E+021
   6.6222099999999999E-003   2.2072526000700273E+021
   6.6036400000000000E-003   2.2612447482682530E+021
   6.5812300000000004E-003   2.3135596250161731E+021
   6.5646400000000001E-003   2.3633588192107786E+021
   6.5447200000000004E-003   2.4183266467073009E+021
   6.5250600000000001E-003   2.4688821513666597E+021
   6.5087599999999997E-003   2.5076261923427409E+021
   6.4981099999999997E-003   2.5495420238104174E+021
   6.4796699999999999E-003   2.5930822650979371E+021
   6.4683800000000001E-003   2.6427913328644236E+021
   6.4460200000000002E-003   2.7005818603254616E+021
   6.4297599999999996E-003   2.7500356709059684E+021
   6.4136599999999998E-003   2.7953777992844328E+021
   6.4005299999999998E-003   2.8363743464307577E+021
   6.3874999999999999E-003   2.9048281958779107E+021
   6.3572899999999998E-003   3.0017226816858924E+021
   6.3276100000000000E-003   3.0734811028966741E+021
   6.3140499999999999E-003   3.1360281777763941E+021
   6.2903999999999998E-003   3.1936773678721752E+021
   6.2802500000000002E-003   3.2533610412467332E+021
   6.2558500000000003E-003   3.3385593934040804E+021
   6.2317800000000001E-003   3.4069226131710170E+021
   6.2178800000000003E-003   3.4569138950714756E+021
   6.2040899999999998E-003   3.5212652752973658E+021
   6.1827599999999998E-003   3.6004840342326173E+021
   6.1616800000000001E-003   3.6675772003922792E+021
   6.1474700000000004E-003   3.7216767070076241E+021
   6.1333700000000000E-003   3.8054189508183148E+021
   6.1043000000000000E-003   3.9198424489378290E+021
   6.0756600000000001E-003   4.0152765212884656E+021
   6.0572300000000003E-003   4.0909007334848022E+021
   6.0389700000000003E-003   4.1525067659097654E+021
   6.0279200000000000E-003   4.1986294507769703E+021
   6.0169400000000001E-003   4.2776431980858604E+021
   5.9907299999999997E-003   4.4132107600748547E+021
   5.9543699999999996E-003   4.5575388430321142E+021
   5.9258499999999999E-003   4.6634221500840935E+021
   5.9078999999999998E-003   4.7583477555189357E+021
   5.8847400000000003E-003   4.8664693203451270E+021
   5.8618200000000002E-003   4.9956726206227955E+021
   5.8307100000000002E-003   5.1484321527788439E+021
   5.7993200000000002E-003   5.2669189995190425E+021
   5.7834399999999999E-003   5.3468733588458890E+021
   5.7676600000000000E-003   5.4700713946135407E+021
   5.7353600000000001E-003   5.6383080117069855E+021
   5.7034900000000003E-003   5.8122829785862861E+021
   5.6706200000000003E-003   5.9917325799458655E+021
   5.6381799999999996E-003   6.1770343235883673E+021
   5.6047299999999996E-003   6.3688601713179089E+021
   5.5717199999999996E-003   6.5664176815616253E+021
   5.5376799999999997E-003   6.7708589219774642E+021
   5.5040699999999998E-003   6.9821000436231648E+021
   5.4694200000000000E-003   7.2000170870479971E+021
   5.4352000000000003E-003   7.3679072601485355E+021
   5.4177000000000001E-003   7.4822097072937983E+021
   5.4003100000000002E-003   7.6581324785972549E+021
   5.3647299999999998E-003   7.8987482182305322E+021
   5.3295699999999996E-003   8.0838129423764370E+021
   5.3115999999999997E-003   8.2100221153186750E+021
   5.2937300000000000E-003   8.4029400019163834E+021
   5.2575599999999997E-003   8.6683721224072536E+021
   5.2210599999999996E-003   8.9427241359009215E+021
   5.1842299999999997E-003   9.2262993105876964E+021
   5.1470600000000002E-003   9.5194469772489319E+021
   5.1095500000000000E-003   9.8225085356408905E+021
   5.0716900000000002E-003   1.0135839949535016E+022
   5.0334899999999998E-003   1.0459811214926948E+022
   4.9949199999999999E-003   1.0794803247155480E+022
   4.9560000000000003E-003   1.1141220223201724E+022
   4.9167100000000004E-003   1.1408995199453562E+022
   4.8968400000000004E-003   1.1591213665878572E+022
   4.8770500000000000E-003   1.1776329928762376E+022
   4.8569900000000003E-003   1.1964805785204250E+022
   4.8370200000000000E-003   1.2211664095816221E+022
   4.8052399999999997E-003   1.2518986515898444E+022
   4.7736899999999997E-003   1.2776432180909325E+022
   4.7531300000000004E-003   1.2981832900899326E+022
   4.7326599999999996E-003   1.3190919279218501E+022
   4.7119099999999997E-003   1.3403545740291275E+022
   4.6912400000000002E-003   1.3619866547901952E+022
   4.6702699999999998E-003   1.3839910773258958E+022
   4.6493999999999997E-003   1.4063830302970532E+022
   4.6282299999999997E-003   1.4291656125742894E+022
   4.6071500000000000E-003   1.4523458599912800E+022
   4.5857800000000002E-003   1.4759376988748894E+022
   4.5644800000000001E-003   1.4999423859587486E+022
   4.5428999999999999E-003   1.5243794352983557E+022
   4.5213900000000001E-003   1.5492554288487905E+022
   4.4995800000000004E-003   1.5745761495003722E+022
   4.4778500000000002E-003   1.6003480918979970E+022
   4.4558300000000000E-003   1.6265965135532682E+022
   4.4338700000000003E-003   1.6533282785988371E+022
   4.4116199999999998E-003   1.6805495212008612E+022
   4.3894399999999997E-003   1.7082801615887596E+022
   4.3669599999999996E-003   1.7365117057114254E+022
   4.3445400000000000E-003   1.7652970138536795E+022
   4.3218199999999997E-003   1.7946262623099558E+022
   4.2991699999999997E-003   1.8245259498432351E+022
   4.2762099999999999E-003   1.8550008518755358E+022
   4.2533099999999997E-003   1.8860186886665960E+022
   4.2301900000000000E-003   1.9177150132400868E+022
   4.2069500000000001E-003   1.9500507953331249E+022
   4.1835800000000001E-003   1.9830477941390747E+022
   4.1600900000000000E-003   2.0167212747893529E+022
   4.1364599999999998E-003   2.0511144554874416E+022
   4.1127000000000004E-003   2.0862317726438571E+022
   4.0888100000000000E-003   2.1221398515388722E+022
   4.0647799999999996E-003   2.1588333138929659E+022
   4.0406100000000000E-003   2.1963515981114221E+022
   4.0163100000000004E-003   2.2347379044833764E+022
   3.9918599999999999E-003   2.2740020667766448E+022
   3.9672700000000002E-003   2.3141744015517900E+022
   3.9425299999999996E-003   2.3552988136827859E+022
   3.9176500000000000E-003   2.3973949496539700E+022
   3.8926199999999998E-003   2.4404882698910537E+022
   3.8674299999999998E-003   2.4846731328701136E+022
   3.8420899999999998E-003   2.5299510016087888E+022
   3.8165999999999999E-003   2.5764329881554794E+022
   3.7909400000000000E-003   2.6242672314978979E+022
   3.7651199999999998E-003   2.6735428580961310E+022
   3.7391400000000002E-003   2.7241219352883177E+022
   3.7129900000000002E-003   2.7757941882340650E+022
   3.6866700000000000E-003   2.8284367519008848E+022
   3.6601799999999999E-003   2.8820624657444608E+022
   3.6335000000000000E-003   2.9366851991269171E+022
   3.6066499999999999E-003   2.9923195867510973E+022
   3.5796199999999999E-003   3.0489812302581224E+022
   3.5523899999999999E-003   3.1066862176706106E+022
   3.5249800000000000E-003   3.1654513553723728E+022
   3.4973700000000001E-003   3.2252940086295434E+022
   3.4695600000000000E-003   3.2862320935002953E+022
   3.4415499999999998E-003   3.3482841242073265E+022
   3.4133300000000000E-003   3.4114690356061365E+022
   3.3849000000000001E-003   3.4758061163371997E+022
   3.3562599999999998E-003   3.5413153428559972E+022
   3.3273899999999999E-003   3.6080169873989958E+022
   3.2982900000000002E-003   3.6759317203129022E+022
   3.2689600000000000E-003   3.7450806587823609E+022
   3.2393999999999999E-003   3.8154852996065335E+022
   3.2095900000000000E-003   3.8871675667885486E+022
   3.1795299999999999E-003   3.9601497794573723E+022
   3.1492099999999999E-003   4.0344544416544674E+022
   3.1186299999999998E-003   4.1101047013457768E+022
   3.0877800000000000E-003   4.1871239087402514E+022
   3.0566500000000002E-003   4.2655357512716445E+022
   3.0252399999999998E-003   4.3453642431767566E+022
   2.9935299999999999E-003   4.4266339896604249E+022
   2.9615200000000000E-003   4.5093695900008470E+022
   2.9291899999999999E-003   4.5935961860400195E+022
   2.8965400000000000E-003   4.6793391113708669E+022
   2.8635700000000002E-003   4.7666241377509206E+022
   2.8302399999999999E-003   4.8554773742498624E+022
   2.7965700000000000E-003   4.9459249258876579E+022
   2.7625200000000001E-003   5.0379936977909015E+022
   2.7280999999999998E-003   5.1317104872195730E+022
   2.6932800000000002E-003   5.2271023400720966E+022
   2.6580499999999999E-003   5.3241969867866642E+022
   2.6224000000000000E-003   5.4230218105307865E+022
   2.5863100000000001E-003   5.5236047984008708E+022
   2.5497499999999999E-003   5.6259741886691775E+022
   2.5127200000000000E-003   5.7301581314806008E+022
   2.4751899999999999E-003   5.8361852953812724E+022
   2.4371400000000000E-003   5.9440842149718649E+022
   2.3985399999999998E-003   6.0538836173714442E+022
   2.3593700000000000E-003   6.1656122539890610E+022
   2.3195999999999998E-003   6.2792820667055751E+022
   2.2792099999999998E-003   6.3950598288971135E+022
   2.2381400000000000E-003   6.5128547643821373E+022
   2.1963799999999999E-003   6.6326956507843042E+022
   2.1538799999999999E-003   6.7546112292246008E+022
   2.1105899999999999E-003   6.8786299088628473E+022
   2.0664699999999999E-003   7.0047474517609432E+022
   2.0214600000000001E-003   7.1331549031375233E+022
   1.9755100000000002E-003   7.2637606348715899E+022
   1.9285500000000000E-003   7.3962079486586305E+022
   1.8808200000000001E-003   7.5313869924527547E+022
   1.8312700000000001E-003   7.6692345063336233E+022
   1.7807800000000000E-003   7.8089316725285984E+022
   1.7289100000000000E-003   7.9310573826145721E+022
   1.6893200000000000E-003   8.0400238225842252E+022
   1.6482400000000000E-003   8.1966973261188329E+022
   1.5708700000000000E-003   8.3511368057174440E+022
   1.5275400000000000E-003   8.4659150837197771E+022
   1.4821200000000000E-003   8.6390819304447765E+022
   1.3879700000000001E-003   8.8306637460836830E+022
   1.3229699999999999E-003   8.9871078519956922E+022
   1.2551800000000001E-003   9.1454010629945186E+022
   1.1803000000000000E-003   9.3135909787389246E+022
   1.1005800000000001E-003   9.4852188856070527E+022
   1.0088000000000000E-003   9.6771453564151698E+022
   8.9933999999999999E-004   9.9185661032325053E+022
   7.0642000000000003E-004   1.0157070491299932E+023
   5.6782999999999996E-004   1.0302059371307030E+023
   4.8416000000000003E-004   1.0390017848420089E+023
   3.8298000000000000E-004   1.0455195880979724E+023
   3.1387000000000000E-004   1.0505698749817856E+023
   2.5072000000000001E-004   1.0524174897989919E+023
   2.0165000000000000E-004   1.0554952165251532E+023
   1.6417000000000000E-004   1.0562665972340349E+023
   1.3642999999999999E-004   1.0575291037202282E+023
   1.1690000000000000E-004   1.0577618854094460E+023
   1.0404999999999999E-004   1.0583475010842663E+023
   8.6870000000000000E-005   1.0587330662730259E+023
   6.8949999999999995E-005   1.0589710919149567E+023
   5.4719999999999998E-005   1.0592800963878762E+023
   4.3430000000000003E-005   1.0593898063227714E+023
   3.4470000000000000E-005   1.0594520397312852E+023
   2.7359999999999999E-005   1.0595596964003628E+023
   2.1719999999999999E-005   1.0595862250112901E+023
   1.7240000000000001E-005   1.0596347199236775E+023
   1.3679999999999999E-005   1.0596806057449353E+023
