   8.8742400000000003E-003   10843136970291610.     
   8.8742400000000003E-003   10962146944911546.     
   8.8742400000000003E-003   11079281885716728.     
   8.8742400000000003E-003   11194586927485594.     
   8.8742400000000003E-003   11308139150730666.     
   8.8742400000000003E-003   11420012587833116.     
   8.8742400000000003E-003   11530238822501886.     
   8.8742400000000003E-003   11638885422767162.     
   8.8742400000000003E-003   11746003286230924.     
   8.8742400000000003E-003   11851655809136958.     
   8.8742400000000003E-003   11955863125162754.     
   8.8742400000000003E-003   12058684082222174.     
   8.8742400000000003E-003   12160177472856644.     
   8.8742400000000003E-003   12260357968260670.     
   8.8742400000000003E-003   12359279313949458.     
   8.8742400000000003E-003   12456980405961072.     
   8.8742400000000003E-003   12601337103663746.     
   8.8742400000000003E-003   12789846626092066.     
   8.8742400000000003E-003   12951280187629454.     
   8.8742400000000003E-003   13087154638954300.     
   8.8742400000000003E-003   13220842290623814.     
   8.8742400000000003E-003   13352395555619534.     
   8.8742400000000003E-003   13503312554616970.     
   8.8742400000000003E-003   13672537974083642.     
   8.8742300000000003E-003   13817909501371684.     
   8.8742300000000003E-003   13940579187289210.     
   8.8742300000000003E-003   14061535926992898.     
   8.8742300000000003E-003   14180839226259686.     
   8.8742300000000003E-003   14318019315986214.     
   8.8742300000000003E-003   14472231825349826.     
   8.8742300000000003E-003   14623831994664602.     
   8.8742300000000003E-003   14772932506286224.     
   8.8742300000000003E-003   14919637155319742.     
   8.8742300000000003E-003   15064043201741350.     
   8.8742300000000003E-003   15206241969811536.     
   8.8742300000000003E-003   15346319447375944.     
   8.8742300000000003E-003   15484358046625144.     
   8.8742300000000003E-003   15620437197263002.     
   8.8742300000000003E-003   15821021221398508.     
   8.8742300000000003E-003   16017613762308790.     
   8.8742300000000003E-003   16146552031423014.     
   8.8742300000000003E-003   16294923138634540.     
   8.8742200000000004E-003   16461862270518564.     
   8.8742200000000004E-003   16626152809858118.     
   8.8742200000000004E-003   16787861233188688.     
   8.8742200000000004E-003   16947131981766084.     
   8.8742200000000004E-003   17104016328634910.     
   8.8742200000000004E-003   17258625743831220.     
   8.8742200000000004E-003   17411043726262840.     
   8.8742200000000004E-003   17579994628171752.     
   8.8742200000000004E-003   17764709387207208.     
   8.8742200000000004E-003   17946380988677604.     
   8.8742200000000004E-003   18125134380327104.     
   8.8742200000000004E-003   18301059210440908.     
   8.8742200000000004E-003   18474313376202340.     
   8.8742200000000004E-003   18644948619384080.     
   8.8742200000000004E-003   18813112440592712.     
   8.8742100000000004E-003   18978845483078596.     
   8.8742100000000004E-003   19223124808576216.     
   8.8742100000000004E-003   19462457503290760.     
   8.8742100000000004E-003   19619390376972780.     
   8.8742100000000004E-003   19774305904169444.     
   8.8742100000000004E-003   20003012608274836.     
   8.8742100000000004E-003   20264586638600872.     
   8.8742100000000004E-003   20484485227061472.     
   8.8742100000000004E-003   20700584717416956.     
   8.8742100000000004E-003   20913111637051992.     
   8.8742100000000004E-003   21122163865013464.     
   8.8742000000000005E-003   21327919030585996.     
   8.8742000000000005E-003   21630695666272740.     
   8.8742000000000005E-003   21926761541221476.     
   8.8742000000000005E-003   22120648006997816.     
   8.8742000000000005E-003   22311873073214448.     
   8.8742000000000005E-003   22500540365834272.     
   8.8742000000000005E-003   22778927459984316.     
   8.8742000000000005E-003   23052085039811456.     
   8.8742000000000005E-003   23231414290004772.     
   8.8741900000000005E-003   23437929158860280.     
   8.8741900000000005E-003   23670570608438160.     
   8.8741900000000005E-003   24013066937078340.     
   8.8741900000000005E-003   24348215130641072.     
   8.8741900000000005E-003   24567833069359324.     
   8.8741900000000005E-003   24784510018445180.     
   8.8741900000000005E-003   24998437121799192.     
   8.8741900000000005E-003   25235817296302924.     
   8.8741900000000005E-003   25495808016650304.     
   8.8741800000000006E-003   25751948751190560.     
   8.8741800000000006E-003   26004413949651440.     
   8.8741800000000006E-003   26253366606084276.     
   8.8741800000000006E-003   26499002308014212.     
   8.8741800000000006E-003   26861475612396916.     
   8.8741800000000006E-003   27240679642341384.     
   8.8741800000000006E-003   27520313011541360.     
   8.8741700000000007E-003   27796143077464640.     
   8.8741700000000007E-003   28068261609743408.     
   8.8741700000000007E-003   28336874379281392.     
   8.8741700000000007E-003   28602124249065656.     
   8.8741700000000007E-003   28864143709597476.     
   8.8741700000000007E-003   29123056037923240.     
   8.8741700000000007E-003   29378930524144984.     
   8.8741600000000007E-003   29631965132001920.     
   8.8741600000000007E-003   29882168366107140.     
   8.8741600000000007E-003   30129632761477516.     
   8.8741600000000007E-003   30496039641250772.     
   8.8741600000000007E-003   30975825841861344.     
   8.8741600000000007E-003   31446122685938376.     
   8.8741500000000008E-003   31907482255112616.     
   8.8741500000000008E-003   32360309254922196.     
   8.8741500000000008E-003   32805015318881900.     
   8.8741500000000008E-003   33241973418746056.     
   8.8741400000000008E-003   33671520637740996.     
   8.8741400000000008E-003   34093966394001052.     
   8.8741400000000008E-003   34509540419983000.     
   8.8741400000000008E-003   34918502523808648.     
   8.8741299999999992E-003   35321147436462612.     
   8.8741299999999992E-003   35717583725639856.     
   8.8741299999999992E-003   36108067076282912.     
   8.8741299999999992E-003   36492724678890168.     
   8.8741299999999992E-003   36871784638538784.     
   8.8741199999999992E-003   37430237750791232.     
   8.8741199999999992E-003   38156029283749144.     
   8.8741199999999992E-003   38686621239982968.     
   8.8741099999999993E-003   39034280031694112.     
   8.8741099999999993E-003   39377122016154456.     
   8.8741099999999993E-003   39715052265600928.     
   8.8741099999999993E-003   40158458853630640.     
   8.8741099999999993E-003   40700728815503312.     
   8.8740999999999993E-003   41230014978787280.     
   8.8740999999999993E-003   41618301299942392.     
   8.8740999999999993E-003   41873281419640920.     
   8.8740999999999993E-003   42250144546561768.     
   8.8740899999999994E-003   42740858704023104.     
   8.8740899999999994E-003   43218546382997656.     
   8.8740899999999994E-003   43682977204523976.     
   8.8740899999999994E-003   44133814994564160.     
   8.8740799999999995E-003   44570618998540744.     
   8.8740799999999995E-003   45200872735585104.     
   8.8740699999999995E-003   45790134516904792.     
   8.8740699999999995E-003   46164099531295232.     
   8.8740699999999995E-003   46519863608713400.     
   8.8740699999999995E-003   46855834286695336.     
   8.8740599999999996E-003   47324665905869432.     
   8.8740599999999996E-003   47929900128499224.     
   8.8740499999999996E-003   48525281345676416.     
   8.8740499999999996E-003   49112731498859640.     
   8.8740399999999997E-003   49621697826977280.     
   8.8740399999999997E-003   50053546341733688.     
   8.8740399999999997E-003   50481951134238704.     
   8.8740299999999998E-003   50906856146445664.     
   8.8740299999999998E-003   51535691275497096.     
   8.8740199999999998E-003   52160268597159848.     
   8.8740199999999998E-003   52570965848280368.     
   8.8740199999999998E-003   52978008615544888.     
   8.8740099999999999E-003   53381528061878064.     
   8.8740099999999999E-003   53978710049686800.     
   8.8739999999999999E-003   54764545359819656.     
   8.8739999999999999E-003   55536292932665400.     
   8.8739900000000000E-003   56294140921371168.     
   8.8739900000000000E-003   57037890180935248.     
   8.8739800000000001E-003   57767616599797976.     
   8.8739700000000001E-003   58483345170613520.     
   8.8739700000000001E-003   59185061220135840.     
   8.8739600000000002E-003   59872822759406248.     
   8.8739600000000002E-003   60546763452493480.     
   8.8739500000000002E-003   61206954408752920.     
   8.8739500000000002E-003   61959629958630528.     
   8.8739400000000003E-003   62798268267339560.     
   8.8739300000000004E-003   63614495500390944.     
   8.8739300000000004E-003   64409309791920384.     
   8.8739200000000004E-003   65184002782229288.     
   8.8739100000000005E-003   65752869836026216.     
   8.8739100000000005E-003   66126166952254920.     
   8.8739100000000005E-003   66677461502881544.     
   8.8739000000000005E-003   67398298444464720.     
   8.8738900000000006E-003   68103288011620304.     
   8.8738900000000006E-003   68793319651363552.     
   8.8738800000000007E-003   69635778252479016.     
   8.8738700000000007E-003   70620633391083464.     
   8.8738600000000008E-003   71342222162200576.     
   8.8738600000000008E-003   72048306411246208.     
   8.8738500000000008E-003   72742603548008224.     
   8.8738500000000008E-003   73273401870516912.     
   8.8738399999999992E-003   73871781716196944.     
   8.8738399999999992E-003   74461536040487936.     
   8.8738299999999992E-003   75043233616913024.     
   8.8738299999999992E-003   75900350359539968.     
   8.8738199999999993E-003   76743867851357488.     
   8.8738099999999993E-003   77297174563514640.     
   8.8738099999999993E-003   77979526764015744.     
   8.8737999999999994E-003   78786404383358192.     
   8.8737899999999995E-003   79969484314931088.     
   8.8737799999999995E-003   81128762474486560.     
   8.8737699999999996E-003   81884345420159104.     
   8.8737599999999996E-003   82627745610194448.     
   8.8737599999999996E-003   83359267908201408.     
   8.8737499999999997E-003   84433036273743920.     
   8.8737399999999998E-003   85829101258427488.     
   8.8737199999999999E-003   86962042224435360.     
   8.8737099999999999E-003   87847586110948768.     
   8.8737099999999999E-003   88823500371467072.     
   8.8736900000000000E-003   89885315961142976.     
   8.8736800000000001E-003   90924191402290464.     
   8.8736700000000002E-003   91941735634674304.     
   8.8736600000000002E-003   93183915484992128.     
   8.8736500000000003E-003   94280839624361488.     
   8.8736400000000003E-003   94998125555197136.     
   8.8736400000000003E-003   95705893761397856.     
   8.8736300000000004E-003   96404707360072016.     
   8.8736200000000005E-003   97434724463991616.     
   8.8736100000000005E-003   98782383455210944.     
   8.8736000000000006E-003   1.0009956106666856E+017
   8.8735800000000007E-003   1.0138772840012146E+017
   8.8735700000000008E-003   1.0264815992856829E+017
   8.8735600000000008E-003   1.0408422826590877E+017
   8.8735399999999992E-003   1.0568572102072864E+017
   8.8735199999999993E-003   1.0705378026993128E+017
   8.8735099999999994E-003   1.0820111749313818E+017
   8.8734999999999994E-003   1.0932682921542910E+017
   8.8734899999999995E-003   1.1043183248216211E+017
   8.8734799999999996E-003   1.1169533010532845E+017
   8.8734599999999997E-003   1.1310937449210989E+017
   8.8734499999999997E-003   1.1449240089080171E+017
   8.8734299999999999E-003   1.1584630052547746E+017
   8.8734199999999999E-003   1.1717288883381531E+017
   8.8734000000000000E-003   1.1847397895053474E+017
   8.8733900000000001E-003   1.1975130396862890E+017
   8.8733800000000002E-003   1.2100624822231422E+017
   8.8733600000000003E-003   1.2224020205783997E+017
   8.8733500000000003E-003   1.2345424434800720E+017
   8.8733400000000004E-003   1.2494375575419699E+017
   8.8733200000000005E-003   1.2669643576669270E+017
   8.8733000000000006E-003   1.2812969602314755E+017
   8.8732900000000007E-003   1.2925733206683653E+017
   8.8732800000000008E-003   1.3036990398329512E+017
   8.8732599999999991E-003   1.3146786637890443E+017
   8.8732499999999992E-003   1.3308576993535090E+017
   8.8732299999999993E-003   1.3519998198993896E+017
   8.8732099999999994E-003   1.3675461946336117E+017
   8.8731899999999995E-003   1.3777415694720230E+017
   8.8731799999999996E-003   1.3903126514348698E+017
   8.8731699999999997E-003   1.4051753343597917E+017
   8.8731499999999998E-003   1.4197938665850339E+017
   8.8731299999999999E-003   1.4341781153852960E+017
   8.8731200000000000E-003   1.4506666827544915E+017
   8.8731000000000001E-003   1.4691676855243277E+017
   8.8730800000000002E-003   1.4828208541668688E+017
   8.8730700000000003E-003   1.4918037660576160E+017
   8.8730600000000003E-003   1.5051060223043312E+017
   8.8730400000000004E-003   1.5225796912973642E+017
   8.8730200000000006E-003   1.5397459660979414E+017
   8.8730000000000007E-003   1.5566202226874454E+017
   8.8729800000000008E-003   1.5732164628163184E+017
   8.8729599999999992E-003   1.5895483400361514E+017
   8.8729399999999993E-003   1.6135400870029002E+017
   8.8729099999999995E-003   1.6370871088116208E+017
   8.8728899999999996E-003   1.6524906070663133E+017
   8.8728699999999997E-003   1.6676910742804416E+017
   8.8728499999999998E-003   1.6826987833273373E+017
   8.8728399999999999E-003   1.7011896787879414E+017
   8.8728100000000001E-003   1.7230430012659158E+017
   8.8727900000000002E-003   1.7409913887538490E+017
   8.8727700000000003E-003   1.7551728547483277E+017
   8.8727500000000004E-003   1.7726881862289619E+017
   8.8727300000000005E-003   1.7934374243739206E+017
   8.8727100000000007E-003   1.8138967793228915E+017
   8.8726800000000008E-003   1.8340823321557667E+017
   8.8726599999999992E-003   1.8540117231451898E+017
   8.8726399999999993E-003   1.8736948782701978E+017
   8.8726199999999995E-003   1.8931399125104160E+017
   8.8725899999999996E-003   1.9123558905503974E+017
   8.8725699999999998E-003   1.9313508314394746E+017
   8.8725499999999999E-003   1.9501341886040560E+017
   8.8725300000000000E-003   1.9717811961940582E+017
   8.8725000000000002E-003   1.9962027811582566E+017
   8.8724700000000004E-003   2.0143100348073325E+017
   8.8724600000000004E-003   2.0262679621641875E+017
   8.8724500000000005E-003   2.0466528347061450E+017
   8.8724200000000007E-003   2.0752177521463178E+017
   8.8723799999999992E-003   2.0976332573763021E+017
   8.8723699999999992E-003   2.1140950331029898E+017
   8.8723499999999993E-003   2.1344542918974314E+017
   8.8723199999999995E-003   2.1586035744903453E+017
   8.8722899999999997E-003   2.1824448781544806E+017
   8.8722699999999998E-003   2.2059903098655718E+017
   8.8722400000000000E-003   2.2330875948084256E+017
   8.8722100000000002E-003   2.2636136671061101E+017
   8.8721700000000004E-003   2.2862177911124730E+017
   8.8721600000000005E-003   2.3011318767537946E+017
   8.8721400000000006E-003   2.3232774354033411E+017
   8.8721100000000008E-003   2.3524497452880157E+017
   8.8720799999999992E-003   2.3812060024588781E+017
   8.8720399999999994E-003   2.4095632132004320E+017
   8.8720099999999996E-003   2.4375381741229430E+017
   8.8719799999999998E-003   2.4651448637837558E+017
   8.8719500000000000E-003   2.4923965670620995E+017
   8.8719200000000002E-003   2.5193037172330963E+017
   8.8718900000000003E-003   2.5458780679032189E+017
   8.8718600000000005E-003   2.5721299826355187E+017
   8.8718400000000006E-003   2.6044905884165523E+017
   8.8717899999999992E-003   2.6427290001936208E+017
   8.8717499999999994E-003   2.6741196991164474E+017
   8.8717199999999996E-003   2.6989138549193546E+017
   8.8716999999999997E-003   2.7234453232880717E+017
   8.8716699999999999E-003   2.7477235674713987E+017
   8.8716400000000001E-003   2.7777142436081482E+017
   8.8716100000000003E-003   2.8132362899511786E+017
   8.8715700000000005E-003   2.8482550481637878E+017
   8.8715300000000007E-003   2.8827932873113971E+017
   8.8714899999999992E-003   2.9168713973666342E+017
   8.8714499999999995E-003   2.9505077178056378E+017
   8.8714199999999997E-003   2.9782227064360742E+017
   8.8713899999999998E-003   3.0001801390821613E+017
   8.8713700000000000E-003   3.0327593001648755E+017
   8.8713200000000002E-003   3.0756278179890522E+017
   8.8712800000000005E-003   3.1126068602647418E+017
   8.8712400000000007E-003   3.1439050755653978E+017
   8.8712099999999992E-003   3.1748582158784115E+017
   8.8711799999999993E-003   3.2054768121962362E+017
   8.8711499999999995E-003   3.2407784759328614E+017
   8.8710999999999998E-003   3.2806129424448218E+017
   8.8710600000000001E-003   3.3199107921836307E+017
   8.8710200000000003E-003   3.3586947314777190E+017
   8.8709800000000005E-003   3.3969873571996134E+017
   8.8709400000000008E-003   3.4348093715671520E+017
   8.8708999999999993E-003   3.4721810209207219E+017
   8.8708599999999995E-003   3.5091215588834733E+017
   8.8708199999999997E-003   3.5456480658229466E+017
   8.8707800000000000E-003   3.5817778741398547E+017
   8.8707400000000002E-003   3.6175256258593990E+017
   8.8707000000000005E-003   3.6529064581691571E+017
   8.8706700000000006E-003   3.6966190863491328E+017
   8.8706099999999993E-003   3.7484028356192109E+017
   8.8705599999999996E-003   3.7910175763913715E+017
   8.8705199999999998E-003   3.8247456279327469E+017
   8.8704900000000000E-003   3.8581713715426336E+017
   8.8704500000000002E-003   3.8913018783833958E+017
   8.8704200000000004E-003   3.9404245377385824E+017
   8.8703500000000008E-003   4.0049976802162022E+017
   8.8702799999999995E-003   4.0527563746515469E+017
   8.8702499999999997E-003   4.0842523927097382E+017
   8.8702199999999998E-003   4.1309983467552602E+017
   8.8701500000000003E-003   4.1925129098699565E+017
   8.8700900000000006E-003   4.2380550985106528E+017
   8.8700600000000008E-003   4.2681144979565363E+017
   8.8700299999999992E-003   4.3127616131960192E+017
   8.8699699999999996E-003   4.3715542567731866E+017
   8.8699099999999999E-003   4.4294972988629197E+017
   8.8698500000000003E-003   4.4866188947746970E+017
   8.8697900000000007E-003   4.5457859552811616E+017
   8.8697299999999993E-003   4.6234301636266912E+017
   8.8696299999999999E-003   4.7024971946335437E+017
   8.8695600000000003E-003   4.7508929968565210E+017
   8.8695300000000005E-003   4.7987313611233811E+017
   8.8694700000000008E-003   4.8617834403768717E+017
   8.8693999999999995E-003   4.9240039853418746E+017
   8.8693399999999999E-003   4.9854343074232410E+017
   8.8692800000000002E-003   5.0611337713540819E+017
   8.8691900000000008E-003   5.1505554960532774E+017
   8.8690999999999996E-003   5.2529524398362330E+017
   8.8689800000000003E-003   5.3677090834572301E+017
   8.8688699999999992E-003   5.4523149233664128E+017
   8.8688099999999995E-003   5.5079780176856358E+017
   8.8687599999999998E-003   5.5631020556120474E+017
   8.8687100000000001E-003   5.6177019814534163E+017
   8.8686500000000005E-003   5.6785066750538931E+017
   8.8685900000000008E-003   5.7453437357027258E+017
   8.8685199999999995E-003   5.8114279218801677E+017
   8.8684599999999999E-003   5.8767799291846054E+017
   8.8683900000000003E-003   5.9606386875049485E+017
   8.8682899999999992E-003   6.0622939307098240E+017
   8.8681899999999998E-003   6.1746021648089267E+017
   8.8680700000000005E-003   6.2970347608157811E+017
   8.8679599999999994E-003   6.4299151078699827E+017
   8.8678200000000002E-003   6.5726844319184627E+017
   8.8676799999999993E-003   6.6778314903041510E+017
   8.8676099999999997E-003   6.7469902823261875E+017
   8.8675500000000001E-003   6.8606524809070362E+017
   8.8673999999999992E-003   7.0169230326008115E+017
   8.8672500000000001E-003   7.1591520471736896E+017
   8.8671300000000008E-003   7.2561224108840154E+017
   8.8670699999999995E-003   7.3200693872385741E+017
   8.8670099999999998E-003   7.3940173837939264E+017
   8.8669300000000003E-003   7.4777263034327309E+017
   8.8668500000000008E-003   7.6016222714859930E+017
   8.8666999999999999E-003   7.7641170852988262E+017
   8.8665500000000008E-003   7.9235300708112499E+017
   8.8664000000000000E-003   8.0412156440596941E+017
   8.8663300000000004E-003   8.1187374955152538E+017
   8.8662600000000008E-003   8.2146415302808090E+017
   8.8661499999999997E-003   8.3283702577110707E+017
   8.8660500000000003E-003   8.4776800640684518E+017
   8.8658799999999996E-003   8.6609337992514022E+017
   8.8657100000000006E-003   8.8322661750957709E+017
   8.8655699999999997E-003   8.9923091266486413E+017
   8.8654200000000006E-003   9.1508601803201626E+017
   8.8652799999999997E-003   9.3080362074539494E+017
   8.8651400000000005E-003   9.4883278828112858E+017
   8.8649599999999999E-003   9.6907231911071270E+017
   8.8647799999999992E-003   9.8894180235179853E+017
   8.8646100000000002E-003   1.0084634278785148E+018
   8.8644399999999995E-003   1.0276556200212388E+018
   8.8642700000000005E-003   1.0465341855423585E+018
   8.8641099999999997E-003   1.0616572423199315E+018
   8.8640100000000003E-003   1.0731561416929084E+018
   8.8639099999999992E-003   1.0845452417802060E+018
   8.8638099999999997E-003   1.0958273480638751E+018
   8.8637100000000003E-003   1.1125475363263451E+018
   8.8635199999999997E-003   1.1345026227234762E+018
   8.8633300000000009E-003   1.1582089675886582E+018
   8.8631200000000004E-003   1.1835751730545544E+018
   8.8628999999999999E-003   1.2073270908552579E+018
   8.8627099999999993E-003   1.2295488228631795E+018
   8.8625300000000004E-003   1.2541283484634056E+018
   8.8623000000000000E-003   1.2810684514109489E+018
   8.8620799999999996E-003   1.3076215051929226E+018
   8.8618599999999992E-003   1.3338018083232937E+018
   8.8616500000000004E-003   1.3532854841586478E+018
   8.8615399999999993E-003   1.3726792365132649E+018
   8.8613300000000006E-003   1.3919074347395136E+018
   8.8612299999999995E-003   1.4072020226619415E+018
   8.8610900000000003E-003   1.4249534924249687E+018
   8.8609499999999994E-003   1.4425475712076972E+018
   8.8608100000000002E-003   1.4599887680159629E+018
   8.8606699999999993E-003   1.4834083435481449E+018
   8.8604400000000007E-003   1.5126330293892024E+018
   8.8602200000000002E-003   1.5417143588172188E+018
   8.8599899999999999E-003   1.5706618095755651E+018
   8.8597699999999995E-003   1.6039450073322954E+018
   8.8594799999999994E-003   1.6414004167030362E+018
   8.8591999999999994E-003   1.6691955419733865E+018
   8.8590600000000002E-003   1.6876410743768330E+018
   8.8589199999999993E-003   1.7151880572442148E+018
   8.8586499999999992E-003   1.7515623173118674E+018
   8.8583800000000008E-003   1.7874864448060600E+018
   8.8581200000000006E-003   1.8229833548480379E+018
   8.8578700000000003E-003   1.8626201178053053E+018
   8.8575500000000005E-003   1.9062335778400343E+018
   8.8572400000000006E-003   1.9493767362799695E+018
   8.8569300000000007E-003   1.9920771143983544E+018
   8.8566300000000008E-003   2.0342842779764283E+018
   8.8563400000000007E-003   2.0760248001173757E+018
   8.8560500000000007E-003   2.1092255031754132E+018
   8.8558700000000001E-003   2.1341516772277407E+018
   8.8556999999999993E-003   2.1588737208752276E+018
   8.8555300000000003E-003   2.1833976130214935E+018
   8.8553699999999996E-003   2.2200966907142602E+018
   8.8550299999999998E-003   2.2685873524864251E+018
   8.8547100000000000E-003   2.3206823788413041E+018
   8.8543300000000005E-003   2.3762367619799117E+018
   8.8539599999999993E-003   2.4313162394274243E+018
   8.8535999999999997E-003   2.4859512040065736E+018
   8.8532400000000001E-003   2.5285082075230735E+018
   8.8530399999999995E-003   2.5593855243334077E+018
   8.8528400000000007E-003   2.5901428051572992E+018
   8.8526400000000002E-003   2.6207844204070477E+018
   8.8524499999999996E-003   2.6589340608456776E+018
   8.8521499999999996E-003   2.7043862823560980E+018
   8.8518699999999995E-003   2.7574135071100283E+018
   8.8514800000000001E-003   2.8177420405068964E+018
   8.8511000000000006E-003   2.8775892922021432E+018
   8.8507299999999994E-003   2.9369855393442540E+018
   8.8503699999999998E-003   2.9811413732856617E+018
   8.8501799999999992E-003   3.0104958563487503E+018
   8.8500000000000002E-003   3.0436960099072671E+018
   8.8497799999999998E-003   3.0806641114193505E+018
   8.8495499999999994E-003   3.1358698360222935E+018
   8.8491100000000003E-003   3.2087201065043456E+018
   8.8486699999999995E-003   3.2628183757686072E+018
   8.8484600000000007E-003   3.2987548558361620E+018
   8.8482400000000003E-003   3.3385297158451057E+018
   8.8479800000000001E-003   3.3820599573892905E+018
   8.8477299999999998E-003   3.4252226596511872E+018
   8.8474799999999996E-003   3.4680286045325722E+018
   8.8472299999999993E-003   3.5111256568101437E+018
   8.8469699999999991E-003   3.5545090951698903E+018
   8.8467200000000006E-003   3.6194278550653993E+018
   8.8462200000000001E-003   3.7051745297937408E+018
   8.8457399999999995E-003   3.7689048832991759E+018
   8.8454999999999992E-003   3.8113195979228186E+018
   8.8452600000000006E-003   3.8576990945720499E+018
   8.8449700000000006E-003   3.9079578859926011E+018
   8.8446900000000005E-003   3.9577979180414500E+018
   8.8444100000000005E-003   4.0325353512127816E+018
   8.8438600000000003E-003   4.1071796014788398E+018
   8.8435900000000001E-003   4.1569384345910400E+018
   8.8433100000000001E-003   4.2063137411982152E+018
   8.8430399999999999E-003   4.2738584820092575E+018
   8.8425799999999992E-003   4.3590369529577108E+018
   8.8421200000000002E-003   4.4440911633389251E+018
   8.8416599999999995E-003   4.5284535668225761E+018
   8.8412000000000004E-003   4.6081207767623777E+018
   8.8407899999999994E-003   4.6834623665343171E+018
   8.8403700000000002E-003   4.7443204236938117E+018
   8.8401100000000000E-003   4.7914375382092554E+018
   8.8398499999999998E-003   4.8661587986853734E+018
   8.8392899999999996E-003   4.9678886962040576E+018
   8.8387399999999994E-003   5.0481186213017303E+018
   8.8384199999999996E-003   5.1073615117269268E+018
   8.8380999999999998E-003   5.1946271864452465E+018
   8.8374999999999999E-003   5.3100663645641841E+018
   8.8369099999999999E-003   5.4341411195562455E+018
   8.8362400000000004E-003   5.5655808402599209E+018
   8.8355900000000008E-003   5.6680369441885512E+018
   8.8352099999999996E-003   5.7424438407902341E+018
   8.8348500000000000E-003   5.8169606130628321E+018
   8.8344800000000005E-003   5.8915895561504369E+018
   8.8341200000000009E-003   5.9943689208910336E+018
   8.8334799999999995E-003   6.1244770942852444E+018
   8.8328599999999997E-003   6.2384704296192020E+018
   8.8323800000000008E-003   6.3368722195700695E+018
   8.8319200000000000E-003   6.4278861974281574E+018
   8.8315200000000007E-003   6.5533281007732767E+018
   8.8307400000000001E-003   6.7264277176822313E+018
   8.8298999999999999E-003   6.8605088050868326E+018
   8.8294900000000006E-003   6.9490128589521633E+018
   8.8290799999999996E-003   7.0808461898636780E+018
   8.8282800000000008E-003   7.2546787144906220E+018
   8.8275000000000003E-003   7.4213612003124204E+018
   8.8267799999999993E-003   7.5587318002212137E+018
   8.8262700000000006E-003   7.6723593355999222E+018
   8.8257700000000001E-003   7.8378234529317079E+018
   8.8248200000000006E-003   8.0533623075585260E+018
   8.8238899999999992E-003   8.2718169453384622E+018
   8.8229299999999997E-003   8.4931247152534149E+018
   8.8220000000000000E-003   8.6904613676625500E+018
   8.8212599999999992E-003   8.8647486699214254E+018
   8.8205300000000000E-003   9.0780540881948129E+018
   8.8194899999999993E-003   9.2666783220357284E+018
   8.8189700000000006E-003   9.3911909949222687E+018
   8.8184700000000001E-003   9.5648236403471299E+018
   8.8175600000000003E-003   9.7861909096743629E+018
   8.8166800000000004E-003   9.9583220685880709E+018
   8.8161799999999999E-003   1.0082578123052612E+019
   8.8156899999999993E-003   1.0240573197183257E+019
   8.8149300000000003E-003   1.0431493809253495E+019
   8.8141899999999995E-003   1.0674098868748390E+019
   8.8130399999999994E-003   1.0899991717467603E+019
   8.8124399999999995E-003   1.1080553197781793E+019
   8.8116600000000007E-003   1.1282735202277216E+019
   8.8109000000000000E-003   1.1530542278730994E+019
   8.8097899999999996E-003   1.1749916341489744E+019
   8.8092499999999994E-003   1.1894908901301565E+019
   8.8087100000000008E-003   1.2119480752390799E+019
   8.8075900000000006E-003   1.2346325495014562E+019
   8.8070400000000004E-003   1.2496264898009332E+019
   8.8064900000000002E-003   1.2660089458256343E+019
   8.8058500000000005E-003   1.2837507827081474E+019
   8.8052100000000008E-003   1.3063777009965787E+019
   8.8042299999999997E-003   1.3337425032795795E+019
   8.8032600000000003E-003   1.3566840030230249E+019
   8.8026000000000007E-003   1.3753310549882343E+019
   8.8019499999999994E-003   1.3939933949433491E+019
   8.8012899999999998E-003   1.4229762138423085E+019
   8.7999399999999992E-003   1.4617552474469599E+019
   8.7986200000000001E-003   1.5013037761724406E+019
   8.7972399999999996E-003   1.5315558503412050E+019
   8.7965600000000001E-003   1.5515128142173960E+019
   8.7958900000000007E-003   1.5825680461917288E+019
   8.7944800000000004E-003   1.6242399295112378E+019
   8.7930999999999999E-003   1.6665952687982043E+019
   8.7916699999999997E-003   1.6989123768961219E+019
   8.7909600000000004E-003   1.7201407403253535E+019
   8.7902599999999994E-003   1.7419024016364384E+019
   8.7895200000000003E-003   1.7641371680418372E+019
   8.7887899999999994E-003   1.7860923884502764E+019
   8.7880700000000003E-003   1.8077537581238567E+019
   8.7873599999999993E-003   1.8299104271858366E+019
   8.7866000000000003E-003   1.8524885373834330E+019
   8.7858599999999995E-003   1.8856810881612157E+019
   8.7843899999999996E-003   1.9187590387788960E+019
   8.7836200000000007E-003   1.9413859102903788E+019
   8.7828600000000000E-003   1.9635769317392908E+019
   8.7821099999999992E-003   1.9853267172644159E+019
   8.7813700000000001E-003   2.0075749940646896E+019
   8.7805799999999996E-003   2.0299596269023470E+019
   8.7798000000000008E-003   2.0518030286978658E+019
   8.7790300000000002E-003   2.0731513759186821E+019
   8.7782699999999995E-003   2.0947574993607950E+019
   8.7774700000000008E-003   2.1165281762036498E+019
   8.7766700000000003E-003   2.1376982371683185E+019
   8.7758899999999997E-003   2.1583313171501793E+019
   8.7751099999999992E-003   2.1791440343981515E+019
   8.7742900000000006E-003   2.2000592573913850E+019
   8.7734800000000002E-003   2.2203247884608291E+019
   8.7726799999999997E-003   2.2400566541239353E+019
   8.7718899999999992E-003   2.2599112820701823E+019
   8.7710500000000007E-003   2.2798807998724600E+019
   8.7702200000000004E-003   2.2992145568317551E+019
   8.7694100000000001E-003   2.3181062633809138E+019
   8.7685999999999997E-003   2.3371627511291572E+019
   8.7677399999999996E-003   2.3564073646996603E+019
   8.7668999999999993E-003   2.3751119753317782E+019
   8.7660700000000008E-003   2.3934819245165732E+019
   8.7652400000000005E-003   2.4121080333385724E+019
   8.7643700000000005E-003   2.4310222671417278E+019
   8.7635100000000004E-003   2.4495175680307659E+019
   8.7626600000000002E-003   2.4677848685894431E+019
   8.7618200000000000E-003   2.4864740686789526E+019
   8.7609300000000001E-003   2.5054049659642630E+019
   8.7600500000000001E-003   2.5236366421245948E+019
   8.7591800000000001E-003   2.5425318431916048E+019
   8.7583299999999999E-003   2.5729460194374455E+019
   8.7565300000000002E-003   2.6126266218021200E+019
   8.7547700000000003E-003   2.6419090230120698E+019
   8.7538500000000005E-003   2.6623261868698534E+019
   8.7529300000000008E-003   2.6824912370604073E+019
   8.7520299999999992E-003   2.7034654103768531E+019
   8.7511399999999993E-003   2.7376997586378019E+019
   8.7492700000000000E-003   2.7821654118271762E+019
   8.7474500000000004E-003   2.8148344623499403E+019
   8.7464900000000009E-003   2.8378718338956653E+019
   8.7455499999999995E-003   2.8728019504654590E+019
   8.7436900000000001E-003   2.9205810056544612E+019
   8.7417499999999995E-003   2.9564980981447356E+019
   8.7408000000000000E-003   2.9812554192976896E+019
   8.7398600000000003E-003   3.0217348350236107E+019
   8.7378800000000000E-003   3.0740084263554208E+019
   8.7359599999999992E-003   3.1256837840406548E+019
   8.7339500000000007E-003   3.1653173767689986E+019
   8.7329599999999997E-003   3.1918249565595030E+019
   8.7319800000000003E-003   3.2341941407220683E+019
   8.7299400000000003E-003   3.2906750367947825E+019
   8.7279400000000000E-003   3.3486003400243446E+019
   8.7258500000000003E-003   3.4079077089528340E+019
   8.7238100000000002E-003   3.4518292233430802E+019
   8.7227399999999997E-003   3.4824771001428042E+019
   8.7216900000000007E-003   3.5301765588663034E+019
   8.7195399999999996E-003   3.5929562938551091E+019
   8.7174399999999999E-003   3.6560081324321853E+019
   8.7153300000000003E-003   3.7217384048955867E+019
   8.7131199999999995E-003   3.7890398595389121E+019
   8.7109700000000002E-003   3.8387749939653984E+019
   8.7098300000000000E-003   3.8921455265342743E+019
   8.7076099999999993E-003   3.9528664256310329E+019
   8.7059400000000006E-003   4.0064497116704915E+019
   8.7042200000000004E-003   4.0701756611962438E+019
   8.7019799999999998E-003   4.1443936879158182E+019
   8.6996399999999998E-003   4.2093512743032865E+019
   8.6979199999999996E-003   4.2655087901297631E+019
   8.6961499999999997E-003   4.3248068779400724E+019
   8.6943799999999998E-003   4.3832108824152703E+019
   8.6926399999999997E-003   4.4398586822596084E+019
   8.6909499999999994E-003   4.4947396527387132E+019
   8.6892900000000006E-003   4.5434993205622571E+019
   8.6879300000000000E-003   4.5875247312111706E+019
   8.6865899999999992E-003   4.6349151079896695E+019
   8.6850499999999997E-003   4.6842621093784338E+019
   8.6835400000000000E-003   4.7332142259256992E+019
   8.6819700000000007E-003   4.7834931687711048E+019
   8.6804199999999995E-003   4.8461084231811138E+019
   8.6782100000000004E-003   4.9144713820683739E+019
   8.6760399999999994E-003   4.9686713277779362E+019
   8.6744600000000002E-003   5.0156682458396156E+019
   8.6729100000000007E-003   5.0755095266009809E+019
   8.6706300000000004E-003   5.1403585243905016E+019
   8.6684099999999997E-003   5.1917837934140596E+019
   8.6667600000000008E-003   5.2350294277450007E+019
   8.6651499999999999E-003   5.2768147036439912E+019
   8.6635099999999993E-003   5.3181790998992527E+019
   8.6619100000000001E-003   5.3689286982587580E+019
   8.6595999999999999E-003   5.4233105164016558E+019
   8.6573399999999995E-003   5.4700231742876107E+019
   8.6553199999999993E-003   5.5127776909908738E+019
   8.6533500000000006E-003   5.5535710100761108E+019
   8.6513300000000005E-003   5.5937079573719040E+019
   8.6493600000000000E-003   5.6363994669095698E+019
   8.6470100000000001E-003   5.6809296189050184E+019
   8.6447199999999998E-003   5.7245837527173153E+019
   8.6423600000000000E-003   5.7665415115086545E+019
   8.6400799999999996E-003   5.7996265651851461E+019
   8.6384099999999991E-003   5.8308887697956086E+019
   8.6367700000000002E-003   5.8797684730737803E+019
   8.6337400000000009E-003   5.9410917974649414E+019
   8.6308300000000008E-003   5.9913380866859680E+019
   8.6288000000000007E-003   6.0368395939375030E+019
   8.6268300000000003E-003   6.0863046816271802E+019
   8.6248200000000001E-003   6.1388365018376233E+019
   8.6228599999999996E-003   6.2247219962275774E+019
   8.6189200000000004E-003   6.3180908990975967E+019
   8.6169400000000000E-003   6.3865791307658994E+019
   8.6150099999999993E-003   6.4742565489413399E+019
   8.6123299999999996E-003   6.5546456125599711E+019
   8.6110300000000004E-003   6.6102347597761905E+019
   8.6097499999999993E-003   6.7009170467648684E+019
   8.6070699999999997E-003   6.7967479919232516E+019
   8.6057700000000004E-003   6.8808330016580788E+019
   8.6038099999999999E-003   6.9881099512247632E+019
   8.6017999999999997E-003   7.0819955373484294E+019
   8.6005000000000005E-003   7.2006923304882004E+019
   8.5978500000000006E-003   7.3259284673650246E+019
   8.5965199999999999E-003   7.4127396724113064E+019
   8.5952000000000008E-003   7.5257167808254951E+019
   8.5932300000000003E-003   7.6687737779818267E+019
   8.5912000000000002E-003   7.7929221503842107E+019
   8.5898799999999994E-003   7.8939942639171699E+019
   8.5885800000000002E-003   8.0562692255506170E+019
   8.5858500000000008E-003   8.2525535782760251E+019
   8.5838600000000004E-003   8.3971991008221315E+019
   8.5825099999999998E-003   8.5508575737420808E+019
   8.5804499999999999E-003   8.7722749972090405E+019
   8.5777800000000001E-003   8.9672417937911906E+019
   8.5763699999999998E-003   9.1403406922197680E+019
   8.5743099999999999E-003   9.3492089064125301E+019
   8.5722799999999998E-003   9.6060605810323046E+019
   8.5694699999999992E-003   9.8547413389042680E+019
   8.5677199999999992E-003   1.0049091582067723E+020
   8.5660000000000007E-003   1.0293707123884315E+020
   8.5635099999999999E-003   1.0581352063856089E+020
   8.5610700000000005E-003   1.0896231752559277E+020
   8.5581700000000004E-003   1.1158737468206283E+020
   8.5567400000000002E-003   1.1335598775692249E+020
   8.5553399999999998E-003   1.1647783773112648E+020
   8.5519900000000006E-003   1.2074501947788966E+020
   8.5487400000000009E-003   1.2401537487322084E+020
   8.5468599999999999E-003   1.2721363939053353E+020
   8.5438900000000002E-003   1.3152743078968777E+020
   8.5404799999999996E-003   1.3541269795445126E+020
   8.5382300000000008E-003   1.3828249179916032E+020
   8.5362700000000003E-003   1.4098012349636261E+020
   8.5343499999999996E-003   1.4435625006185516E+020
   8.5315900000000004E-003   1.4814223090466626E+020
   8.5288800000000008E-003   1.5172906190770566E+020
   8.5264899999999994E-003   1.5509831542082824E+020
   8.5241399999999995E-003   1.5795677458194999E+020
   8.5225000000000006E-003   1.6031158625015103E+020
   8.5208799999999998E-003   1.6378608512797714E+020
   8.5177800000000008E-003   1.6834542400584765E+020
   8.5147299999999999E-003   1.7164330419615619E+020
   8.5131600000000005E-003   1.7395613935557031E+020
   8.5116099999999993E-003   1.7681629980884835E+020
   8.5093800000000004E-003   1.8015619767229602E+020
   8.5071799999999996E-003   1.8442141341691419E+020
   8.5037299999999993E-003   1.8977463314490298E+020
   8.5002500000000009E-003   1.9555107655705320E+020
   8.4963299999999999E-003   2.0072531684270342E+020
   8.4936500000000002E-003   2.0504105429784048E+020
   8.4909300000000007E-003   2.1037513288163911E+020
   8.4870999999999992E-003   2.1747110896621781E+020
   8.4822800000000000E-003   2.2324019952809630E+020
   8.4801600000000005E-003   2.2681106482535236E+020
   8.4780600000000008E-003   2.3102373299740859E+020
   8.4752400000000002E-003   2.3597357240583628E+020
   8.4723300000000001E-003   2.4101073665935917E+020
   8.4694699999999998E-003   2.4614470134433415E+020
   8.4665199999999999E-003   2.5143316551171385E+020
   8.4635500000000002E-003   2.5676091504398942E+020
   8.4606300000000002E-003   2.6130703269211878E+020
   8.4585700000000003E-003   2.6698083079241413E+020
   8.4545200000000001E-003   2.7568986387944607E+020
   8.4493699999999995E-003   2.8407084200156322E+020
   8.4457400000000002E-003   2.9065186689155983E+020
   8.4425799999999999E-003   2.9696617313707885E+020
   8.4393599999999999E-003   3.0560480183012268E+020
   8.4339700000000007E-003   3.1466870620730635E+020
   8.4304199999999992E-003   3.2030575407209762E+020
   8.4285200000000001E-003   3.2680598575789415E+020
   8.4242799999999993E-003   3.3576722007608236E+020
   8.4201199999999997E-003   3.4270919611993319E+020
   8.4178299999999994E-003   3.4767161419993068E+020
   8.4155600000000007E-003   3.5505947192692166E+020
   8.4111700000000008E-003   3.6474627145300115E+020
   8.4068600000000004E-003   3.7161316231321348E+020
   8.4050600000000007E-003   3.7567583180205602E+020
   8.4032800000000008E-003   3.8259205674346991E+020
   8.3990400000000000E-003   3.9235231804865256E+020
   8.3948800000000004E-003   3.9958592622733027E+020
   8.3927199999999993E-003   4.0467273217848725E+020
   8.3905799999999999E-003   4.1189520924723249E+020
   8.3866900000000005E-003   4.2125524974248788E+020
   8.3828500000000007E-003   4.2923828780116948E+020
   8.3801599999999993E-003   4.3586133739186173E+020
   8.3774899999999996E-003   4.4344805268857114E+020
   8.3740700000000008E-003   4.5199363533517586E+020
   8.3707000000000000E-003   4.6179220450021114E+020
   8.3663899999999996E-003   4.7281498990503140E+020
   8.3621500000000005E-003   4.8297098365890134E+020
   8.3585599999999993E-003   4.9618100984306198E+020
   8.3521299999999993E-003   5.0856536514576273E+020
   8.3492800000000006E-003   5.1675041201211048E+020
   8.3461000000000004E-003   5.2540222250606749E+020
   8.3429600000000000E-003   5.3883511144015364E+020
   8.3364300000000006E-003   5.5701312497329832E+020
   8.3300500000000003E-003   5.7596343006021622E+020
   8.3232299999999992E-003   5.9568052105073302E+020
   8.3165600000000006E-003   6.1061397115821320E+020
   8.3129599999999994E-003   6.2134403033429521E+020
   8.3094099999999997E-003   6.3276860652338007E+020
   8.3054400000000007E-003   6.4486263787977271E+020
   8.3015199999999997E-003   6.5639299809234885E+020
   8.2979899999999999E-003   6.6736793296728110E+020
   8.2944899999999998E-003   6.8060670482718733E+020
   8.2895999999999994E-003   6.9609570984592828E+020
   8.2847900000000002E-003   7.1337474422273750E+020
   8.2789300000000003E-003   7.3243465881600957E+020
   8.2731699999999998E-003   7.5028562062816222E+020
   8.2681200000000003E-003   7.6707004181766183E+020
   8.2631600000000003E-003   7.8435559715331690E+020
   8.2577599999999994E-003   8.0109817319242269E+020
   8.2535500000000001E-003   8.1567287962826650E+020
   8.2493900000000005E-003   8.3540778032968263E+020
   8.2423600000000007E-003   8.6026273837988459E+020
   8.2354600000000000E-003   8.8399909058405990E+020
   8.2293300000000000E-003   9.0634549997330983E+020
   8.2232999999999994E-003   9.2693990783940139E+020
   8.2179699999999998E-003   9.5416341541735734E+020
   8.2088999999999999E-003   9.7839201569835778E+020
   8.2053000000000004E-003   9.9223632891169643E+020
   8.2017400000000008E-003   1.0129332969267672E+021
   8.1947099999999991E-003   1.0404331852617312E+021
   8.1878100000000002E-003   1.0628378958941222E+021
   8.1834899999999999E-003   1.0801880826711506E+021
   8.1792199999999992E-003   1.1006374333655450E+021
   8.1734700000000004E-003   1.1241650678046740E+021
   8.1677999999999994E-003   1.1504247894166700E+021
   8.1608700000000006E-003   1.1858901187434622E+021
   8.1510300000000001E-003   1.2219354358003888E+021
   8.1440499999999999E-003   1.2456358768750853E+021
   8.1401100000000007E-003   1.2725633596312403E+021
   8.1318299999999996E-003   1.3089953073535598E+021
   8.1237199999999992E-003   1.3366900601341705E+021
   8.1194600000000002E-003   1.3559930888290107E+021
   8.1152399999999993E-003   1.3752121123786224E+021
   8.1110599999999998E-003   1.3943814426788071E+021
   8.1069200000000001E-003   1.4242788985311016E+021
   8.0982299999999997E-003   1.4648131836248457E+021
   8.0897000000000000E-003   1.5064494039839670E+021
   8.0807899999999992E-003   1.5491780661087175E+021
   8.0720600000000007E-003   1.5817838660497008E+021
   8.0674700000000002E-003   1.6043588985749986E+021
   8.0629299999999994E-003   1.6268710866799640E+021
   8.0584300000000001E-003   1.6493211922686631E+021
   8.0539700000000006E-003   1.6843551686605440E+021
   8.0446200000000006E-003   1.7317620694077816E+021
   8.0354399999999996E-003   1.7673105701065455E+021
   8.0306300000000004E-003   1.7923296439784948E+021
   8.0258599999999992E-003   1.8172773374596649E+021
   8.0211399999999995E-003   1.8421508971097547E+021
   8.0164599999999996E-003   1.8809071868640457E+021
   8.0066400000000006E-003   1.9334149162470694E+021
   7.9970100000000006E-003   1.9868577432684009E+021
   7.9869499999999996E-003   2.0420885654176271E+021
   7.9770799999999992E-003   2.0842281251129603E+021
   7.9719100000000005E-003   2.1133688528070322E+021
   7.9667799999999997E-003   2.1424193809473117E+021
   7.9617000000000004E-003   2.1713973606046166E+021
   7.9566700000000008E-003   2.2164754101974034E+021
   7.9461199999999992E-003   2.2775160051233223E+021
   7.9357700000000000E-003   2.3231070829460199E+021
   7.9303399999999993E-003   2.3552591796028522E+021
   7.9249600000000000E-003   2.3873091980453159E+021
   7.9196300000000004E-003   2.4192519580798047E+021
   7.9143600000000005E-003   2.4689690364824519E+021
   7.9032900000000003E-003   2.5362751427435897E+021
   7.8924300000000006E-003   2.6050608623180138E+021
   7.8811000000000003E-003   2.6757046518491256E+021
   7.8699800000000004E-003   2.7295680206661154E+021
   7.8641500000000003E-003   2.7667963934944652E+021
   7.8583799999999999E-003   2.8038977830786952E+021
   7.8526599999999992E-003   2.8408900396623106E+021
   7.8469899999999999E-003   2.8983068043949648E+021
   7.8351199999999992E-003   2.9760014885400740E+021
   7.8234600000000008E-003   3.0339612257841064E+021
   7.8173500000000007E-003   3.0747840644696936E+021
   7.8113000000000002E-003   3.1356509628053439E+021
   7.7993699999999999E-003   3.2191593003547634E+021
   7.7869200000000001E-003   3.2833674166557501E+021
   7.7807900000000001E-003   3.3255803882686104E+021
   7.7747099999999998E-003   3.3913418493168205E+021
   7.7619799999999999E-003   3.4802867778931660E+021
   7.7494800000000004E-003   3.5464546391405452E+021
   7.7429300000000003E-003   3.5931789835099644E+021
   7.7364399999999998E-003   3.6519237189798645E+021
   7.7266300000000000E-003   3.7231782078957040E+021
   7.7169500000000002E-003   3.7950814210370652E+021
   7.7070200000000002E-003   3.8684309123574488E+021
   7.6972200000000003E-003   3.9437818786008835E+021
   7.6869599999999996E-003   4.0208204543686733E+021
   7.6768499999999998E-003   4.0989957537219341E+021
   7.6664599999999999E-003   4.2023426623466347E+021
   7.6500400000000003E-003   4.3137285778639269E+021
   7.6378200000000000E-003   4.4106178140802976E+021
   7.6254900000000004E-003   4.5089054112366351E+021
   7.6130399999999997E-003   4.6219462479995391E+021
   7.5972799999999997E-003   4.7365663085708632E+021
   7.5846500000000001E-003   4.8413795001078645E+021
   7.5715699999999997E-003   4.9486723375146394E+021
   7.5584800000000002E-003   5.0506769277302300E+021
   7.5467800000000003E-003   5.1447648736371865E+021
   7.5356399999999997E-003   5.2562237985024534E+021
   7.5198200000000000E-003   5.3744493742131197E+021
   7.5067900000000002E-003   5.4732901979403856E+021
   7.4951300000000000E-003   5.5668306384310271E+021
   7.4813600000000003E-003   5.6789282894829941E+021
   7.4662499999999998E-003   5.7741705352034365E+021
   7.4563299999999997E-003   5.8395838252617669E+021
   7.4423600000000003E-003   5.9139974435642246E+021
   7.4259399999999998E-003   5.9209080785336858E+021
   7.4101200000000001E-003   5.9215731067000350E+021
   7.3954700000000003E-003   5.8003914874930709E+021
   7.3814299999999996E-003   5.5944705476580302E+021
   7.3655600000000002E-003   5.2132504033080912E+021
   7.3592900000000001E-003   5.1895678673046093E+021
   7.3444499999999998E-003   4.4331694901641782E+021
   7.3250299999999997E-003   4.1091539638937269E+021
   7.3112600000000000E-003   3.4927529549936423E+021
   7.2979500000000001E-003   2.8204420974025423E+021
   7.2828199999999997E-003   2.5002684828185311E+021
   7.2689399999999998E-003   2.3292725112687430E+021
   7.2630500000000001E-003   2.1368192856048405E+021
   7.2572000000000001E-003   1.9721346317560908E+021
   7.2429100000000000E-003   1.8494963851871833E+021
   7.2371700000000002E-003   1.7878986482159814E+021
   7.2306200000000001E-003   1.6900157338150015E+021
   7.2255200000000000E-003   1.6816451629066719E+021
   7.2174300000000004E-003   1.6375163074540355E+021
   7.2122599999999999E-003   1.5885675934475865E+021
   7.2074000000000001E-003   1.5662834980993415E+021
   7.2030100000000001E-003   1.5740430420630834E+021
   7.1977700000000000E-003   1.5493074105643201E+021
   7.1919699999999998E-003   1.5430464942756806E+021
   7.1862100000000002E-003   1.5484536758280258E+021
   7.1827200000000001E-003   1.5547564297349161E+021
   7.1779499999999998E-003   1.5645189127067712E+021
   7.1755700000000000E-003   1.5722420570722103E+021
   7.1738000000000001E-003   1.5833451886279621E+021
   7.1696399999999997E-003   1.5947427734495609E+021
   7.1672500000000000E-003   1.6064093558325256E+021
   7.1639499999999997E-003   1.6214550817806012E+021
   7.1612300000000002E-003   1.6506609309615409E+021
   7.1551899999999996E-003   1.6927507729212535E+021
   7.1506699999999996E-003   1.7209402815378046E+021
   7.1455499999999996E-003   1.7819274971002516E+021
   7.1395599999999997E-003   1.8358594469249713E+021
   7.1348599999999998E-003   1.8841146456550946E+021
   7.1303599999999996E-003   1.9425194365056351E+021
   7.1260100000000003E-003   1.9903668990167729E+021
   7.1220500000000004E-003   2.0531134906327305E+021
   7.1170199999999999E-003   2.1048697557096876E+021
   7.1149500000000001E-003   2.1505035079840736E+021
   7.1108200000000003E-003   2.2081933099757690E+021
   7.1080800000000001E-003   2.2630739998706203E+021
   7.1039800000000002E-003   2.3157940834863911E+021
   7.1019400000000002E-003   2.3689495983359693E+021
   7.0979499999999996E-003   2.4410829483886673E+021
   7.0940700000000001E-003   2.4967587971515369E+021
   7.0921300000000003E-003   2.5412021585745679E+021
   7.0896099999999997E-003   2.6173770653519703E+021
   7.0845999999999999E-003   2.7227125309269407E+021
   7.0796100000000001E-003   2.8329862864109143E+021
   7.0746400000000001E-003   2.9189462160162806E+021
   7.0721600000000001E-003   2.9686480929414001E+021
   7.0703099999999998E-003   3.0355625014858450E+021
   7.0666100000000001E-003   3.1268645553188110E+021
   7.0629800000000000E-003   3.2190865539457409E+021
   7.0594000000000004E-003   3.3118901176703532E+021
   7.0558799999999996E-003   3.4051029665739094E+021
   7.0524200000000002E-003   3.5160715642539134E+021
   7.0479100000000001E-003   3.6207846546281600E+021
   7.0451200000000002E-003   3.7014596424629638E+021
   7.0423400000000002E-003   3.8083731283376137E+021
   7.0377800000000004E-003   3.9304625415413401E+021
   7.0341900000000001E-003   4.0348651406383713E+021
   7.0310299999999997E-003   4.1275814937159386E+021
   7.0282900000000004E-003   4.2488876795761839E+021
   7.0236900000000000E-003   4.4017086581320104E+021
   7.0188899999999999E-003   4.6022908521857858E+021
   7.0127000000000002E-003   4.7503886360858507E+021
   7.0097700000000002E-003   4.8748398025497012E+021
   7.0068600000000002E-003   5.0535207838356550E+021
   7.0025000000000000E-003   5.1383457263589555E+021
   6.9967099999999997E-003   5.5047539173197454E+021
   6.9938300000000004E-003   5.4731353352369707E+021
   6.9909500000000001E-003   5.5664313681515916E+021
   6.9864899999999997E-003   5.7826186590296379E+021
   6.9802299999999996E-003   6.0891429351254477E+021
   6.9766200000000002E-003   6.2354714982279146E+021
   6.9704900000000002E-003   6.5917765643166863E+021
   6.9644599999999996E-003   6.5507347148043285E+021
   6.9610300000000000E-003   6.7195559154785756E+021
   6.9588300000000001E-003   7.0452060554001960E+021
   6.9544400000000001E-003   7.0846511244414361E+021
   6.9491099999999997E-003   7.9079925310161378E+021
   6.9459800000000000E-003   7.6618633192594095E+021
   6.9409700000000003E-003   7.6365612151644325E+021
   6.9384800000000003E-003   7.6879497970756606E+021
   6.9336099999999998E-003   8.5448096882517187E+021
   6.9265200000000002E-003   8.4399419182780818E+021
   6.9216499999999997E-003   8.8660237641201693E+021
   6.9168099999999998E-003   9.0237890143305513E+021
   6.9084999999999997E-003   9.2027157116924985E+021
   6.9040799999999999E-003   9.6266465847198456E+021
   6.9004000000000001E-003   9.9386718871824105E+021
   6.8967300000000002E-003   1.0353073283983246E+022
   6.8940399999999997E-003   1.0277517686537227E+022
   6.8920300000000004E-003   1.0641183664024383E+022
   6.8883700000000004E-003   1.1081695817719679E+022
   6.8867900000000003E-003   1.1510140320179133E+022
   6.8842499999999997E-003   1.1832397684318581E+022
   6.8822099999999997E-003   1.2419379456098381E+022
   6.8806400000000004E-003   1.2440343809985230E+022
   6.8790600000000002E-003   1.2750377421951902E+022
   6.8777600000000001E-003   1.2957893403952177E+022
   6.8764700000000000E-003   1.3147802923323305E+022
   6.8751899999999998E-003   1.3452662738240068E+022
   6.8739099999999996E-003   1.4109183637601596E+022
   6.8713200000000002E-003   1.4245661339014023E+022
   6.8687300000000000E-003   1.4366511866264754E+022
   6.8675999999999997E-003   1.4384410433765293E+022
   6.8664700000000004E-003   1.5406456278172274E+022
   6.8646599999999999E-003   1.5437521716045276E+022
   6.8628600000000001E-003   1.5468570461778227E+022
   6.8610600000000004E-003   1.5499602552370951E+022
   6.8592599999999998E-003   1.6064993587350471E+022
   6.8552200000000004E-003   1.6453843596674784E+022
   6.8512000000000000E-003   1.6990435023892892E+022
   6.8422200000000004E-003   1.6983009598800283E+022
   6.8222500000000002E-003   1.7170608651591882E+022
   6.8043499999999998E-003   1.7367580929141756E+022
   6.7899700000000002E-003   1.7820888443169746E+022
   6.7765700000000000E-003   1.8357084754692886E+022
   6.7568400000000001E-003   1.8903681725219056E+022
   6.7383499999999997E-003   1.9282573516177653E+022
   6.7219200000000002E-003   1.9652023821486313E+022
   6.7055800000000000E-003   2.0069151125867321E+022
   6.6894099999999998E-003   2.0488276131565751E+022
   6.6706800000000000E-003   2.0861065276074966E+022
   6.6550699999999999E-003   2.1226051770469432E+022
   6.6391000000000002E-003   2.1597769777284607E+022
   6.6217100000000003E-003   2.1992677199708122E+022
   6.6031400000000004E-003   2.2439681961185956E+022
   6.5807399999999999E-003   2.2860934052238733E+022
   6.5641500000000004E-003   2.3268826568178262E+022
   6.5442399999999998E-003   2.3719571326365224E+022
   6.5245800000000003E-003   2.4107341646133199E+022
   6.5082899999999999E-003   2.4431253842497957E+022
   6.4976399999999998E-003   2.4754195229333889E+022
   6.4792000000000001E-003   2.5087899768349195E+022
   6.4679100000000003E-003   2.5462229682068235E+022
   6.4455600000000004E-003   2.5864226692117503E+022
   6.4292999999999998E-003   2.6236703809791152E+022
   6.4132000000000000E-003   2.6581354571620084E+022
   6.4000799999999998E-003   2.6888768936049742E+022
   6.3870500000000000E-003   2.7387737592054501E+022
   6.3568499999999998E-003   2.8065670410700692E+022
   6.3271700000000000E-003   2.8573244213839807E+022
   6.3136099999999999E-003   2.9010051077579494E+022
   6.2899599999999998E-003   2.9394033490797219E+022
   6.2798200000000002E-003   2.9806551620884843E+022
   6.2554200000000003E-003   3.0373799271684746E+022
   6.2313500000000001E-003   3.0849798853983033E+022
   6.2174600000000002E-003   3.1163004315115536E+022
   6.2036699999999997E-003   3.1579351981810487E+022
   6.1823399999999997E-003   3.2101311202512450E+022
   6.1612600000000000E-003   3.2542706220909065E+022
   6.1470500000000003E-003   3.2872852911783460E+022
   6.1329499999999999E-003   3.3398412683578601E+022
   6.1038899999999998E-003   3.4106915521454947E+022
   6.0752599999999999E-003   3.4693514465016126E+022
   6.0568300000000000E-003   3.5162156068263512E+022
   6.0385800000000000E-003   3.5556141516738729E+022
   6.0275299999999997E-003   3.5820046901421799E+022
   6.0165399999999999E-003   3.6292299409885290E+022
   5.9903400000000002E-003   3.7086102608626141E+022
   5.9539900000000002E-003   3.7917621843065517E+022
   5.9254599999999996E-003   3.8534552690731088E+022
   5.9075200000000003E-003   3.9077635067390632E+022
   5.8843599999999999E-003   3.9681090881487215E+022
   5.8614499999999998E-003   4.0404953673344173E+022
   5.8303399999999998E-003   4.1240816003383913E+022
   5.7989499999999998E-003   4.1894648473903591E+022
   5.7830700000000004E-003   4.2314855051426120E+022
   5.7672899999999996E-003   4.2970510219368364E+022
   5.7349999999999996E-003   4.3853803534260080E+022
   5.7031299999999998E-003   4.4767157876434552E+022
   5.6702699999999998E-003   4.5683865348175305E+022
   5.6378399999999999E-003   4.6616213507571139E+022
   5.6043899999999999E-003   4.7589808680706146E+022
   5.5713799999999999E-003   4.8547660758203580E+022
   5.5373400000000000E-003   4.9542325466674649E+022
   5.5037300000000001E-003   5.0558644853493442E+022
   5.4690900000000002E-003   5.1574367661053413E+022
   5.4348699999999996E-003   5.2355862629690036E+022
   5.4173800000000003E-003   5.2879541277205757E+022
   5.3999800000000004E-003   5.3681895445985258E+022
   5.3644100000000000E-003   5.4767332619721506E+022
   5.3292599999999997E-003   5.5585045763695118E+022
   5.3112799999999998E-003   5.6141621470186317E+022
   5.2934200000000001E-003   5.6992931329432936E+022
   5.2572499999999998E-003   5.8138421697913721E+022
   5.2207499999999997E-003   5.9306904925738554E+022
   5.1839299999999998E-003   6.0499316220553366E+022
   5.1467600000000002E-003   6.1716663451598314E+022
   5.1092500000000001E-003   6.2959880181761117E+022
   5.0714000000000002E-003   6.4230087640006183E+022
   5.0331999999999998E-003   6.5527960228051223E+022
   4.9946399999999998E-003   6.6854096747254847E+022
   4.9557200000000003E-003   6.8211231705839035E+022
   4.9164300000000003E-003   6.9206688144543827E+022
   4.8965600000000003E-003   6.9920762549570286E+022
   4.8767799999999998E-003   7.0615723342962264E+022
   4.8567100000000002E-003   7.1345478692183845E+022
   4.8367400000000000E-003   7.2300649701087084E+022
   4.8049700000000004E-003   7.3448783524706570E+022
   4.7734300000000004E-003   7.4399832293513800E+022
   4.7528700000000002E-003   7.5159056032907269E+022
   4.7324000000000003E-003   7.5941326688234716E+022
   4.7116399999999996E-003   7.6728672168759987E+022
   4.6909700000000000E-003   7.7528990978688913E+022
   4.6700099999999996E-003   7.8338644529761564E+022
   4.6491400000000004E-003   7.9164111665099367E+022
   4.6279800000000003E-003   8.0001674787636134E+022
   4.6068999999999997E-003   8.0852263817731881E+022
   4.5855200000000000E-003   8.1718659220480870E+022
   4.5642299999999998E-003   8.2598210117044760E+022
   4.5426499999999996E-003   8.3496252212903475E+022
   4.5211399999999999E-003   8.4412729272111685E+022
   4.4993300000000002E-003   8.5345330149335530E+022
   4.4776099999999999E-003   8.6294196970771332E+022
   4.4555799999999998E-003   8.7266115077187735E+022
   4.4336300000000000E-003   8.8260809765970980E+022
   4.4113800000000003E-003   8.9275793637299395E+022
   4.3892000000000002E-003   9.0316522104963490E+022
   4.3667200000000002E-003   9.1374277955342834E+022
   4.3442999999999997E-003   9.2467756811270415E+022
   4.3215900000000002E-003   9.3587312893442581E+022
   4.2989300000000003E-003   9.4740088186198760E+022
   4.2759800000000004E-003   9.5922433542855575E+022
   4.2530800000000002E-003   9.7139617428475260E+022
   4.2299599999999996E-003   9.8395866539688880E+022
   4.2067199999999997E-003   9.9692429815897911E+022
   4.1833599999999997E-003   1.0103235306058549E+023
   4.1598599999999996E-003   1.0241627378649671E+023
   4.1362400000000002E-003   1.0385422591127381E+023
   4.1124800000000000E-003   1.0534275014168133E+023
   4.0885899999999996E-003   1.0689899208490187E+023
   4.0645600000000000E-003   1.0851596861899263E+023
   4.0404000000000004E-003   1.1020139175300361E+023
   4.0160899999999999E-003   1.1196388033336612E+023
   3.9916500000000002E-003   1.1380135510329892E+023
   3.9670599999999997E-003   1.1571825029033960E+023
   3.9423200000000000E-003   1.1772312965356208E+023
   3.9174400000000003E-003   1.1981696029243677E+023
   3.8924099999999998E-003   1.2200260781315220E+023
   3.8672300000000001E-003   1.2430376039949002E+023
   3.8418900000000001E-003   1.2671588565725483E+023
   3.8164000000000002E-003   1.2926762094626435E+023
   3.7907399999999999E-003   1.3199871233213227E+023
   3.7649300000000001E-003   1.3493160597496631E+023
   3.7389500000000000E-003   1.3802124678801261E+023
   3.7128000000000000E-003   1.4120068392170347E+023
   3.6864799999999998E-003   1.4442860277255916E+023
   3.6599800000000002E-003   1.4770422614668925E+023
   3.6333099999999998E-003   1.5102687961712798E+023
   3.6064600000000001E-003   1.5439595120119414E+023
   3.5794300000000002E-003   1.5781091622377409E+023
   3.5522100000000001E-003   1.6127128423737765E+023
   3.5247999999999998E-003   1.6477661891174605E+023
   3.4971899999999998E-003   1.6832652094840952E+023
   3.4693800000000002E-003   1.7192061588406021E+023
   3.4413700000000000E-003   1.7555855885557362E+023
   3.4131600000000002E-003   1.7924002200383784E+023
   3.3847299999999999E-003   1.8296468018520675E+023
   3.3560800000000000E-003   1.8673225676949492E+023
   3.3272200000000001E-003   1.9054243844183000E+023
   3.2981199999999999E-003   1.9439495377020729E+023
   3.2688000000000001E-003   1.9828951341201163E+023
   3.2392300000000001E-003   2.0222583839182022E+023
   3.2094200000000002E-003   2.0620363692622426E+023
   3.1793600000000000E-003   2.1022263665666317E+023
   3.1490500000000000E-003   2.1428253327157667E+023
   3.1184699999999999E-003   2.1838303103248725E+023
   3.0876200000000001E-003   2.2252382223698869E+023
   3.0564899999999998E-003   2.2670458119143306E+023
   3.0250799999999999E-003   2.3092497172763585E+023
   2.9933700000000000E-003   2.3518465188932063E+023
   2.9613600000000001E-003   2.3948326032851586E+023
   2.9290399999999999E-003   2.4382039921922920E+023
   2.8963999999999999E-003   2.4819566646681005E+023
   2.8634200000000002E-003   2.5260864123376349E+023
   2.8300999999999999E-003   2.5705887511813248E+023
   2.7964200000000000E-003   2.6154586588380270E+023
   2.7623800000000000E-003   2.6606913074922482E+023
   2.7279600000000002E-003   2.7062812656416463E+023
   2.6931400000000001E-003   2.7522226070785836E+023
   2.6579199999999998E-003   2.7985096061851514E+023
   2.6222699999999999E-003   2.8451353256330484E+023
   2.5861800000000000E-003   2.8920931356942079E+023
   2.5496199999999998E-003   2.9393755727498283E+023
   2.5125999999999998E-003   2.9869747091130992E+023
   2.4750699999999998E-003   3.0348822201901291E+023
   2.4370199999999998E-003   3.0830891142432305E+023
   2.3984200000000001E-003   3.1315857064418733E+023
   2.3592600000000002E-003   3.1803617682711585E+023
   2.3194900000000000E-003   3.2293572983070901E+023
   2.2790900000000001E-003   3.2789517960880625E+023
   2.2380299999999998E-003   3.3287893413024816E+023
   2.1962700000000002E-003   3.3788559087383179E+023
   2.1537700000000002E-003   3.4291369826750340E+023
   2.1104800000000001E-003   3.4796161569690156E+023
   2.0663600000000002E-003   3.5301882481843497E+023
   2.0213599999999998E-003   3.5812772775912725E+023
   1.9754099999999999E-003   3.6325354096373440E+023
   1.9284500000000000E-003   3.6839025353701693E+023
   1.8807200000000000E-003   3.7357503122034248E+023
   1.8311800000000000E-003   3.7876177479326823E+023
   1.7806899999999999E-003   3.8394006911078865E+023
   1.7288200000000001E-003   3.8794468789069009E+023
   1.6892299999999999E-003   3.9212436382644971E+023
   1.6481600000000001E-003   3.9828871001044630E+023
   1.5707900000000001E-003   4.0272368043270732E+023
   1.5274700000000000E-003   4.0705246049824383E+023
   1.4820499999999999E-003   4.1355388852168968E+023
   1.3879000000000001E-003   4.1907666228297609E+023
   1.3229100000000001E-003   4.2442762799825074E+023
   1.2551100000000000E-003   4.2904672164795680E+023
   1.1802500000000001E-003   4.3461005270194912E+023
   1.1005300000000000E-003   4.3930301853645280E+023
   1.0087500000000001E-003   4.4538644738773717E+023
   8.9930000000000001E-004   4.5215045013273543E+023
   7.0638000000000005E-004   4.5575961678255557E+023
   5.6780000000000003E-004   4.6028310736691647E+023
   4.8412999999999999E-004   4.6238064774570097E+023
   3.8296000000000001E-004   4.6250828686686551E+023
   3.1385000000000001E-004   4.6492616313331666E+023
   2.5071000000000002E-004   4.6309740771898592E+023
   2.0164000000000000E-004   4.6591254549233815E+023
   1.6416000000000000E-004   4.6534822561727003E+023
   1.3642999999999999E-004   4.6664439892879387E+023
   1.1689000000000000E-004   4.6636766344078388E+023
   1.0404000000000000E-004   4.6700362029273187E+023
   8.6870000000000000E-005   4.6722030356338833E+023
   6.8940000000000001E-005   4.6726287186627656E+023
   5.4719999999999998E-005   4.6761614994121702E+023
   4.3430000000000003E-005   4.6766432020203215E+023
   3.4470000000000000E-005   4.6768052119033054E+023
   2.7359999999999999E-005   4.6783131609427573E+023
   2.1710000000000001E-005   4.6784152517591769E+023
   1.7229999999999999E-005   4.6791324225470537E+023
   1.3679999999999999E-005   4.6798408158173961E+023
