   8.9171800000000002E-003   371579377407615.56     
   8.9171600000000004E-003   588930124882672.50     
   8.9171500000000004E-003   749900932577128.12     
   8.9171400000000005E-003   882132218071629.88     
   8.9171300000000005E-003   996331858524096.88     
   8.9171200000000006E-003   1097510424610107.6     
   8.9171200000000006E-003   1189010414718425.2     
   8.9171100000000007E-003   1273250998192961.2     
   8.9171100000000007E-003   1351878831645485.2     
   8.9171000000000007E-003   1425915417893027.5     
   8.9171000000000007E-003   1496033415499282.0     
   8.9170900000000008E-003   1562762856201752.0     
   8.9170900000000008E-003   1626522202657344.8     
   8.9170900000000008E-003   1687650874189293.8     
   8.9170800000000008E-003   1746449819729122.2     
   8.9170800000000008E-003   1803181613306195.2     
   8.9170800000000008E-003   1858061236388053.5     
   8.9170800000000008E-003   1911269893630067.0     
   8.9170699999999992E-003   1962967639799834.8     
   8.9170699999999992E-003   2013304458371478.0     
   8.9170699999999992E-003   2074337398468147.8     
   8.9170599999999992E-003   2145537336216967.8     
   8.9170599999999992E-003   2214534717182202.5     
   8.9170599999999992E-003   2281564223569453.0     
   8.9170499999999993E-003   2336183133841894.0     
   8.9170499999999993E-003   2378951200399447.0     
   8.9170499999999993E-003   2421027229312093.5     
   8.9170499999999993E-003   2462445538102575.0     
   8.9170499999999993E-003   2513236958581838.0     
   8.9170399999999993E-003   2573087900543980.0     
   8.9170399999999993E-003   2631676682606862.0     
   8.9170399999999993E-003   2689070410029845.5     
   8.9170299999999994E-003   2736107404699786.5     
   8.9170299999999994E-003   2773136857539328.5     
   8.9170299999999994E-003   2809710028149673.0     
   8.9170299999999994E-003   2845845781892228.5     
   8.9170299999999994E-003   2899117913095338.0     
   8.9170299999999994E-003   2951798074713517.5     
   8.9170199999999995E-003   2986359991406034.0     
   8.9170199999999995E-003   3037421284942490.0     
   8.9170199999999995E-003   3104543856610211.5     
   8.9170199999999995E-003   3170481616476418.5     
   8.9170099999999995E-003   3235343026384006.0     
   8.9170099999999995E-003   3283441039482174.5     
   8.9170099999999995E-003   3315141082236517.5     
   8.9170099999999995E-003   3346612509271790.5     
   8.9170099999999995E-003   3377860726805256.5     
   8.9170099999999995E-003   3424230378371126.5     
   8.9169999999999996E-003   3485437742476643.0     
   8.9169999999999996E-003   3545808030093106.0     
   8.9169999999999996E-003   3605349382085032.0     
   8.9169999999999996E-003   3673686924541792.5     
   8.9169899999999996E-003   3750488329233018.0     
   8.9169899999999996E-003   3825829955279734.5     
   8.9169899999999996E-003   3899762774412250.5     
   8.9169799999999997E-003   3972367009336897.0     
   8.9169799999999997E-003   4043763611512441.5     
   8.9169799999999997E-003   4114156199209486.0     
   8.9169799999999997E-003   4183760699873152.5     
   8.9169699999999998E-003   4261315223006350.5     
   8.9169699999999998E-003   4347006545344963.5     
   8.9169699999999998E-003   4432436140078001.0     
   8.9169699999999998E-003   4496616000273478.0     
   8.9169599999999998E-003   4539385571977853.0     
   8.9169599999999998E-003   4603565581014188.0     
   8.9169599999999998E-003   4689577246231978.0     
   8.9169599999999998E-003   4776012266802742.0     
   8.9169499999999999E-003   4862924674083091.0     
   8.9169499999999999E-003   4950330563199836.0     
   8.9169499999999999E-003   5038206684784560.0     
   8.9169499999999999E-003   5126470698727468.0     
   8.9169399999999999E-003   5214976867967396.0     
   8.9169399999999999E-003   5303529074376193.0     
   8.9169399999999999E-003   5391924109554927.0     
   8.9169399999999999E-003   5523654069145138.0     
   8.9169300000000000E-003   5675811506822449.0     
   8.9169300000000000E-003   5804144363736387.0     
   8.9169300000000000E-003   5930201147086855.0     
   8.9169200000000001E-003   6023103928309971.0     
   8.9169200000000001E-003   6084174842468719.0     
   8.9169200000000001E-003   6174455083942821.0     
   8.9169200000000001E-003   6292371315798942.0     
   8.9169200000000001E-003   6463860030290284.0     
   8.9169100000000001E-003   6629006782205746.0     
   8.9169100000000001E-003   6735683903418302.0     
   8.9169100000000001E-003   6839725020657155.0     
   8.9169000000000002E-003   6941246741888883.0     
   8.9169000000000002E-003   7040378910812904.0     
   8.9169000000000002E-003   7137254874232710.0     
   8.9169000000000002E-003   7232004310344832.0     
   8.9168900000000002E-003   7324755104136769.0     
   8.9168900000000002E-003   7430599878721317.0     
   8.9168900000000002E-003   7548684083479167.0     
   8.9168900000000002E-003   7720500541274865.0     
   8.9168800000000003E-003   7886745707944426.0     
   8.9168800000000003E-003   7994393924264180.0     
   8.9168800000000003E-003   8099666129018175.0     
   8.9168700000000004E-003   8202360864637691.0     
   8.9168700000000004E-003   8315524063366426.0     
   8.9168700000000004E-003   8438025894862418.0     
   8.9168600000000004E-003   8557241437520028.0     
   8.9168600000000004E-003   8673340565020591.0     
   8.9168600000000004E-003   8786475119904013.0     
   8.9168600000000004E-003   8896779342222052.0     
   8.9168500000000005E-003   9056902638083902.0     
   8.9168500000000005E-003   9221966851068838.0     
   8.9168400000000005E-003   9341700610103390.0     
   8.9168400000000005E-003   9458335210480844.0     
   8.9168400000000005E-003   9572084216407872.0     
   8.9168300000000006E-003   9683153011936108.0     
   8.9168300000000006E-003   9791715433351708.0     
   8.9168300000000006E-003   9897909676547444.0     
   8.9168300000000006E-003   10001870501199298.     
   8.9168200000000006E-003   10103731691827510.     
   8.9168200000000006E-003   10203623633795242.     
   8.9168200000000006E-003   10301676774387218.     
   8.9168100000000007E-003   10398003428058308.     
   8.9168100000000007E-003   10539107834965512.     
   8.9168100000000007E-003   10722174879231002.     
   8.9168000000000008E-003   10899249164111626.     
   8.9168000000000008E-003   11070583524142478.     
   8.9167900000000008E-003   11236576953869152.     
   8.9167799999999992E-003   11397637134726858.     
   8.9167799999999992E-003   11554074329289460.     
   8.9167799999999992E-003   11706133204738068.     
   8.9167699999999992E-003   11854142200799238.     
   8.9167699999999992E-003   11998479866140038.     
   8.9167599999999993E-003   12139483270841590.     
   8.9167599999999993E-003   12277452775616092.     
   8.9167499999999993E-003   12412638540571650.     
   8.9167499999999993E-003   12545198439555162.     
   8.9167399999999994E-003   12675295851215604.     
   8.9167399999999994E-003   12803125059889542.     
   8.9167399999999994E-003   12990723918805538.     
   8.9167299999999994E-003   13235243226317178.     
   8.9167199999999995E-003   13414488295169490.     
   8.9167099999999996E-003   13531581248828100.     
   8.9167099999999996E-003   13646965456442072.     
   8.9167099999999996E-003   13760654730412132.     
   8.9166999999999996E-003   13909480357269178.     
   8.9166999999999996E-003   14091930127049436.     
   8.9166899999999997E-003   14270330151075438.     
   8.9166799999999997E-003   14401844778280126.     
   8.9166799999999997E-003   14488198900338394.     
   8.9166799999999997E-003   14615854592662072.     
   8.9166699999999998E-003   14783524827373234.     
   8.9166699999999998E-003   14948155678450786.     
   8.9166599999999999E-003   15109943315199528.     
   8.9166599999999999E-003   15269041156500662.     
   8.9166499999999999E-003   15425579668200814.     
   8.9166400000000000E-003   15655210334220452.     
   8.9166300000000000E-003   15880950941894418.     
   8.9166300000000000E-003   16028396699479500.     
   8.9166200000000001E-003   16173776884389258.     
   8.9166200000000001E-003   16317073204341030.     
   8.9166100000000002E-003   16527689330422914.     
   8.9166000000000002E-003   16801792003912842.     
   8.9165900000000003E-003   17067795164745552.     
   8.9165800000000003E-003   17326028236760210.     
   8.9165700000000004E-003   17546054476826348.     
   8.9165700000000004E-003   17730129437104442.     
   8.9165600000000005E-003   17910355545675608.     
   8.9165500000000005E-003   18086990532568668.     
   8.9165500000000005E-003   18345099270432996.     
   8.9165300000000006E-003   18597532502755808.     
   8.9165300000000006E-003   18761855653797284.     
   8.9165200000000007E-003   18923592026680944.     
   8.9165100000000008E-003   19082961807087104.     
   8.9165100000000008E-003   19317463868541096.     
   8.9165000000000008E-003   19624113458418132.     
   8.9164799999999992E-003   19923885226264228.     
   8.9164699999999993E-003   20217481792195988.     
   8.9164599999999993E-003   20505570153465136.     
   8.9164499999999994E-003   20788644610258344.     
   8.9164399999999994E-003   21066845199437520.     
   8.9164299999999995E-003   21340371349421040.     
   8.9164199999999996E-003   21609522899737260.     
   8.9164099999999996E-003   21874542572284880.     
   8.9163899999999997E-003   22135529410301084.     
   8.9163799999999998E-003   22434738062838476.     
   8.9163699999999999E-003   22770559837398352.     
   8.9163599999999999E-003   23099715809715356.     
   8.9163400000000000E-003   23422413560506788.     
   8.9163300000000001E-003   23738758705060068.     
   8.9163200000000001E-003   23972269693240200.     
   8.9163100000000002E-003   24125778277362648.     
   8.9163100000000002E-003   24352910950994920.     
   8.9162900000000003E-003   24651179424517208.     
   8.9162800000000004E-003   24943877707706392.     
   8.9162700000000004E-003   25231177361868348.     
   8.9162600000000005E-003   25582574750768488.     
   8.9162400000000006E-003   25994424834189136.     
   8.9162200000000007E-003   26296684736850712.     
   8.9162200000000007E-003   26592359203416592.     
   8.9162000000000009E-003   26883236711524800.     
   8.9161899999999992E-003   27105445730097108.     
   8.9161799999999992E-003   27355765104616580.     
   8.9161699999999993E-003   27602299456646808.     
   8.9161599999999994E-003   27845267745601056.     
   8.9161499999999994E-003   28203013436424236.     
   8.9161299999999995E-003   28555148258304948.     
   8.9161199999999996E-003   28786128994631156.     
   8.9161099999999997E-003   29071115359585680.     
   8.9160999999999997E-003   29408577975049360.     
   8.9160799999999998E-003   29904450368171148.     
   8.9160500000000000E-003   30392439377852236.     
   8.9160400000000001E-003   30711704006851992.     
   8.9160200000000002E-003   31026898010822944.     
   8.9160100000000003E-003   31338133073904720.     
   8.9160000000000003E-003   31796921958585580.     
   8.9159700000000005E-003   32396977193236652.     
   8.9159500000000006E-003   32886846495201732.     
   8.9159300000000007E-003   33271545827161952.     
   8.9159100000000008E-003   33697135895118756.     
   8.9158899999999992E-003   34161839818501352.     
   8.9158699999999994E-003   34618105972172040.     
   8.9158499999999995E-003   35066361713676120.     
   8.9158299999999996E-003   35615438269239388.     
   8.9158099999999997E-003   36101084695418520.     
   8.9157899999999998E-003   36419503146597912.     
   8.9157799999999999E-003   36734165817811704.     
   8.9157600000000000E-003   37045210453136824.     
   8.9157500000000001E-003   37504720812163128.     
   8.9157200000000002E-003   38106696259813408.     
   8.9157000000000004E-003   38696244652234032.     
   8.9156700000000005E-003   39274098734818640.     
   8.9156500000000007E-003   39840984675564320.     
   8.9156200000000008E-003   40488974117052680.     
   8.9155899999999993E-003   41215884699652624.     
   8.9155599999999995E-003   41838055085800632.     
   8.9155399999999996E-003   42361918777859224.     
   8.9155099999999998E-003   42877880430373016.     
   8.9154899999999999E-003   43386364406884264.     
   8.9154700000000000E-003   43970289655970448.     
   8.9154400000000002E-003   44626860418823528.     
   8.9154100000000003E-003   45272106744988264.     
   8.9153800000000005E-003   45906601736113672.     
   8.9153500000000007E-003   46530878630600144.     
   8.9153300000000008E-003   47145400102545320.     
   8.9152999999999993E-003   47750546940374240.     
   8.9152699999999994E-003   48346639138970040.     
   8.9152499999999996E-003   48934003403641832.     
   8.9152199999999997E-003   49512964081889432.     
   8.9151999999999999E-003   50224747162514752.     
   8.9151600000000001E-003   51063676343474872.     
   8.9151200000000003E-003   51750666508663432.     
   8.9151000000000005E-003   52292004377388512.     
   8.9150800000000006E-003   52826636605236072.     
   8.9150500000000008E-003   53354808797269256.     
   8.9150299999999991E-003   54134461537187608.     
   8.9149799999999994E-003   55154656432115160.     
   8.9149399999999997E-003   55906075186435872.     
   8.9149199999999998E-003   56399895170713968.     
   8.9148999999999999E-003   57009808771414888.     
   8.9148700000000001E-003   57732234439745112.     
   8.9148300000000003E-003   58444331310867016.     
   8.9148000000000005E-003   59146513294414696.     
   8.9147700000000007E-003   59953267278307400.     
   8.9147299999999992E-003   60860457396684896.     
   8.9146899999999994E-003   61531180968289312.     
   8.9146699999999995E-003   61973191504079920.     
   8.9146599999999996E-003   62628759310015976.     
   8.9146199999999998E-003   63491206526773424.     
   8.9145800000000001E-003   64340090149200440.     
   8.9145400000000003E-003   65176014271960104.     
   8.9145100000000005E-003   66404986077102992.     
   8.9144399999999992E-003   68005207934729808.     
   8.9143699999999996E-003   69178219718943672.     
   8.9143399999999998E-003   69946421106346088.     
   8.9143000000000000E-003   70704924428305688.     
   8.9142700000000002E-003   71454151873286312.     
   8.9142400000000004E-003   72377673979307760.     
   8.9141900000000007E-003   73469171906895056.     
   8.9141399999999992E-003   74365367011035472.     
   8.9141099999999994E-003   75073173700405904.     
   8.9140799999999996E-003   75946980928678496.     
   8.9140399999999998E-003   76981494660528448.     
   8.9139900000000001E-003   78000701028985248.     
   8.9139500000000003E-003   79005110309534928.     
   8.9139100000000006E-003   79995131468948992.     
   8.9138700000000008E-003   80971172177546224.     
   8.9138199999999994E-003   81933828738360720.     
   8.9137799999999996E-003   82883752264279488.     
   8.9137399999999999E-003   83821473492949360.     
   8.9137000000000001E-003   84747398149354784.     
   8.9136600000000003E-003   85812722638147728.     
   8.9136100000000006E-003   87012328281714336.     
   8.9135599999999992E-003   87900369970558848.     
   8.9135399999999993E-003   88486315382948928.     
   8.9135099999999995E-003   89484501044784816.     
   8.9134499999999998E-003   90881915306520336.     
   8.9133900000000002E-003   91977416995193488.     
   8.9133600000000004E-003   92781411402592912.     
   8.9133300000000006E-003   93775070555136848.     
   8.9132800000000009E-003   94952681131208448.     
   8.9132299999999994E-003   96114331458905808.     
   8.9131799999999997E-003   97260832617206176.     
   8.9131300000000000E-003   98579605614736352.     
   8.9130700000000004E-003   1.0006445638843933E+017
   8.9130000000000008E-003   1.0116353118303390E+017
   8.9129699999999992E-003   1.0188856490061507E+017
   8.9129399999999994E-003   1.0296497929428218E+017
   8.9128799999999998E-003   1.0438263183548258E+017
   8.9128300000000001E-003   1.0577974455287301E+017
   8.9127700000000004E-003   1.0715706280589571E+017
   8.9127100000000008E-003   1.0851532406087960E+017
   8.9126499999999994E-003   1.0985529443660568E+017
   8.9125999999999997E-003   1.1117776760031938E+017
   8.9125400000000000E-003   1.1248353735583331E+017
   8.9124900000000003E-003   1.1377331735765414E+017
   8.9124400000000006E-003   1.1504773717727278E+017
   8.9123899999999992E-003   1.1661922973440619E+017
   8.9123099999999997E-003   1.1847691890415845E+017
   8.9122300000000002E-003   1.2000259152147347E+017
   8.9121800000000004E-003   1.2120805356423245E+017
   8.9121300000000007E-003   1.2240112291750019E+017
   8.9120899999999992E-003   1.2358220907535626E+017
   8.9120399999999995E-003   1.2504164186686781E+017
   8.9119700000000000E-003   1.2677068757671522E+017
   8.9119000000000004E-003   1.2847554644860064E+017
   8.9118300000000008E-003   1.3015720942028398E+017
   8.9117599999999995E-003   1.3181664037683693E+017
   8.9116899999999999E-003   1.3345472419948792E+017
   8.9116300000000002E-003   1.3480451436540587E+017
   8.9115900000000005E-003   1.3587393764341485E+017
   8.9115400000000008E-003   1.3746074817195782E+017
   8.9114599999999995E-003   1.3954859447821246E+017
   8.9113800000000000E-003   1.4134958696743264E+017
   8.9113100000000004E-003   1.4287398181802477E+017
   8.9112500000000008E-003   1.4438166116877786E+017
   8.9111899999999994E-003   1.4587320307814144E+017
   8.9111399999999997E-003   1.4759314948128646E+017
   8.9110600000000002E-003   1.4953441013707046E+017
   8.9109800000000006E-003   1.5145010780565030E+017
   8.9109099999999993E-003   1.5334134316877594E+017
   8.9108299999999998E-003   1.5520917820899424E+017
   8.9107600000000002E-003   1.5705461942628726E+017
   8.9106900000000006E-003   1.5887853795855027E+017
   8.9106199999999993E-003   1.6068169662280931E+017
   8.9105499999999997E-003   1.6246478620247149E+017
   8.9104800000000001E-003   1.6422844220547382E+017
   8.9104100000000006E-003   1.6597326396167069E+017
   8.9103399999999992E-003   1.6769983406418566E+017
   8.9102799999999996E-003   1.6983229762750598E+017
   8.9101800000000002E-003   1.7235729973123914E+017
   8.9100800000000008E-003   1.7443414422808547E+017
   8.9100199999999994E-003   1.7607710626745293E+017
   8.9099499999999998E-003   1.7770459974158934E+017
   8.9098900000000002E-003   1.7931697740891629E+017
   8.9098300000000005E-003   1.8170624252122874E+017
   8.9097099999999995E-003   1.8484459272058506E+017
   8.9095900000000002E-003   1.8716417759941875E+017
   8.9095300000000006E-003   1.8869319631435571E+017
   8.9094799999999991E-003   1.9096159786861926E+017
   8.9093599999999998E-003   1.9394540911736128E+017
   8.9092500000000005E-003   1.9615374336810992E+017
   8.9092000000000008E-003   1.9761088635784214E+017
   8.9091399999999994E-003   1.9977474444563840E+017
   8.9090300000000001E-003   2.0262446706157651E+017
   8.9089300000000007E-003   2.0543356637587462E+017
   8.9088199999999996E-003   2.0820384499654826E+017
   8.9087200000000002E-003   2.1107433042728349E+017
   8.9086100000000008E-003   2.1484236077859616E+017
   8.9084400000000001E-003   2.1868187619458710E+017
   8.9083200000000008E-003   2.2103265997768250E+017
   8.9082699999999994E-003   2.2335614999125309E+017
   8.9081500000000001E-003   2.2641863054891955E+017
   8.9080400000000007E-003   2.2943984067048762E+017
   8.9079299999999997E-003   2.3242112050113254E+017
   8.9078200000000003E-003   2.3609188561103590E+017
   8.9076599999999995E-003   2.4042369719931715E+017
   8.9075100000000004E-003   2.4537740759047869E+017
   8.9072999999999999E-003   2.5091938038899635E+017
   8.9071099999999993E-003   2.5499820961026909E+017
   8.9070099999999999E-003   2.5767882148669827E+017
   8.9069100000000005E-003   2.6033147458553914E+017
   8.9068199999999993E-003   2.6295725230628803E+017
   8.9067199999999999E-003   2.6587981953132048E+017
   8.9066100000000006E-003   2.6909056100254496E+017
   8.9064999999999995E-003   2.7226351736380864E+017
   8.9063800000000002E-003   2.7539987928906678E+017
   8.9062700000000009E-003   2.7942238222312998E+017
   8.9061000000000001E-003   2.8429675102180077E+017
   8.9059299999999994E-003   2.8968060761273632E+017
   8.9057200000000006E-003   2.9554955416319366E+017
   8.9055200000000001E-003   3.0191812537388947E+017
   8.9052699999999999E-003   3.0875861101099162E+017
   8.9050399999999995E-003   3.1379477997893549E+017
   8.9049200000000002E-003   3.1710552852165504E+017
   8.9048100000000008E-003   3.2254313500291347E+017
   8.9045500000000007E-003   3.3001145067189856E+017
   8.9043000000000004E-003   3.3679796358061306E+017
   8.9040800000000000E-003   3.4141850853841619E+017
   8.9039800000000006E-003   3.4446271510132186E+017
   8.9038799999999994E-003   3.4798028797682643E+017
   8.9037400000000003E-003   3.5195879056406611E+017
   8.9036099999999993E-003   3.5784102389128544E+017
   8.9033399999999992E-003   3.6554480708288307E+017
   8.9030900000000007E-003   3.7309117050468262E+017
   8.9028400000000004E-003   3.7865692112084403E+017
   8.9027099999999994E-003   3.8232085384380755E+017
   8.9025900000000002E-003   3.8685189994106362E+017
   8.9024099999999995E-003   3.9222405277212653E+017
   8.9022400000000005E-003   3.9927419319400397E+017
   8.9019500000000005E-003   4.0792527636225056E+017
   8.9016600000000005E-003   4.1600986193069069E+017
   8.9014100000000002E-003   4.2358697300566848E+017
   8.9011699999999999E-003   4.3113479538484538E+017
   8.9009299999999996E-003   4.3865439807676333E+017
   8.9006899999999993E-003   4.4731702121683232E+017
   8.9003799999999994E-003   4.5709104889410720E+017
   8.9000799999999994E-003   4.6672767059947245E+017
   8.8997799999999995E-003   4.7623183995629216E+017
   8.8994999999999994E-003   4.8560855486772147E+017
   8.8992199999999994E-003   4.9486263204541952E+017
   8.8989399999999993E-003   5.0229950720581485E+017
   8.8987700000000003E-003   5.0796493430872141E+017
   8.8986099999999995E-003   5.1358683536082349E+017
   8.8984400000000005E-003   5.1916628509741267E+017
   8.8982799999999997E-003   5.2745023393664013E+017
   8.8979699999999998E-003   5.3836695925777011E+017
   8.8976599999999999E-003   5.5019628541774771E+017
   8.8973000000000003E-003   5.6288617631848858E+017
   8.8969500000000007E-003   5.7484867692563238E+017
   8.8966400000000008E-003   5.8608101152006579E+017
   8.8963299999999992E-003   5.9853886626392410E+017
   8.8959599999999996E-003   6.1218171590805760E+017
   8.8956100000000000E-003   6.2562200536192538E+017
   8.8952600000000003E-003   6.3887085786142054E+017
   8.8949200000000006E-003   6.4872977375573965E+017
   8.8947499999999999E-003   6.5854587300623667E+017
   8.8944200000000001E-003   6.6827787634758208E+017
   8.8942499999999994E-003   6.7602110075137626E+017
   8.8940300000000007E-003   6.8500970410222643E+017
   8.8938100000000003E-003   6.9392094995539354E+017
   8.8935899999999998E-003   7.0275744494374963E+017
   8.8933699999999994E-003   7.1462818078670771E+017
   8.8930099999999998E-003   7.2944936278167450E+017
   8.8926600000000001E-003   7.4420822901091226E+017
   8.8923100000000005E-003   7.5890949342385434E+017
   8.8919700000000008E-003   7.7582501009277018E+017
   8.8915200000000000E-003   7.9487567560158579E+017
   8.8910900000000008E-003   8.0902342095045914E+017
   8.8908800000000003E-003   8.1841762385961126E+017
   8.8906699999999998E-003   8.3245554849115149E+017
   8.8902600000000005E-003   8.5100828595483584E+017
   8.8898499999999995E-003   8.6935045557740378E+017
   8.8894600000000001E-003   8.8749300530467533E+017
   8.8890800000000006E-003   9.0777302714379520E+017
   8.8886000000000000E-003   9.3011547469029376E+017
   8.8881399999999992E-003   9.5224752816331699E+017
   8.8876900000000002E-003   9.7418406274032218E+017
   8.8872499999999993E-003   9.9589880415623770E+017
   8.8868200000000001E-003   1.0174043462089828E+018
   8.8863999999999992E-003   1.0345322506400978E+018
   8.8861500000000006E-003   1.0474037935498711E+018
   8.8859000000000004E-003   1.0601807731768908E+018
   8.8856600000000001E-003   1.0728660411209747E+018
   8.8854199999999998E-003   1.0918683095224969E+018
   8.8849399999999992E-003   1.1170136211176915E+018
   8.8844700000000002E-003   1.1440720174655996E+018
   8.8839399999999999E-003   1.1729756408887757E+018
   8.8834199999999995E-003   1.2016794778802908E+018
   8.8829100000000008E-003   1.2301984813655109E+018
   8.8824100000000003E-003   1.2524469154197960E+018
   8.8821300000000002E-003   1.2686072593610056E+018
   8.8818500000000002E-003   1.2847203040880159E+018
   8.8815800000000000E-003   1.3007880668855498E+018
   8.8813000000000000E-003   1.3208136939511931E+018
   8.8809000000000006E-003   1.3447031278312276E+018
   8.8804999999999995E-003   1.3726129870246912E+018
   8.8799699999999992E-003   1.4044160162544512E+018
   8.8794600000000005E-003   1.4360143384639880E+018
   8.8789500000000000E-003   1.4674202536164613E+018
   8.8784599999999995E-003   1.4907969921922880E+018
   8.8782099999999992E-003   1.5063501889940721E+018
   8.8779700000000007E-003   1.5239529677571633E+018
   8.8776600000000008E-003   1.5435683965100951E+018
   8.8773600000000008E-003   1.5728872988457375E+018
   8.8767599999999992E-003   1.6116246941698253E+018
   8.8761900000000008E-003   1.6404231144017615E+018
   8.8759000000000008E-003   1.6595666913512399E+018
   8.8756200000000007E-003   1.6807671711079388E+018
   8.8752699999999993E-003   1.7039838972754010E+018
   8.8749299999999996E-003   1.7270193093033172E+018
   8.8745999999999998E-003   1.7498786066910077E+018
   8.8742700000000001E-003   1.7729074447864325E+018
   8.8739400000000003E-003   1.7961032118544507E+018
   8.8736100000000005E-003   1.8308375237452600E+018
   8.8729599999999992E-003   1.8767598563264415E+018
   8.8723299999999995E-003   1.9109229889363840E+018
   8.8720199999999996E-003   1.9336740814526513E+018
   8.8717099999999997E-003   1.9585648620059584E+018
   8.8713400000000001E-003   1.9855523288414851E+018
   8.8709800000000005E-003   2.0123291909934144E+018
   8.8706199999999992E-003   2.0525069903374426E+018
   8.8699099999999999E-003   2.0926614506197642E+018
   8.8695600000000003E-003   2.1194432755079654E+018
   8.8692100000000006E-003   2.1460296023173089E+018
   8.8688699999999992E-003   2.1824166915400732E+018
   8.8682799999999992E-003   2.2283390022679237E+018
   8.8676999999999992E-003   2.2744610158061430E+018
   8.8671099999999992E-003   2.3207791762181396E+018
   8.8665399999999991E-003   2.3651342963032837E+018
   8.8660200000000005E-003   2.4075921448024320E+018
   8.8655000000000001E-003   2.4421778915897093E+018
   8.8651700000000003E-003   2.4690807649694095E+018
   8.8648500000000005E-003   2.5118651218709064E+018
   8.8641499999999995E-003   2.5700895514668206E+018
   8.8634700000000000E-003   2.6157647578443197E+018
   8.8630700000000007E-003   2.6492582267935759E+018
   8.8626799999999995E-003   2.6981472387950909E+018
   8.8619400000000004E-003   2.7619769347731113E+018
   8.8612199999999995E-003   2.8295887883430784E+018
   8.8603999999999992E-003   2.8999636517399695E+018
   8.8596100000000004E-003   2.9538948922730634E+018
   8.8591599999999996E-003   2.9926333175226844E+018
   8.8587200000000005E-003   3.0311726366356234E+018
   8.8582699999999997E-003   3.0696213478904556E+018
   8.8578300000000006E-003   3.1225352025240950E+018
   8.8570599999999999E-003   3.1898577299828403E+018
   8.8562999999999992E-003   3.2494989668566753E+018
   8.8557299999999992E-003   3.3016411309450875E+018
   8.8551700000000007E-003   3.3504324868006349E+018
   8.8546900000000001E-003   3.4183580822843827E+018
   8.8537500000000005E-003   3.5124477435012787E+018
   8.8527499999999995E-003   3.5853629679404288E+018
   8.8522600000000007E-003   3.6335033914564004E+018
   8.8517700000000001E-003   3.7052267985455636E+018
   8.8508200000000006E-003   3.7998354595622164E+018
   8.8499000000000008E-003   3.8905830379053768E+018
   8.8490400000000007E-003   3.9653933059438986E+018
   8.8484400000000008E-003   4.0272838486316820E+018
   8.8478500000000009E-003   4.1174214660160742E+018
   8.8467300000000006E-003   4.2348685953193938E+018
   8.8456300000000002E-003   4.3539268142351514E+018
   8.8445099999999999E-003   4.4745566190916521E+018
   8.8434199999999994E-003   4.5821299064252549E+018
   8.8425599999999993E-003   4.6771395899781304E+018
   8.8417099999999992E-003   4.7934148842455828E+018
   8.8404999999999994E-003   4.8962308854085284E+018
   8.8398999999999995E-003   4.9640967429730232E+018
   8.8393099999999995E-003   5.0587252698499123E+018
   8.8382700000000005E-003   5.1793530442358876E+018
   8.8372499999999996E-003   5.2731350810348032E+018
   8.8366799999999995E-003   5.3408224541460152E+018
   8.8361099999999995E-003   5.4268727988782408E+018
   8.8352399999999994E-003   5.5308359923738921E+018
   8.8343799999999993E-003   5.6629050546083195E+018
   8.8330700000000002E-003   5.7858343990976829E+018
   8.8323800000000008E-003   5.8840610946062531E+018
   8.8314900000000009E-003   5.9940142497421158E+018
   8.8306200000000008E-003   6.1287252798363986E+018
   8.8293599999999996E-003   6.2479314988879462E+018
   8.8287499999999998E-003   6.3266912057234944E+018
   8.8281399999999999E-003   6.4486330875924111E+018
   8.8268700000000005E-003   6.5717543501916559E+018
   8.8262400000000008E-003   6.6531062767611259E+018
   8.8256299999999992E-003   6.7419620312914852E+018
   8.8249000000000001E-003   6.8381603281056102E+018
   8.8241799999999992E-003   6.9607828206388408E+018
   8.8230700000000006E-003   7.1090347618126776E+018
   8.8219800000000001E-003   7.2332795086902446E+018
   8.8212399999999993E-003   7.3342255812690985E+018
   8.8205100000000002E-003   7.4352361692547103E+018
   8.8197799999999993E-003   7.5920247287472732E+018
   8.8182599999999996E-003   7.8017420044591452E+018
   8.8167799999999998E-003   8.0155590993278710E+018
   8.8152400000000002E-003   8.1791389533129052E+018
   8.8144899999999995E-003   8.2870465115604029E+018
   8.8137400000000005E-003   8.4549638867801846E+018
   8.8121699999999994E-003   8.6804721729994332E+018
   8.8106499999999997E-003   8.9099387419669576E+018
   8.8090500000000006E-003   9.0852531111181332E+018
   8.8082700000000000E-003   9.2006091514819512E+018
   8.8074999999999994E-003   9.3189937624563773E+018
   8.8066800000000008E-003   9.4401879599394693E+018
   8.8058800000000003E-003   9.5600737174688543E+018
   8.8050799999999999E-003   9.6786181161422356E+018
   8.8042999999999993E-003   9.8001224756013650E+018
   8.8034700000000007E-003   9.9243237319565230E+018
   8.8026500000000004E-003   1.0107665873347377E+019
   8.8010399999999996E-003   1.0291588178932136E+019
   8.8001899999999994E-003   1.0417942741329478E+019
   8.7993499999999992E-003   1.0542464774391187E+019
   8.7985300000000006E-003   1.0665147863461927E+019
   8.7977200000000002E-003   1.0790894759543874E+019
   8.7968500000000002E-003   1.0918545384432974E+019
   8.7960000000000000E-003   1.1044008700812493E+019
   8.7951599999999998E-003   1.1167437018109821E+019
   8.7943299999999995E-003   1.1293223666403189E+019
   8.7934599999999995E-003   1.1421033841966664E+019
   8.7925899999999994E-003   1.1546434410251352E+019
   8.7917299999999993E-003   1.1669631434494872E+019
   8.7908900000000009E-003   1.1794973016920127E+019
   8.7899999999999992E-003   1.1922168209393504E+019
   8.7891099999999993E-003   1.2046751605243515E+019
   8.7882399999999992E-003   1.2169094354472178E+019
   8.7873799999999992E-003   1.2293422012762202E+019
   8.7864699999999994E-003   1.2419655420427096E+019
   8.7855799999999994E-003   1.2543263247402502E+019
   8.7846899999999995E-003   1.2664867142924573E+019
   8.7838099999999995E-003   1.2788601212777327E+019
   8.7828899999999998E-003   1.2914483843422413E+019
   8.7819800000000000E-003   1.3037988353873363E+019
   8.7810700000000002E-003   1.3159782249492169E+019
   8.7801800000000003E-003   1.3284014512952977E+019
   8.7792400000000007E-003   1.3410731262729171E+019
   8.7783099999999992E-003   1.3535410022501054E+019
   8.7773899999999995E-003   1.3658683662213126E+019
   8.7764899999999996E-003   1.3784957460915474E+019
   8.7755300000000001E-003   1.3913586111152040E+019
   8.7745900000000005E-003   1.4039211809878018E+019
   8.7736499999999992E-003   1.4166333479233413E+019
   8.7727299999999994E-003   1.4367218724148509E+019
   8.7708000000000005E-003   1.4632781090668610E+019
   8.7689099999999996E-003   1.4830902734114089E+019
   8.7679200000000002E-003   1.4968193376189903E+019
   8.7669400000000008E-003   1.5103903728938852E+019
   8.7659799999999996E-003   1.5241629728583801E+019
   8.7650300000000000E-003   1.5461056641758530E+019
   8.7630299999999998E-003   1.5750274905043905E+019
   8.7610799999999992E-003   1.5965448525372330E+019
   8.7600600000000001E-003   1.6115483298904244E+019
   8.7590500000000009E-003   1.6340410084405871E+019
   8.7570700000000005E-003   1.6646879487042920E+019
   8.7550000000000006E-003   1.6878721557896647E+019
   8.7539899999999997E-003   1.7035149635544769E+019
   8.7529900000000004E-003   1.7285014310758015E+019
   8.7508900000000008E-003   1.7612957634021636E+019
   8.7488500000000007E-003   1.7940946426683822E+019
   8.7467099999999996E-003   1.8191744116671107E+019
   8.7456700000000005E-003   1.8358254505671643E+019
   8.7446399999999997E-003   1.8620930629045301E+019
   8.7424700000000004E-003   1.8971761905687552E+019
   8.7403499999999992E-003   1.9329842463651303E+019
   8.7381500000000001E-003   1.9694793691126100E+019
   8.7360000000000007E-003   1.9967142326269731E+019
   8.7348700000000005E-003   2.0156103114649965E+019
   8.7337500000000002E-003   2.0446867229423129E+019
   8.7314899999999997E-003   2.0830483722618323E+019
   8.7292900000000007E-003   2.1214402547805934E+019
   8.7270600000000000E-003   2.1612836105977102E+019
   8.7247399999999999E-003   2.2018910103326355E+019
   8.7224799999999995E-003   2.2321412021470831E+019
   8.7212899999999996E-003   2.2640571232798265E+019
   8.7189499999999996E-003   2.3006253429899948E+019
   8.7171999999999996E-003   2.3327564677562642E+019
   8.7153999999999999E-003   2.3707420929149276E+019
   8.7130599999999999E-003   2.4148957911368835E+019
   8.7106100000000006E-003   2.4537299519542460E+019
   8.7088100000000009E-003   2.4872520067958428E+019
   8.7069599999999997E-003   2.5221275103450030E+019
   8.7051100000000003E-003   2.5565889932866527E+019
   8.7033000000000006E-003   2.5901052646567379E+019
   8.7015300000000007E-003   2.6226806870909112E+019
   8.6998000000000006E-003   2.6517824070037205E+019
   8.6983800000000003E-003   2.6779622449367052E+019
   8.6969899999999999E-003   2.7060290891040055E+019
   8.6953900000000008E-003   2.7354328429022478E+019
   8.6938099999999997E-003   2.7648219192843370E+019
   8.6921800000000007E-003   2.7947977982933873E+019
   8.6905699999999999E-003   2.8316772116696887E+019
   8.6882599999999997E-003   2.8728659456925417E+019
   8.6860099999999992E-003   2.9064227369668489E+019
   8.6843700000000003E-003   2.9350469938321269E+019
   8.6827599999999994E-003   2.9708965648161321E+019
   8.6803999999999996E-003   3.0108260788468408E+019
   8.6780899999999994E-003   3.0433613994871587E+019
   8.6763799999999992E-003   3.0706460483053818E+019
   8.6747100000000004E-003   3.0972152572604854E+019
   8.6730200000000000E-003   3.1234296009800323E+019
   8.6713599999999995E-003   3.1552581666467316E+019
   8.6689699999999998E-003   3.1901851480085594E+019
   8.6666299999999998E-003   3.2208607635469038E+019
   8.6645500000000000E-003   3.2488141087263764E+019
   8.6625100000000000E-003   3.2755795210044518E+019
   8.6604300000000002E-003   3.3016203363616256E+019
   8.6584000000000001E-003   3.3289479029018128E+019
   8.6559700000000007E-003   3.3570320625566573E+019
   8.6536100000000008E-003   3.3838388910668534E+019
   8.6511799999999996E-003   3.4090797991712948E+019
   8.6488299999999997E-003   3.4286973330909200E+019
   8.6471099999999995E-003   3.4459082628715028E+019
   8.6454300000000008E-003   3.4709076210762719E+019
   8.6423100000000003E-003   3.5007282001529172E+019
   8.6393200000000007E-003   3.5235644153620480E+019
   8.6372399999999992E-003   3.5427215614823469E+019
   8.6352100000000008E-003   3.5623545316133351E+019
   8.6331499999999992E-003   3.5821017168303346E+019
   8.6311400000000007E-003   3.6124225608812925E+019
   8.6271100000000003E-003   3.6432241136522195E+019
   8.6250800000000002E-003   3.6647013643770491E+019
   8.6230999999999999E-003   3.6911023415901372E+019
   8.6203700000000005E-003   3.7143978484401791E+019
   8.6190399999999997E-003   3.7301312536771772E+019
   8.6177300000000005E-003   3.7552549243063738E+019
   8.6149899999999995E-003   3.7810962100771930E+019
   8.6136600000000004E-003   3.8033147203372646E+019
   8.6116600000000001E-003   3.8311229576176067E+019
   8.6096100000000002E-003   3.8550354001018929E+019
   8.6082799999999994E-003   3.8847493349656986E+019
   8.6055799999999998E-003   3.9155357885693567E+019
   8.6042199999999992E-003   3.9366001650894160E+019
   8.6028900000000002E-003   3.9636994095280374E+019
   8.6008700000000000E-003   3.9976731913608282E+019
   8.5988100000000001E-003   4.0268937848125596E+019
   8.5974599999999995E-003   4.0504051411456106E+019
   8.5961400000000004E-003   4.0875792274596577E+019
   8.5933599999999995E-003   4.1324094825014231E+019
   8.5913399999999994E-003   4.1651201394188222E+019
   8.5899600000000007E-003   4.1994340437971542E+019
   8.5878699999999992E-003   4.2484675968628793E+019
   8.5851499999999997E-003   4.2915556220432015E+019
   8.5837299999999995E-003   4.3292692846723219E+019
   8.5816299999999998E-003   4.3745889090395185E+019
   8.5795699999999999E-003   4.4297240846320042E+019
   8.5767099999999995E-003   4.4825802286761656E+019
   8.5749399999999996E-003   4.5238784522861617E+019
   8.5731899999999996E-003   4.5750434044692357E+019
   8.5706700000000007E-003   4.6354679850283049E+019
   8.5681999999999998E-003   4.7026142533365416E+019
   8.5652499999999999E-003   4.7574312310387483E+019
   8.5637999999999999E-003   4.7943103890258723E+019
   8.5623799999999996E-003   4.8573727069053633E+019
   8.5589900000000007E-003   4.9458246818745860E+019
   8.5556899999999995E-003   5.0158283743262663E+019
   8.5537900000000004E-003   5.0828259895081722E+019
   8.5507799999999991E-003   5.1727614295132717E+019
   8.5473300000000006E-003   5.2536857071525061E+019
   8.5450500000000002E-003   5.3144632280597291E+019
   8.5430699999999998E-003   5.3713416019510493E+019
   8.5411199999999993E-003   5.4418961629515284E+019
   8.5383300000000002E-003   5.5227367974047367E+019
   8.5355899999999992E-003   5.6001961555389800E+019
   8.5331699999999996E-003   5.6729097363785974E+019
   8.5307899999999999E-003   5.7354489077321253E+019
   8.5291399999999993E-003   5.7867219906273985E+019
   8.5275000000000004E-003   5.8616058819714449E+019
   8.5243599999999999E-003   5.9619631675491066E+019
   8.5212799999999991E-003   6.0367308665687458E+019
   8.5196999999999998E-003   6.0883653951345500E+019
   8.5181300000000005E-003   6.1519784199329186E+019
   8.5158700000000000E-003   6.2270624659665363E+019
   8.5136499999999993E-003   6.3240297318642860E+019
   8.5101699999999992E-003   6.4449427030264947E+019
   8.5066499999999993E-003   6.5768482171575067E+019
   8.5026900000000002E-003   6.6959569391347196E+019
   8.4999900000000007E-003   6.7953134772940947E+019
   8.4972299999999997E-003   6.9180107611631444E+019
   8.4933700000000001E-003   7.0821446699228135E+019
   8.4884999999999995E-003   7.2153599026682208E+019
   8.4863600000000001E-003   7.2976728349463405E+019
   8.4842400000000005E-003   7.3946279491578724E+019
   8.4813900000000001E-003   7.5083905100653691E+019
   8.4784600000000002E-003   7.6239172352120078E+019
   8.4755700000000000E-003   7.7413312495686468E+019
   8.4725900000000003E-003   7.8618714496275972E+019
   8.4696000000000007E-003   7.9828410949239554E+019
   8.4666499999999992E-003   8.0856617185696514E+019
   8.4645799999999993E-003   8.2121895756260049E+019
   8.4604899999999993E-003   8.4071406542387511E+019
   8.4552900000000007E-003   8.5937588816809443E+019
   8.4516299999999999E-003   8.7388035853849969E+019
   8.4484499999999997E-003   8.8766912855723966E+019
   8.4451999999999999E-003   9.0641037115985248E+019
   8.4397699999999992E-003   9.2596001740600033E+019
   8.4361899999999997E-003   9.3799808898782069E+019
   8.4342700000000007E-003   9.5171714856021361E+019
   8.4300000000000000E-003   9.7055808370722177E+019
   8.4258000000000007E-003   9.8507803887860351E+019
   8.4234900000000005E-003   9.9540571453565256E+019
   8.4212100000000002E-003   1.0106316411172494E+020
   8.4167800000000004E-003   1.0305471874109769E+020
   8.4124400000000002E-003   1.0445701946295963E+020
   8.4106400000000005E-003   1.0528326421778024E+020
   8.4088400000000008E-003   1.0668403676043328E+020
   8.4045700000000001E-003   1.0864771418672187E+020
   8.4003800000000007E-003   1.1011376269134255E+020
   8.3981999999999998E-003   1.1112648587049243E+020
   8.3960500000000004E-003   1.1255821486488427E+020
   8.3921299999999994E-003   1.1440154852552625E+020
   8.3882699999999998E-003   1.1596520638189607E+020
   8.3855500000000003E-003   1.1725618838493502E+020
   8.3828700000000006E-003   1.1872814714894724E+020
   8.3794300000000002E-003   1.2037754269570313E+020
   8.3760299999999996E-003   1.2225680064228141E+020
   8.3716999999999993E-003   1.2435869693570174E+020
   8.3674300000000004E-003   1.2628983882617738E+020
   8.3638099999999993E-003   1.2878495346587600E+020
   8.3573399999999996E-003   1.3110410134973612E+020
   8.3544699999999993E-003   1.3262591954059908E+020
   8.3512699999999992E-003   1.3422666325659764E+020
   8.3481100000000006E-003   1.3669781335239996E+020
   8.3415399999999997E-003   1.4001505279657440E+020
   8.3351299999999996E-003   1.4344204806924470E+020
   8.3282600000000005E-003   1.4697552363830426E+020
   8.3215500000000005E-003   1.4965994951145488E+020
   8.3179299999999994E-003   1.5155826418008120E+020
   8.3143599999999998E-003   1.5356746625983968E+020
   8.3103699999999992E-003   1.5568626401701393E+020
   8.3064200000000001E-003   1.5769648568107509E+020
   8.3028700000000004E-003   1.5960134385011691E+020
   8.2993600000000004E-003   1.6188838481741827E+020
   8.2944400000000001E-003   1.6454961953514321E+020
   8.2895999999999994E-003   1.6750122832205490E+020
   8.2836999999999997E-003   1.7073235302825394E+020
   8.2779199999999994E-003   1.7375111191998339E+020
   8.2728400000000001E-003   1.7657074038185558E+020
   8.2678500000000002E-003   1.7948982901070017E+020
   8.2624299999999994E-003   1.8224491401755971E+020
   8.2582000000000003E-003   1.8465093526489478E+020
   8.2540100000000009E-003   1.8789234266681324E+020
   8.2469399999999995E-003   1.9194856589039138E+020
   8.2400200000000007E-003   1.9578136971538825E+020
   8.2338600000000008E-003   1.9938120303002593E+020
   8.2278000000000004E-003   2.0273719924696269E+020
   8.2224399999999993E-003   2.0707444785748463E+020
   8.2133299999999996E-003   2.1090315431427916E+020
   8.2097100000000003E-003   2.1308570319278840E+020
   8.2061300000000007E-003   2.1633598178902163E+020
   8.1990699999999993E-003   2.2063187927459647E+020
   8.1921400000000005E-003   2.2411341270230617E+020
   8.1878000000000003E-003   2.2679861716951069E+020
   8.1835099999999997E-003   2.2995161872556861E+020
   8.1777299999999994E-003   2.3356385756101198E+020
   8.1720400000000002E-003   2.3757685829860714E+020
   8.1650799999999999E-003   2.4296668569182149E+020
   8.1551999999999996E-003   2.4841081155125592E+020
   8.1481899999999996E-003   2.5197278212467471E+020
   8.1442300000000006E-003   2.5599740900433193E+020
   8.1359199999999996E-003   2.6142500669564112E+020
   8.1277799999999994E-003   2.6554322850623367E+020
   8.1235000000000005E-003   2.6839214042769379E+020
   8.1192599999999997E-003   2.7122439225986954E+020
   8.1150700000000003E-003   2.7404196513275501E+020
   8.1109100000000007E-003   2.7842225133123037E+020
   8.1021800000000005E-003   2.8433421136484788E+020
   8.0936299999999992E-003   2.9037653811965618E+020
   8.0846800000000003E-003   2.9654704259426746E+020
   8.0759100000000004E-003   3.0123595994884571E+020
   8.0713099999999999E-003   3.0447285913891327E+020
   8.0667499999999993E-003   3.0769318986956138E+020
   8.0622400000000000E-003   3.1089733879133189E+020
   8.0577600000000006E-003   3.1587980693432880E+020
   8.0483800000000008E-003   3.2260254134010157E+020
   8.0391700000000000E-003   3.2768664948517110E+020
   8.0343399999999992E-003   3.3121308222333420E+020
   8.0295499999999999E-003   3.3472193175972662E+020
   8.0248100000000003E-003   3.3821344583575726E+020
   8.0201200000000004E-003   3.4364014387532077E+020
   8.0102599999999999E-003   3.5096680618715388E+020
   8.0006000000000001E-003   3.5843947967375809E+020
   7.9905099999999993E-003   3.6608923792816891E+020
   7.9806100000000008E-003   3.7190504529805312E+020
   7.9754200000000004E-003   3.7591861594012031E+020
   7.9702699999999998E-003   3.7991282128085562E+020
   7.9651800000000005E-003   3.8388876769511866E+020
   7.9601299999999993E-003   3.9006588172466684E+020
   7.9495499999999997E-003   3.9840723941293038E+020
   7.9391600000000007E-003   4.0471502913598639E+020
   7.9337200000000000E-003   4.0909082607065563E+020
   7.9283200000000009E-003   4.1344613076923751E+020
   7.9229799999999996E-003   4.1778119504706195E+020
   7.9176899999999998E-003   4.2451723507019350E+020
   7.9065899999999998E-003   4.3361501916502445E+020
   7.8957000000000003E-003   4.4290993652914704E+020
   7.8843300000000002E-003   4.5241302612267277E+020
   7.8731800000000005E-003   4.5964037989220562E+020
   7.8673400000000004E-003   4.6462760907151815E+020
   7.8615500000000001E-003   4.6959243190924647E+020
   7.8558099999999995E-003   4.7453598978314109E+020
   7.8501300000000003E-003   4.8221279770757471E+020
   7.8382199999999999E-003   4.9258355178781068E+020
   7.8265399999999999E-003   5.0043189054087384E+020
   7.8204099999999999E-003   5.0587242294922012E+020
   7.8143399999999995E-003   5.1398235502206753E+020
   7.8023800000000003E-003   5.2506675849554428E+020
   7.7898999999999998E-003   5.3357784327878430E+020
   7.7837499999999999E-003   5.3920844862929306E+020
   7.7776599999999996E-003   5.4795784975538671E+020
   7.7648900000000000E-003   5.5978128364131274E+020
   7.7523599999999998E-003   5.6872914051778052E+020
   7.7457999999999997E-003   5.7493378720003051E+020
   7.7392900000000002E-003   5.8274368387844591E+020
   7.7294599999999996E-003   5.9215734861368643E+020
   7.7197500000000000E-003   6.0169322107768747E+020
   7.7098000000000002E-003   6.1137431629691591E+020
   7.6999800000000004E-003   6.2130032008552448E+020
   7.6896999999999998E-003   6.3146257994301741E+020
   7.6795600000000002E-003   6.4177331828339127E+020
   7.6691499999999996E-003   6.5540312542872220E+020
   7.6526900000000002E-003   6.7009470676479050E+020
   7.6404500000000000E-003   6.8283972546537626E+020
   7.6280799999999998E-003   6.9581934308750380E+020
   7.6156100000000001E-003   7.1075440910696579E+020
   7.5998200000000002E-003   7.2592747372428132E+020
   7.5871599999999999E-003   7.3982269891908364E+020
   7.5740499999999997E-003   7.5409435766743119E+020
   7.5609400000000004E-003   7.6772495619912368E+020
   7.5492199999999997E-003   7.8038229939301922E+020
   7.5380500000000001E-003   7.9546335405078531E+020
   7.5221999999999997E-003   8.1169285116025648E+020
   7.5091400000000001E-003   8.2563322221641597E+020
   7.4974600000000001E-003   8.3987239743771902E+020
   7.4836599999999996E-003   8.5635202499453754E+020
   7.4685300000000001E-003   8.7069139552550427E+020
   7.4585900000000002E-003   8.8375962722025524E+020
   7.4446000000000000E-003   9.0027482867974511E+020
   7.4281399999999997E-003   9.1579654197597307E+020
   7.4122900000000002E-003   9.3036061609281074E+020
   7.3976199999999997E-003   9.4014685149368549E+020
   7.3835500000000000E-003   9.4715359303855125E+020
   7.3676599999999998E-003   9.4263598024249665E+020
   7.3613699999999999E-003   9.5134983439827770E+020
   7.3465099999999997E-003   9.2932039046826439E+020
   7.3270599999999998E-003   9.2337088918689913E+020
   7.3132700000000002E-003   8.8779978503094128E+020
   7.2999299999999996E-003   8.2994797659561368E+020
   7.2847800000000002E-003   7.9691599302824926E+020
   7.2708800000000004E-003   7.7636715955302498E+020
   7.2649799999999999E-003   7.4645326724620367E+020
   7.2591200000000000E-003   7.1889069655026932E+020
   7.2448100000000000E-003   6.9577036208550432E+020
   7.2390700000000002E-003   6.8299632816097552E+020
   7.2325100000000002E-003   6.5864675493186555E+020
   7.2274100000000001E-003   6.5789027395443936E+020
   7.2192999999999997E-003   6.4569460310714443E+020
   7.2141200000000001E-003   6.2936765301791680E+020
   7.2092600000000003E-003   6.2047253052090378E+020
   7.2048600000000004E-003   6.2392828592306061E+020
   7.1996100000000004E-003   6.1041190900693716E+020
   7.1938100000000001E-003   6.0126094892924260E+020
   7.1880399999999997E-003   6.0023662953119613E+020
   7.1845399999999997E-003   5.9968570718089681E+020
   7.1797700000000002E-003   5.9595528928213480E+020
   7.1773899999999996E-003   5.9461109720838452E+020
   7.1756099999999998E-003   5.9382307429290685E+020
   7.1714500000000002E-003   5.9417327167423644E+020
   7.1690599999999997E-003   5.9435380189930639E+020
   7.1657500000000002E-003   5.9452292237895782E+020
   7.1630399999999999E-003   5.9468050166152862E+020
   7.1569900000000002E-003   5.9570558216429162E+020
   7.1524600000000002E-003   5.9807789550133484E+020
   7.1473400000000003E-003   6.0059126588839258E+020
   7.1413400000000004E-003   6.0399843828516533E+020
   7.1366299999999997E-003   6.0737027839293863E+020
   7.1321300000000004E-003   6.1101759903005121E+020
   7.1277800000000002E-003   6.1461400402872867E+020
   7.1238200000000003E-003   6.1890132745753461E+020
   7.1187799999999999E-003   6.2247590964143718E+020
   7.1167100000000000E-003   6.2568748965203332E+020
   7.1125800000000003E-003   6.2948781661380097E+020
   7.1098300000000001E-003   6.3325910500438285E+020
   7.1057300000000002E-003   6.3679670339863498E+020
   7.1036800000000002E-003   6.4033161963055874E+020
   7.0996899999999996E-003   6.4505275085561214E+020
   7.0958000000000002E-003   6.4862650293211431E+020
   7.0938700000000004E-003   6.5142122155935321E+020
   7.0913499999999997E-003   6.5617135235612580E+020
   7.0863300000000001E-003   6.6258467726413005E+020
   7.0813300000000003E-003   6.6909120117534242E+020
   7.0763600000000003E-003   6.7402272897682742E+020
   7.0738800000000003E-003   6.7686241400274040E+020
   7.0720300000000000E-003   6.8057711846423108E+020
   7.0683300000000003E-003   6.8552783839339322E+020
   7.0646900000000002E-003   6.9041185738740072E+020
   7.0611099999999998E-003   6.9521385415090871E+020
   7.0575799999999999E-003   6.9993306936442880E+020
   7.0541199999999997E-003   7.0537665330793048E+020
   7.0495999999999996E-003   7.1036997271553468E+020
   7.0468199999999996E-003   7.1415132702231390E+020
   7.0440399999999997E-003   7.1909503383965218E+020
   7.0394699999999999E-003   7.2458973614873995E+020
   7.0358800000000004E-003   7.2915919099488646E+020
   7.0327100000000002E-003   7.3314745322440412E+020
   7.0299700000000000E-003   7.3818474259730216E+020
   7.0253700000000004E-003   7.4449445840699982E+020
   7.0205600000000003E-003   7.5211156662858665E+020
   7.0143599999999999E-003   7.5784805365122807E+020
   7.0114399999999999E-003   7.6214993115339633E+020
   7.0085199999999999E-003   7.6744139521942317E+020
   7.0041599999999997E-003   7.7356062816329125E+020
   6.9983700000000003E-003   7.7964229455751479E+020
   6.9954800000000001E-003   7.8383298102792618E+020
   6.9925999999999999E-003   7.8801840703916723E+020
   6.9881400000000003E-003   7.9533428645543097E+020
   6.9818800000000002E-003   8.0180371049568888E+020
   6.9782600000000000E-003   8.0823420582102394E+020
   6.9721300000000000E-003   8.1624018295257563E+020
   6.9660900000000003E-003   8.2265191747116453E+020
   6.9626599999999999E-003   8.2550907802593486E+020
   6.9604599999999999E-003   8.3021134424661308E+020
   6.9560600000000000E-003   8.3647576038332563E+020
   6.9507299999999996E-003   8.4191532056849901E+020
   6.9476000000000000E-003   8.4717791690311257E+020
   6.9425900000000002E-003   8.5199945141602366E+020
   6.9400900000000003E-003   8.5671079906309295E+020
   6.9352199999999998E-003   8.6435428893012119E+020
   6.9281200000000003E-003   8.7198370235032089E+020
   6.9232599999999997E-003   8.7816507275142378E+020
   6.9184099999999998E-003   8.8651101261447548E+020
   6.9100999999999997E-003   8.9462320393793438E+020
   6.9056700000000000E-003   8.9987314461706158E+020
   6.9019800000000003E-003   9.0449507175971593E+020
   6.8983100000000004E-003   9.0832143259239540E+020
   6.8956199999999999E-003   9.1945788084029555E+020
   6.8942800000000000E-003   9.2058120136558943E+020
   6.8936099999999997E-003   9.2133002896519253E+020
   6.8929400000000002E-003   9.2229549865784443E+020
   6.8918800000000004E-003   9.2397013123142923E+020
   6.8899499999999997E-003   9.2594063873700594E+020
   6.8883599999999996E-003   9.2733440473875966E+020
   6.8858200000000000E-003   9.3124591841421518E+020
   6.8837899999999999E-003   9.3581356500909084E+020
   6.8822099999999997E-003   9.3759906909355573E+020
   6.8806400000000004E-003   9.4039762153409649E+020
   6.8793400000000003E-003   9.4262723948228903E+020
   6.8780400000000002E-003   9.4477246617474289E+020
   6.8767600000000000E-003   9.4732573384817744E+020
   6.8754799999999998E-003   9.5179767100171983E+020
   6.8728900000000004E-003   9.5502464188411727E+020
   6.8703000000000002E-003   9.5739980468252823E+020
   6.8691700000000000E-003   9.5871236720055340E+020
   6.8680299999999998E-003   9.6351789256212677E+020
   6.8662300000000001E-003   9.6562219272993217E+020
   6.8644200000000004E-003   9.6772662495398645E+020
   6.8626199999999998E-003   9.6983119117244786E+020
   6.8608200000000001E-003   9.7458880948508741E+020
   6.8567799999999998E-003   9.8011044993279472E+020
   6.8527500000000003E-003   9.8876958437556421E+020
   6.8437799999999998E-003   1.0042950971540477E+021
   6.8237899999999997E-003   1.0260737009019031E+021
   6.8058800000000003E-003   1.0451190728211865E+021
   6.7914899999999999E-003   1.0625534004722308E+021
   6.7780799999999997E-003   1.0834936306467688E+021
   6.7583499999999998E-003   1.1079068375481846E+021
   6.7398400000000004E-003   1.1302159008246707E+021
   6.7234100000000000E-003   1.1514650023122194E+021
   6.7070500000000000E-003   1.1729686298265061E+021
   6.6908799999999997E-003   1.1962539772447836E+021
   6.6721300000000001E-003   1.2194118520349566E+021
   6.6565200000000000E-003   1.2410176415114508E+021
   6.6405400000000003E-003   1.2640856772640558E+021
   6.6231399999999996E-003   1.2892628710298590E+021
   6.6045699999999997E-003   1.3183450253497829E+021
   6.5821500000000002E-003   1.3465020452702834E+021
   6.5655499999999999E-003   1.3732104852760486E+021
   6.5456300000000002E-003   1.4026280690948338E+021
   6.5259699999999999E-003   1.4296914459154975E+021
   6.5096700000000004E-003   1.4503330963899469E+021
   6.4990100000000004E-003   1.4726688616279284E+021
   6.4805699999999997E-003   1.4958582361311066E+021
   6.4692700000000001E-003   1.5222669044590563E+021
   6.4469100000000001E-003   1.5530149474341437E+021
   6.4306399999999996E-003   1.5791930799471636E+021
   6.4145399999999998E-003   1.6031462551742345E+021
   6.4013999999999998E-003   1.6247739613944556E+021
   6.3883700000000000E-003   1.6608199279411850E+021
   6.3581599999999999E-003   1.7117941631190062E+021
   6.3284600000000002E-003   1.7494378028229893E+021
   6.3149100000000000E-003   1.7821554223070393E+021
   6.2912400000000000E-003   1.8123212369150757E+021
   6.2811000000000004E-003   1.8434141536918032E+021
   6.2566899999999996E-003   1.8877771496149536E+021
   6.2326100000000004E-003   1.9232427291965304E+021
   6.2187099999999997E-003   1.9492094349600982E+021
   6.2049200000000001E-003   1.9825317533270310E+021
   6.1835800000000002E-003   2.0234462364669816E+021
   6.1624899999999996E-003   2.0580322746947881E+021
   6.1482799999999999E-003   2.0859329117120095E+021
   6.1341800000000004E-003   2.1289756800334936E+021
   6.1050999999999996E-003   2.1876740346884705E+021
   6.0764599999999997E-003   2.2365112717492769E+021
   6.0580299999999998E-003   2.2750990121363571E+021
   6.0397599999999999E-003   2.3064552606367235E+021
   6.0287099999999996E-003   2.3299701405289375E+021
   6.0177199999999998E-003   2.3701240576502320E+021
   5.9915100000000002E-003   2.4388980247745968E+021
   5.9551400000000003E-003   2.5119267268550753E+021
   5.9266099999999997E-003   2.5653237378133315E+021
   5.9086599999999996E-003   2.6130984462047322E+021
   5.8855000000000001E-003   2.6674445981285388E+021
   5.8625700000000001E-003   2.7321965544285730E+021
   5.8314500000000002E-003   2.8085974918766280E+021
   5.8000600000000001E-003   2.8676880021877304E+021
   5.7841699999999999E-003   2.9075378371990955E+021
   5.7683900000000000E-003   2.9687765128366051E+021
   5.7360800000000002E-003   3.0522302433722358E+021
   5.7042100000000004E-003   3.1382485219572119E+021
   5.6713299999999996E-003   3.2267834358632431E+021
   5.6388899999999997E-003   3.3179654573713088E+021
   5.6054299999999998E-003   3.4120214257942061E+021
   5.5724099999999999E-003   3.5087569724881025E+021
   5.5383600000000000E-003   3.6085330829296984E+021
   5.5047500000000001E-003   3.7113476661691401E+021
   5.4700900000000004E-003   3.8172203026472837E+021
   5.4358699999999998E-003   3.8985893723012921E+021
   5.4183699999999996E-003   3.9538988006673408E+021
   5.4009699999999997E-003   4.0388735197819799E+021
   5.3653800000000003E-003   4.1548565408225008E+021
   5.3302200000000001E-003   4.2439219363362342E+021
   5.3122400000000002E-003   4.3045382350657741E+021
   5.2943699999999996E-003   4.3970110051515478E+021
   5.2581900000000003E-003   4.5240525410211143E+021
   5.2216900000000002E-003   4.6550538222810610E+021
   5.1848500000000004E-003   4.7901422437450782E+021
   5.1476800000000000E-003   4.9294678652391795E+021
   5.1101599999999999E-003   5.0731762266691359E+021
   5.0723000000000001E-003   5.2214182742278590E+021
   5.0340899999999997E-003   5.3743538486101190E+021
   4.9955199999999998E-003   5.5321484839451540E+021
   4.9565900000000003E-003   5.6949647768001163E+021
   4.9172900000000004E-003   5.8208696614242201E+021
   4.8974099999999996E-003   5.9061647448675514E+021
   4.8776300000000000E-003   5.9929021615034451E+021
   4.8575600000000003E-003   6.0809491627846402E+021
   4.8375900000000001E-003   6.1960979998665196E+021
   4.8058099999999998E-003   6.3394637943932558E+021
   4.7742499999999998E-003   6.4594197888036755E+021
   4.7536899999999997E-003   6.5549850482736544E+021
   4.7332199999999998E-003   6.6520751543969603E+021
   4.7124500000000000E-003   6.7507429950907168E+021
   4.6917800000000004E-003   6.8510046537393698E+021
   4.6708200000000000E-003   6.9528978402954613E+021
   4.6499400000000000E-003   7.0564455377009902E+021
   4.6287699999999999E-003   7.1616868972467679E+021
   4.6076900000000002E-003   7.2686457942783673E+021
   4.5863099999999997E-003   7.3773651920782266E+021
   4.5650100000000004E-003   7.4878677736226176E+021
   4.5434200000000003E-003   7.6002027472526078E+021
   4.5219099999999996E-003   7.7143978055343538E+021
   4.5000999999999999E-003   7.8304947702846351E+021
   4.4783699999999997E-003   7.9485199447739429E+021
   4.4563399999999996E-003   8.0685353462663720E+021
   4.4343799999999999E-003   8.1905705610798055E+021
   4.4121300000000002E-003   8.3146703713405973E+021
   4.3899400000000002E-003   8.4408790968764350E+021
   4.3674500000000002E-003   8.5692244220512379E+021
   4.3450399999999997E-003   8.6997942450844043E+021
   4.3223100000000002E-003   8.8326168165493758E+021
   4.2996600000000003E-003   8.9677493447499322E+021
   4.2766899999999997E-003   9.1052393911080263E+021
   4.2537900000000003E-003   9.2448735163657319E+021
   4.2306699999999997E-003   9.3872619289068438E+021
   4.2074299999999999E-003   9.5321926256832996E+021
   4.1840599999999999E-003   9.6797316759794158E+021
   4.1605599999999998E-003   9.8299357880115171E+021
   4.1369299999999996E-003   9.9829069728421585E+021
   4.1131600000000003E-003   1.0138686479535348E+022
   4.0892699999999999E-003   1.0297418088344522E+022
   4.0652400000000003E-003   1.0459128473881986E+022
   4.0410699999999999E-003   1.0623918469430737E+022
   4.0167600000000003E-003   1.0791897105514036E+022
   3.9923099999999998E-003   1.0963116923351447E+022
   3.9677100000000002E-003   1.1137665505960321E+022
   3.9429699999999996E-003   1.1315655187539570E+022
   3.9180899999999999E-003   1.1497155621712109E+022
   3.8930499999999999E-003   1.1682247351516994E+022
   3.8678599999999999E-003   1.1871134304401856E+022
   3.8425199999999999E-003   1.2063855228663642E+022
   3.8170200000000000E-003   1.2260646782925296E+022
   3.7913600000000001E-003   1.2461814872355482E+022
   3.7655399999999999E-003   1.2667559924225408E+022
   3.7395599999999998E-003   1.2877666553777516E+022
   3.7133999999999999E-003   1.3091782460301577E+022
   3.6870800000000001E-003   1.3309713516458590E+022
   3.6605800000000001E-003   1.3531515055418907E+022
   3.6339100000000002E-003   1.3757246105417029E+022
   3.6070500000000001E-003   1.3986968339038891E+022
   3.5800099999999998E-003   1.4220746731660520E+022
   3.5527800000000002E-003   1.4458648616039870E+022
   3.5253699999999999E-003   1.4700743881167905E+022
   3.4977599999999999E-003   1.4947104654851811E+022
   3.4699399999999999E-003   1.5197805303342391E+022
   3.4419300000000002E-003   1.5452922529347392E+022
   3.4137099999999999E-003   1.5712534809207321E+022
   3.3852700000000001E-003   1.5976722670068431E+022
   3.3566199999999998E-003   1.6245569136423325E+022
   3.3277500000000000E-003   1.6519158385396429E+022
   3.2986500000000002E-003   1.6797577109796010E+022
   3.2693200000000000E-003   1.7080913746756433E+022
   3.2397500000000000E-003   1.7369258624681274E+022
   3.2099400000000001E-003   1.7662703917274719E+022
   3.1798700000000000E-003   1.7961343838876326E+022
   3.1495500000000001E-003   1.8265274243970511E+022
   3.1189700000000000E-003   1.8574593260434292E+022
   3.0881200000000002E-003   1.8889400862571722E+022
   3.0569799999999999E-003   1.9209798575865612E+022
   3.0255600000000001E-003   1.9535890120761294E+022
   2.9938500000000002E-003   1.9867781318395029E+022
   2.9618399999999999E-003   2.0205579728461924E+022
   2.9295100000000002E-003   2.0549394937066759E+022
   2.8968599999999998E-003   2.0899338373163628E+022
   2.8638700000000001E-003   2.1255523911261688E+022
   2.8305499999999998E-003   2.1618066971100747E+022
   2.7968699999999999E-003   2.1987085049754536E+022
   2.7628200000000000E-003   2.2362697882898881E+022
   2.7283899999999998E-003   2.2745027570244826E+022
   2.6935700000000002E-003   2.3134197618740451E+022
   2.6583399999999999E-003   2.3530333741877555E+022
   2.6226800000000001E-003   2.3933564334203818E+022
   2.5865800000000002E-003   2.4344018960230354E+022
   2.5500300000000000E-003   2.4761830109578887E+022
   2.5129900000000001E-003   2.5187132078379160E+022
   2.4754600000000001E-003   2.5620061027323603E+022
   2.4374000000000002E-003   2.6060755596750455E+022
   2.3988000000000000E-003   2.6509356104116196E+022
   2.3596300000000001E-003   2.6966005114701133E+022
   2.3198500000000000E-003   2.7430818000053996E+022
   2.2794500000000001E-003   2.7904178600826557E+022
   2.2383799999999999E-003   2.8386029703766223E+022
   2.1966099999999999E-003   2.8876521006401965E+022
   2.1540999999999999E-003   2.9375805632461557E+022
   2.1108099999999999E-003   2.9884037139286920E+022
   2.0666899999999999E-003   3.0401316263398740E+022
   2.0216800000000001E-003   3.0928079905350031E+022
   1.9757199999999998E-003   3.1464282296617928E+022
   1.9287499999999999E-003   3.2008391551836347E+022
   1.8810200000000000E-003   3.2564048556735794E+022
   1.8314700000000000E-003   3.3131477004835908E+022
   1.7809700000000000E-003   3.3707112157427100E+022
   1.7290900000000000E-003   3.4215936282748237E+022
   1.6895000000000000E-003   3.4663093258996685E+022
   1.6484099999999999E-003   3.5303985504352666E+022
   1.5710399999999999E-003   3.5954180561306074E+022
   1.5277000000000001E-003   3.6425501915870994E+022
   1.4822800000000001E-003   3.7136635506870735E+022
   1.3881099999999999E-003   3.7942901836532471E+022
   1.3231100000000000E-003   3.8591254830465673E+022
   1.2553099999999999E-003   3.9256910846659589E+022
   1.1804300000000001E-003   3.9956142535111185E+022
   1.1007000000000000E-003   4.0682057000641936E+022
   1.0089100000000000E-003   4.1483368875516389E+022
   8.9944000000000005E-004   4.2503028387919912E+022
   7.0649000000000005E-004   4.3552719771386729E+022
   5.6789000000000004E-004   4.4159739507405354E+022
   4.8421000000000000E-004   4.4537046536525906E+022
   3.8301999999999998E-004   4.4836946517558993E+022
   3.1389999999999999E-004   4.5036523786197291E+022
   2.5074000000000000E-004   4.5148347642449588E+022
   2.0167000000000001E-004   4.5250679093563115E+022
   1.6419000000000001E-004   4.5294535033604557E+022
   1.3645000000000001E-004   4.5334486227328510E+022
   1.1691000000000000E-004   4.5349244150512261E+022
   1.0406000000000000E-004   4.5367281346920835E+022
   8.6879999999999995E-005   4.5382052141390530E+022
   6.8960000000000004E-005   4.5392476370307092E+022
   5.4729999999999999E-005   4.5401743588943324E+022
   4.3439999999999997E-005   4.5406139544667930E+022
   3.4480000000000002E-005   4.5408792235531810E+022
   2.7359999999999999E-005   4.5411625215227576E+022
   2.1719999999999999E-005   4.5412709039752601E+022
   1.7240000000000001E-005   4.5413931163977752E+022
   1.3679999999999999E-005   4.5415045055256078E+022
