   9.0406800000000006E-003   289392422784473.00     
   9.0405399999999997E-003   441408251266781.69     
   9.0404800000000000E-003   541997395494517.19     
   9.0404400000000003E-003   622235126986431.38     
   9.0404100000000005E-003   690827920711013.62     
   9.0403800000000006E-003   751720727259405.75     
   9.0403600000000008E-003   806932146457491.12     
   9.0403399999999991E-003   857845305316662.62     
   9.0403199999999993E-003   905223010340745.50     
   9.0402999999999994E-003   949728393704883.25     
   9.0402899999999994E-003   991865761093314.62     
   9.0402799999999995E-003   1031923238779477.9     
   9.0402599999999996E-003   1070144693077333.4     
   9.0402499999999997E-003   1106790007488042.4     
   9.0402399999999997E-003   1142073865372168.8     
   9.0402299999999998E-003   1176136963398196.0     
   9.0402199999999999E-003   1209080038629190.2     
   9.0402099999999999E-003   1240995814760655.0     
   9.0402000000000000E-003   1271976952240990.0     
   9.0401900000000000E-003   1302110614648072.2     
   9.0401800000000001E-003   1338720477036416.0     
   9.0401700000000002E-003   1381222500839156.0     
   9.0401500000000003E-003   1422333891664948.0     
   9.0401400000000003E-003   1462163865115509.8     
   9.0401300000000004E-003   1494435782751669.0     
   9.0401200000000004E-003   1519705853392510.0     
   9.0401200000000004E-003   1544513349584461.5     
   9.0401100000000005E-003   1568886493279443.0     
   9.0401000000000006E-003   1598788474016482.8     
   9.0400900000000006E-003   1633885159935318.2     
   9.0400800000000007E-003   1668195553355808.8     
   9.0400700000000007E-003   1701773825516025.5     
   9.0400600000000008E-003   1729219468593759.8     
   9.0400600000000008E-003   1750847745640843.2     
   9.0400500000000009E-003   1772190836155331.8     
   9.0400500000000009E-003   1793258491971103.5     
   9.0400399999999992E-003   1824373517897508.2     
   9.0400299999999992E-003   1854901281396621.5     
   9.0400299999999992E-003   1874961095067575.5     
   9.0400199999999993E-003   1904633545514923.8     
   9.0400099999999994E-003   1943431126182000.5     
   9.0399999999999994E-003   1981421454205354.5     
   9.0399899999999995E-003   2018653145882647.0     
   9.0399799999999995E-003   2046097476508518.0     
   9.0399799999999995E-003   2064182454468122.2     
   9.0399699999999996E-003   2082099864952371.8     
   9.0399699999999996E-003   2099853484421336.5     
   9.0399599999999997E-003   2126191276984796.0     
   9.0399499999999997E-003   2160763126810503.8     
   9.0399399999999998E-003   2194745850340364.5     
   9.0399399999999998E-003   2228166004067233.5     
   9.0399299999999998E-003   2266484883423699.0     
   9.0399199999999999E-003   2309425528477427.0     
   9.0399100000000000E-003   2351518152199801.5     
   9.0399000000000000E-003   2392817705242940.0     
   9.0398900000000001E-003   2433372382102076.5     
   9.0398800000000001E-003   2473225267622985.0     
   9.0398700000000002E-003   2512410187175025.5     
   9.0398600000000003E-003   2550954356563638.0     
   9.0398500000000003E-003   2593589890821461.5     
   9.0398400000000004E-003   2640089051993143.5     
   9.0398300000000004E-003   2685720539905156.0     
   9.0398200000000005E-003   2719395124128351.0     
   9.0398100000000006E-003   2741602558205814.5     
   9.0398100000000006E-003   2774564511854091.5     
   9.0398000000000006E-003   2817859352060100.0     
   9.0397800000000007E-003   2860452101114355.0     
   9.0397800000000007E-003   2902378733141179.0     
   9.0397700000000008E-003   2943672074870369.5     
   9.0397600000000009E-003   2984362001754926.5     
   9.0397499999999992E-003   3024476755996825.0     
   9.0397399999999992E-003   3064039165677580.5     
   9.0397299999999993E-003   3103068008433821.0     
   9.0397199999999994E-003   3141581718298381.0     
   9.0397099999999994E-003   3198449813920146.0     
   9.0396899999999995E-003   3263421605828649.0     
   9.0396799999999996E-003   3318044112205379.5     
   9.0396699999999996E-003   3371726918986374.0     
   9.0396599999999997E-003   3411389834934768.5     
   9.0396499999999998E-003   3437568811858602.0     
   9.0396399999999998E-003   3476455828014424.5     
   9.0396299999999999E-003   3527593452163943.0     
   9.0396199999999999E-003   3602934026269524.0     
   9.0396000000000001E-003   3676644875648992.5     
   9.0395900000000001E-003   3724998873743831.5     
   9.0395800000000002E-003   3772734635736257.5     
   9.0395700000000002E-003   3819873395445570.5     
   9.0395600000000003E-003   3866436438950186.5     
   9.0395500000000004E-003   3912444299493661.5     
   9.0395400000000004E-003   3957917860022386.0     
   9.0395300000000005E-003   4002870714423114.5     
   9.0395200000000005E-003   4054680429723747.5     
   9.0395000000000007E-003   4113055364500458.5     
   9.0394900000000007E-003   4199066717305628.0     
   9.0394700000000008E-003   4283144971994165.0     
   9.0394599999999992E-003   4338271842024122.0     
   9.0394399999999993E-003   4392674252952239.5     
   9.0394299999999993E-003   4446386154271398.0     
   9.0394199999999994E-003   4506029442594955.0     
   9.0394099999999995E-003   4571358941694998.0     
   9.0393899999999996E-003   4635755979510245.0     
   9.0393799999999996E-003   4699267517178862.0     
   9.0393699999999997E-003   4761934890542929.0     
   9.0393499999999998E-003   4823796081738788.0     
   9.0393399999999999E-003   4915185331870755.0     
   9.0393100000000001E-003   5010744134749744.0     
   9.0393000000000001E-003   5081266668213450.0     
   9.0392900000000002E-003   5150828335216294.0     
   9.0392700000000003E-003   5219461559593288.0     
   9.0392600000000004E-003   5287190930522461.0     
   9.0392400000000005E-003   5354039847337077.0     
   9.0392300000000005E-003   5420030102023465.0     
   9.0392200000000006E-003   5485184585379929.0     
   9.0392000000000007E-003   5549539906502354.0     
   9.0391900000000008E-003   5613134518602282.0     
   9.0391800000000008E-003   5676002738046648.0     
   9.0391599999999992E-003   5738176615399419.0     
   9.0391499999999993E-003   5830247587287254.0     
   9.0391299999999994E-003   5950742914038012.0     
   9.0390999999999996E-003   6068869828781084.0     
   9.0390799999999997E-003   6184775470497979.0     
   9.0390499999999999E-003   6298589629726824.0     
   9.0390300000000000E-003   6410412210417551.0     
   9.0390100000000001E-003   6520335853144035.0     
   9.0389900000000002E-003   6628452637266348.0     
   9.0389700000000003E-003   6734847374235411.0     
   9.0389500000000005E-003   6839592171074674.0     
   9.0389300000000006E-003   6942745511034715.0     
   9.0389100000000007E-003   7044360782604778.0     
   9.0388900000000008E-003   7144497408421026.0     
   9.0388699999999992E-003   7243232635126634.0     
   9.0388499999999993E-003   7340641252181907.0     
   9.0388299999999994E-003   7436789279427743.0     
   9.0388099999999996E-003   7578884358738821.0     
   9.0387699999999998E-003   7764288843080281.0     
   9.0387400000000000E-003   7900507074894973.0     
   9.0387200000000001E-003   7990153693011203.0     
   9.0387000000000002E-003   8078858517636244.0     
   9.0386900000000003E-003   8166645106677296.0     
   9.0386700000000004E-003   8282355719016406.0     
   9.0386400000000006E-003   8424780157903221.0     
   9.0386200000000007E-003   8564912594670327.0     
   9.0385900000000009E-003   8668516611619684.0     
   9.0385799999999992E-003   8736949667831589.0     
   9.0385599999999993E-003   8838667343195463.0     
   9.0385399999999994E-003   8972441289709118.0     
   9.0385099999999996E-003   9104230838957690.0     
   9.0384899999999997E-003   9234114841426692.0     
   9.0384599999999999E-003   9362184458419914.0     
   9.0384400000000000E-003   9488522467958754.0     
   9.0384200000000001E-003   9675102506619634.0     
   9.0383700000000004E-003   9857863283315440.0     
   9.0383500000000006E-003   9977963650968628.0     
   9.0383300000000007E-003   10096666828309090.     
   9.0383100000000008E-003   10214035182761420.     
   9.0382899999999992E-003   10387844477648202.     
   9.0382399999999995E-003   10615201588431164.     
   9.0381999999999997E-003   10837995314524528.     
   9.0381599999999999E-003   11056484953417122.     
   9.0381200000000002E-003   11244258108052140.     
   9.0380900000000004E-003   11402886482818252.     
   9.0380700000000005E-003   11559403088468196.     
   9.0380400000000007E-003   11713876384893700.     
   9.0380100000000008E-003   11942115904277558.     
   9.0379599999999994E-003   12165773635419984.     
   9.0379299999999996E-003   12312808990660990.     
   9.0379099999999997E-003   12458157633540608.     
   9.0378799999999999E-003   12601877956706174.     
   9.0378600000000000E-003   12814701201415442.     
   9.0378100000000003E-003   13093054158713576.     
   9.0377600000000006E-003   13365881538171826.     
   9.0377099999999991E-003   13633544260935482.     
   9.0376699999999994E-003   13896309413666056.     
   9.0376199999999997E-003   14154419687045570.     
   9.0375799999999999E-003   14408110141034408.     
   9.0375300000000002E-003   14657620576649266.     
   9.0374900000000005E-003   14903167918337872.     
   9.0374500000000007E-003   15144940998526300.     
   9.0374099999999992E-003   15383116478477822.     
   9.0373699999999994E-003   15656779372048290.     
   9.0373199999999997E-003   15964025712900022.     
   9.0372700000000000E-003   16265824482597246.     
   9.0372200000000003E-003   16562454700046454.     
   9.0371700000000006E-003   16854193250278022.     
   9.0371199999999992E-003   17069810547107046.     
   9.0370999999999993E-003   17212266297825938.     
   9.0370699999999995E-003   17424076360040986.     
   9.0370299999999997E-003   17702663516098352.     
   9.0369800000000000E-003   17977235078053986.     
   9.0369400000000003E-003   18247940098801252.     
   9.0369000000000005E-003   18581303312405568.     
   9.0368299999999992E-003   18973830375956320.     
   9.0367699999999995E-003   19263036550535080.     
   9.0367399999999997E-003   19548662757584680.     
   9.0366800000000001E-003   19829966180016852.     
   9.0366500000000002E-003   20046422851404616.     
   9.0366100000000005E-003   20291099793923524.     
   9.0365700000000007E-003   20533059625804104.     
   9.0365299999999992E-003   20772395195501340.     
   9.0364999999999994E-003   21126997533871328.     
   9.0364199999999999E-003   21475528738033924.     
   9.0363900000000000E-003   21705229070586348.     
   9.0363500000000003E-003   21989402551598280.     
   9.0363000000000006E-003   22325949573596976.     
   9.0362499999999991E-003   22822959028986524.     
   9.0361399999999998E-003   23309085723756144.     
   9.0361000000000000E-003   23628422621934004.     
   9.0360500000000003E-003   23943824971160424.     
   9.0360000000000006E-003   24255457787799964.     
   9.0359499999999992E-003   24716673579177420.     
   9.0358599999999997E-003   25319073969014356.     
   9.0357700000000003E-003   25810989625670088.     
   9.0357100000000006E-003   26198746512503092.     
   9.0356499999999992E-003   26628978999976160.     
   9.0355799999999997E-003   27099573310485068.     
   9.0355100000000001E-003   27562868142260700.     
   9.0354500000000004E-003   28019246359132896.     
   9.0353800000000008E-003   28580944198881312.     
   9.0352799999999997E-003   29077336782166196.     
   9.0352300000000000E-003   29404434803719896.     
   9.0351900000000002E-003   29728304644758288.     
   9.0351400000000005E-003   30049035737006036.     
   9.0350900000000008E-003   30524904724226968.     
   9.0349999999999996E-003   31148643800956148.     
   9.0349200000000001E-003   31761373581101064.     
   9.0348300000000006E-003   32363629580866644.     
   9.0347399999999994E-003   32955915224523132.     
   9.0346599999999999E-003   33635415937022040.     
   9.0345500000000006E-003   34396915750040124.     
   9.0344499999999994E-003   35050884890796612.     
   9.0343699999999999E-003   35603247862234176.     
   9.0342900000000004E-003   36148149334915080.     
   9.0342200000000008E-003   36685911940400520.     
   9.0341499999999995E-003   37304950788616704.     
   9.0340500000000001E-003   38001203785483168.     
   9.0339600000000006E-003   38686348148089160.     
   9.0338599999999995E-003   39360885607735032.     
   9.0337700000000000E-003   40025315495135944.     
   9.0336800000000005E-003   40680106281577800.     
   9.0335999999999993E-003   41325674102461904.     
   9.0335099999999998E-003   41962394175249320.     
   9.0334300000000003E-003   42590647782212024.     
   9.0333400000000008E-003   43210811556596696.     
   9.0332599999999996E-003   43975707476333680.     
   9.0331400000000003E-003   44877887027266032.     
   9.0330299999999992E-003   45617306764490480.     
   9.0329499999999997E-003   46201764397510576.     
   9.0328700000000001E-003   46779838880424784.     
   9.0328000000000006E-003   47351748772888736.     
   9.0327299999999992E-003   48199480825714504.     
   9.0325800000000001E-003   49308577846201248.     
   9.0324399999999992E-003   50125338465973536.     
   9.0323699999999996E-003   50664001551930976.     
   9.0323100000000000E-003   51330720584714160.     
   9.0322000000000006E-003   52120529417199896.     
   9.0321099999999994E-003   52900037786360568.     
   9.0320100000000000E-003   53669633547452184.     
   9.0319100000000006E-003   54555874318769800.     
   9.0317899999999996E-003   55553082086989160.     
   9.0316700000000003E-003   56290219797519592.     
   9.0316100000000007E-003   56777468582817392.     
   9.0315499999999993E-003   57502281470581272.     
   9.0314300000000000E-003   58455788012838344.     
   9.0313100000000007E-003   59396028885070896.     
   9.0311999999999996E-003   60323548141099248.     
   9.0310900000000003E-003   61694220113792520.     
   9.0308699999999999E-003   63479106526883528.     
   9.0306599999999994E-003   64787998602350192.     
   9.0305500000000000E-003   65649254007070896.     
   9.0304500000000006E-003   66500844041299920.     
   9.0303499999999995E-003   67343085288255624.     
   9.0302500000000001E-003   68383873976130840.     
   9.0301099999999992E-003   69614144000959816.     
   9.0299600000000001E-003   70624553065320496.     
   9.0298700000000006E-003   71424490925935368.     
   9.0297799999999994E-003   72414327685968240.     
   9.0296400000000002E-003   73586421882002384.     
   9.0295099999999993E-003   74742807165617040.     
   9.0293800000000000E-003   75884076403511504.     
   9.0292500000000008E-003   77010810421287536.     
   9.0291199999999999E-003   78123590666614624.     
   9.0289900000000006E-003   79222983159848928.     
   9.0288699999999996E-003   80309504794299696.     
   9.0287500000000003E-003   81383612162267136.     
   9.0286299999999993E-003   82445716975805264.     
   9.0285100000000000E-003   83670728911633088.     
   9.0283599999999992E-003   85051478351355312.     
   9.0282000000000001E-003   86073635348520512.     
   9.0281300000000005E-003   86749897047135008.     
   9.0280499999999993E-003   87905754862783264.     
   9.0278700000000003E-003   89522541576831200.     
   9.0276999999999996E-003   90790131455970784.     
   9.0276000000000002E-003   91722954786672176.     
   9.0275000000000008E-003   92878380667692736.     
   9.0273500000000000E-003   94248185665826272.     
   9.0272000000000008E-003   95601214026609296.     
   9.0270500000000000E-003   96938070010230480.     
   9.0269100000000008E-003   98478858045590240.     
   9.0267300000000002E-003   1.0021411509851434E+017
   9.0265399999999996E-003   1.0149779582458446E+017
   9.0264500000000001E-003   1.0234678920376370E+017
   9.0263600000000006E-003   1.0361036232524282E+017
   9.0261899999999999E-003   1.0527359373403381E+017
   9.0260099999999992E-003   1.0691483152727470E+017
   9.0258400000000003E-003   1.0853494400792035E+017
   9.0256799999999995E-003   1.1013475625997659E+017
   9.0255100000000005E-003   1.1171505316633901E+017
   9.0253499999999997E-003   1.1327658460680646E+017
   9.0251900000000006E-003   1.1482006211606520E+017
   9.0250299999999999E-003   1.1634617403444691E+017
   9.0248800000000007E-003   1.1785556113280669E+017
   9.0247200000000000E-003   1.1971027201014717E+017
   9.0244999999999995E-003   1.2186434445760714E+017
   9.0242800000000008E-003   1.2360648862712550E+017
   9.0241300000000000E-003   1.2497303834478528E+017
   9.0239900000000008E-003   1.2631508897259566E+017
   9.0238499999999999E-003   1.2763419839917974E+017
   9.0237100000000008E-003   1.2925512891099608E+017
   9.0235100000000002E-003   1.3115637336772530E+017
   9.0233099999999997E-003   1.3301603052714243E+017
   9.0231100000000009E-003   1.3483707332219768E+017
   9.0229200000000002E-003   1.3662208668372592E+017
   9.0227299999999996E-003   1.3837334770188661E+017
   9.0225400000000008E-003   1.3980714324200005E+017
   9.0224199999999997E-003   1.4094008398686125E+017
   9.0223000000000005E-003   1.4261820544927139E+017
   9.0220600000000001E-003   1.4480950608171306E+017
   9.0218299999999998E-003   1.4668824649307126E+017
   9.0216600000000008E-003   1.4827369711238982E+017
   9.0214900000000001E-003   1.4983630630838358E+017
   9.0213199999999993E-003   1.5137713975586966E+017
   9.0211600000000003E-003   1.5314960415711398E+017
   9.0209499999999998E-003   1.5514119216514400E+017
   9.0207399999999993E-003   1.5709956070866954E+017
   9.0205300000000006E-003   1.5902642717810422E+017
   9.0203300000000000E-003   1.6092334543983434E+017
   9.0201299999999995E-003   1.6279172810833555E+017
   9.0199400000000006E-003   1.6463286796033174E+017
   9.0197500000000000E-003   1.6644795896313341E+017
   9.0195599999999994E-003   1.6823811673640547E+017
   9.0193800000000005E-003   1.7000439063766314E+017
   9.0191999999999998E-003   1.7174776184508672E+017
   9.0190200000000009E-003   1.7346914753422176E+017
   9.0188400000000002E-003   1.7559273787319283E+017
   9.0185800000000000E-003   1.7809785140386874E+017
   9.0183299999999997E-003   1.8015137039430560E+017
   9.0181700000000007E-003   1.8177473235741363E+017
   9.0180000000000000E-003   1.8338053677528144E+017
   9.0178399999999992E-003   1.8496936606879312E+017
   9.0176900000000001E-003   1.8732456722057440E+017
   9.0173800000000002E-003   1.9040666638599094E+017
   9.0170700000000003E-003   1.9267706924362813E+017
   9.0169299999999994E-003   1.9417446340862643E+017
   9.0167800000000003E-003   1.9639698452297085E+017
   9.0164900000000003E-003   1.9931147075579466E+017
   9.0162100000000002E-003   2.0146250750914467E+017
   9.0160799999999992E-003   2.0288268930966067E+017
   9.0159400000000001E-003   2.0499279836599962E+017
   9.0156699999999999E-003   2.0776458153756832E+017
   9.0154099999999997E-003   2.1049344695283056E+017
   9.0151499999999996E-003   2.1318144130471770E+017
   9.0148999999999993E-003   2.1596417818244877E+017
   9.0146299999999992E-003   2.1961637312041277E+017
   9.0142299999999998E-003   2.2332255885911133E+017
   9.0139499999999997E-003   2.2558833029687187E+017
   9.0138100000000006E-003   2.2783130148240112E+017
   9.0135400000000004E-003   2.3078065745889021E+017
   9.0132700000000003E-003   2.3368702683615888E+017
   9.0130100000000001E-003   2.3655216743465130E+017
   9.0127599999999999E-003   2.4008034809755642E+017
   9.0123900000000003E-003   2.4423449817805373E+017
   9.0120300000000007E-003   2.4898378888498554E+017
   9.0115600000000001E-003   2.5428564596049050E+017
   9.0111099999999993E-003   2.5817784427620813E+017
   9.0108900000000006E-003   2.6073893808986349E+017
   9.0106700000000001E-003   2.6327212203020010E+017
   9.0104599999999997E-003   2.6577830306828774E+017
   9.0102499999999992E-003   2.6856713604929347E+017
   9.0099900000000007E-003   2.7162768458538605E+017
   9.0097300000000005E-003   2.7465016951069683E+017
   9.0094900000000002E-003   2.7763589737803702E+017
   9.0092400000000000E-003   2.8146655479509469E+017
   9.0088600000000005E-003   2.8609963044806477E+017
   9.0084899999999992E-003   2.9121493152922131E+017
   9.0080300000000002E-003   2.9678137377856038E+017
   9.0075999999999993E-003   3.0281929417811834E+017
   9.0070800000000006E-003   3.0929522372894534E+017
   9.0065800000000001E-003   3.1405281825900371E+017
   9.0063399999999998E-003   3.1718415324132602E+017
   9.0060999999999995E-003   3.2233496610429741E+017
   9.0055499999999993E-003   3.2939106654319725E+017
   9.0050300000000007E-003   3.3579670346605702E+017
   9.0045899999999998E-003   3.4159451420929818E+017
   9.0041700000000006E-003   3.4822853975457363E+017
   9.0036200000000004E-003   3.5564293698727283E+017
   9.0030900000000001E-003   3.6289416615030554E+017
   9.0025799999999996E-003   3.6999299587543507E+017
   9.0020800000000008E-003   3.7521935826314912E+017
   9.0018400000000005E-003   3.7866319578386944E+017
   9.0016000000000002E-003   3.8292290648180352E+017
   9.0012500000000006E-003   3.8796710613132858E+017
   9.0008999999999992E-003   3.9458978267419034E+017
   9.0003400000000008E-003   4.0270012509239885E+017
   8.9998000000000005E-003   4.1027265491574170E+017
   8.9993199999999999E-003   4.1734045520222189E+017
   8.9988599999999992E-003   4.2433518212597242E+017
   8.9984000000000001E-003   4.3126081364202496E+017
   8.9979499999999994E-003   4.3919872132867098E+017
   8.9973699999999993E-003   4.4808810595109818E+017
   8.9968099999999992E-003   4.5679790790571859E+017
   8.9962700000000007E-003   4.6533890273005485E+017
   8.9957400000000003E-003   4.7372054392000301E+017
   8.9952299999999999E-003   4.8195133833861651E+017
   8.9947299999999994E-003   4.8853086775972435E+017
   8.9944299999999994E-003   4.9353214746959814E+017
   8.9941199999999995E-003   4.9848161354789126E+017
   8.9938299999999995E-003   5.0338090887522938E+017
   8.9935399999999995E-003   5.1064300565637043E+017
   8.9929699999999994E-003   5.2015920393107328E+017
   8.9924199999999992E-003   5.3042800452630650E+017
   8.9917699999999996E-003   5.4140298290040614E+017
   8.9911499999999998E-003   5.5167143513322458E+017
   8.9905999999999996E-003   5.6127466504454310E+017
   8.9900699999999993E-003   5.7188609096379686E+017
   8.9894199999999997E-003   5.8344612588655360E+017
   8.9887900000000000E-003   5.9477991504433395E+017
   8.9881800000000001E-003   6.0590053305389402E+017
   8.9875800000000002E-003   6.1413461529626880E+017
   8.9872900000000002E-003   6.2232408675486080E+017
   8.9867100000000002E-003   6.3040139591638387E+017
   8.9864300000000001E-003   6.3681967436973082E+017
   8.9860400000000007E-003   6.4424819962342208E+017
   8.9856599999999995E-003   6.5159292065510003E+017
   8.9852800000000000E-003   6.5885676807440538E+017
   8.9849100000000005E-003   6.6859337829851085E+017
   8.9842900000000007E-003   6.8069249472058010E+017
   8.9836800000000008E-003   6.9269015742139098E+017
   8.9830799999999992E-003   7.0459168202051098E+017
   8.9824999999999992E-003   7.1823608354098381E+017
   8.9817500000000002E-003   7.3352472806241664E+017
   8.9810099999999993E-003   7.4482195215392870E+017
   8.9806499999999997E-003   7.5230965786079373E+017
   8.9803000000000001E-003   7.6347834858419520E+017
   8.9796000000000008E-003   7.7816938653957875E+017
   8.9789199999999996E-003   7.9263221414348314E+017
   8.9782500000000001E-003   8.0687838036432704E+017
   8.9776100000000005E-003   8.2274147360030157E+017
   8.9768100000000000E-003   8.4013066846302630E+017
   8.9760399999999994E-003   8.5727594173029709E+017
   8.9752900000000004E-003   8.7419300663539328E+017
   8.9745599999999995E-003   8.9086648143953229E+017
   8.9738400000000003E-003   9.0730932678977651E+017
   8.9731399999999992E-003   9.2034954535435827E+017
   8.9727200000000000E-003   9.3012632146051418E+017
   8.9723100000000007E-003   9.3980805576207309E+017
   8.9719099999999996E-003   9.4939792147970893E+017
   8.9715100000000002E-003   9.6373321842534720E+017
   8.9707199999999997E-003   9.8261767567353075E+017
   8.9699600000000008E-003   1.0028567551255776E+018
   8.9690800000000008E-003   1.0243755480531965E+018
   8.9682300000000006E-003   1.0456516163420764E+018
   8.9673900000000004E-003   1.0667000076695382E+018
   8.9665800000000000E-003   1.0830520135449642E+018
   8.9661199999999993E-003   1.0949042178624803E+018
   8.9656700000000002E-003   1.1066976725893363E+018
   8.9652199999999994E-003   1.1184352212728159E+018
   8.9647800000000003E-003   1.1330382623768832E+018
   8.9641200000000008E-003   1.1504123209101734E+018
   8.9634799999999994E-003   1.1706621691555986E+018
   8.9626299999999992E-003   1.1936622517516787E+018
   8.9618000000000007E-003   1.2164462467246013E+018
   8.9609800000000003E-003   1.2390269232679101E+018
   8.9601799999999999E-003   1.2557871069153308E+018
   8.9597900000000005E-003   1.2669242661982602E+018
   8.9593999999999993E-003   1.2795127337203804E+018
   8.9589100000000005E-003   1.2935167898881733E+018
   8.9584299999999999E-003   1.3144156452412867E+018
   8.9574800000000003E-003   1.3419362938108534E+018
   8.9565600000000006E-003   1.3623303109898934E+018
   8.9561099999999998E-003   1.3758664613536504E+018
   8.9556600000000007E-003   1.3908340837663711E+018
   8.9551100000000005E-003   1.4071945713033078E+018
   8.9545800000000002E-003   1.4233973864249121E+018
   8.9540599999999998E-003   1.4394471424936118E+018
   8.9535399999999994E-003   1.4555870955274243E+018
   8.9530200000000008E-003   1.4718147802464067E+018
   8.9525000000000004E-003   1.4960707927991916E+018
   8.9514799999999995E-003   1.5280303363909484E+018
   8.9504900000000002E-003   1.5517274761669581E+018
   8.9499999999999996E-003   1.5674806093932621E+018
   8.9495200000000007E-003   1.5846863691030597E+018
   8.9489500000000007E-003   1.6033055048332175E+018
   8.9483900000000005E-003   1.6217443364528220E+018
   8.9478400000000003E-003   1.6493564896589363E+018
   8.9467399999999999E-003   1.6768634618372360E+018
   8.9461999999999996E-003   1.6951754402017162E+018
   8.9456599999999994E-003   1.7133234287636590E+018
   8.9451300000000008E-003   1.7381182005135421E+018
   8.9442199999999993E-003   1.7693297694493455E+018
   8.9433399999999993E-003   1.8005983117035333E+018
   8.9424399999999994E-003   1.8319261378820227E+018
   8.9415699999999994E-003   1.8618628843645138E+018
   8.9407700000000007E-003   1.8904662688983071E+018
   8.9399900000000001E-003   1.9137281046226847E+018
   8.9394899999999996E-003   1.9318026584137595E+018
   8.9390000000000008E-003   1.9605151096397358E+018
   8.9379500000000001E-003   1.9995156075559373E+018
   8.9369199999999992E-003   2.0300579565368302E+018
   8.9363199999999993E-003   2.0524318558762934E+018
   8.9357399999999993E-003   2.0850582966116483E+018
   8.9346300000000007E-003   2.1275901165958216E+018
   8.9335500000000002E-003   2.1727182418716285E+018
   8.9323400000000004E-003   2.2203360879145413E+018
   8.9311600000000005E-003   2.2574094448416458E+018
   8.9304999999999992E-003   2.2843133435013489E+018
   8.9298399999999997E-003   2.3112392648893711E+018
   8.9291800000000001E-003   2.3381885039958221E+018
   8.9285400000000004E-003   2.3752778672675103E+018
   8.9274100000000002E-003   2.4221839231407007E+018
   8.9263099999999998E-003   2.4632419648172785E+018
   8.9254799999999995E-003   2.4986580077386967E+018
   8.9246700000000009E-003   2.5313936633598377E+018
   8.9239799999999998E-003   2.5764818092814397E+018
   8.9226300000000008E-003   2.6386407787244452E+018
   8.9211900000000007E-003   2.6867445243329454E+018
   8.9204799999999997E-003   2.7184773673084283E+018
   8.9197900000000004E-003   2.7657179467897329E+018
   8.9184399999999997E-003   2.8279607349296507E+018
   8.9171200000000006E-003   2.8875950097140495E+018
   8.9159100000000008E-003   2.9365320800280392E+018
   8.9150600000000007E-003   2.9764094348128041E+018
   8.9142300000000004E-003   3.0332035054321254E+018
   8.9126499999999994E-003   3.1052970152526838E+018
   8.9111199999999998E-003   3.1773186595478630E+018
   8.9095400000000005E-003   3.2506201672830044E+018
   8.9080199999999991E-003   3.3172609486198252E+018
   8.9068099999999994E-003   3.3774828041059768E+018
   8.9056399999999994E-003   3.4524298209970401E+018
   8.9039500000000008E-003   3.5187221359579761E+018
   8.9031200000000005E-003   3.5626180099763261E+018
   8.9023100000000001E-003   3.6237941590061256E+018
   8.9008700000000000E-003   3.7017446586454031E+018
   8.8994699999999996E-003   3.7623253492621727E+018
   8.8986800000000008E-003   3.8060347756239186E+018
   8.8979100000000002E-003   3.8615865593507891E+018
   8.8967200000000003E-003   3.9286902336563855E+018
   8.8955600000000003E-003   4.0139081891250903E+018
   8.8937800000000004E-003   4.0932301675192791E+018
   8.8928400000000008E-003   4.1565966611601341E+018
   8.8916399999999993E-003   4.2275276262328202E+018
   8.8904699999999993E-003   4.3144224148211210E+018
   8.8887800000000006E-003   4.3913370134318367E+018
   8.8879500000000004E-003   4.4421519750216561E+018
   8.8871400000000000E-003   4.5208244876224952E+018
   8.8854499999999996E-003   4.6002950276609347E+018
   8.8846199999999993E-003   4.6528073038546463E+018
   8.8838000000000007E-003   4.7101712680420424E+018
   8.8828399999999995E-003   4.7722904346743706E+018
   8.8818899999999999E-003   4.8514845894196838E+018
   8.8804200000000000E-003   4.9472802787191378E+018
   8.8789899999999998E-003   5.0276059355182633E+018
   8.8780200000000004E-003   5.0928880881359124E+018
   8.8770600000000009E-003   5.1582379211524434E+018
   8.8760999999999996E-003   5.2597009350762998E+018
   8.8741199999999992E-003   5.3955534813930312E+018
   8.8722000000000002E-003   5.5342005284903567E+018
   8.8702099999999999E-003   5.6404099119152824E+018
   8.8692300000000005E-003   5.7105128019450573E+018
   8.8682699999999993E-003   5.8196663918635868E+018
   8.8662600000000008E-003   5.9664977333277225E+018
   8.8643100000000002E-003   6.1161660121353503E+018
   8.8622700000000002E-003   6.2307251868996803E+018
   8.8612799999999992E-003   6.3062063550612081E+018
   8.8602999999999998E-003   6.3837552154299955E+018
   8.8592600000000007E-003   6.4632576373913344E+018
   8.8582399999999999E-003   6.5420109456779694E+018
   8.8572300000000007E-003   6.6200017533290465E+018
   8.8562399999999996E-003   6.7000582594970440E+018
   8.8552000000000006E-003   6.7820442434962360E+018
   8.8541599999999998E-003   6.9033346761352704E+018
   8.8521399999999997E-003   7.0254757196379556E+018
   8.8510800000000008E-003   7.1095846735132027E+018
   8.8500400000000000E-003   7.1926801675022510E+018
   8.8490099999999992E-003   7.2747619114710712E+018
   8.8480000000000000E-003   7.3590322306390579E+018
   8.8469199999999994E-003   7.4449032002151014E+018
   8.8458700000000005E-003   7.5295802042951270E+018
   8.8448299999999997E-003   7.6131423290684662E+018
   8.8438000000000006E-003   7.6985747839953889E+018
   8.8427100000000002E-003   7.7857043106170634E+018
   8.8416399999999996E-003   7.8715237471111137E+018
   8.8405900000000006E-003   7.9561384078757468E+018
   8.8395499999999998E-003   8.0425518154890445E+018
   8.8384499999999994E-003   8.1306114377827820E+018
   8.8373700000000006E-003   8.2172513009598802E+018
   8.8363000000000001E-003   8.3026591904756234E+018
   8.8352499999999994E-003   8.3898198227933891E+018
   8.8341400000000007E-003   8.4786856235187589E+018
   8.8330500000000003E-003   8.5661131711211203E+018
   8.8319699999999998E-003   8.6524167710764995E+018
   8.8308999999999992E-003   8.7405800217804851E+018
   8.8297800000000006E-003   8.8306036609945354E+018
   8.8286700000000003E-003   8.9193009135762657E+018
   8.8275799999999998E-003   9.0070102669945262E+018
   8.8264999999999993E-003   9.0967685078394767E+018
   8.8253700000000008E-003   9.1885898620028641E+018
   8.8242500000000005E-003   9.2792430947581829E+018
   8.8231400000000001E-003   9.3690511025280246E+018
   8.8220499999999997E-003   9.4612285029021225E+018
   8.8208999999999996E-003   9.5554382614295306E+018
   8.8197699999999993E-003   9.6479747733584364E+018
   8.8186500000000008E-003   9.7411336255457628E+018
   8.8175500000000004E-003   9.8878157968559882E+018
   8.8152400000000002E-003   1.0083107335093187E+019
   8.8129999999999997E-003   1.0229744214438158E+019
   8.8118299999999997E-003   1.0331370433338431E+019
   8.8106699999999996E-003   1.0432028690899636E+019
   8.8095199999999995E-003   1.0533572946112907E+019
   8.8083999999999992E-003   1.0694381539494765E+019
   8.8060399999999994E-003   1.0908026206256654E+019
   8.8037500000000008E-003   1.1068127883874322E+019
   8.8025399999999993E-003   1.1179565836473158E+019
   8.8013599999999994E-003   1.1346311005910833E+019
   8.7990399999999993E-003   1.1573905631052716E+019
   8.7966299999999997E-003   1.1747006454748199E+019
   8.7954499999999998E-003   1.1863144489266573E+019
   8.7942799999999998E-003   1.2047415233775770E+019
   8.7918400000000004E-003   1.2291470935769494E+019
   8.7894700000000006E-003   1.2537414892713925E+019
   8.7869999999999997E-003   1.2725866546338523E+019
   8.7857899999999999E-003   1.2850880727039410E+019
   8.7846000000000000E-003   1.3047484409497033E+019
   8.7820999999999993E-003   1.3311080084614789E+019
   8.7796699999999998E-003   1.3580507999666061E+019
   8.7771399999999992E-003   1.3855527611806632E+019
   8.7746800000000000E-003   1.4062012765548335E+019
   8.7733900000000007E-003   1.4205227117551518E+019
   8.7721199999999996E-003   1.4425010292471820E+019
   8.7695399999999993E-003   1.4716152813278616E+019
   8.7670400000000002E-003   1.5008040369540714E+019
   8.7645099999999997E-003   1.5311368527566602E+019
   8.7618799999999997E-003   1.5620916246337729E+019
   8.7593199999999993E-003   1.5852972078826734E+019
   8.7579800000000003E-003   1.6096566429417320E+019
   8.7553500000000003E-003   1.6377304027327982E+019
   8.7533799999999998E-003   1.6624142222405540E+019
   8.7513599999999997E-003   1.6915940233638365E+019
   8.7487299999999997E-003   1.7255876242566410E+019
   8.7459800000000004E-003   1.7556455337536225E+019
   8.7439700000000002E-003   1.7816426752841574E+019
   8.7419100000000003E-003   1.8085783802137668E+019
   8.7398500000000004E-003   1.8353054372415511E+019
   8.7378300000000002E-003   1.8614019148349387E+019
   8.7358599999999998E-003   1.8868724902825087E+019
   8.7339400000000008E-003   1.9097441673491010E+019
   8.7323699999999997E-003   1.9303350983679476E+019
   8.7308200000000002E-003   1.9524217263925674E+019
   8.7290500000000004E-003   1.9756908500147589E+019
   8.7273100000000003E-003   1.9990967015105233E+019
   8.7255000000000006E-003   2.0229704418334056E+019
   8.7237200000000008E-003   2.0522740479994253E+019
   8.7211800000000003E-003   2.0855210107580817E+019
   8.7186999999999994E-003   2.1130965320466760E+019
   8.7168899999999997E-003   2.1365466313475670E+019
   8.7151199999999998E-003   2.1658177991799599E+019
   8.7125299999999996E-003   2.1990914229369856E+019
   8.7100000000000007E-003   2.2267737024871309E+019
   8.7081299999999997E-003   2.2501131144850678E+019
   8.7063000000000001E-003   2.2730852923678810E+019
   8.7044500000000007E-003   2.2958928866612339E+019
   8.7026499999999993E-003   2.3236844483980485E+019
   8.7000299999999992E-003   2.3549622413139055E+019
   8.6974900000000004E-003   2.3831955617521275E+019
   8.6952200000000000E-003   2.4092798658617381E+019
   8.6930099999999993E-003   2.4347816291298284E+019
   8.6907500000000006E-003   2.4599616624615260E+019
   8.6885499999999997E-003   2.4868824776235192E+019
   8.6859199999999998E-003   2.5151889336645849E+019
   8.6833799999999992E-003   2.5429034843177914E+019
   8.6807599999999992E-003   2.5698381412116484E+019
   8.6782300000000003E-003   2.5917719698194870E+019
   8.6763799999999992E-003   2.6106886661698609E+019
   8.6745699999999995E-003   2.6380181787447255E+019
   8.6712300000000003E-003   2.6717953917127946E+019
   8.6680200000000002E-003   2.6988631280200602E+019
   8.6657999999999995E-003   2.7213562939759198E+019
   8.6636400000000002E-003   2.7442350481014936E+019
   8.6614399999999994E-003   2.7672757031887999E+019
   8.6593000000000000E-003   2.8024701949775856E+019
   8.6549999999999995E-003   2.8381393062986756E+019
   8.6528500000000001E-003   2.8626481117933896E+019
   8.6507600000000004E-003   2.8924176587668435E+019
   8.6478600000000003E-003   2.9185296373334946E+019
   8.6464500000000000E-003   2.9359847574700786E+019
   8.6450599999999996E-003   2.9635397372115816E+019
   8.6421799999999993E-003   2.9916776084082082E+019
   8.6407700000000007E-003   3.0155895944799420E+019
   8.6386599999999994E-003   3.0452695130921476E+019
   8.6365100000000000E-003   3.0705935747799433E+019
   8.6351099999999997E-003   3.1017873102494200E+019
   8.6322699999999992E-003   3.1338236739513659E+019
   8.6308500000000007E-003   3.1556310221033349E+019
   8.6294400000000004E-003   3.1834510294934852E+019
   8.6273300000000008E-003   3.2180518690177536E+019
   8.6251699999999997E-003   3.2476043444024791E+019
   8.6237599999999994E-003   3.2712685085405684E+019
   8.6223700000000007E-003   3.3084864271218106E+019
   8.6194700000000006E-003   3.3530135124518429E+019
   8.6173499999999993E-003   3.3853069225537839E+019
   8.6159199999999991E-003   3.4190112069821510E+019
   8.6137399999999999E-003   3.4668929204028735E+019
   8.6108999999999995E-003   3.5087756719168971E+019
   8.6094199999999996E-003   3.5452792273288733E+019
   8.6072300000000004E-003   3.5889831363872838E+019
   8.6050899999999993E-003   3.6419246522843304E+019
   8.6021199999999996E-003   3.6925247875713737E+019
   8.6002700000000001E-003   3.7318460675674628E+019
   8.5984600000000005E-003   3.7804386926184595E+019
   8.5958400000000004E-003   3.8377482389036483E+019
   8.5932800000000000E-003   3.9011276164787782E+019
   8.5902200000000008E-003   3.9528745985555284E+019
   8.5887299999999993E-003   3.9875128417136615E+019
   8.5872499999999994E-003   4.0466844839932584E+019
   8.5837399999999994E-003   4.1294457268230169E+019
   8.5803300000000006E-003   4.1946641406417002E+019
   8.5783700000000001E-003   4.2571221522913075E+019
   8.5752599999999995E-003   4.3406908821408170E+019
   8.5716999999999998E-003   4.4157309695120155E+019
   8.5693399999999999E-003   4.4720117535847760E+019
   8.5672999999999999E-003   4.5245674497974641E+019
   8.5652999999999996E-003   4.5894992760850121E+019
   8.5624199999999994E-003   4.6642316339116278E+019
   8.5596000000000005E-003   4.7354703572991435E+019
   8.5570999999999998E-003   4.8023150476165579E+019
   8.5546500000000004E-003   4.8595417588576322E+019
   8.5529500000000001E-003   4.9064701741431841E+019
   8.5512699999999997E-003   4.9750576391032611E+019
   8.5480399999999998E-003   5.0664303810086265E+019
   8.5448699999999995E-003   5.1345989894130647E+019
   8.5432400000000006E-003   5.1815591478792184E+019
   8.5416299999999997E-003   5.2392964434251907E+019
   8.5393099999999996E-003   5.3073753281689518E+019
   8.5370299999999993E-003   5.3951458201137529E+019
   8.5334599999999997E-003   5.5043689891944047E+019
   8.5298500000000003E-003   5.6232422507225719E+019
   8.5257900000000001E-003   5.7304127158155665E+019
   8.5230099999999993E-003   5.8196532819026903E+019
   8.5201900000000004E-003   5.9296626580187578E+019
   8.5162299999999996E-003   6.0766477127584342E+019
   8.5112499999999997E-003   6.1958095162117825E+019
   8.5090500000000006E-003   6.2693628575834202E+019
   8.5068799999999997E-003   6.3559432740052181E+019
   8.5039699999999996E-003   6.4574908905331147E+019
   8.5009600000000001E-003   6.5605752442921288E+019
   8.4980100000000003E-003   6.6653101652362879E+019
   8.4949699999999993E-003   6.7728088390474752E+019
   8.4919000000000001E-003   6.8806741767123673E+019
   8.4888900000000007E-003   6.9723609153826767E+019
   8.4867699999999994E-003   7.0853438815145566E+019
   8.4825899999999999E-003   7.2589523476227056E+019
   8.4772800000000002E-003   7.4252539368654750E+019
   8.4735499999999998E-003   7.5546247281463820E+019
   8.4702900000000001E-003   7.6775534790041141E+019
   8.4669800000000007E-003   7.8447319408115007E+019
   8.4614300000000007E-003   8.0191575030706946E+019
   8.4577799999999998E-003   8.1265394441506718E+019
   8.4558199999999993E-003   8.2489023579064697E+019
   8.4514599999999992E-003   8.4169817748304036E+019
   8.4471900000000003E-003   8.5465746857058337E+019
   8.4448300000000004E-003   8.6387712123071152E+019
   8.4425000000000004E-003   8.7746679080333738E+019
   8.4379899999999994E-003   8.9525451339829920E+019
   8.4335699999999996E-003   9.0778246678673818E+019
   8.4317300000000001E-003   9.1516505031176454E+019
   8.4299000000000006E-003   9.2768278512413852E+019
   8.4255500000000004E-003   9.4523395864288018E+019
   8.4212799999999997E-003   9.5836194383116714E+019
   8.4190700000000007E-003   9.6741677843020923E+019
   8.4168799999999998E-003   9.8021962081972339E+019
   8.4128799999999993E-003   9.9670468164047110E+019
   8.4089500000000001E-003   1.0106918684340009E+020
   8.4061899999999991E-003   1.0222413890111624E+020
   8.4034599999999997E-003   1.0354115491505055E+020
   8.3999599999999997E-003   1.0501713539204373E+020
   8.3965099999999994E-003   1.0669893571480293E+020
   8.3920999999999996E-003   1.0858040417079555E+020
   8.3877599999999993E-003   1.1030992659434969E+020
   8.3840800000000004E-003   1.1254479678643993E+020
   8.3775099999999995E-003   1.1462213493728541E+020
   8.3745899999999995E-003   1.1598516335892755E+020
   8.3713399999999997E-003   1.1741894421693660E+020
   8.3681299999999997E-003   1.1963251509427528E+020
   8.3614499999999994E-003   1.2260440738819572E+020
   8.3549300000000000E-003   1.2567499810151888E+020
   8.3479599999999998E-003   1.2884133660239294E+020
   8.3411500000000003E-003   1.3124943888186868E+020
   8.3374799999999995E-003   1.3295077476001066E+020
   8.3338600000000002E-003   1.3475145843586100E+020
   8.3298000000000001E-003   1.3665041602101764E+020
   8.3257999999999995E-003   1.3845215247574983E+020
   8.3222000000000001E-003   1.4015947359852316E+020
   8.3186300000000005E-003   1.4220934801304728E+020
   8.3136500000000006E-003   1.4459463332813852E+020
   8.3087400000000002E-003   1.4723993454653291E+020
   8.3027599999999993E-003   1.5013594437259077E+020
   8.2968899999999995E-003   1.5284216438511721E+020
   8.2917500000000005E-003   1.5536957592815459E+020
   8.2866899999999993E-003   1.5798811358012667E+020
   8.2812000000000007E-003   1.6045554823369035E+020
   8.2769000000000002E-003   1.6261153542741521E+020
   8.2726599999999994E-003   1.6551585143296980E+020
   8.2655000000000003E-003   1.6914990512302817E+020
   8.2584900000000003E-003   1.7258243706408534E+020
   8.2522499999999992E-003   1.7580675798578515E+020
   8.2461199999999991E-003   1.7881570319680943E+020
   8.2406900000000002E-003   1.8269934883573314E+020
   8.2314599999999995E-003   1.8612671447924670E+020
   8.2278000000000004E-003   1.8808040759992209E+020
   8.2241799999999993E-003   1.9098944882354972E+020
   8.2170400000000001E-003   1.9483362960970229E+020
   8.2100200000000002E-003   1.9794844998434973E+020
   8.2056300000000002E-003   2.0035038606471528E+020
   8.2012900000000000E-003   2.0317028169880964E+020
   8.1954500000000000E-003   2.0640025910818141E+020
   8.1896899999999995E-003   2.0998773125469313E+020
   8.1826499999999996E-003   2.1480456043906617E+020
   8.1726600000000000E-003   2.1966824130093266E+020
   8.1655700000000005E-003   2.2284945640398094E+020
   8.1615699999999999E-003   2.2644259477526685E+020
   8.1531699999999995E-003   2.3128705298686326E+020
   8.1449399999999998E-003   2.3496208473615594E+020
   8.1406099999999995E-003   2.3750314524173681E+020
   8.1363300000000006E-003   2.4002895146204758E+020
   8.1320899999999998E-003   2.4254110952867971E+020
   8.1278900000000005E-003   2.4644542449839197E+020
   8.1190700000000008E-003   2.5171283357846451E+020
   8.1104300000000001E-003   2.5709371644399465E+020
   8.1013999999999999E-003   2.6258590213136915E+020
   8.0925400000000005E-003   2.6675744539829643E+020
   8.0878900000000004E-003   2.6963615662223652E+020
   8.0832899999999999E-003   2.7249931020437389E+020
   8.0787299999999992E-003   2.7534725488654028E+020
   8.0742100000000001E-003   2.7977396158110505E+020
   8.0647300000000009E-003   2.8574396437191010E+020
   8.0554400000000005E-003   2.9025864048128727E+020
   8.0505600000000000E-003   2.9338724273850764E+020
   8.0457299999999992E-003   2.9649919591466625E+020
   8.0409499999999998E-003   2.9959474228437051E+020
   8.0362100000000002E-003   3.0440388615113618E+020
   8.0262600000000003E-003   3.1089279035328515E+020
   8.0165099999999993E-003   3.1750761872849791E+020
   8.0063300000000007E-003   3.2427257251209773E+020
   7.9963399999999994E-003   3.2941213448604274E+020
   7.9910999999999992E-003   3.3295724080992249E+020
   7.9859200000000005E-003   3.3648378700057661E+020
   7.9807799999999998E-003   3.3999270863040643E+020
   7.9756900000000006E-003   3.4544145385194291E+020
   7.9650099999999998E-003   3.5279372407925382E+020
   7.9545399999999995E-003   3.5835205754922651E+020
   7.9490499999999992E-003   3.6220383233037199E+020
   7.9436100000000003E-003   3.6603577507870042E+020
   7.9382199999999993E-003   3.6984813901384476E+020
   7.9328799999999998E-003   3.7576839470307462E+020
   7.9216900000000003E-003   3.8375755025770834E+020
   7.9107099999999996E-003   3.9191213023046612E+020
   7.8992600000000000E-003   4.0024016501910032E+020
   7.8880200000000008E-003   4.0656790893465974E+020
   7.8821299999999993E-003   4.1093134128175795E+020
   7.8762899999999993E-003   4.1527274669203495E+020
   7.8705100000000007E-003   4.1959310624694947E+020
   7.8647900000000000E-003   4.2629763267059391E+020
   7.8527900000000001E-003   4.3534572809122015E+020
   7.8410100000000007E-003   4.4218893596214670E+020
   7.8348399999999992E-003   4.4692715837502790E+020
   7.8287300000000008E-003   4.5398475769386310E+020
   7.8166799999999995E-003   4.6361970750804859E+020
   7.8041100000000004E-003   4.7100950204148456E+020
   7.7979199999999999E-003   4.7589505436094058E+020
   7.7917799999999999E-003   4.8348001991048718E+020
   7.7789199999999999E-003   4.9371767177795378E+020
   7.7663000000000003E-003   5.0145927484681381E+020
   7.7596899999999996E-003   5.0682043517519915E+020
   7.7531400000000004E-003   5.1356327161109683E+020
   7.7432300000000003E-003   5.2168149062241321E+020
   7.7334700000000001E-003   5.2989669210049983E+020
   7.7234399999999998E-003   5.3822670811404527E+020
   7.7135600000000004E-003   5.4675671736853470E+020
   7.7032100000000003E-003   5.5548018583758353E+020
   7.6930000000000002E-003   5.6432034632647619E+020
   7.6825299999999999E-003   5.7598949542019937E+020
   7.6659600000000003E-003   5.8854927593342796E+020
   7.6536299999999998E-003   5.9942198304686106E+020
   7.6411900000000000E-003   6.1048076112982311E+020
   7.6286399999999999E-003   6.2318431968531382E+020
   7.6127499999999997E-003   6.3606739842429734E+020
   7.6000099999999999E-003   6.4784503802980388E+020
   7.5868200000000002E-003   6.5992179233627859E+020
   7.5736299999999996E-003   6.7143743071821405E+020
   7.5618400000000002E-003   6.8211485374586828E+020
   7.5506100000000001E-003   6.9481638842931439E+020
   7.5346600000000003E-003   7.0846196843910319E+020
   7.5215300000000002E-003   7.2016570064654539E+020
   7.5097799999999998E-003   7.3211138959234826E+020
   7.4958999999999998E-003   7.4590355588615740E+020
   7.4806800000000000E-003   7.5788497342766396E+020
   7.4706800000000004E-003   7.6881797557616902E+020
   7.4566099999999998E-003   7.8262045943243053E+020
   7.4400700000000000E-003   7.9565914352815401E+020
   7.4241300000000001E-003   8.0787585810854511E+020
   7.4093800000000001E-003   8.1625589425759925E+020
   7.3952300000000000E-003   8.2243918297777714E+020
   7.3792500000000004E-003   8.1929868618465398E+020
   7.3729399999999997E-003   8.2662085308432043E+020
   7.3580000000000000E-003   8.0958019050810206E+020
   7.3384499999999998E-003   8.0519791361861170E+020
   7.3245799999999998E-003   7.7650690245895507E+020
   7.3111799999999996E-003   7.2868516729201925E+020
   7.2959599999999998E-003   7.0065923923045174E+020
   7.2819900000000003E-003   6.8285566861425036E+020
   7.2760600000000000E-003   6.5670313245654345E+020
   7.2701800000000002E-003   6.3185562839008412E+020
   7.2557999999999997E-003   6.1031074610076883E+020
   7.2500400000000001E-003   5.9803681920660315E+020
   7.2434500000000002E-003   5.7442637893389792E+020
   7.2383200000000003E-003   5.7291802384277137E+020
   7.2301800000000001E-003   5.5998678395168876E+020
   7.2249799999999998E-003   5.4241161509501469E+020
   7.2201000000000001E-003   5.3190445557957506E+020
   7.2156800000000004E-003   5.3464113083581268E+020
   7.2104100000000004E-003   5.1775092893087557E+020
   7.2045800000000004E-003   5.0431504215385906E+020
   7.1987900000000000E-003   5.0100278576238507E+020
   7.1952800000000001E-003   4.9832598608732566E+020
   7.1904899999999999E-003   4.9071302788620884E+020
   7.1881000000000002E-003   4.8716045664429539E+020
   7.1863200000000004E-003   4.8367477334236188E+020
   7.1821400000000001E-003   4.8170341883535799E+020
   7.1797500000000004E-003   4.7954500614514717E+020
   7.1764200000000002E-003   4.7684400619112740E+020
   7.1736899999999999E-003   4.7174977287436147E+020
   7.1676300000000004E-003   4.6587534116937715E+020
   7.1630799999999996E-003   4.6403270687339505E+020
   7.1579399999999998E-003   4.5782028114121274E+020
   7.1519200000000000E-003   4.5405939497945242E+020
   7.1472000000000003E-003   4.5134574206022504E+020
   7.1426800000000002E-003   4.4797697040295612E+020
   7.1383200000000001E-003   4.4604063870235384E+020
   7.1343400000000003E-003   4.4339866318278230E+020
   7.1292899999999999E-003   4.4148265209767605E+020
   7.1272100000000001E-003   4.3999758417332974E+020
   7.1230699999999996E-003   4.3807567776501563E+020
   7.1203100000000004E-003   4.3654219078948959E+020
   7.1161899999999997E-003   4.3516940661748643E+020
   7.1141399999999997E-003   4.3388952321738709E+020
   7.1101400000000000E-003   4.3229670221353674E+020
   7.1062399999999998E-003   4.3116414530970557E+020
   7.1043000000000000E-003   4.3030642436735022E+020
   7.1017700000000003E-003   4.2896234457530381E+020
   7.0967399999999998E-003   4.2730272161572395E+020
   7.0917300000000001E-003   4.2577425376445635E+020
   7.0867400000000002E-003   4.2471490753362448E+020
   7.0842500000000003E-003   4.2416681417469900E+020
   7.0823900000000000E-003   4.2345627411790902E+020
   7.0786800000000004E-003   4.2256821764262252E+020
   7.0750300000000004E-003   4.2175724204815824E+020
   7.0714400000000000E-003   4.2101221085672997E+020
   7.0679100000000002E-003   4.2033593205801360E+020
   7.0644400000000000E-003   4.1960420758009210E+020
   7.0599000000000000E-003   4.1898348493506504E+020
   7.0571100000000001E-003   4.1855465744994409E+020
   7.0543200000000002E-003   4.1804936881464653E+020
   7.0497399999999997E-003   4.1754242577653367E+020
   7.0461400000000002E-003   4.1716705636418250E+020
   7.0429700000000000E-003   4.1688330534540889E+020
   7.0402099999999999E-003   4.1655853760456576E+020
   7.0356000000000004E-003   4.1627330898444550E+020
   7.0307800000000004E-003   4.1580684533318235E+020
   7.0245699999999999E-003   4.1614545731716468E+020
   7.0216400000000000E-003   4.1573842047514241E+020
   7.0187100000000001E-003   4.1532907386196145E+020
   7.0143400000000000E-003   4.1608678295447313E+020
   7.0085299999999998E-003   4.1584563713826226E+020
   7.0056399999999996E-003   4.1550821627831098E+020
   7.0027500000000003E-003   4.1638651099959460E+020
   6.9982700000000000E-003   4.1638250718994530E+020
   6.9920000000000000E-003   4.1670558609429168E+020
   6.9883699999999998E-003   4.1705172266647781E+020
   6.9822299999999999E-003   4.1754553579184423E+020
   6.9761800000000002E-003   4.1771270396316503E+020
   6.9727299999999999E-003   4.1893591493319806E+020
   6.9705200000000000E-003   4.1880564890665085E+020
   6.9661200000000001E-003   4.1943440067722537E+020
   6.9607699999999998E-003   4.2002061534336726E+020
   6.9576400000000002E-003   4.2059714216795918E+020
   6.9526099999999997E-003   4.2117452816859608E+020
   6.9501099999999998E-003   4.2177539003899491E+020
   6.9452300000000002E-003   4.2280542850917722E+020
   6.9381099999999999E-003   4.2389638146990873E+020
   6.9332300000000003E-003   4.2483082378370764E+020
   6.9283699999999997E-003   4.2617662416043993E+020
   6.9200399999999997E-003   4.2751926267366769E+020
   6.9156000000000000E-003   4.2872794093456150E+020
   6.9082299999999996E-003   4.3036584117533698E+020
   6.9048599999999996E-003   4.3068315480232323E+020
   6.9028400000000004E-003   4.3130291825303794E+020
   6.9001599999999998E-003   4.3238278012590470E+020
   6.8942500000000002E-003   4.3390020740351499E+020
   6.8882700000000002E-003   4.3549872151848085E+020
   6.8814300000000000E-003   4.3739108171114349E+020
   6.8757499999999999E-003   4.3867031178880804E+020
   6.8714400000000004E-003   4.4025336168579170E+020
   6.8649100000000001E-003   4.4203576995853638E+020
   6.8595599999999998E-003   4.4333333328993550E+020
   6.8563799999999996E-003   4.4461877817765580E+020
   6.8503799999999997E-003   4.4647356874299710E+020
   6.8461199999999998E-003   4.4768372157538356E+020
   6.8418699999999999E-003   4.4955034734301603E+020
   6.8344599999999997E-003   4.5162715171930132E+020
   6.8302500000000004E-003   4.5333904757343053E+020
   6.8239499999999996E-003   4.5574500707269856E+020
   6.8163399999999997E-003   4.5814425230231280E+020
   6.8103699999999996E-003   4.6008692624424449E+020
   6.8056100000000001E-003   4.6199390838345866E+020
   6.7996899999999997E-003   4.6450249545716879E+020
   6.7928499999999996E-003   4.6704326794850750E+020
   6.7860400000000001E-003   4.6976098589099236E+020
   6.7789100000000000E-003   4.7247764413820004E+020
   6.7722600000000004E-003   4.7554622762689462E+020
   6.7636800000000002E-003   4.7882459583719893E+020
   6.7560399999999996E-003   4.8235099675931266E+020
   6.7472299999999999E-003   4.8597037703254206E+020
   6.7384699999999999E-003   4.9039566054478624E+020
   6.7274800000000001E-003   4.9516259048062425E+020
   6.7165699999999998E-003   5.0129505137774717E+020
   6.7003699999999998E-003   5.0936208845191047E+020
   6.6815900000000003E-003   5.1748749277311376E+020
   6.6659600000000003E-003   5.2507671640818313E+020
   6.6499500000000000E-003   5.3330022111741798E+020
   6.6325200000000003E-003   5.4220528050260535E+020
   6.6139099999999998E-003   5.5254306698871151E+020
   6.5914600000000004E-003   5.6248505684781066E+020
   6.5748300000000003E-003   5.7193018279571810E+020
   6.5548799999999999E-003   5.8224963242450256E+020
   6.5351799999999998E-003   5.9173612514397481E+020
   6.5188499999999996E-003   5.9891099512965707E+020
   6.5081699999999998E-003   6.0671948032315005E+020
   6.4897000000000002E-003   6.1476519697158269E+020
   6.4783799999999997E-003   6.2395995400954970E+020
   6.4559900000000000E-003   6.3461653744265029E+020
   6.4396899999999997E-003   6.4364183996459817E+020
   6.4235600000000000E-003   6.5186854793058543E+020
   6.4104100000000001E-003   6.5929134424784175E+020
   6.3973500000000004E-003   6.7168553543087122E+020
   6.3670899999999997E-003   6.8910955686003186E+020
   6.3373500000000003E-003   7.0187632293591659E+020
   6.3237600000000003E-003   7.1299237246831441E+020
   6.3000599999999997E-003   7.2319269575996146E+020
   6.2899000000000002E-003   7.3371818877457492E+020
   6.2654499999999997E-003   7.4865929544568983E+020
   6.2413399999999997E-003   7.6050434810152852E+020
   6.2274200000000000E-003   7.6921874800988062E+020
   6.2135999999999997E-003   7.8036938605818675E+020
   6.1922300000000000E-003   7.9397311676951482E+020
   6.1711099999999996E-003   8.0540802959524128E+020
   6.1568700000000001E-003   8.1465939545410843E+020
   6.1427399999999998E-003   8.2890229812737029E+020
   6.1136300000000001E-003   8.4818929756551735E+020
   6.0849299999999997E-003   8.6413413996107963E+020
   6.0664700000000000E-003   8.7669398175676328E+020
   6.0481800000000002E-003   8.8681256164657961E+020
   6.0371100000000000E-003   8.9447031352789002E+020
   6.0261000000000004E-003   9.0748896112212941E+020
   5.9998500000000001E-003   9.2965995045467940E+020
   5.9634299999999996E-003   9.5302315214295112E+020
   5.9348500000000002E-003   9.6998785169851613E+020
   5.9168700000000003E-003   9.8515039085206556E+020
   5.8936700000000002E-003   1.0023287596416262E+021
   5.8707100000000003E-003   1.0227139897521551E+021
   5.8395499999999998E-003   1.0466279779408993E+021
   5.8081000000000001E-003   1.0649604759221849E+021
   5.7921900000000000E-003   1.0773499551243281E+021
   5.7763800000000002E-003   1.0963312974673617E+021
   5.7440199999999999E-003   1.1220074317914227E+021
   5.7121000000000003E-003   1.1482978102069572E+021
   5.6791699999999999E-003   1.1752196930634878E+021
   5.6466800000000003E-003   1.2027890667826449E+021
   5.6131699999999998E-003   1.2310191290957114E+021
   5.5801000000000002E-003   1.2599260088333642E+021
   5.5459999999999997E-003   1.2895297420236400E+021
   5.5123300000000002E-003   1.3198470757305916E+021
   5.4776199999999999E-003   1.3508932067425033E+021
   5.4433499999999996E-003   1.3745301532686006E+021
   5.4258199999999996E-003   1.3906157479516997E+021
   5.4083899999999999E-003   1.4152438961071451E+021
   5.3727499999999999E-003   1.4485882236765531E+021
   5.3375400000000000E-003   1.4739816336679733E+021
   5.3195300000000003E-003   1.4912596332639635E+021
   5.3016299999999999E-003   1.5175235419711390E+021
   5.2653999999999999E-003   1.5533361783333590E+021
   5.2288400000000002E-003   1.5900145304099171E+021
   5.1919399999999999E-003   1.6275801588485168E+021
   5.1547099999999998E-003   1.6660437869639455E+021
   5.1171400000000001E-003   1.7054518530478999E+021
   5.0792199999999997E-003   1.7458038593884305E+021
   5.0409499999999998E-003   1.7871355227926170E+021
   5.0023200000000002E-003   1.8294655768043203E+021
   4.9633300000000002E-003   1.8728207355921157E+021
   4.9239799999999997E-003   1.9060904950409441E+021
   4.9040700000000000E-003   1.9285616017300534E+021
   4.8842599999999996E-003   1.9513024961968795E+021
   4.8641600000000002E-003   1.9743173703644348E+021
   4.8441500000000002E-003   2.0042857869986591E+021
   4.8123200000000001E-003   2.0413645756050081E+021
   4.7807199999999996E-003   2.0722145037546095E+021
   4.7601299999999996E-003   2.0966748009238461E+021
   4.7396299999999999E-003   2.1214217678437134E+021
   4.7188300000000002E-003   2.1464584010829338E+021
   4.6981300000000000E-003   2.1717885064106274E+021
   4.6771399999999998E-003   2.1974124898281920E+021
   4.6562299999999999E-003   2.2233357320569443E+021
   4.6350300000000001E-003   2.2495553743667981E+021
   4.6139099999999997E-003   2.2760716475896567E+021
   4.5925000000000002E-003   2.3029060567893027E+021
   4.5711700000000003E-003   2.3300537466032803E+021
   4.5495500000000003E-003   2.3575335537473492E+021
   4.5280099999999998E-003   2.3853396734102633E+021
   4.5061700000000003E-003   2.4134984141979811E+021
   4.4844000000000004E-003   2.4419984227113191E+021
   4.4623400000000004E-003   2.4708816229355424E+021
   4.4403500000000000E-003   2.5001344587313447E+021
   4.4180599999999997E-003   2.5297929313362494E+021
   4.3958499999999998E-003   2.5598443244982659E+021
   4.3733299999999999E-003   2.5903279258745118E+021
   4.3508799999999997E-003   2.6213426372500893E+021
   4.3281200000000004E-003   2.6524794350480413E+021
   4.3054299999999998E-003   2.6837651858928855E+021
   4.2824400000000002E-003   2.7155255148277646E+021
   4.2595000000000003E-003   2.7277829494582107E+021
   4.2363599999999998E-003   2.7610207775557949E+021
   4.2130900000000001E-003   2.7946714097722977E+021
   4.1896900000000003E-003   2.8287400126701765E+021
   4.1661700000000003E-003   2.8632318073580647E+021
   4.1425100000000003E-003   2.8981520901613221E+021
   4.1187300000000001E-003   2.9335062089479624E+021
   4.0948099999999999E-003   2.9692995931903644E+021
   4.0707499999999997E-003   3.0055377337643004E+021
   4.0465500000000003E-003   3.0422261884058374E+021
   4.0222200000000000E-003   3.0793705820166664E+021
   3.9977399999999996E-003   3.1169766122399230E+021
   3.9731200000000001E-003   3.1550500414321994E+021
   3.9483499999999998E-003   3.1935967107741998E+021
   3.9234400000000003E-003   3.2326225186842665E+021
   3.8983700000000000E-003   3.2721334487701767E+021
   3.8731600000000001E-003   3.3121355380974310E+021
   3.8477799999999999E-003   3.3526349159206858E+021
   3.8222500000000001E-003   3.3936377706772583E+021
   3.7965600000000000E-003   3.4351503654817251E+021
   3.7707100000000000E-003   3.4771774537619567E+021
   3.7446900000000002E-003   3.5197259166409047E+021
   3.7185000000000000E-003   3.5628022104176329E+021
   3.6921499999999999E-003   3.6064128017564088E+021
   3.6656100000000001E-003   3.6505642424705221E+021
   3.6389000000000000E-003   3.6952631371133663E+021
   3.6120100000000001E-003   3.7405161651951108E+021
   3.5849400000000000E-003   3.7863300700130257E+021
   3.5576700000000002E-003   3.8327116526967555E+021
   3.5302200000000001E-003   3.8796677660826004E+021
   3.5025700000000000E-003   3.9272053367016648E+021
   3.4747200000000002E-003   3.9753313237858963E+021
   3.4466700000000002E-003   4.0240527407337387E+021
   3.4183999999999998E-003   4.0733766293890243E+021
   3.3899300000000002E-003   4.1233100702623638E+021
   3.3612400000000001E-003   4.1738601286684220E+021
   3.3323200000000002E-003   4.2250338755976076E+021
   3.3031800000000002E-003   4.2768383435411392E+021
   3.2737999999999999E-003   4.3292804991772540E+021
   3.2441900000000001E-003   4.3823672077072891E+021
   3.2143300000000001E-003   4.4361051863059818E+021
   3.1842200000000002E-003   4.4905009974713584E+021
   3.1538600000000001E-003   4.5455610270385077E+021
   3.1232199999999999E-003   4.6012915760120746E+021
   3.0923200000000000E-003   4.6576990783100719E+021
   3.0611400000000000E-003   4.7147906462847127E+021
   3.0296699999999999E-003   4.7725750768701947E+021
   2.9979099999999999E-003   4.8310645723098073E+021
   2.9658400000000000E-003   4.8902772445108010E+021
   2.9334600000000001E-003   4.9502398900682181E+021
   2.9007600000000001E-003   5.0109895283875995E+021
   2.8677199999999998E-003   5.0725710619991836E+021
   2.8343399999999999E-003   5.1353877027027734E+021
   2.8006099999999998E-003   5.1987590883705923E+021
   2.7664999999999999E-003   5.2630489482581749E+021
   2.7320199999999999E-003   5.3282458001736540E+021
   2.6971400000000002E-003   5.3941405345970106E+021
   2.6618499999999999E-003   5.4608850241203932E+021
   2.6261399999999999E-003   5.5284623327640095E+021
   2.5899800000000000E-003   5.5968640976024901E+021
   2.5533700000000001E-003   5.6660892121814574E+021
   2.5162700000000001E-003   5.7405907602622487E+021
   2.4786800000000000E-003   5.8132427989070297E+021
   2.4405799999999999E-003   5.8868706131732291E+021
   2.4019200000000001E-003   5.9614885964148365E+021
   2.3627000000000001E-003   6.0371112412732142E+021
   2.3228699999999999E-003   6.1137527598854523E+021
   2.2824099999999999E-003   6.1914310644669948E+021
   2.2412899999999999E-003   6.2701582865139447E+021
   2.1994699999999998E-003   6.3499495207295129E+021
   2.1568999999999998E-003   6.4308201320417822E+021
   2.1135500000000001E-003   6.5127857093266364E+021
   2.0693700000000001E-003   6.5958613050954088E+021
   2.0243000000000001E-003   6.6800673179013543E+021
   1.9782799999999998E-003   6.7654170186492674E+021
   1.9312500000000000E-003   6.8516476267876340E+021
   1.8834500000000001E-003   6.9393205340333261E+021
   1.8338400000000000E-003   7.0285012204116257E+021
   1.7832799999999999E-003   7.1185951887918650E+021
   1.7313299999999999E-003   7.1984210194354248E+021
   1.6916800000000001E-003   7.2676383255882545E+021
   1.6505500000000000E-003   7.3662162242413108E+021
   1.5730700000000000E-003   7.4674965640058189E+021
   1.5296800000000001E-003   7.5394800526639948E+021
   1.4841900000000000E-003   7.6476053730342312E+021
   1.3899100000000001E-003   7.7713338060667858E+021
   1.3248200000000000E-003   7.8693746702843107E+021
   1.2569300000000001E-003   7.9704362496550345E+021
   1.1819500000000000E-003   8.0753520749261724E+021
   1.1021200000000001E-003   8.1848434526223000E+021
   1.0102100000000001E-003   8.3041406112381618E+021
   9.0059999999999999E-004   8.4560586805734392E+021
   7.0739999999999996E-004   8.6150799483880310E+021
   5.6862000000000004E-004   8.7039576620686545E+021
   4.8483000000000000E-004   8.7598199827263400E+021
   3.8351999999999999E-004   8.8058534311347303E+021
   3.1430000000000000E-004   8.8338440371521664E+021
   2.5106999999999999E-004   8.8530865868874638E+021
   2.0193000000000001E-004   8.8656378201726507E+021
   1.6440000000000001E-004   8.8730057163118708E+021
   1.3662000000000000E-004   8.8776820351219962E+021
   1.1705999999999999E-004   8.8802575082338847E+021
   1.0419000000000000E-004   8.8823117564734425E+021
   8.6990000000000006E-005   8.8843351460359659E+021
   6.9040000000000003E-005   8.8858866610832440E+021
   5.4799999999999997E-005   8.8869125343559643E+021
   4.3489999999999999E-005   8.8875329409472570E+021
   3.4520000000000002E-005   8.8879216848055105E+021
   2.7399999999999999E-005   8.8881874121167607E+021
   2.1750000000000000E-005   8.8883422443475315E+021
   1.7260000000000001E-005   8.8884494628729840E+021
   1.3699999999999999E-005   8.8885410874885805E+021
