   8.9108299999999998E-003   438990464036463.25     
   8.9108099999999999E-003   686188390785135.12     
   8.9108000000000000E-003   872568232178054.50     
   8.9107900000000000E-003   1026910518901267.0     
   8.9107800000000001E-003   1160733168865101.2     
   8.9107800000000001E-003   1279638459716003.0     
   8.9107700000000001E-003   1387134839772247.0     
   8.9107700000000001E-003   1485717034526252.5     
   8.9107700000000001E-003   1577156166464850.8     
   8.9107600000000002E-003   1662739260747801.2     
   8.9107600000000002E-003   1743394749583254.5     
   8.9107600000000002E-003   1819836205971801.0     
   8.9107500000000003E-003   1892648744780143.0     
   8.9107500000000003E-003   1962284213730255.5     
   8.9107500000000003E-003   2029094713001891.0     
   8.9107400000000003E-003   2093384797484285.0     
   8.9107400000000003E-003   2155414652588733.0     
   8.9107400000000003E-003   2215391580262475.0     
   8.9107400000000003E-003   2273473572602608.0     
   8.9107400000000003E-003   2329808046327570.5     
   8.9107300000000004E-003   2397799679975944.5     
   8.9107300000000004E-003   2476657844911642.0     
   8.9107300000000004E-003   2552633832927346.0     
   8.9107200000000004E-003   2626043156079978.5     
   8.9107200000000004E-003   2685599874525826.0     
   8.9107200000000004E-003   2732101120908188.5     
   8.9107200000000004E-003   2777750314796691.0     
   8.9107200000000004E-003   2822599818909261.5     
   8.9107200000000004E-003   2877496176808352.5     
   8.9107100000000005E-003   2942047997385220.5     
   8.9107100000000005E-003   3005123362235503.5     
   8.9107100000000005E-003   3066819763714559.5     
   8.9107100000000005E-003   3117314857061498.0     
   8.9107000000000006E-003   3157016576485351.5     
   8.9107000000000006E-003   3196177948869187.5     
   8.9107000000000006E-003   3234814133908413.0     
   8.9107000000000006E-003   3291651671828342.5     
   8.9107000000000006E-003   3347720497170373.5     
   8.9107000000000006E-003   3384418365558215.0     
   8.9107000000000006E-003   3438498686246032.5     
   8.9106900000000006E-003   3509331427524008.0     
   8.9106900000000006E-003   3578601240878867.5     
   8.9106900000000006E-003   3646436708970567.5     
   8.9106900000000006E-003   3696557592210032.0     
   8.9106800000000007E-003   3729515934182889.0     
   8.9106800000000007E-003   3762186934081926.0     
   8.9106800000000007E-003   3794586677994782.0     
   8.9106800000000007E-003   3842605597164575.5     
   8.9106800000000007E-003   3905939259232816.5     
   8.9106800000000007E-003   3968383677340736.5     
   8.9106800000000007E-003   4029992537481539.0     
   8.9106700000000007E-003   4100771939097329.5     
   8.9106700000000007E-003   4180505077024253.5     
   8.9106700000000007E-003   4258919348063895.5     
   8.9106700000000007E-003   4336041829427778.5     
   8.9106600000000008E-003   4411905549068431.0     
   8.9106600000000008E-003   4486550794429723.0     
   8.9106600000000008E-003   4560024795637232.0     
   8.9106600000000008E-003   4632393276483420.0     
   8.9106500000000009E-003   4712577127310950.0     
   8.9106500000000009E-003   4800586110595220.0     
   8.9106500000000009E-003   4887651258095732.0     
   8.9106500000000009E-003   4952646008666906.0     
   8.9106399999999992E-003   4995741185020150.0     
   8.9106399999999992E-003   5060134416631906.0     
   8.9106399999999992E-003   5146145880034280.0     
   8.9106399999999992E-003   5232386066916199.0     
   8.9106399999999992E-003   5319090403346239.0     
   8.9106299999999992E-003   5406440697357176.0     
   8.9106299999999992E-003   5494562291146830.0     
   8.9106299999999992E-003   5583524593136311.0     
   8.9106299999999992E-003   5673340024606635.0     
   8.9106299999999992E-003   5763969532732152.0     
   8.9106199999999993E-003   5855324671970570.0     
   8.9106199999999993E-003   5993120971707749.0     
   8.9106199999999993E-003   6155181711305981.0     
   8.9106099999999994E-003   6294025342534622.0     
   8.9106099999999994E-003   6432779199838266.0     
   8.9106099999999994E-003   6536405821008564.0     
   8.9106099999999994E-003   6605097874329509.0     
   8.9106099999999994E-003   6707438717102943.0     
   8.9105999999999994E-003   6842553663965118.0     
   8.9105999999999994E-003   7041289171019880.0     
   8.9105999999999994E-003   7235094307514020.0     
   8.9105999999999994E-003   7361036911502644.0     
   8.9105899999999995E-003   7484353183845973.0     
   8.9105899999999995E-003   7605030412227005.0     
   8.9105899999999995E-003   7723095864469349.0     
   8.9105899999999995E-003   7838606880947729.0     
   8.9105799999999995E-003   7951638306599654.0     
   8.9105799999999995E-003   8062272838055756.0     
   8.9105799999999995E-003   8188425093645436.0     
   8.9105799999999995E-003   8328899884494289.0     
   8.9105799999999995E-003   8532649791455170.0     
   8.9105699999999996E-003   8728353295732335.0     
   8.9105699999999996E-003   8854728565552497.0     
   8.9105699999999996E-003   8977956988230563.0     
   8.9105599999999997E-003   9098180586967354.0     
   8.9105599999999997E-003   9230031220644292.0     
   8.9105599999999997E-003   9372497826299006.0     
   8.9105599999999997E-003   9510977584340550.0     
   8.9105499999999997E-003   9645727423710318.0     
   8.9105499999999997E-003   9777007913624260.0     
   8.9105499999999997E-003   9905078521792818.0     
   8.9105499999999997E-003   10091737608473202.     
   8.9105399999999998E-003   10284389070930754.     
   8.9105399999999998E-003   10424790925205048.     
   8.9105399999999998E-003   10561903883828648.     
   8.9105299999999998E-003   10695856487726922.     
   8.9105299999999998E-003   10826750162605416.     
   8.9105299999999998E-003   10954667568171734.     
   8.9105299999999998E-003   11079709931234924.     
   8.9105199999999999E-003   11201991778131162.     
   8.9105199999999999E-003   11321620873600800.     
   8.9105199999999999E-003   11438699669112576.     
   8.9105199999999999E-003   11553324334506428.     
   8.9105100000000000E-003   11665585065498140.     
   8.9105100000000000E-003   11829502545733062.     
   8.9105100000000000E-003   12040942544482290.     
   8.9105000000000000E-003   12244556266769646.     
   8.9105000000000000E-003   12441101107799826.     
   8.9104900000000001E-003   12631362238221696.     
   8.9104900000000001E-003   12816093748365332.     
   8.9104800000000001E-003   12995884263659810.     
   8.9104800000000001E-003   13171173069290724.     
   8.9104800000000001E-003   13342296783811322.     
   8.9104700000000002E-003   13509568853559956.     
   8.9104700000000002E-003   13673235421683420.     
   8.9104600000000003E-003   13833474668859662.     
   8.9104600000000003E-003   13990410764304220.     
   8.9104600000000003E-003   14144134731796856.     
   8.9104500000000003E-003   14294751077682862.     
   8.9104500000000003E-003   14442371167703756.     
   8.9104500000000003E-003   14658013735279062.     
   8.9104400000000004E-003   14936482640778098.     
   8.9104300000000004E-003   15138736733957772.     
   8.9104300000000004E-003   15270289601927020.     
   8.9104200000000005E-003   15399380256158532.     
   8.9104200000000005E-003   15526078858982858.     
   8.9104200000000005E-003   15691380608845822.     
   8.9104100000000006E-003   15892600032833138.     
   8.9104100000000006E-003   16087933037336580.     
   8.9104000000000006E-003   16230723389923102.     
   8.9104000000000006E-003   16324164446262148.     
   8.9104000000000006E-003   16461809221535312.     
   8.9103900000000007E-003   16641199069060628.     
   8.9103900000000007E-003   16816170538622194.     
   8.9103800000000007E-003   16987113471875932.     
   8.9103800000000007E-003   17154332944023014.     
   8.9103700000000008E-003   17318074608191378.     
   8.9103700000000008E-003   17556935442761042.     
   8.9103600000000008E-003   17791212831396890.     
   8.9103499999999992E-003   17943831385649892.     
   8.9103499999999992E-003   18094251207732048.     
   8.9103499999999992E-003   18242575482173132.     
   8.9103399999999992E-003   18460591082388068.     
   8.9103299999999993E-003   18745538252062568.     
   8.9103199999999994E-003   19023261053876840.     
   8.9103199999999994E-003   19294162581767572.     
   8.9103099999999994E-003   19526195159167368.     
   8.9102999999999995E-003   19721152548502724.     
   8.9102999999999995E-003   19912823028558116.     
   8.9102899999999995E-003   20101311290218504.     
   8.9102799999999996E-003   20377552624128176.     
   8.9102699999999996E-003   20648148470367660.     
   8.9102699999999996E-003   20824476721409412.     
   8.9102599999999997E-003   20997945046177676.     
   8.9102599999999997E-003   21168637930684572.     
   8.9102499999999998E-003   21419182953277556.     
   8.9102399999999998E-003   21744719060615860.     
   8.9102299999999999E-003   22060330321072300.     
   8.9102199999999999E-003   22366759522153776.     
   8.9102100000000000E-003   22664980625355388.     
   8.9102000000000001E-003   22955774872903840.     
   8.9101900000000001E-003   23239725549935092.     
   8.9101800000000002E-003   23517446382147304.     
   8.9101700000000002E-003   23789614176253408.     
   8.9101600000000003E-003   24056913922889644.     
   8.9101500000000004E-003   24319969856643672.     
   8.9101400000000004E-003   24621822195969776.     
   8.9101300000000005E-003   24961537915527568.     
   8.9101200000000005E-003   25296079480542720.     
   8.9101100000000006E-003   25626028207189192.     
   8.9101000000000007E-003   25951621350285108.     
   8.9100800000000008E-003   26193432829797076.     
   8.9100800000000008E-003   26353106681131688.     
   8.9100700000000008E-003   26590382763658372.     
   8.9100599999999992E-003   26903824338840364.     
   8.9100499999999992E-003   27213452388423692.     
   8.9100399999999993E-003   27519349101814212.     
   8.9100299999999993E-003   27896057755129272.     
   8.9100199999999994E-003   28341228121974064.     
   8.9099999999999995E-003   28670359040615224.     
   8.9099899999999996E-003   28993775348887916.     
   8.9099799999999996E-003   29313743963024584.     
   8.9099699999999997E-003   29558916725131804.     
   8.9099599999999998E-003   29835810549802560.     
   8.9099499999999998E-003   30108962647270744.     
   8.9099399999999999E-003   30378306796672664.     
   8.9099299999999999E-003   30774418015591236.     
   8.9099200000000000E-003   31162950415770860.     
   8.9099100000000001E-003   31416905744080472.     
   8.9099000000000001E-003   31729012736559160.     
   8.9098900000000002E-003   32096422337252260.     
   8.9098700000000003E-003   32632321485608272.     
   8.9098500000000004E-003   33153348182607200.     
   8.9098300000000005E-003   33491759500305296.     
   8.9098200000000006E-003   33823832711906896.     
   8.9098100000000006E-003   34149946942789372.     
   8.9098000000000007E-003   34628124354819892.     
   8.9097800000000008E-003   35248750217748872.     
   8.9097499999999993E-003   35752656237580772.     
   8.9097399999999993E-003   36147551470511336.     
   8.9097199999999994E-003   36584290008438968.     
   8.9097099999999995E-003   37061864378035408.     
   8.9096899999999996E-003   37532087827886576.     
   8.9096699999999997E-003   37995596271470192.     
   8.9096499999999999E-003   38565322867285208.     
   8.9096300000000000E-003   39071664867766216.     
   8.9096100000000001E-003   39404479708154672.     
   8.9096000000000002E-003   39734111914087976.     
   8.9095900000000002E-003   40060631082796800.     
   8.9095800000000003E-003   40543929867152848.     
   8.9095500000000005E-003   41178967510102520.     
   8.9095300000000006E-003   41802464873444072.     
   8.9095100000000007E-003   42414855636066224.     
   8.9094900000000008E-003   43016591529075104.     
   8.9094599999999993E-003   43705130530400480.     
   8.9094299999999994E-003   44475936165603064.     
   8.9094099999999996E-003   45136644549158488.     
   8.9093899999999997E-003   45692458868164456.     
   8.9093599999999998E-003   46239352775477216.     
   8.9093400000000000E-003   46777731721886704.     
   8.9093200000000001E-003   47395234315735232.     
   8.9093000000000002E-003   48088522948459736.     
   8.9092700000000004E-003   48769007040906456.     
   8.9092500000000005E-003   49437505377029544.     
   8.9092200000000007E-003   50094669096055040.     
   8.9092000000000008E-003   50741012291751864.     
   8.9091699999999992E-003   51377028917857312.     
   8.9091499999999994E-003   52003257231917216.     
   8.9091299999999995E-003   52620247871386840.     
   8.9090999999999997E-003   53228478273333544.     
   8.9090799999999998E-003   53976362374439424.     
   8.9090500000000000E-003   54858054080720256.     
   8.9090200000000001E-003   55580248686745264.     
   8.9089900000000003E-003   56149424773392824.     
   8.9089700000000004E-003   56711686244030336.     
   8.9089500000000005E-003   57267272895537640.     
   8.9089300000000007E-003   58087482610436232.     
   8.9088899999999992E-003   59160880944702040.     
   8.9088499999999994E-003   59951356848803992.     
   8.9088299999999995E-003   60470702283336016.     
   8.9088099999999996E-003   61111936447930416.     
   8.9087799999999998E-003   61871073998089712.     
   8.9087500000000000E-003   62618885736521896.     
   8.9087300000000001E-003   63355818819514592.     
   8.9087000000000003E-003   64202058393616608.     
   8.9086600000000005E-003   65153209822120600.     
   8.9086300000000007E-003   65856144676666512.     
   8.9086100000000008E-003   66319258746867312.     
   8.9085899999999992E-003   67005904912232160.     
   8.9085599999999994E-003   67908742360943280.     
   8.9085299999999996E-003   68796787996874080.     
   8.9084899999999998E-003   69670784169763912.     
   8.9084600000000000E-003   70531442443106952.     
   8.9084300000000002E-003   71379426346711896.     
   8.9084000000000003E-003   72627172668185760.     
   8.9083300000000008E-003   73853233872679808.     
   8.9082999999999992E-003   74656110857425696.     
   8.9082699999999994E-003   75448791518513200.     
   8.9082499999999995E-003   76231665441028592.     
   8.9082199999999997E-003   77196455040909376.     
   8.9081700000000000E-003   78336592124577056.     
   8.9081300000000002E-003   79272734264453056.     
   8.9081000000000004E-003   80012036215567920.     
   8.9080800000000005E-003   80924531811381712.     
   8.9080400000000007E-003   82004411037689648.     
   8.9079999999999993E-003   83067771760059232.     
   8.9079599999999995E-003   84115381444272272.     
   8.9079199999999997E-003   85147985296217120.     
   8.9078800000000000E-003   86166225196271856.     
   8.9078400000000002E-003   87170653013223536.     
   8.9078000000000004E-003   88161823749969584.     
   8.9077700000000006E-003   89140379447156256.     
   8.9077300000000009E-003   90106909320105024.     
   8.9076999999999993E-003   91219500420238976.     
   8.9076499999999996E-003   92473352217771232.     
   8.9075999999999999E-003   93402226277992544.     
   8.9075800000000000E-003   94015242109256848.     
   8.9075600000000001E-003   95059602816722352.     
   8.9075000000000005E-003   96522111858140640.     
   8.9074500000000008E-003   97669002498397808.     
   8.9074199999999992E-003   98510845081616288.     
   8.9073899999999994E-003   99551474905261552.     
   8.9073399999999997E-003   1.0078506384135194E+017
   8.9072999999999999E-003   1.0200194920738674E+017
   8.9072500000000002E-003   1.0320269456527550E+017
   8.9072100000000005E-003   1.0458337934360091E+017
   8.9071500000000008E-003   1.0613749649990434E+017
   8.9070999999999994E-003   1.0728775107597782E+017
   8.9070699999999996E-003   1.0804650182073648E+017
   8.9070399999999997E-003   1.0917294150052086E+017
   8.9069900000000000E-003   1.1065672923135141E+017
   8.9069300000000004E-003   1.1211926648732538E+017
   8.9068800000000007E-003   1.1356146307436221E+017
   8.9068299999999993E-003   1.1498419801673046E+017
   8.9067799999999996E-003   1.1638834184567330E+017
   8.9067299999999999E-003   1.1777467268583574E+017
   8.9066800000000002E-003   1.1914388533076198E+017
   8.9066300000000004E-003   1.2049660835215890E+017
   8.9065800000000007E-003   1.2183339552099192E+017
   8.9065299999999993E-003   1.2348182058419123E+017
   8.9064599999999997E-003   1.2543069549012027E+017
   8.9063900000000001E-003   1.2703134135816205E+017
   8.9063500000000004E-003   1.2829587487051818E+017
   8.9063000000000007E-003   1.2954716020059682E+017
   8.9062599999999992E-003   1.3078554475605088E+017
   8.9062199999999994E-003   1.3231523284652941E+017
   8.9061499999999998E-003   1.3412691421112298E+017
   8.9060900000000002E-003   1.3591279198182362E+017
   8.9060300000000005E-003   1.3767414466201371E+017
   8.9059599999999992E-003   1.3941214703621086E+017
   8.9058999999999996E-003   1.4112785704107973E+017
   8.9058399999999999E-003   1.4254181655778733E+017
   8.9058100000000001E-003   1.4366211640110384E+017
   8.9057700000000004E-003   1.4532436341748550E+017
   8.9056900000000008E-003   1.4751181793320515E+017
   8.9056099999999996E-003   1.4939886766395021E+017
   8.9055599999999999E-003   1.5099601188829792E+017
   8.9055000000000002E-003   1.5257565824650115E+017
   8.9054500000000005E-003   1.5413844029294102E+017
   8.9054000000000008E-003   1.5594053997228694E+017
   8.9053199999999996E-003   1.5797465384600224E+017
   8.9052599999999999E-003   1.5998194244950301E+017
   8.9051900000000003E-003   1.6196342521006218E+017
   8.9051200000000007E-003   1.6392008965683757E+017
   8.9050499999999994E-003   1.6585288573895843E+017
   8.9049899999999998E-003   1.6776271477363907E+017
   8.9049200000000002E-003   1.6965037679078288E+017
   8.9048600000000006E-003   1.7151657207129046E+017
   8.9047999999999992E-003   1.7336197702563098E+017
   8.9047299999999996E-003   1.7518725779922205E+017
   8.9046699999999999E-003   1.7699307342530029E+017
   8.9046100000000003E-003   1.7922284950120141E+017
   8.9045200000000008E-003   1.8186278350861037E+017
   8.9044299999999996E-003   1.8403401542136528E+017
   8.9043799999999999E-003   1.8575139725794493E+017
   8.9043200000000003E-003   1.8745254409892672E+017
   8.9042600000000006E-003   1.8913785514265872E+017
   8.9042099999999992E-003   1.9163485384608870E+017
   8.9040999999999999E-003   1.9491516576957238E+017
   8.9039900000000005E-003   1.9733989977278304E+017
   8.9039400000000008E-003   1.9893792375401552E+017
   8.9038799999999994E-003   2.0130826325609149E+017
   8.9037800000000000E-003   2.0442644603218304E+017
   8.9036800000000006E-003   2.0673463415820947E+017
   8.9036299999999992E-003   2.0825767271323366E+017
   8.9035799999999995E-003   2.1051939939246112E+017
   8.9034800000000001E-003   2.1349851164414211E+017
   8.9033800000000007E-003   2.1643520711801750E+017
   8.9032899999999995E-003   2.1933115609366749E+017
   8.9031900000000001E-003   2.2233146159799139E+017
   8.9030900000000007E-003   2.2626880602695811E+017
   8.9029399999999998E-003   2.3028014374370064E+017
   8.9028300000000005E-003   2.3273555687124349E+017
   8.9027800000000008E-003   2.3516186347673056E+017
   8.9026799999999996E-003   2.3836028684645210E+017
   8.9025700000000003E-003   2.4151611601298138E+017
   8.9024699999999991E-003   2.4463083518212262E+017
   8.9023699999999997E-003   2.4846631386637443E+017
   8.9022300000000006E-003   2.5299320933205504E+017
   8.9020899999999997E-003   2.5816971614697165E+017
   8.9019000000000008E-003   2.6396172043912061E+017
   8.9017200000000001E-003   2.6822493166736240E+017
   8.9016300000000007E-003   2.7102588827496019E+017
   8.9015399999999995E-003   2.7379713174470893E+017
   8.9014599999999999E-003   2.7653965535749779E+017
   8.9013700000000005E-003   2.7959126966215610E+017
   8.9012699999999993E-003   2.8294303626874554E+017
   8.9011600000000000E-003   2.8625462330376941E+017
   8.9010600000000006E-003   2.8952724373399552E+017
   8.9009599999999994E-003   2.9372309254767994E+017
   8.9008000000000004E-003   2.9880576984759040E+017
   8.9006499999999995E-003   3.0441660393363981E+017
   8.9004600000000007E-003   3.1053042225825178E+017
   8.9002700000000001E-003   3.1716283751066163E+017
   8.9000499999999996E-003   3.2428654210816646E+017
   8.8998299999999992E-003   3.2953161549989952E+017
   8.8997299999999998E-003   3.3297924254529018E+017
   8.8996300000000004E-003   3.3864110763140058E+017
   8.8993900000000001E-003   3.4642106233271680E+017
   8.8991599999999997E-003   3.5349418184766099E+017
   8.8989599999999992E-003   3.5831154973266586E+017
   8.8988699999999997E-003   3.6148523904211661E+017
   8.8987700000000003E-003   3.6515233303664486E+017
   8.8986499999999993E-003   3.6930002144570874E+017
   8.8985300000000000E-003   3.7543127408956838E+017
   8.8982799999999997E-003   3.8346305984673203E+017
   8.8980499999999994E-003   3.9133167285162618E+017
   8.8978200000000007E-003   3.9713538764840070E+017
   8.8977099999999996E-003   4.0095470265126688E+017
   8.8976000000000003E-003   4.0567611328978925E+017
   8.8974299999999996E-003   4.1127178587921120E+017
   8.8972700000000005E-003   4.1861071303107578E+017
   8.8970100000000003E-003   4.2761295086966848E+017
   8.8967500000000001E-003   4.3602362872810573E+017
   8.8965199999999998E-003   4.4387429281543699E+017
   8.8962999999999993E-003   4.5164565618094451E+017
   8.8960800000000007E-003   4.5934191657228794E+017
   8.8958600000000002E-003   4.6815826182356672E+017
   8.8955700000000002E-003   4.7812688162143827E+017
   8.8953000000000001E-003   4.8797839139810176E+017
   8.8950300000000000E-003   4.9771507609170035E+017
   8.8947599999999998E-003   5.0733965133271821E+017
   8.8944999999999996E-003   5.1685539240043802E+017
   8.8942499999999994E-003   5.2451605839191936E+017
   8.8941000000000003E-003   5.3035713088716499E+017
   8.8939399999999995E-003   5.3615860365661414E+017
   8.8937900000000004E-003   5.4192117246563910E+017
   8.8936399999999995E-003   5.5048267821282355E+017
   8.8933499999999995E-003   5.6178273355398285E+017
   8.8930699999999994E-003   5.7404204327067859E+017
   8.8927299999999997E-003   5.8723195127844058E+017
   8.8924099999999999E-003   5.9964678057106355E+017
   8.8921199999999999E-003   6.1131281247573043E+017
   8.8918399999999998E-003   6.2425913973928026E+017
   8.8914900000000002E-003   6.3844668268513869E+017
   8.8911600000000004E-003   6.5243090290041229E+017
   8.8908400000000005E-003   6.6622263900195187E+017
   8.8905200000000007E-003   6.7649167840985869E+017
   8.8903599999999999E-003   6.8671688110684544E+017
   8.8900500000000000E-003   6.9686164610038938E+017
   8.8898999999999992E-003   7.0493445072541965E+017
   8.8896900000000004E-003   7.1430915911252019E+017
   8.8894800000000000E-003   7.2360611632873754E+017
   8.8892799999999994E-003   7.3282770765455910E+017
   8.8890800000000006E-003   7.4521799544391040E+017
   8.8887399999999991E-003   7.6069478417779469E+017
   8.8884099999999994E-003   7.7611152384036710E+017
   8.8880799999999996E-003   7.9147320918850022E+017
   8.8877599999999998E-003   8.0915432133570586E+017
   8.8873400000000005E-003   8.2907772241823386E+017
   8.8869399999999994E-003   8.4388101778182950E+017
   8.8867400000000006E-003   8.5371171700878682E+017
   8.8865400000000001E-003   8.6840301485161690E+017
   8.8861500000000006E-003   8.8782473497267302E+017
   8.8857699999999994E-003   9.0702911749805222E+017
   8.8853999999999999E-003   9.2602711538853990E+017
   8.8850400000000003E-003   9.4726549014233062E+017
   8.8845899999999995E-003   9.7066756044668454E+017
   8.8841600000000003E-003   9.9385049245836083E+017
   8.8837299999999994E-003   1.0168281447792032E+018
   8.8833100000000002E-003   1.0395714924943770E+018
   8.8829100000000008E-003   1.0620927417366003E+018
   8.8825099999999997E-003   1.0800274236801292E+018
   8.8822699999999994E-003   1.0935027420471555E+018
   8.8820300000000008E-003   1.1068772478642636E+018
   8.8818000000000005E-003   1.1201540054213162E+018
   8.8815700000000001E-003   1.1400382406176933E+018
   8.8811199999999993E-003   1.1663461580821202E+018
   8.8806800000000002E-003   1.1946485546098350E+018
   8.8801699999999997E-003   1.2248729337173942E+018
   8.8796799999999992E-003   1.2548783666186391E+018
   8.8791900000000003E-003   1.2846799267517366E+018
   8.8787099999999997E-003   1.3079215370732096E+018
   8.8784399999999996E-003   1.3247988643218696E+018
   8.8781799999999994E-003   1.3416235383218982E+018
   8.8779099999999993E-003   1.3583975322794291E+018
   8.8776500000000008E-003   1.3792980698754990E+018
   8.8772699999999996E-003   1.4042238039101404E+018
   8.8768900000000001E-003   1.4333333403100772E+018
   8.8763799999999997E-003   1.4664888741508908E+018
   8.8758900000000009E-003   1.4994159869415148E+018
   8.8754000000000003E-003   1.5321283442722493E+018
   8.8749299999999996E-003   1.5564678946876037E+018
   8.8746899999999993E-003   1.5726566060737725E+018
   8.8744600000000007E-003   1.5909735064050312E+018
   8.8741600000000007E-003   1.6113778967468193E+018
   8.8738700000000007E-003   1.6418616311741663E+018
   8.8733000000000006E-003   1.6821126580261038E+018
   8.8727400000000005E-003   1.7120180876417334E+018
   8.8724700000000004E-003   1.7318887836709007E+018
   8.8721900000000003E-003   1.7538867247998241E+018
   8.8718600000000005E-003   1.7779676554394524E+018
   8.8715400000000007E-003   1.8018510776469796E+018
   8.8712200000000008E-003   1.8255429047416998E+018
   8.8708999999999993E-003   1.8494019295236767E+018
   8.8705799999999994E-003   1.8734261048214339E+018
   8.8702599999999996E-003   1.9093870917365445E+018
   8.8696299999999999E-003   1.9569147237458624E+018
   8.8690200000000000E-003   1.9922623333073242E+018
   8.8687200000000001E-003   2.0157963897574551E+018
   8.8684200000000001E-003   2.0415396147932216E+018
   8.8680600000000005E-003   2.0694475071709681E+018
   8.8677099999999991E-003   2.0971339654035308E+018
   8.8673699999999994E-003   2.1386681478173517E+018
   8.8666800000000000E-003   2.1801802443021166E+018
   8.8663400000000003E-003   2.2078636942510828E+018
   8.8660000000000006E-003   2.2353442020116349E+018
   8.8656700000000008E-003   2.2729520247521085E+018
   8.8651000000000008E-003   2.3204200387777459E+018
   8.8645300000000007E-003   2.3681019439417917E+018
   8.8639700000000005E-003   2.4160009898466120E+018
   8.8634100000000004E-003   2.4618887297628273E+018
   8.8628999999999999E-003   2.5058318319400668E+018
   8.8623999999999994E-003   2.5416422917402542E+018
   8.8620799999999996E-003   2.5695037510522680E+018
   8.8617599999999998E-003   2.6138193723380490E+018
   8.8610800000000003E-003   2.6741515884819753E+018
   8.8604200000000008E-003   2.7214958580909645E+018
   8.8600299999999996E-003   2.7562174797815235E+018
   8.8596500000000002E-003   2.8069052265387930E+018
   8.8589299999999992E-003   2.8728941125834271E+018
   8.8582200000000000E-003   2.9420180660174392E+018
   8.8574299999999995E-003   3.0137011851215892E+018
   8.8566500000000006E-003   3.0688212170184530E+018
   8.8562099999999998E-003   3.1086029904810772E+018
   8.8557800000000006E-003   3.1483697885655624E+018
   8.8553399999999997E-003   3.1882416240301834E+018
   8.8549100000000006E-003   3.2434279960298532E+018
   8.8541599999999998E-003   3.3140937968790963E+018
   8.8534200000000007E-003   3.3769567654990116E+018
   8.8528600000000006E-003   3.4319211864810988E+018
   8.8523100000000004E-003   3.4831612632833710E+018
   8.8518399999999997E-003   3.5539329212127811E+018
   8.8509200000000000E-003   3.6516415119746693E+018
   8.8499400000000006E-003   3.7273627082327347E+018
   8.8494600000000000E-003   3.7773549618827136E+018
   8.8489799999999993E-003   3.8518357741339279E+018
   8.8480499999999997E-003   3.9500786299218243E+018
   8.8471399999999999E-003   4.0443070058024883E+018
   8.8463099999999996E-003   4.1219820671507220E+018
   8.8457199999999996E-003   4.1862391581473403E+018
   8.8451399999999996E-003   4.2798175854293832E+018
   8.8440299999999993E-003   4.4017350345703014E+018
   8.8429600000000004E-003   4.5253099578324910E+018
   8.8418600000000000E-003   4.6504997496610253E+018
   8.8407899999999994E-003   4.7621248663770317E+018
   8.8399399999999993E-003   4.8607022531997409E+018
   8.8391100000000007E-003   4.9813302631783004E+018
   8.8379200000000008E-003   5.0879800858220503E+018
   8.8373299999999991E-003   5.1583703031185531E+018
   8.8367600000000008E-003   5.2565106017084590E+018
   8.8357300000000000E-003   5.3815986863398144E+018
   8.8347200000000008E-003   5.4788359410702111E+018
   8.8341600000000006E-003   5.5490114601108992E+018
   8.8336000000000005E-003   5.6382180872386765E+018
   8.8327500000000003E-003   5.7459827731627848E+018
   8.8319100000000001E-003   5.8828649883802634E+018
   8.8306200000000008E-003   6.0102547768032492E+018
   8.8299299999999997E-003   6.1120354598062889E+018
   8.8290599999999997E-003   6.2259543347883418E+018
   8.8281999999999996E-003   6.3655079387085527E+018
   8.8269600000000000E-003   6.4889814623271803E+018
   8.8263600000000001E-003   6.5705535664559217E+018
   8.8257600000000002E-003   6.6968390756047514E+018
   8.8245000000000007E-003   6.8243282816962355E+018
   8.8238899999999992E-003   6.9085589260506972E+018
   8.8232799999999993E-003   7.0005518213194619E+018
   8.8225600000000001E-003   7.1001376039812352E+018
   8.8218600000000008E-003   7.2270666973377700E+018
   8.8207600000000004E-003   7.3805041156240538E+018
   8.8196899999999998E-003   7.5090772349438085E+018
   8.8189600000000007E-003   7.6135299074633779E+018
   8.8182299999999998E-003   7.7180390428657306E+018
   8.8175100000000006E-003   7.8802417620943923E+018
   8.8160100000000009E-003   8.0971602586991135E+018
   8.8145500000000009E-003   8.3182743761558938E+018
   8.8130299999999995E-003   8.4874012035363369E+018
   8.8122900000000004E-003   8.5989538587297710E+018
   8.8115499999999996E-003   8.7725213050908662E+018
   8.8100000000000001E-003   9.0055607372855736E+018
   8.8085000000000004E-003   9.2426255575310193E+018
   8.8069199999999993E-003   9.4236971302779249E+018
   8.8061500000000004E-003   9.5428160563771208E+018
   8.8053899999999997E-003   9.6650425157717668E+018
   8.8045799999999994E-003   9.7901441766126531E+018
   8.8037800000000006E-003   9.9138708154456228E+018
   8.8029900000000001E-003   1.0036186899964021E+019
   8.8022199999999995E-003   1.0161531223594095E+019
   8.8013999999999992E-003   1.0289624606370269E+019
   8.8005800000000006E-003   1.0478651441340566E+019
   8.7989899999999996E-003   1.0668183931564141E+019
   8.7981599999999993E-003   1.0798349556928274E+019
   8.7973300000000008E-003   1.0926584461444676E+019
   8.7965100000000004E-003   1.1052881640227074E+019
   8.7957100000000000E-003   1.1182306281826144E+019
   8.7948499999999999E-003   1.1313622780852324E+019
   8.7940099999999997E-003   1.1442632876549370E+019
   8.7931799999999994E-003   1.1569498914963837E+019
   8.7923600000000008E-003   1.1698734735631096E+019
   8.7914900000000008E-003   1.1829985889989001E+019
   8.7906300000000007E-003   1.1958697234461807E+019
   8.7897900000000005E-003   1.2085088466215920E+019
   8.7889500000000002E-003   1.2213617247569246E+019
   8.7880600000000003E-003   1.2343976547090291E+019
   8.7871900000000003E-003   1.2471585012463622E+019
   8.7863300000000002E-003   1.2596838162102467E+019
   8.7854800000000000E-003   1.2724055209067125E+019
   8.7845800000000002E-003   1.2853155220427354E+019
   8.7836900000000002E-003   1.2979494740623223E+019
   8.7828100000000003E-003   1.3103735574563439E+019
   8.7819400000000002E-003   1.3230091741764020E+019
   8.7810200000000005E-003   1.3358586212733725E+019
   8.7801200000000006E-003   1.3484588421078401E+019
   8.7792300000000007E-003   1.3608808170434640E+019
   8.7783400000000008E-003   1.3735467370942054E+019
   8.7774099999999994E-003   1.3864618442230381E+019
   8.7764899999999996E-003   1.3991643098647077E+019
   8.7755799999999998E-003   1.4117213262631907E+019
   8.7746800000000000E-003   1.4245815359117791E+019
   8.7737300000000004E-003   1.4376767277807251E+019
   8.7727900000000008E-003   1.4504572059358462E+019
   8.7718699999999993E-003   1.4634004603482448E+019
   8.7709499999999996E-003   1.4838662950592143E+019
   8.7690400000000005E-003   1.5108995193109656E+019
   8.7671699999999995E-003   1.5310531536131291E+019
   8.7661800000000002E-003   1.5450199937221880E+019
   8.7652100000000007E-003   1.5588235509572002E+019
   8.7642599999999994E-003   1.5728446819744461E+019
   8.7633099999999998E-003   1.5952029954782669E+019
   8.7613299999999995E-003   1.6246459875923943E+019
   8.7594000000000005E-003   1.6465333362435029E+019
   8.7583799999999996E-003   1.6617996071226407E+019
   8.7573800000000004E-003   1.6846937059381881E+019
   8.7554099999999999E-003   1.7158847878760321E+019
   8.7533600000000000E-003   1.7394676060556579E+019
   8.7523600000000007E-003   1.7553920208986343E+019
   8.7513699999999996E-003   1.7808513089748148E+019
   8.7492799999999999E-003   1.8142319507693345E+019
   8.7472499999999998E-003   1.8475892876784976E+019
   8.7451300000000003E-003   1.8730927207903515E+019
   8.7440899999999995E-003   1.8900278054569329E+019
   8.7430700000000004E-003   1.9167552704401637E+019
   8.7409099999999993E-003   1.9524395901461709E+019
   8.7388099999999996E-003   1.9888586331280347E+019
   8.7366200000000005E-003   2.0259733171334988E+019
   8.7344799999999993E-003   2.0536527893501731E+019
   8.7333600000000008E-003   2.0728591101378458E+019
   8.7322500000000004E-003   2.1024237727461921E+019
   8.7299999999999999E-003   2.1414141021413970E+019
   8.7278100000000008E-003   2.1804300504908657E+019
   8.7256000000000000E-003   2.2209176289615368E+019
   8.7232899999999999E-003   2.2621781154357289E+019
   8.7210399999999993E-003   2.2928938852367798E+019
   8.7198599999999994E-003   2.3253212431329702E+019
   8.7175299999999994E-003   2.3624520299803292E+019
   8.7157899999999993E-003   2.3950760426106962E+019
   8.7139999999999995E-003   2.4336457429860090E+019
   8.7116699999999995E-003   2.4784683145224745E+019
   8.7092300000000001E-003   2.5178677329520648E+019
   8.7074500000000003E-003   2.5518707301695033E+019
   8.7056100000000008E-003   2.5872641027618808E+019
   8.7037699999999996E-003   2.6222210171796451E+019
   8.7019599999999999E-003   2.6562042514755998E+019
   8.7001999999999999E-003   2.6892180584043704E+019
   8.6984799999999998E-003   2.7186945698167886E+019
   8.6970699999999995E-003   2.7452096296084013E+019
   8.6956800000000008E-003   2.7736346348050162E+019
   8.6940899999999998E-003   2.8033948495472968E+019
   8.6925200000000005E-003   2.8331190521894990E+019
   8.6908899999999997E-003   2.8634372909504565E+019
   8.6892900000000006E-003   2.9007487548414751E+019
   8.6869900000000003E-003   2.9423453658862023E+019
   8.6847499999999998E-003   2.9761648209084277E+019
   8.6831200000000008E-003   3.0050245746970792E+019
   8.6815199999999999E-003   3.0411844641484923E+019
   8.6791600000000000E-003   3.0813644228581032E+019
   8.6768599999999998E-003   3.1140236121638109E+019
   8.6751699999999994E-003   3.1413958177772323E+019
   8.6735000000000007E-003   3.1680167518159606E+019
   8.6718200000000002E-003   3.1942630886787019E+019
   8.6701699999999996E-003   3.2261179815960134E+019
   8.6677799999999999E-003   3.2609659719614489E+019
   8.6654499999999999E-003   3.2914673261224202E+019
   8.6633700000000001E-003   3.3192148133434839E+019
   8.6613400000000000E-003   3.3457121690308076E+019
   8.6592700000000002E-003   3.3714439547117674E+019
   8.6572500000000000E-003   3.3983812466258932E+019
   8.6548200000000006E-003   3.4259808049926296E+019
   8.6524700000000006E-003   3.4522334015927341E+019
   8.6500599999999993E-003   3.4768444459270390E+019
   8.6477099999999994E-003   3.4958421189959561E+019
   8.6459999999999992E-003   3.5125563391704420E+019
   8.6443200000000005E-003   3.5368563591572128E+019
   8.6412199999999998E-003   3.5656997706965680E+019
   8.6382300000000002E-003   3.5876399408882303E+019
   8.6361600000000004E-003   3.6060795463189639E+019
   8.6341400000000002E-003   3.6250064116470690E+019
   8.6320800000000003E-003   3.6440471098715378E+019
   8.6300800000000000E-003   3.6733205794998403E+019
   8.6260499999999997E-003   3.7030898915692118E+019
   8.6240299999999995E-003   3.7239027898111402E+019
   8.6220600000000008E-003   3.7495425254272295E+019
   8.6193299999999997E-003   3.7721967868844032E+019
   8.6180000000000007E-003   3.7875244263662887E+019
   8.6166999999999997E-003   3.8120469179367916E+019
   8.6139700000000003E-003   3.8373060470682485E+019
   8.6126399999999995E-003   3.8590653434114769E+019
   8.6106399999999993E-003   3.8863389134052721E+019
   8.6085999999999992E-003   3.9098241138038071E+019
   8.6072700000000002E-003   3.9390494316065341E+019
   8.6045800000000006E-003   3.9693746093539090E+019
   8.6032299999999999E-003   3.9901433332348551E+019
   8.6018899999999992E-003   4.0168958605459464E+019
   8.5998800000000007E-003   4.0504781673485517E+019
   8.5978200000000008E-003   4.0793955654326501E+019
   8.5964800000000001E-003   4.1026815949456974E+019
   8.5951599999999993E-003   4.1395309584217924E+019
   8.5923900000000001E-003   4.1840270078557381E+019
   8.5903600000000000E-003   4.2165257495018193E+019
   8.5889899999999995E-003   4.2506440301059506E+019
   8.5869099999999997E-003   4.2994432131156836E+019
   8.5841900000000002E-003   4.3423614313047605E+019
   8.5827700000000000E-003   4.3799517794144961E+019
   8.5806700000000003E-003   4.4251525049213182E+019
   8.5786200000000003E-003   4.4801824257753154E+019
   8.5757699999999999E-003   4.5329701313878794E+019
   8.5739900000000001E-003   4.5742458681037259E+019
   8.5722500000000000E-003   4.6254061650420392E+019
   8.5697299999999994E-003   4.6858515894050021E+019
   8.5672700000000001E-003   4.7530695390875714E+019
   8.5643200000000003E-003   4.8079596619216830E+019
   8.5628800000000001E-003   4.8449095424186966E+019
   8.5614599999999999E-003   4.9081095559702536E+019
   8.5580699999999992E-003   4.9968012757801181E+019
   8.5547799999999997E-003   5.0670361495001571E+019
   8.5528800000000006E-003   5.1342655891191914E+019
   8.5498699999999993E-003   5.2245550111146369E+019
   8.5464300000000007E-003   5.3058286055805698E+019
   8.5441500000000004E-003   5.3668845019681178E+019
   8.5421799999999999E-003   5.4240394111028388E+019
   8.5402299999999993E-003   5.4949649671266353E+019
   8.5374400000000003E-003   5.5762205397554864E+019
   8.5347099999999992E-003   5.6541126320740491E+019
   8.5322899999999997E-003   5.7272455331028951E+019
   8.5299099999999999E-003   5.7901670330279854E+019
   8.5282599999999993E-003   5.8417577653770666E+019
   8.5266300000000003E-003   5.9171109070002201E+019
   8.5234899999999999E-003   6.0181389460302602E+019
   8.5204100000000008E-003   6.0934061424557171E+019
   8.5188299999999998E-003   6.1453973426491597E+019
   8.5172600000000005E-003   6.2094608530440659E+019
   8.5150099999999999E-003   6.2850848137976906E+019
   8.5127899999999992E-003   6.3827639232103047E+019
   8.5093100000000008E-003   6.5045883756635333E+019
   8.5058000000000009E-003   6.6375156531400622E+019
   8.5018400000000001E-003   6.7575653225443525E+019
   8.4991400000000005E-003   6.8577220052699939E+019
   8.4963899999999995E-003   6.9814257422385832E+019
   8.4925299999999999E-003   7.1469264428191015E+019
   8.4876699999999992E-003   7.2812688663427588E+019
   8.4855299999999998E-003   7.3642864855960609E+019
   8.4834200000000002E-003   7.4620787233009844E+019
   8.4805699999999998E-003   7.5768314163184370E+019
   8.4776399999999998E-003   7.6933718761166160E+019
   8.4747499999999996E-003   7.8118244017815667E+019
   8.4717799999999999E-003   7.9334389047974019E+019
   8.4687900000000003E-003   8.0554945591865410E+019
   8.4658400000000005E-003   8.1592438332635234E+019
   8.4637700000000007E-003   8.2869189174231761E+019
   8.4596900000000006E-003   8.4836655240206762E+019
   8.4544900000000003E-003   8.6720145916927115E+019
   8.4508399999999994E-003   8.8184133849480413E+019
   8.4476499999999993E-003   8.9576009422266024E+019
   8.4444099999999994E-003   9.1467914388150764E+019
   8.4389800000000004E-003   9.3441587584570540E+019
   8.4354100000000008E-003   9.4657024201070051E+019
   8.4334900000000001E-003   9.6042294697932276E+019
   8.4292199999999994E-003   9.7944864113879171E+019
   8.4250300000000000E-003   9.9411190459676803E+019
   8.4227299999999998E-003   1.0045420619249451E+020
   8.4204399999999995E-003   1.0199202612351830E+020
   8.4160199999999998E-003   1.0400360742658617E+020
   8.4116799999999995E-003   1.0542011586193595E+020
   8.4098799999999998E-003   1.0625477209761251E+020
   8.4080900000000000E-003   1.0766987375003992E+020
   8.4038199999999993E-003   1.0965379035386269E+020
   8.3996299999999999E-003   1.1113495996051146E+020
   8.3974600000000007E-003   1.1215825526304999E+020
   8.3953099999999996E-003   1.1360500845038177E+020
   8.3913900000000003E-003   1.1546782881649302E+020
   8.3875300000000007E-003   1.1704813309891613E+020
   8.3848099999999995E-003   1.1835294179047909E+020
   8.3821299999999998E-003   1.1984075732608465E+020
   8.3786899999999994E-003   1.2150803787207918E+020
   8.3753000000000005E-003   1.2340782828562960E+020
   8.3709700000000001E-003   1.2553287374168400E+020
   8.3666999999999995E-003   1.2748543268810028E+020
   8.3630900000000001E-003   1.3000847009657443E+020
   8.3566300000000003E-003   1.3235384095496988E+020
   8.3537500000000001E-003   1.3389300871128089E+020
   8.3505599999999999E-003   1.3551211783600153E+020
   8.3473999999999996E-003   1.3801184689451300E+020
   8.3408400000000004E-003   1.4136788834045839E+020
   8.3344200000000004E-003   1.4483549398023204E+020
   8.3275599999999995E-003   1.4841140031681082E+020
   8.3208599999999994E-003   1.5112834596716803E+020
   8.3172400000000000E-003   1.5304991928266395E+020
   8.3136700000000004E-003   1.5508391769510416E+020
   8.3096799999999998E-003   1.5722906698581053E+020
   8.3057400000000007E-003   1.5926447304152479E+020
   8.3021899999999992E-003   1.6119336365197623E+020
   8.2986799999999993E-003   1.6350947448957479E+020
   8.2937700000000007E-003   1.6620483229928033E+020
   8.2889299999999999E-003   1.6919466731919606E+020
   8.2830400000000002E-003   1.7246807796889577E+020
   8.2772499999999999E-003   1.7552674309800310E+020
   8.2721800000000005E-003   1.7838402031790598E+020
   8.2671900000000006E-003   1.8134238330325005E+020
   8.2617799999999998E-003   1.8413502423635653E+020
   8.2575400000000007E-003   1.8657407124011821E+020
   8.2533599999999995E-003   1.8986037524259370E+020
   8.2462999999999998E-003   1.9397343707584099E+020
   8.2393799999999993E-003   1.9786064760609728E+020
   8.2332199999999994E-003   2.0151213810491310E+020
   8.2271600000000007E-003   2.0491669027809991E+020
   8.2217999999999996E-003   2.0931756559731632E+020
   8.2126999999999999E-003   2.1320314076447248E+020
   8.2090800000000005E-003   2.1541838104811536E+020
   8.2055099999999992E-003   2.1871772425880034E+020
   8.1984499999999995E-003   2.2307917283881311E+020
   8.1915200000000007E-003   2.2661441515999940E+020
   8.1871900000000004E-003   2.2934139792818189E+020
   8.1828999999999999E-003   2.3254384911247593E+020
   8.1771199999999995E-003   2.3621326246874022E+020
   8.1714300000000004E-003   2.4029043075575149E+020
   8.1644800000000000E-003   2.4576751346109157E+020
   8.1545999999999997E-003   2.5130102370034326E+020
   8.1475899999999997E-003   2.5492215114156314E+020
   8.1436400000000006E-003   2.5901426628273737E+020
   8.1353299999999996E-003   2.6453393461912099E+020
   8.1271899999999994E-003   2.6872282040406701E+020
   8.1229100000000005E-003   2.7162103969901144E+020
   8.1186799999999996E-003   2.7450263924428607E+020
   8.1144900000000002E-003   2.7736963234976933E+020
   8.1103300000000007E-003   2.8182739289616941E+020
   8.1016100000000004E-003   2.8784516844608514E+020
   8.0930599999999991E-003   2.9399711600857609E+020
   8.0841200000000002E-003   3.0028109286403467E+020
   8.0753500000000002E-003   3.0505725840653576E+020
   8.0707499999999998E-003   3.0835490203144231E+020
   8.0661900000000009E-003   3.1163608324351846E+020
   8.0616799999999999E-003   3.1490118881710100E+020
   8.0572100000000004E-003   3.1997925243398134E+020
   8.0478300000000006E-003   3.2683254026249116E+020
   8.0386199999999998E-003   3.3201651746867747E+020
   8.0337900000000007E-003   3.3561285599857705E+020
   8.0290099999999996E-003   3.3919174802652751E+020
   8.0242700000000000E-003   3.4275343776358800E+020
   8.0195800000000001E-003   3.4829014808817880E+020
   8.0097299999999996E-003   3.5576716654634153E+020
   8.0000699999999998E-003   3.6339530208482512E+020
   7.9899800000000007E-003   3.7120647494876948E+020
   7.9800900000000004E-003   3.7714650608333881E+020
   7.9748900000000001E-003   3.8124655991962082E+020
   7.9697499999999994E-003   3.8532744119387246E+020
   7.9646600000000001E-003   3.8939026926591253E+020
   7.9596200000000006E-003   3.9570354279231298E+020
   7.9490399999999992E-003   4.0423106250003808E+020
   7.9386600000000002E-003   4.1068131456382586E+020
   7.9332099999999996E-003   4.1515685554460918E+020
   7.9278200000000004E-003   4.1961215404035578E+020
   7.9224800000000008E-003   4.2404744888920729E+020
   7.9171899999999993E-003   4.3094061031263253E+020
   7.9060899999999993E-003   4.4025327838110522E+020
   7.8952099999999997E-003   4.4977086769645964E+020
   7.8838399999999996E-003   4.5950490275226170E+020
   7.8726999999999998E-003   4.6691010651948856E+020
   7.8668499999999999E-003   4.7202116940446269E+020
   7.8610699999999995E-003   4.7711016502391918E+020
   7.8553300000000006E-003   4.8217824530910924E+020
   7.8496499999999997E-003   4.9005013988470253E+020
   7.8377499999999992E-003   5.0068781483191763E+020
   7.8260699999999992E-003   5.0874065541504605E+020
   7.8199399999999992E-003   5.1432426583968272E+020
   7.8138800000000005E-003   5.2264938738649524E+020
   7.8019200000000004E-003   5.3403173309663799E+020
   7.7894499999999998E-003   5.4277453592328123E+020
   7.7832999999999999E-003   5.4855974416297532E+020
   7.7772099999999997E-003   5.5755162455163168E+020
   7.7644400000000001E-003   5.6970696866045061E+020
   7.7519099999999999E-003   5.7890917086776610E+020
   7.7453499999999998E-003   5.8529184449088206E+020
   7.7388500000000002E-003   5.9332768331546244E+020
   7.7290199999999996E-003   6.0301654469231824E+020
   7.7193200000000000E-003   6.1283425010931663E+020
   7.7093600000000002E-003   6.2280464582921132E+020
   7.6995500000000003E-003   6.3303058203295443E+020
   7.6892699999999998E-003   6.4350332369909763E+020
   7.6791400000000001E-003   6.5413261674493759E+020
   7.6687300000000003E-003   6.6818895065697170E+020
   7.6522700000000001E-003   6.8334721884590742E+020
   7.6400299999999999E-003   6.9650290358952854E+020
   7.6276699999999996E-003   7.0990619319495072E+020
   7.6151999999999999E-003   7.2533555771902801E+020
   7.5994100000000000E-003   7.4101823982443259E+020
   7.5867599999999997E-003   7.5538668472964022E+020
   7.5736500000000003E-003   7.7015087839915383E+020
   7.5605400000000001E-003   7.8425798649063840E+020
   7.5488300000000003E-003   7.9736317069966560E+020
   7.5376599999999998E-003   8.1298451258671156E+020
   7.5218200000000002E-003   8.2980364753522393E+020
   7.5087599999999997E-003   8.4425730543767021E+020
   7.4970899999999997E-003   8.5902805032316764E+020
   7.4832900000000001E-003   8.7613018710295917E+020
   7.4681599999999997E-003   8.9101823734019064E+020
   7.4582199999999998E-003   9.0459492848278359E+020
   7.4442299999999996E-003   9.2176082733566617E+020
   7.4277800000000001E-003   9.3791044300087112E+020
   7.4119299999999997E-003   9.5307175790138399E+020
   7.3972600000000001E-003   9.6328224702816033E+020
   7.3832000000000004E-003   9.7061805831409159E+020
   7.3673100000000002E-003   9.6598831250282670E+020
   7.3610300000000002E-003   9.7507472396209514E+020
   7.3461700000000000E-003   9.5234868881827876E+020
   7.3267200000000001E-003   9.4630160893485580E+020
   7.3129299999999996E-003   9.0963821959823924E+020
   7.2995999999999998E-003   8.5013914456438053E+020
   7.2844499999999996E-003   8.1635530419006800E+020
   7.2705499999999998E-003   7.9541143902329897E+020
   7.2646500000000001E-003   7.6489526558145066E+020
   7.2587900000000002E-003   7.3695444324410065E+020
   7.2444900000000001E-003   7.1365678470002180E+020
   7.2387500000000004E-003   7.0085623177279767E+020
   7.2321900000000003E-003   6.7645411657017616E+020
   7.2270900000000002E-003   6.7587990364836463E+020
   7.2189899999999998E-003   6.6388247754588370E+020
   7.2138100000000002E-003   6.4783916405284130E+020
   7.2089500000000004E-003   6.3927658656232440E+020
   7.2045499999999997E-003   6.4288462462218587E+020
   7.1992999999999996E-003   6.3002089606992809E+020
   7.1934900000000003E-003   6.2166767816930440E+020
   7.1877299999999998E-003   6.2106997593881916E+020
   7.1842299999999998E-003   6.2091159407912629E+020
   7.1794600000000004E-003   6.1787437828688511E+020
   7.1770799999999997E-003   6.1692168324149084E+020
   7.1752999999999999E-003   6.1661032250142438E+020
   7.1711400000000003E-003   6.1737263480711990E+020
   7.1687499999999998E-003   6.1796398375778032E+020
   7.1654400000000004E-003   6.1863337794918626E+020
   7.1627300000000000E-003   6.1969517769583677E+020
   7.1566800000000003E-003   6.2189515302346529E+020
   7.1521500000000003E-003   6.2498864590828562E+020
   7.1470300000000004E-003   6.2896325986284221E+020
   7.1410299999999996E-003   6.3356625882839476E+020
   7.1363299999999998E-003   6.3794937909480954E+020
   7.1318299999999996E-003   6.4275296764583307E+020
   7.1274700000000003E-003   6.4726184462432220E+020
   7.1235100000000004E-003   6.5268544332438307E+020
   7.1184799999999999E-003   6.5715840097885068E+020
   7.1164000000000002E-003   6.6113756685986903E+020
   7.1122700000000004E-003   6.6586975541928290E+020
   7.1095300000000002E-003   6.7050417535191037E+020
   7.1054200000000003E-003   6.7484069387745427E+020
   7.1033800000000003E-003   6.7915812340051857E+020
   7.0993899999999997E-003   6.8490487751321125E+020
   7.0955000000000002E-003   6.8924301550858129E+020
   7.0935599999999996E-003   6.9263107158338660E+020
   7.0910499999999998E-003   6.9837095740146647E+020
   7.0860300000000001E-003   7.0609588001066202E+020
   7.0810300000000003E-003   7.1390931708349933E+020
   7.0760600000000003E-003   7.1981672921826932E+020
   7.0735800000000003E-003   7.2320827055926084E+020
   7.0717300000000000E-003   7.2764504092432361E+020
   7.0680300000000003E-003   7.3355001602831994E+020
   7.0643900000000003E-003   7.3936591159394999E+020
   7.0608099999999998E-003   7.4507620375245160E+020
   7.0572899999999999E-003   7.5067985121291076E+020
   7.0538299999999996E-003   7.5713804674101084E+020
   7.0493099999999996E-003   7.6305541385485235E+020
   7.0465199999999997E-003   7.6753031042998010E+020
   7.0437399999999997E-003   7.7337181605284309E+020
   7.0391700000000000E-003   7.7985753593971723E+020
   7.0355799999999996E-003   7.8524597849294884E+020
   7.0324200000000002E-003   7.8994321430507880E+020
   7.0296700000000000E-003   7.9587473058977992E+020
   7.0250699999999996E-003   8.0328479838462175E+020
   7.0202700000000003E-003   8.1225582597123631E+020
   7.0140699999999999E-003   8.1890316130136215E+020
   7.0111499999999998E-003   8.2399913724843223E+020
   7.0082299999999998E-003   8.3025454513497375E+020
   7.0038699999999997E-003   8.3728498895220494E+020
   6.9980700000000003E-003   8.4443943797989664E+020
   6.9951900000000001E-003   8.4939852198715156E+020
   6.9923099999999998E-003   8.5415055587152036E+020
   6.9878500000000003E-003   8.6271620946071585E+020
   6.9815900000000002E-003   8.7023896835301022E+020
   6.9779700000000000E-003   8.7771632351075867E+020
   6.9718400000000000E-003   8.8701850486569383E+020
   6.9658100000000002E-003   8.9450847127987028E+020
   6.9623699999999998E-003   8.9765143033321934E+020
   6.9601699999999999E-003   9.0318953837079613E+020
   6.9557700000000000E-003   9.1043374892066485E+020
   6.9504500000000004E-003   9.1671906684641057E+020
   6.9473199999999999E-003   9.2280058442137744E+020
   6.9423000000000002E-003   9.2836483876141282E+020
   6.9398000000000003E-003   9.3379647075453567E+020
   6.9349399999999997E-003   9.4260141196034979E+020
   6.9278400000000002E-003   9.5758789648978005E+020
   6.9229699999999996E-003   9.6333400992240029E+020
   6.9181299999999998E-003   9.6740584004424473E+020
   6.9098099999999997E-003   9.7533176778754713E+020
   6.9053800000000000E-003   9.8341764955408643E+020
   6.9017000000000002E-003   9.8977677251811947E+020
   6.8980300000000003E-003   9.9693656605967254E+020
   6.8953399999999998E-003   9.9831848891094467E+020
   6.8933299999999996E-003   1.0039320487699891E+021
   6.8896699999999996E-003   1.0102782972308091E+021
   6.8880800000000004E-003   1.0153630937111600E+021
   6.8855499999999998E-003   1.0199178126644085E+021
   6.8835099999999998E-003   1.0253644905379727E+021
   6.8819299999999996E-003   1.0273445459712144E+021
   6.8803600000000003E-003   1.0306392258070269E+021
   6.8790600000000002E-003   1.0332312825011335E+021
   6.8777600000000001E-003   1.0357151000736643E+021
   6.8764799999999999E-003   1.0387158376506226E+021
   6.8752099999999997E-003   1.0440244683798242E+021
   6.8726100000000004E-003   1.0476672656315031E+021
   6.8700200000000001E-003   1.0503609328833606E+021
   6.8688899999999999E-003   1.0518188498089930E+021
   6.8677499999999997E-003   1.0576434958904644E+021
   6.8659500000000000E-003   1.0599824378263749E+021
   6.8641500000000003E-003   1.0623216145789482E+021
   6.8623399999999998E-003   1.0646610279200618E+021
   6.8605500000000000E-003   1.0701902001970171E+021
   6.8565099999999997E-003   1.0764720847813803E+021
   6.8524800000000002E-003   1.0862847214615337E+021
   6.8434999999999998E-003   1.1035474048339019E+021
   6.8235199999999996E-003   1.1277818043041544E+021
   6.8056100000000001E-003   1.1489833132856733E+021
   6.7912199999999997E-003   1.1685083148276120E+021
   6.7778100000000004E-003   1.1919687684580696E+021
   6.7580799999999996E-003   1.2192851475118031E+021
   6.7395700000000003E-003   1.2442055745182960E+021
   6.7231399999999998E-003   1.2679540228186345E+021
   6.7067899999999998E-003   1.2920110346578189E+021
   6.6906200000000004E-003   1.3180590768220555E+021
   6.6718699999999999E-003   1.3439515027503029E+021
   6.6562599999999998E-003   1.3681256590127601E+021
   6.6402800000000001E-003   1.3939379988104840E+021
   6.6228800000000003E-003   1.4221158781923903E+021
   6.6043100000000004E-003   1.4546751300700309E+021
   6.5818999999999999E-003   1.4862009278088015E+021
   6.5652999999999996E-003   1.5161255157817816E+021
   6.5453799999999999E-003   1.5490970513772897E+021
   6.5257199999999996E-003   1.5794292849851087E+021
   6.5094200000000001E-003   1.6025817062610405E+021
   6.4987600000000001E-003   1.6276383627829848E+021
   6.4803200000000004E-003   1.6536517207526953E+021
   6.4690199999999998E-003   1.6832947475807585E+021
   6.4466599999999999E-003   1.7177974616320094E+021
   6.4304000000000002E-003   1.7471987745953310E+021
   6.4143000000000004E-003   1.7741103202351794E+021
   6.4011600000000004E-003   1.7984162225717036E+021
   6.3881299999999997E-003   1.8389447724482492E+021
   6.3579200000000004E-003   1.8962654983992797E+021
   6.3282299999999998E-003   1.9386146667364777E+021
   6.3146699999999997E-003   1.9754466692349831E+021
   6.2910099999999997E-003   2.0094022934137636E+021
   6.2808600000000001E-003   2.0444342047939562E+021
   6.2564600000000001E-003   2.0944204330759841E+021
   6.2323800000000000E-003   2.1344048975901861E+021
   6.2184800000000002E-003   2.1636794604514063E+021
   6.2046899999999997E-003   2.2012685109150847E+021
   6.1833599999999997E-003   2.2474420499876830E+021
   6.1622700000000001E-003   2.2864865657257368E+021
   6.1480600000000003E-003   2.3179861327231839E+021
   6.1339500000000000E-003   2.3666135954346350E+021
   6.1048800000000000E-003   2.4329508819370770E+021
   6.0762400000000001E-003   2.4881691869863136E+021
   6.0578100000000003E-003   2.5318246520079086E+021
   6.0395400000000004E-003   2.5673117331105335E+021
   6.0284900000000001E-003   2.5939243152523358E+021
   6.0175000000000003E-003   2.6393942147438089E+021
   5.9912899999999998E-003   2.7173007342758076E+021
   5.9549299999999998E-003   2.8000695891009748E+021
   5.9264000000000001E-003   2.8606273185198627E+021
   5.9084500000000000E-003   2.9148357199428515E+021
   5.8852899999999996E-003   2.9765189896583533E+021
   5.8623700000000004E-003   3.0500586078113193E+021
   5.8312499999999996E-003   3.1368680628537467E+021
   5.7998499999999996E-003   3.2040439582672096E+021
   5.7839700000000003E-003   3.2493606268146606E+021
   5.7681900000000003E-003   3.3190396316337963E+021
   5.7358799999999996E-003   3.4140365255737942E+021
   5.7040099999999998E-003   3.5120215070375747E+021
   5.6711299999999999E-003   3.6129271617395879E+021
   5.6386900000000000E-003   3.7169140217570876E+021
   5.6052400000000000E-003   3.8242590990474003E+021
   5.5722200000000001E-003   3.9347112075350513E+021
   5.5381700000000002E-003   4.0487173361903463E+021
   5.5045600000000004E-003   4.1662716197512586E+021
   5.4698999999999998E-003   4.2873849840418459E+021
   5.4356800000000000E-003   4.3805152541156091E+021
   5.4181799999999999E-003   4.4438505017028945E+021
   5.4007800000000000E-003   4.5411988205068768E+021
   5.3651999999999997E-003   4.6741360054853236E+021
   5.3300400000000003E-003   4.7762629139340838E+021
   5.3120600000000004E-003   4.8458069407011827E+021
   5.2941899999999998E-003   4.9519505008929066E+021
   5.2580200000000004E-003   5.0978356900937932E+021
   5.2215100000000004E-003   5.2483631547947638E+021
   5.1846799999999997E-003   5.4036857532297763E+021
   5.1475000000000002E-003   5.5639820713178159E+021
   5.1099900000000000E-003   5.7294259454182016E+021
   5.0721300000000002E-003   5.9001980010531652E+021
   5.0339199999999999E-003   6.0764888777854886E+021
   4.9953500000000000E-003   6.2584957835403466E+021
   4.9564199999999996E-003   6.4464154989387191E+021
   4.9171299999999996E-003   6.5917600404902081E+021
   4.8972499999999997E-003   6.6903141720655711E+021
   4.8774700000000001E-003   6.7905337223891376E+021
   4.8574000000000004E-003   6.8923304735238280E+021
   4.8374300000000002E-003   7.0255155923550963E+021
   4.8056499999999999E-003   7.1913715871925383E+021
   4.7740999999999999E-003   7.3302023986120260E+021
   4.7535299999999997E-003   7.4408500551786556E+021
   4.7330599999999999E-003   7.5533150211234301E+021
   4.7123000000000000E-003   7.6676379304222670E+021
   4.6916299999999996E-003   7.7838477568228333E+021
   4.6706600000000001E-003   7.9019847390026080E+021
   4.6497900000000000E-003   8.0220844596702992E+021
   4.6286200000000000E-003   8.1441885985857224E+021
   4.6075400000000002E-003   8.2683270955302912E+021
   4.5861599999999997E-003   8.3945542632650771E+021
   4.5648599999999996E-003   8.5228942126570275E+021
   4.5432700000000003E-003   8.6534117175946432E+021
   4.5217599999999997E-003   8.7861400582139905E+021
   4.4999500000000000E-003   8.9211262181035968E+021
   4.4782199999999998E-003   9.0584020330332480E+021
   4.4561899999999996E-003   9.1980493167448860E+021
   4.4342399999999999E-003   9.3401036467451850E+021
   4.4119800000000002E-003   9.4846152424411470E+021
   4.3898000000000001E-003   9.6316442334080291E+021
   4.3673100000000001E-003   9.7812126053263076E+021
   4.3448999999999996E-003   9.9334489902500932E+021
   4.3221700000000002E-003   1.0088375065205755E+022
   4.2995200000000003E-003   1.0246068797630243E+022
   4.2765600000000004E-003   1.0406582274784972E+022
   4.2536500000000003E-003   1.0569678150739543E+022
   4.2305399999999996E-003   1.0736070325135905E+022
   4.2072899999999998E-003   1.0905517893980632E+022
   4.1839199999999998E-003   1.1078104285128033E+022
   4.1604199999999997E-003   1.1253898488006939E+022
   4.1367900000000004E-003   1.1433035863204248E+022
   4.1130300000000002E-003   1.1615562157229538E+022
   4.0891399999999998E-003   1.1801671522867688E+022
   4.0651100000000003E-003   1.1991388065923328E+022
   4.0409399999999998E-003   1.2184842852173747E+022
   4.0166300000000002E-003   1.2382178196497011E+022
   3.9921799999999997E-003   1.2583455141965664E+022
   3.9675900000000000E-003   1.2788785083835325E+022
   3.9428500000000003E-003   1.2998314047901033E+022
   3.9179699999999998E-003   1.3212127684853955E+022
   3.8929300000000002E-003   1.3430326482990948E+022
   3.8677400000000002E-003   1.3653185418595202E+022
   3.8424000000000002E-003   1.3880745535498877E+022
   3.8168999999999998E-003   1.4113326519383180E+022
   3.7912400000000000E-003   1.4351343834832898E+022
   3.7654199999999998E-003   1.4595064316189414E+022
   3.7394400000000001E-003   1.4844173027079870E+022
   3.7132900000000002E-003   1.5098165820080414E+022
   3.6869600000000000E-003   1.5356761217565622E+022
   3.6604699999999999E-003   1.5620026172375432E+022
   3.6337900000000000E-003   1.5888032322638825E+022
   3.6069399999999999E-003   1.6160854956861785E+022
   3.5799000000000000E-003   1.6438572352451291E+022
   3.5526700000000000E-003   1.6721266713039057E+022
   3.5252600000000001E-003   1.7009022551324721E+022
   3.4976500000000002E-003   1.7301927563365980E+022
   3.4698400000000001E-003   1.7600072161237502E+022
   3.4418199999999999E-003   1.7903548899517473E+022
   3.4136000000000001E-003   1.8212453286227378E+022
   3.3851699999999998E-003   1.8526883123846084E+022
   3.3565200000000000E-003   1.8846938742231765E+022
   3.3276500000000001E-003   1.9172722266477892E+022
   3.2985499999999999E-003   1.9504338923702752E+022
   3.2692200000000002E-003   1.9841895216894966E+022
   3.2396500000000002E-003   2.0185501052761148E+022
   3.2098399999999998E-003   2.0535267531283365E+022
   3.1797800000000001E-003   2.0891309009785921E+022
   3.1494600000000002E-003   2.1253741120821989E+022
   3.1188700000000001E-003   2.1622682214175596E+022
   3.0880199999999999E-003   2.1998253232036868E+022
   3.0568900000000000E-003   2.2380576443176724E+022
   3.0254700000000002E-003   2.2769777416814058E+022
   2.9937599999999998E-003   2.3165983502425882E+022
   2.9617400000000000E-003   2.3569324049241974E+022
   2.9294199999999999E-003   2.3979931233738253E+022
   2.8967699999999999E-003   2.4397939110197542E+022
   2.8637900000000002E-003   2.4823484652424062E+022
   2.8304599999999999E-003   2.5256706527541261E+022
   2.7967800000000000E-003   2.5697745532848116E+022
   2.7627300000000001E-003   2.6146746149015166E+022
   2.7283099999999998E-003   2.6603853722668199E+022
   2.6934900000000002E-003   2.7069216419280385E+022
   2.6582600000000000E-003   2.7542985539319750E+022
   2.6226000000000001E-003   2.8025313514176364E+022
   2.5864999999999998E-003   2.8516355941295886E+022
   2.5499500000000000E-003   2.9016270687711548E+022
   2.5129200000000001E-003   2.9525217572101527E+022
   2.4753800000000001E-003   3.0043359006928279E+022
   2.4373300000000001E-003   3.0570859951620029E+022
   2.3987300000000000E-003   3.1107887062028682E+022
   2.3595500000000002E-003   3.1654609509282990E+022
   2.3197800000000000E-003   3.2211156882933517E+022
   2.2793800000000001E-003   3.2778039054846315E+022
   2.2383099999999999E-003   3.3355139770471221E+022
   2.1965499999999998E-003   3.3942635792227870E+022
   2.1540399999999999E-003   3.4540707101478092E+022
   2.1107500000000002E-003   3.5149534740396487E+022
   2.0666299999999999E-003   3.5769222423339195E+022
   2.0216200000000000E-003   3.6400351114878284E+022
   1.9756600000000002E-003   3.7042816074076400E+022
   1.9286900000000000E-003   3.7694794599758295E+022
   1.8809600000000001E-003   3.8360653708415056E+022
   1.8314099999999999E-003   3.9040588878502703E+022
   1.7809200000000001E-003   3.9730361507773885E+022
   1.7290400000000000E-003   4.0339275059437161E+022
   1.6894499999999999E-003   4.0875514032549244E+022
   1.6483600000000000E-003   4.1644500716124495E+022
   1.5709900000000000E-003   4.2421835805512046E+022
   1.5276599999999999E-003   4.2987220804690755E+022
   1.4822300000000000E-003   4.3840376406801149E+022
   1.3880699999999999E-003   4.4804723727599309E+022
   1.3230700000000000E-003   4.5581854863896663E+022
   1.2552700000000000E-003   4.6378308877373592E+022
   1.1803899999999999E-003   4.7216284168499755E+022
   1.1006600000000000E-003   4.8084400674828626E+022
   1.0088800000000000E-003   4.9044419571939971E+022
   8.9941000000000001E-004   5.0264377153670781E+022
   7.0646999999999995E-004   5.1513879865386101E+022
   5.6787000000000005E-004   5.2241168356111838E+022
   4.8419000000000001E-004   5.2691840396864017E+022
   3.8300999999999998E-004   5.3046950182378065E+022
   3.1388999999999999E-004   5.3287972903401812E+022
   2.5074000000000000E-004   5.3416545868057355E+022
   2.0165999999999999E-004   5.3543352935834079E+022
   1.6419000000000001E-004   5.3594087258491950E+022
   1.3643999999999999E-004   5.3643996998591136E+022
   1.1690000000000000E-004   5.3660892416919084E+022
   1.0406000000000000E-004   5.3683529178985093E+022
   8.6879999999999995E-005   5.3701446299198918E+022
   6.8949999999999995E-005   5.3713865853259127E+022
   5.4729999999999999E-005   5.3725549184263844E+022
   4.3439999999999997E-005   5.3730848584398755E+022
   3.4470000000000000E-005   5.3734020155527605E+022
   2.7359999999999999E-005   5.3737678425441815E+022
   2.1719999999999999E-005   5.3738981892553561E+022
   1.7240000000000001E-005   5.3740573551823581E+022
   1.3679999999999999E-005   5.3742035952248497E+022
