   9.0458399999999994E-003   292960429584368.38     
   9.0456900000000003E-003   444976502906421.56     
   9.0456300000000007E-003   545630899893110.50     
   9.0455899999999992E-003   625914633731715.50     
   9.0455499999999994E-003   694555161791755.62     
   9.0455299999999995E-003   755495211605701.88     
   9.0454999999999997E-003   810720941060050.62     
   9.0454799999999998E-003   861666869407369.00     
   9.0454699999999999E-003   909089437195410.62     
   9.0454500000000000E-003   953615908306077.88     
   9.0454300000000001E-003   995771358441306.38     
   9.0454200000000002E-003   1035880118530449.8     
   9.0454100000000003E-003   1074160876114866.2     
   9.0453900000000004E-003   1110837260051336.6     
   9.0453800000000004E-003   1146132835088537.2     
   9.0453700000000005E-003   1180222233692646.5     
   9.0453600000000006E-003   1213214458188826.2     
   9.0453500000000006E-003   1245189801851322.2     
   9.0453400000000007E-003   1276226288827943.0     
   9.0453300000000007E-003   1306406011837495.5     
   9.0453200000000008E-003   1343060878004090.5     
   9.0453100000000008E-003   1385603918322232.5     
   9.0452899999999992E-003   1426760854933954.0     
   9.0452799999999993E-003   1466651072291378.2     
   9.0452699999999994E-003   1498981188607552.2     
   9.0452599999999994E-003   1524299682467994.5     
   9.0452599999999994E-003   1549153383860203.8     
   9.0452499999999995E-003   1573569929471161.2     
   9.0452399999999995E-003   1603522953227973.5     
   9.0452299999999996E-003   1638671698154332.5     
   9.0452199999999996E-003   1673030864337226.5     
   9.0452099999999997E-003   1706657429142308.2     
   9.0451999999999998E-003   1734147816174403.2     
   9.0451999999999998E-003   1755816989876573.2     
   9.0451899999999998E-003   1777204704631111.0     
   9.0451799999999999E-003   1798319582966648.2     
   9.0451799999999999E-003   1829512281305254.8     
   9.0451699999999999E-003   1860113434046178.8     
   9.0451600000000000E-003   1880221910602561.5     
   9.0451600000000000E-003   1909964070292474.8     
   9.0451500000000001E-003   1948844715651836.8     
   9.0451400000000001E-003   1986912393021121.0     
   9.0451300000000002E-003   2024221752012142.2     
   9.0451200000000002E-003   2051726453412710.2     
   9.0451100000000003E-003   2069855685320744.0     
   9.0451100000000003E-003   2087819314065308.0     
   9.0451000000000004E-003   2105620731742983.0     
   9.0451000000000004E-003   2132034581969162.8     
   9.0450900000000004E-003   2166710218775784.5     
   9.0450800000000005E-003   2200799081149249.5     
   9.0450700000000005E-003   2234327657239236.2     
   9.0450600000000006E-003   2272775167526024.0     
   9.0450500000000007E-003   2315861793419525.5     
   9.0450400000000007E-003   2358097734650231.0     
   9.0450300000000008E-003   2399531625213982.0     
   9.0450200000000008E-003   2440210960168812.5     
   9.0450099999999992E-003   2480181656847908.0     
   9.0449999999999992E-003   2519481908368779.5     
   9.0449899999999993E-003   2558149901172086.5     
   9.0449799999999993E-003   2600937640944961.5     
   9.0449699999999994E-003   2647622202013765.0     
   9.0449599999999995E-003   2693452624089964.0     
   9.0449499999999995E-003   2727279154730094.5     
   9.0449399999999996E-003   2749591442139205.0     
   9.0449299999999996E-003   2782712471367823.5     
   9.0449199999999997E-003   2826217343812045.0     
   9.0449099999999998E-003   2869018204398262.0     
   9.0448999999999998E-003   2911147106394286.0     
   9.0448899999999999E-003   2952631367269668.5     
   9.0448799999999999E-003   2993500811141412.0     
   9.0448700000000000E-003   3033784762878495.0     
   9.0448600000000001E-003   3073508969035677.0     
   9.0448500000000001E-003   3112698575795789.5     
   9.0448500000000001E-003   3151376878757411.5     
   9.0448400000000002E-003   3208504633902530.0     
   9.0448200000000003E-003   3273785649111424.5     
   9.0448100000000003E-003   3328687052961856.5     
   9.0447900000000005E-003   3382661582876705.5     
   9.0447800000000005E-003   3422551048472764.0     
   9.0447700000000006E-003   3448886909973881.0     
   9.0447700000000006E-003   3488018802955312.5     
   9.0447600000000006E-003   3539484347007116.5     
   9.0447400000000008E-003   3615309920366184.0     
   9.0447199999999991E-003   3689454152433317.0     
   9.0447099999999992E-003   3738082346776181.5     
   9.0446999999999993E-003   3786082170702535.5     
   9.0446899999999993E-003   3833481561551813.5     
   9.0446799999999994E-003   3880301302090565.5     
   9.0446699999999994E-003   3926558156976557.0     
   9.0446599999999995E-003   3972269031178443.0     
   9.0446499999999996E-003   4017450230714786.5     
   9.0446399999999996E-003   4069524185262812.0     
   9.0446199999999997E-003   4128206391079482.5     
   9.0446099999999998E-003   4214718526580828.5     
   9.0445800000000000E-003   4299323818858026.0     
   9.0445700000000000E-003   4354814710614415.0     
   9.0445600000000001E-003   4409578075745956.5     
   9.0445500000000002E-003   4463646893600972.5     
   9.0445400000000002E-003   4523690624939365.0     
   9.0445200000000003E-003   4589459683964791.0     
   9.0445100000000004E-003   4654290152335384.0     
   9.0444900000000005E-003   4718226003294914.0     
   9.0444800000000006E-003   4781307985628372.0     
   9.0444700000000006E-003   4843571786712056.0     
   9.0444500000000008E-003   4935564863673263.0     
   9.0444299999999991E-003   5031746393379283.0     
   9.0444099999999993E-003   5102730687042764.0     
   9.0443999999999993E-003   5172735715097468.0     
   9.0443799999999994E-003   5241797815442746.0     
   9.0443699999999995E-003   5309953178035044.0     
   9.0443499999999996E-003   5377237590377518.0     
   9.0443399999999997E-003   5443683277774437.0     
   9.0443199999999998E-003   5509318232086991.0     
   9.0443099999999998E-003   5574168827124143.0     
   9.0442999999999999E-003   5638258798446932.0     
   9.0442800000000000E-003   5701609864773392.0     
   9.0442700000000001E-003   5764251939261902.0     
   9.0442600000000001E-003   5857001749477504.0     
   9.0442300000000003E-003   5978358164430083.0     
   9.0442100000000004E-003   6097331643973924.0     
   9.0441800000000006E-003   6214074086974712.0     
   9.0441600000000007E-003   6328710535507383.0     
   9.0441299999999992E-003   6441356205519513.0     
   9.0441099999999993E-003   6552105486612167.0     
   9.0440899999999994E-003   6661032260642288.0     
   9.0440699999999995E-003   6768208854582228.0     
   9.0440499999999997E-003   6873706539868492.0     
   9.0440199999999998E-003   6977606298100308.0     
   9.0440000000000000E-003   7079987401813474.0     
   9.0439800000000001E-003   7180921022053976.0     
   9.0439600000000002E-003   7280466991006111.0     
   9.0439400000000003E-003   7378680189047645.0     
   9.0439200000000004E-003   7475618620478553.0     
   9.0439000000000005E-003   7618876589755173.0     
   9.0438700000000007E-003   7805770096813842.0     
   9.0438299999999992E-003   7943067762737779.0     
   9.0438099999999993E-003   8033420578380856.0     
   9.0437999999999994E-003   8122816763526977.0     
   9.0437799999999995E-003   8211290570612932.0     
   9.0437599999999996E-003   8327927758097693.0     
   9.0437299999999998E-003   8471518544631879.0     
   9.0437000000000000E-003   8612811984513211.0     
   9.0436800000000001E-003   8717269175684704.0     
   9.0436600000000002E-003   8786269824229993.0     
   9.0436500000000003E-003   8888837903325181.0     
   9.0436300000000004E-003   9023743577407684.0     
   9.0436000000000006E-003   9156686570214760.0     
   9.0435700000000008E-003   9287739828060452.0     
   9.0435499999999992E-003   9416966312945872.0     
   9.0435199999999993E-003   9544429590562426.0     
   9.0434999999999995E-003   9732675226301248.0     
   9.0434499999999998E-003   9917059548766168.0     
   9.0434299999999999E-003   10038247873412434.     
   9.0434100000000000E-003   10158031042105790.     
   9.0433900000000001E-003   10276464404338020.     
   9.0433600000000003E-003   10451842303278452.     
   9.0433200000000005E-003   10681264940316384.     
   9.0432800000000008E-003   10906194151442996.     
   9.0432399999999993E-003   11126849868171202.     
   9.0431999999999995E-003   11316491750943626.     
   9.0431699999999997E-003   11476695942478556.     
   9.0431399999999999E-003   11634767855092190.     
   9.0431100000000000E-003   11790791276168182.     
   9.0430800000000002E-003   12021369841203062.     
   9.0430300000000005E-003   12247278043870538.     
   9.0430000000000007E-003   12395786708453446.     
   9.0429699999999991E-003   12542588010307704.     
   9.0429499999999993E-003   12687749401724782.     
   9.0429199999999994E-003   12902740747098968.     
   9.0428699999999997E-003   13183944789134496.     
   9.0428200000000000E-003   13459559946515914.     
   9.0427700000000003E-003   13729957163490024.     
   9.0427300000000006E-003   13995483915977788.     
   9.0426800000000009E-003   14256402153145388.     
   9.0426299999999994E-003   14512925387816456.     
   9.0425899999999997E-003   14765253795509762.     
   9.0425499999999999E-003   15013586025973538.     
   9.0425000000000002E-003   15258113876082794.     
   9.0424600000000004E-003   15499002479215836.     
   9.0424200000000007E-003   15775742060318028.     
   9.0423699999999992E-003   16086362784416206.     
   9.0423199999999995E-003   16391463755186376.     
   9.0422599999999999E-003   16691395611932522.     
   9.0422100000000002E-003   16986460267051420.     
   9.0421700000000004E-003   17204545013029204.     
   9.0421400000000006E-003   17348631712713312.     
   9.0421200000000007E-003   17562866771043254.     
   9.0420699999999993E-003   17844630155106802.     
   9.0420199999999996E-003   18122355805212376.     
   9.0419799999999998E-003   18396200803289556.     
   9.0419300000000001E-003   18733486438304240.     
   9.0418700000000005E-003   19130663613068188.     
   9.0417999999999991E-003   19423319587375324.     
   9.0417699999999993E-003   19712417400286840.     
   9.0417099999999997E-003   19997133732812020.     
   9.0416799999999999E-003   20216221640159488.     
   9.0416400000000001E-003   20463849620684164.     
   9.0416000000000003E-003   20708721235899184.     
   9.0415600000000006E-003   20950949159072728.     
   9.0415200000000008E-003   21309914821151712.     
   9.0414399999999995E-003   21662769691318736.     
   9.0414099999999997E-003   21895356343312416.     
   9.0413700000000000E-003   22183096314359928.     
   9.0413200000000003E-003   22523802493660476.     
   9.0412600000000006E-003   23026930480831884.     
   9.0411599999999995E-003   23519046357333068.     
   9.0411099999999998E-003   23842426401251720.     
   9.0410600000000001E-003   24161886890220252.     
   9.0410100000000004E-003   24477561536261996.     
   9.0409600000000007E-003   24944793827395932.     
   9.0408699999999995E-003   25554963013604072.     
   9.0407700000000001E-003   26053143879403316.     
   9.0407100000000004E-003   26445822963554548.     
   9.0406500000000008E-003   26881526312816972.     
   9.0405799999999994E-003   27358137696537304.     
   9.0405099999999999E-003   27827395839440992.     
   9.0404400000000003E-003   28289656321150232.     
   9.0403700000000007E-003   28858586922905844.     
   9.0402699999999996E-003   29361320434451752.     
   9.0402199999999999E-003   29692653931687792.     
   9.0401700000000002E-003   30020755830834972.     
   9.0401300000000004E-003   30345708865843800.     
   9.0400800000000007E-003   30827888128967252.     
   9.0399899999999995E-003   31459837823361516.     
   9.0399000000000000E-003   32080587890294268.     
   9.0398100000000006E-003   32690780575361704.     
   9.0397199999999994E-003   33290978371677552.     
   9.0396299999999999E-003   33979610634008036.     
   9.0395200000000005E-003   34751256776101532.     
   9.0394099999999995E-003   35413871202254740.     
   9.0393299999999999E-003   35973580068988364.     
   9.0392600000000004E-003   36525776486081072.     
   9.0391800000000008E-003   37070758012034016.     
   9.0390999999999996E-003   37698130312915360.     
   9.0390000000000002E-003   38403793898293280.     
   9.0389100000000007E-003   39098287991773920.     
   9.0388099999999996E-003   39782099114829840.     
   9.0387200000000001E-003   40455662405690104.     
   9.0386300000000006E-003   41119390885105408.     
   9.0385399999999994E-003   41773747307652168.     
   9.0384500000000000E-003   42419189381865880.     
   9.0383700000000004E-003   43056131650882032.     
   9.0382799999999992E-003   43684949304368064.     
   9.0381999999999997E-003   44460598424835720.     
   9.0380700000000005E-003   45375418244037456.     
   9.0379499999999995E-003   46125127645561504.     
   9.0378699999999999E-003   46717695998107000.     
   9.0378000000000003E-003   47303759804986280.     
   9.0377200000000008E-003   47883557409831448.     
   9.0376399999999996E-003   48743065544340760.     
   9.0375000000000004E-003   49867796107636968.     
   9.0373499999999996E-003   50696245440877152.     
   9.0372800000000000E-003   51242697976541336.     
   9.0372100000000004E-003   51919064767825968.     
   9.0371099999999992E-003   52720204071807656.     
   9.0370099999999998E-003   53510817177326160.     
   9.0369100000000004E-003   54291379112084016.     
   9.0368099999999993E-003   55190347777659952.     
   9.0366800000000001E-003   56201945526741648.     
   9.0365500000000008E-003   56949700679996096.     
   9.0364899999999995E-003   57443967663691352.     
   9.0364299999999998E-003   58179206889838392.     
   9.0363100000000005E-003   59146361195645912.     
   9.0361899999999995E-003   60100118395305568.     
   9.0360700000000002E-003   61041070324194688.     
   9.0359600000000009E-003   62431858489373904.     
   9.0357400000000004E-003   64242958526683440.     
   9.0355200000000000E-003   65571000657073848.     
   9.0354100000000007E-003   66444906987413312.     
   9.0353099999999995E-003   67309025836654872.     
   9.0352100000000001E-003   68163701299140264.     
   9.0351000000000008E-003   69219979867255248.     
   9.0349499999999999E-003   70468697389619208.     
   9.0348100000000008E-003   71494298990310608.     
   9.0347099999999996E-003   72306257693198544.     
   9.0346200000000002E-003   73310910130822816.     
   9.0344799999999992E-003   74500398686443088.     
   9.0343400000000001E-003   75673881391797744.     
   9.0341999999999992E-003   76832098232531616.     
   9.0340699999999999E-003   77975688288486320.     
   9.0339400000000007E-003   79105184678932272.     
   9.0338099999999998E-003   80221089912310208.     
   9.0336800000000005E-003   81323887275541440.     
   9.0335599999999995E-003   82414047479886720.     
   9.0334300000000003E-003   83492034039544016.     
   9.0333099999999993E-003   84735468799159200.     
   9.0331500000000002E-003   86137125351622048.     
   9.0329999999999994E-003   87174833462045040.     
   9.0329199999999998E-003   87861447105837376.     
   9.0328400000000003E-003   89035107292569104.     
   9.0326599999999996E-003   90676765552245712.     
   9.0324800000000007E-003   91963787867799520.     
   9.0323799999999996E-003   92910889989802192.     
   9.0322700000000002E-003   94083968582507616.     
   9.0321199999999994E-003   95474639268089968.     
   9.0319700000000003E-003   96848310470482496.     
   9.0318199999999994E-003   98205658456326192.     
   9.0316700000000003E-003   99770223166230064.     
   9.0314799999999997E-003   1.0153231475537558E+017
   9.0312900000000008E-003   1.0283579139601254E+017
   9.0311999999999996E-003   1.0369788918394429E+017
   9.0311100000000002E-003   1.0498099760950629E+017
   9.0309299999999995E-003   1.0666993125762053E+017
   9.0307500000000006E-003   1.0833662833815283E+017
   9.0305699999999999E-003   1.0998199971339242E+017
   9.0303999999999992E-003   1.1160686649544786E+017
   9.0302300000000002E-003   1.1321198636669395E+017
   9.0300699999999994E-003   1.1479808204903971E+017
   9.0299000000000004E-003   1.1634574436225112E+017
   9.0297399999999996E-003   1.1785655890116403E+017
   9.0295800000000006E-003   1.1933358110476378E+017
   9.0294299999999997E-003   1.2113968963436438E+017
   9.0291899999999994E-003   1.2324471949318946E+017
   9.0289700000000007E-003   1.2495223579218029E+017
   9.0288199999999999E-003   1.2629384892429411E+017
   9.0286800000000007E-003   1.2761338708857507E+017
   9.0285299999999999E-003   1.2891210321976622E+017
   9.0283900000000007E-003   1.3050983367126488E+017
   9.0281800000000002E-003   1.3238675066845402E+017
   9.0279799999999997E-003   1.3422499033436157E+017
   9.0277799999999991E-003   1.3602709452208194E+017
   9.0275800000000003E-003   1.3779530406659197E+017
   9.0273899999999997E-003   1.3953160814501454E+017
   9.0272000000000008E-003   1.4095429799258421E+017
   9.0270699999999999E-003   1.4207900950225318E+017
   9.0269500000000006E-003   1.4374568230274872E+017
   9.0267100000000003E-003   1.4592380569472781E+017
   9.0264700000000000E-003   1.4779253546279552E+017
   9.0262999999999993E-003   1.4937023975962944E+017
   9.0261300000000003E-003   1.5092584438115341E+017
   9.0259599999999995E-003   1.5246034031428102E+017
   9.0258000000000005E-003   1.5422611601881523E+017
   9.0255800000000001E-003   1.5621102675485936E+017
   9.0253699999999996E-003   1.5816358956499088E+017
   9.0251600000000008E-003   1.6008544338228794E+017
   9.0249500000000003E-003   1.6197806847746646E+017
   9.0247499999999998E-003   1.6384280557530477E+017
   9.0245599999999992E-003   1.6568087678927824E+017
   9.0243600000000004E-003   1.6749340544939491E+017
   9.0241699999999998E-003   1.6928144270143661E+017
   9.0239900000000008E-003   1.7104597367782621E+017
   9.0238000000000002E-003   1.7278792201072045E+017
   9.0236199999999996E-003   1.7450816206852029E+017
   9.0234400000000006E-003   1.7663062406224006E+017
   9.0231800000000004E-003   1.7913484168848723E+017
   9.0229300000000002E-003   1.8118794467495072E+017
   9.0227599999999995E-003   1.8281113873097850E+017
   9.0225900000000005E-003   1.8441692472623741E+017
   9.0224299999999997E-003   1.8600587656259632E+017
   9.0222700000000006E-003   1.8836148665089994E+017
   9.0219600000000007E-003   1.9144459152542429E+017
   9.0216500000000008E-003   1.9371605264115690E+017
   9.0215000000000000E-003   1.9521426688656762E+017
   9.0213499999999992E-003   1.9743817016325213E+017
   9.0210599999999991E-003   2.0035475828114282E+017
   9.0207800000000008E-003   2.0250751844033584E+017
   9.0206399999999999E-003   2.0392890116404272E+017
   9.0205000000000007E-003   2.0604087126625510E+017
   9.0202300000000006E-003   2.0881519992333958E+017
   9.0199700000000004E-003   2.1154664179833539E+017
   9.0197100000000002E-003   2.1423721733194944E+017
   9.0194500000000000E-003   2.1702265858841206E+017
   9.0191799999999999E-003   2.2067849883359296E+017
   9.0187700000000006E-003   2.2438855458170598E+017
   9.0184900000000005E-003   2.2665682240901251E+017
   9.0183499999999996E-003   2.2890239284420941E+017
   9.0180699999999996E-003   2.3185528517028842E+017
   9.0177999999999994E-003   2.3476526943751213E+017
   9.0175399999999992E-003   2.3763408252635206E+017
   9.0172800000000008E-003   2.4116689907572643E+017
   9.0169099999999995E-003   2.4532652800932416E+017
   9.0165400000000000E-003   2.5008223219231597E+017
   9.0160699999999993E-003   2.5539147431426861E+017
   9.0156100000000003E-003   2.5928914157859658E+017
   9.0153899999999999E-003   2.6185382848775946E+017
   9.0151699999999994E-003   2.6439050176072086E+017
   9.0149500000000007E-003   2.6690005687817309E+017
   9.0147400000000003E-003   2.6969256326801469E+017
   9.0144800000000001E-003   2.7275705724366618E+017
   9.0142199999999999E-003   2.7578341446243328E+017
   9.0139699999999996E-003   2.7877299317364819E+017
   9.0137199999999994E-003   2.8260874169420659E+017
   9.0133399999999999E-003   2.8724825348893958E+017
   9.0129600000000004E-003   2.9237111124892576E+017
   9.0124999999999997E-003   2.9794590233244346E+017
   9.0120600000000006E-003   3.0399265871717722E+017
   9.0115400000000002E-003   3.1047751314706054E+017
   9.0110299999999997E-003   3.1524123878743514E+017
   9.0107899999999994E-003   3.1837656673277338E+017
   9.0105399999999992E-003   3.2353406396178784E+017
   9.0099900000000007E-003   3.3059942596000474E+017
   9.0094600000000004E-003   3.3701359889086208E+017
   9.0090199999999995E-003   3.4281896165174554E+017
   9.0085900000000003E-003   3.4946126849664294E+017
   9.0080400000000001E-003   3.5688416781667910E+017
   9.0074999999999999E-003   3.6414308839286195E+017
   9.0069799999999995E-003   3.7124903783184371E+017
   9.0064800000000007E-003   3.7648036222326086E+017
   9.0062400000000004E-003   3.7992745324483155E+017
   9.0059900000000002E-003   3.8419114097779814E+017
   9.0056400000000005E-003   3.8923989233687674E+017
   9.0052900000000009E-003   3.9586851979602643E+017
   9.0047200000000008E-003   4.0398584280586131E+017
   9.0041700000000006E-003   4.1156471857668614E+017
   9.0036900000000000E-003   4.1863828198348122E+017
   9.0032199999999993E-003   4.2563842240862899E+017
   9.0027600000000003E-003   4.3256899440086323E+017
   9.0023099999999995E-003   4.4051204316969050E+017
   9.0017199999999995E-003   4.4940633843614144E+017
   9.0011499999999994E-003   4.5812040085482829E+017
   9.0005999999999992E-003   4.6666517479302336E+017
   9.0000700000000006E-003   4.7505023462585082E+017
   8.9995500000000003E-003   4.8328413936448038E+017
   8.9990499999999998E-003   4.8986586582711360E+017
   8.9987399999999999E-003   4.9486870238283213E+017
   8.9984300000000000E-003   4.9981951404156800E+017
   8.9981300000000000E-003   5.0471994698368742E+017
   8.9978400000000000E-003   5.1198355858984902E+017
   8.9972600000000000E-003   5.2150098402328954E+017
   8.9967099999999998E-003   5.3177051760922163E+017
   8.9960500000000002E-003   5.4274550555963174E+017
   8.9954200000000005E-003   5.5301338722542067E+017
   8.9948700000000003E-003   5.6261571593752051E+017
   8.9943300000000000E-003   5.7322594046994989E+017
   8.9936700000000005E-003   5.8478435255070541E+017
   8.9930400000000008E-003   5.9611639811280384E+017
   8.9924199999999992E-003   6.0723504196132019E+017
   8.9918199999999993E-003   6.1546715667135475E+017
   8.9915199999999994E-003   6.2365451707897088E+017
   8.9909399999999993E-003   6.3172889709136730E+017
   8.9906499999999993E-003   6.3814463210530278E+017
   8.9902599999999999E-003   6.4556975132792333E+017
   8.9898700000000005E-003   6.5291070883290547E+017
   8.9894899999999993E-003   6.6017046558272051E+017
   8.9891099999999998E-003   6.6990118470429568E+017
   8.9884900000000000E-003   6.8199189603336947E+017
   8.9878700000000002E-003   6.9398054529724480E+017
   8.9872700000000003E-003   7.0587283349392896E+017
   8.9866800000000004E-003   7.1950654296567450E+017
   8.9859099999999997E-003   7.3478272065087168E+017
   8.9851700000000007E-003   7.4607035845670899E+017
   8.9848099999999993E-003   7.5355184302692403E+017
   8.9844499999999997E-003   7.6471129579773542E+017
   8.9837400000000005E-003   7.7938907174480896E+017
   8.9830599999999993E-003   7.9383790111084301E+017
   8.9823799999999999E-003   8.0806947907496704E+017
   8.9817300000000003E-003   8.2391526733276710E+017
   8.9809299999999998E-003   8.4128300860323955E+017
   8.9801499999999992E-003   8.5840467663062285E+017
   8.9793800000000003E-003   8.7529695647014643E+017
   8.9786399999999995E-003   8.9194549965194662E+017
   8.9779200000000003E-003   9.0836410437618406E+017
   8.9772099999999994E-003   9.2138513356464461E+017
   8.9767900000000001E-003   9.3114743013571738E+017
   8.9763800000000008E-003   9.4081431571624768E+017
   8.9759699999999998E-003   9.5038884643257242E+017
   8.9755700000000004E-003   9.6470027154312358E+017
   8.9747700000000000E-003   9.8355068533297562E+017
   8.9739999999999993E-003   1.0037516284262341E+018
   8.9731099999999994E-003   1.0252292960015846E+018
   8.9722499999999993E-003   1.0464644773553701E+018
   8.9713999999999992E-003   1.0674742776318203E+018
   8.9705800000000006E-003   1.0838001288307209E+018
   8.9701099999999999E-003   1.0956357213277844E+018
   8.9696600000000008E-003   1.1074139373307191E+018
   8.9692000000000001E-003   1.1191373372736595E+018
   8.9687599999999992E-003   1.1337241984544234E+018
   8.9680899999999997E-003   1.1510803046572634E+018
   8.9674400000000001E-003   1.1713109300296893E+018
   8.9665800000000000E-003   1.1942890603334554E+018
   8.9657399999999998E-003   1.2170497598977306E+018
   8.9649099999999995E-003   1.2396037898309115E+018
   8.9641100000000008E-003   1.2563407359716250E+018
   8.9637099999999997E-003   1.2674611290056440E+018
   8.9633200000000003E-003   1.2800291855957409E+018
   8.9628299999999998E-003   1.2940085117561370E+018
   8.9623399999999992E-003   1.3148671104729690E+018
   8.9613799999999997E-003   1.3423266434887401E+018
   8.9604500000000000E-003   1.3626691782090135E+018
   8.9599899999999993E-003   1.3761686280671572E+018
   8.9595400000000002E-003   1.3910930641617244E+018
   8.9589900000000000E-003   1.4074030528658163E+018
   8.9584499999999997E-003   1.4235525639917174E+018
   8.9579199999999994E-003   1.4395463344978102E+018
   8.9573900000000008E-003   1.4556268472704522E+018
   8.9568600000000005E-003   1.4717916696463352E+018
   8.9563400000000001E-003   1.4959486043398715E+018
   8.9553099999999993E-003   1.5277673237147443E+018
   8.9543100000000000E-003   1.5513529215007570E+018
   8.9538199999999995E-003   1.5670290869793720E+018
   8.9533300000000007E-003   1.5841481486706875E+018
   8.9527600000000006E-003   1.6026704070001925E+018
   8.9521900000000005E-003   1.6210103961922890E+018
   8.9516300000000004E-003   1.6484700305857096E+018
   8.9505200000000000E-003   1.6758192367300582E+018
   8.9499699999999998E-003   1.6940241156994296E+018
   8.9494299999999995E-003   1.7120644546398423E+018
   8.9488999999999992E-003   1.7367104440422016E+018
   8.9479799999999995E-003   1.7677321424948974E+018
   8.9470799999999996E-003   1.7988090767546122E+018
   8.9461799999999998E-003   1.8299446340845757E+018
   8.9452899999999998E-003   1.8596984037809321E+018
   8.9444799999999994E-003   1.8881286980909878E+018
   8.9436900000000007E-003   1.9112514364561203E+018
   8.9431900000000002E-003   1.9292195332157985E+018
   8.9426999999999996E-003   1.9577655680376041E+018
   8.9416300000000008E-003   1.9965403356584924E+018
   8.9405900000000000E-003   2.0269032897319665E+018
   8.9399900000000001E-003   2.0491438922408765E+018
   8.9394000000000001E-003   2.0815731640703693E+018
   8.9382699999999999E-003   2.1238412219055130E+018
   8.9371799999999994E-003   2.1686824227963648E+018
   8.9359499999999998E-003   2.2159892191130278E+018
   8.9347599999999999E-003   2.2528141747271457E+018
   8.9340900000000004E-003   2.2795351251363325E+018
   8.9334299999999991E-003   2.3062753818412749E+018
   8.9327599999999997E-003   2.3330362256635540E+018
   8.9321100000000000E-003   2.3698627012522383E+018
   8.9309699999999999E-003   2.4164288163029970E+018
   8.9298599999999995E-003   2.4571828838577300E+018
   8.9290199999999993E-003   2.4923324324407782E+018
   8.9282000000000007E-003   2.5248179915802194E+018
   8.9274999999999997E-003   2.5695569207957484E+018
   8.9261299999999991E-003   2.6312229364015468E+018
   8.9246700000000009E-003   2.6789359146869622E+018
   8.9239599999999999E-003   2.7104076663947802E+018
   8.9232600000000006E-003   2.7572547943646275E+018
   8.9218900000000000E-003   2.8189683304222147E+018
   8.9205599999999993E-003   2.8780852533529917E+018
   8.9193399999999996E-003   2.9267473167219302E+018
   8.9184799999999995E-003   2.9666689475034061E+018
   8.9176399999999992E-003   3.0236512421329009E+018
   8.9160400000000001E-003   3.0957927846314798E+018
   8.9144900000000006E-003   3.1674005921239306E+018
   8.9128999999999996E-003   3.2397485131919391E+018
   8.9113500000000002E-003   3.3051477333240878E+018
   8.9101400000000004E-003   3.3641391721252741E+018
   8.9089500000000005E-003   3.4379022956578504E+018
   8.9072400000000003E-003   3.5036624405911946E+018
   8.9064000000000001E-003   3.5470481154867599E+018
   8.9055799999999997E-003   3.6075099149422940E+018
   8.9041299999999997E-003   3.6844415932785469E+018
   8.9027099999999994E-003   3.7444047746524964E+018
   8.9019100000000007E-003   3.7876639348545070E+018
   8.9011300000000002E-003   3.8426378385383199E+018
   8.8999300000000003E-003   3.9090347989619697E+018
   8.8987500000000004E-003   3.9933428430681774E+018
   8.8969500000000007E-003   4.0718047501740508E+018
   8.8959999999999994E-003   4.1344763776881208E+018
   8.8947899999999996E-003   4.2046211184977705E+018
   8.8936099999999997E-003   4.2905415149436436E+018
   8.8918999999999995E-003   4.3665831318827382E+018
   8.8910599999999992E-003   4.4168165420391880E+018
   8.8902400000000006E-003   4.4945814522283131E+018
   8.8885300000000004E-003   4.5731259739801754E+018
   8.8876900000000002E-003   4.6250217976061645E+018
   8.8868599999999999E-003   4.6817082969758208E+018
   8.8858900000000005E-003   4.7430891926581002E+018
   8.8849299999999992E-003   4.8213355104624394E+018
   8.8834499999999993E-003   4.9159750751530465E+018
   8.8819999999999993E-003   4.9953236764739287E+018
   8.8810199999999999E-003   5.0598069101864950E+018
   8.8800500000000004E-003   5.1243528314934815E+018
   8.8790799999999993E-003   5.2245597616497613E+018
   8.8770800000000007E-003   5.3587167824263414E+018
   8.8751400000000001E-003   5.4956183575301468E+018
   8.8731200000000000E-003   5.6004815972150559E+018
   8.8721400000000006E-003   5.6696916754882570E+018
   8.8711699999999994E-003   5.7774486711694254E+018
   8.8691299999999994E-003   5.9223913468850852E+018
   8.8671600000000007E-003   6.0701233050909706E+018
   8.8651000000000008E-003   6.1831939124656630E+018
   8.8640999999999998E-003   6.2576914433467433E+018
   8.8631100000000004E-003   6.3342276476841574E+018
   8.8620599999999997E-003   6.4126900651845427E+018
   8.8610300000000006E-003   6.4904114800678758E+018
   8.8600099999999998E-003   6.5673789757407713E+018
   8.8590100000000005E-003   6.6463837347572224E+018
   8.8579499999999999E-003   6.7272916160361738E+018
   8.8569100000000008E-003   6.8469847859866296E+018
   8.8548700000000008E-003   6.9675181081950167E+018
   8.8538000000000002E-003   7.0505191064181422E+018
   8.8527499999999995E-003   7.1325201778801449E+018
   8.8517100000000005E-003   7.2135213073213993E+018
   8.8506799999999997E-003   7.2966822547959501E+018
   8.8495999999999991E-003   7.3814243542989742E+018
   8.8485300000000003E-003   7.4649896337708083E+018
   8.8474799999999996E-003   7.5474562179295887E+018
   8.8464500000000005E-003   7.6317704320721510E+018
   8.8453500000000001E-003   7.7177619860332585E+018
   8.8442699999999996E-003   7.8024633078296084E+018
   8.8432100000000007E-003   7.8859782563646423E+018
   8.8421600000000000E-003   7.9712716336513843E+018
   8.8410499999999996E-003   8.0581936076716605E+018
   8.8399599999999991E-003   8.1437182157263514E+018
   8.8388800000000003E-003   8.2280303770152950E+018
   8.8378199999999997E-003   8.3140769996867738E+018
   8.8366999999999994E-003   8.4018115301523087E+018
   8.8355900000000008E-003   8.4881311800622203E+018
   8.8345000000000003E-003   8.5733449070184284E+018
   8.8334299999999998E-003   8.6603988408968909E+018
   8.8322999999999995E-003   8.7492937750269962E+018
   8.8311799999999992E-003   8.8368835854762772E+018
   8.8300800000000006E-003   8.9235012786281677E+018
   8.8289900000000001E-003   9.0121464863635712E+018
   8.8278400000000000E-003   9.1028333917525699E+018
   8.8267099999999998E-003   9.1923713022714941E+018
   8.8255999999999994E-003   9.2810778670165606E+018
   8.8245000000000007E-003   9.3721288035635958E+018
   8.8233400000000007E-003   9.4651934146204488E+018
   8.8222000000000005E-003   9.5566136860185702E+018
   8.8210700000000003E-003   9.6486459991262822E+018
   8.8199600000000000E-003   9.7935517307653100E+018
   8.8176399999999999E-003   9.9865056366792581E+018
   8.8153799999999994E-003   1.0131406968815966E+019
   8.8141899999999995E-003   1.0231833569041148E+019
   8.8130199999999995E-003   1.0331309174447352E+019
   8.8118699999999994E-003   1.0431655542303789E+019
   8.8107399999999992E-003   1.0590558271659975E+019
   8.8083599999999995E-003   1.0801705253414226E+019
   8.8060499999999993E-003   1.0959959768482025E+019
   8.8048399999999995E-003   1.1070112540429070E+019
   8.8036399999999997E-003   1.1234934788476426E+019
   8.8013099999999997E-003   1.1459923098316208E+019
   8.7988700000000003E-003   1.1631065349039686E+019
   8.7976900000000004E-003   1.1745882947866468E+019
   8.7965100000000004E-003   1.1928044467567720E+019
   8.7940499999999994E-003   1.2169354088024486E+019
   8.7916699999999997E-003   1.2412573417176705E+019
   8.7891800000000006E-003   1.2598955462275682E+019
   8.7879599999999992E-003   1.2722598906636595E+019
   8.7867599999999994E-003   1.2917042914401573E+019
   8.7842500000000004E-003   1.3177776949652247E+019
   8.7817999999999993E-003   1.3444304336415902E+019
   8.7792500000000006E-003   1.3716390605947787E+019
   8.7767799999999997E-003   1.3920710812945297E+019
   8.7754800000000004E-003   1.4062428947099542E+019
   8.7741999999999994E-003   1.4279915256554877E+019
   8.7715999999999992E-003   1.4568063170012740E+019
   8.7690800000000003E-003   1.4856986610751752E+019
   8.7665399999999997E-003   1.5157274422166542E+019
   8.7638899999999999E-003   1.5463763879757916E+019
   8.7613199999999995E-003   1.5693583494517920E+019
   8.7599700000000006E-003   1.5934823807608375E+019
   8.7573200000000007E-003   1.6212916999429589E+019
   8.7553400000000003E-003   1.6457458566898860E+019
   8.7533100000000003E-003   1.6746570561952711E+019
   8.7506600000000004E-003   1.7083432853855140E+019
   8.7478999999999994E-003   1.7381359056466147E+019
   8.7458899999999992E-003   1.7639063775031716E+019
   8.7438099999999994E-003   1.7906060848697506E+019
   8.7417399999999996E-003   1.8171020165806782E+019
   8.7396999999999996E-003   1.8429751324690659E+019
   8.7377300000000008E-003   1.8682296032618562E+019
   8.7358000000000002E-003   1.8909089816603533E+019
   8.7342199999999991E-003   1.9113263574892138E+019
   8.7326599999999997E-003   1.9332260728111325E+019
   8.7308799999999999E-003   1.9562995694552166E+019
   8.7291299999999999E-003   1.9795101749010964E+019
   8.7273100000000003E-003   2.0031830005316452E+019
   8.7255300000000004E-003   2.0322364997109649E+019
   8.7229700000000000E-003   2.0652067195079135E+019
   8.7204799999999992E-003   2.0925596877562503E+019
   8.7186699999999995E-003   2.1158176257466647E+019
   8.7168899999999997E-003   2.1448454230365979E+019
   8.7142799999999996E-003   2.1778529668406129E+019
   8.7117400000000008E-003   2.2053230616909242E+019
   8.7098699999999998E-003   2.2284851615294644E+019
   8.7080300000000003E-003   2.2512867894704013E+019
   8.7061800000000009E-003   2.2739272537462501E+019
   8.7043599999999995E-003   2.3015166749493232E+019
   8.7017299999999995E-003   2.3325809270038135E+019
   8.6991800000000008E-003   2.3606351157202887E+019
   8.6969000000000005E-003   2.3865605084729139E+019
   8.6946799999999998E-003   2.4119164011925451E+019
   8.6924199999999993E-003   2.4369593091437933E+019
   8.6902100000000003E-003   2.4637425239443665E+019
   8.6875700000000004E-003   2.4919160863054561E+019
   8.6850100000000000E-003   2.5195128689271853E+019
   8.6823899999999999E-003   2.5463479874181026E+019
   8.6798399999999994E-003   2.5682175973977719E+019
   8.6779900000000000E-003   2.5870747384455692E+019
   8.6761700000000004E-003   2.6143164751996678E+019
   8.6728199999999995E-003   2.6480064652279788E+019
   8.6695999999999995E-003   2.6750246943175311E+019
   8.6673700000000006E-003   2.6974746267104215E+019
   8.6651999999999996E-003   2.7203079626866729E+019
   8.6630000000000006E-003   2.7433045120292991E+019
   8.6608499999999995E-003   2.7784306738700394E+019
   8.6565400000000008E-003   2.8140328493753491E+019
   8.6543799999999997E-003   2.8384911778369262E+019
   8.6522800000000000E-003   2.8681950068683215E+019
   8.6493799999999999E-003   2.8942484085147574E+019
   8.6479699999999996E-003   2.9116619921838510E+019
   8.6465799999999992E-003   2.9391469660623405E+019
   8.6436800000000008E-003   2.9672114984863793E+019
   8.6422700000000005E-003   2.9910571022835057E+019
   8.6401599999999992E-003   3.0206516160030220E+019
   8.6379999999999998E-003   3.0459004597602243E+019
   8.6365899999999995E-003   3.0769976566895772E+019
   8.6337500000000008E-003   3.1089312702349906E+019
   8.6323200000000006E-003   3.1306674214345089E+019
   8.6309100000000003E-003   3.1583929137539232E+019
   8.6287900000000008E-003   3.1928724916352913E+019
   8.6266299999999997E-003   3.2223187692294627E+019
   8.6252199999999994E-003   3.2458963160310821E+019
   8.6238300000000007E-003   3.2829750177788961E+019
   8.6209200000000007E-003   3.3273312735919342E+019
   8.6187999999999994E-003   3.3594981867342225E+019
   8.6173599999999993E-003   3.3930677607072383E+019
   8.6151700000000001E-003   3.4407543113371042E+019
   8.6123299999999996E-003   3.4824648391852859E+019
   8.6108399999999998E-003   3.5188158981194727E+019
   8.6086500000000007E-003   3.5623356758673658E+019
   8.6065099999999995E-003   3.6150512515064181E+019
   8.6035299999999999E-003   3.6654345219164475E+019
   8.6016800000000004E-003   3.7045840785550434E+019
   8.5998700000000008E-003   3.7529628233066627E+019
   8.5972400000000008E-003   3.8100218960356893E+019
   8.5946800000000004E-003   3.8731214922149495E+019
   8.5916199999999995E-003   3.9246418371087917E+019
   8.5901199999999997E-003   3.9591250895945155E+019
   8.5886399999999998E-003   4.0180306416933839E+019
   8.5851199999999999E-003   4.1004209371105624E+019
   8.5817099999999993E-003   4.1653452762497294E+019
   8.5797400000000006E-003   4.2275239891025207E+019
   8.5766200000000001E-003   4.3107152630128001E+019
   8.5730600000000004E-003   4.3854158111258386E+019
   8.5707000000000005E-003   4.4414426318438466E+019
   8.5686600000000005E-003   4.4937592895323374E+019
   8.5666500000000003E-003   4.5583898726498542E+019
   8.5637600000000001E-003   4.6327887156756546E+019
   8.5609399999999995E-003   4.7037019840567370E+019
   8.5584400000000005E-003   4.7702422521804186E+019
   8.5559899999999994E-003   4.8272026347597963E+019
   8.5542799999999992E-003   4.8739136504972575E+019
   8.5526000000000005E-003   4.9421856745673679E+019
   8.5493600000000006E-003   5.0331258082006794E+019
   8.5461900000000004E-003   5.1009772710059950E+019
   8.5445599999999997E-003   5.1477157656125112E+019
   8.5429500000000005E-003   5.2051776796500189E+019
   8.5406300000000004E-003   5.2729312422192234E+019
   8.5383400000000002E-003   5.3602798038127747E+019
   8.5347600000000006E-003   5.4689735925844173E+019
   8.5311499999999995E-003   5.5872650069299134E+019
   8.5270799999999994E-003   5.6939083199677538E+019
   8.5243000000000003E-003   5.7827064250016063E+019
   8.5214799999999997E-003   5.8921658070227517E+019
   8.5175100000000007E-003   6.0384135085556933E+019
   8.5125200000000008E-003   6.1569755001079357E+019
   8.5103300000000000E-003   6.2301569226995679E+019
   8.5081600000000007E-003   6.3162984727719289E+019
   8.5052400000000007E-003   6.4173310967110975E+019
   8.5022299999999995E-003   6.5198925458275205E+019
   8.4992699999999997E-003   6.6240961766329663E+019
   8.4962200000000005E-003   6.7310498129343947E+019
   8.4931599999999996E-003   6.8383687787320148E+019
   8.4901400000000002E-003   6.9295920823572890E+019
   8.4880200000000006E-003   7.0420096958932861E+019
   8.4838399999999994E-003   7.2147363756499034E+019
   8.4785199999999998E-003   7.3801996148556169E+019
   8.4747799999999995E-003   7.5089235180023235E+019
   8.4715199999999997E-003   7.6312366939558134E+019
   8.4682100000000003E-003   7.7975830920331756E+019
   8.4626500000000004E-003   7.9711443534987428E+019
   8.4589999999999995E-003   8.0779944396492390E+019
   8.4570400000000007E-003   8.1997515545319670E+019
   8.4526800000000006E-003   8.3670020394610737E+019
   8.4484000000000000E-003   8.4959594954745528E+019
   8.4460400000000001E-003   8.5877053633320124E+019
   8.4437100000000001E-003   8.7229377820933161E+019
   8.4391899999999992E-003   8.8999522174920081E+019
   8.4347699999999994E-003   9.0246267107256156E+019
   8.4329200000000000E-003   9.0980968661542945E+019
   8.4311000000000004E-003   9.2226725716046266E+019
   8.4267400000000003E-003   9.3973439283160515E+019
   8.4224599999999997E-003   9.5280058554739950E+019
   8.4202500000000007E-003   9.6181235770668515E+019
   8.4180599999999998E-003   9.7455447089370333E+019
   8.4140599999999992E-003   9.9096157648703242E+019
   8.4101300000000000E-003   1.0048829016984334E+020
   8.4073599999999991E-003   1.0163781990681523E+020
   8.4046299999999997E-003   1.0294867023214348E+020
   8.4011299999999997E-003   1.0441776389352933E+020
   8.3976699999999994E-003   1.0609174081525789E+020
   8.3932599999999996E-003   1.0796449803527517E+020
   8.3889099999999994E-003   1.0968607029968108E+020
   8.3852400000000004E-003   1.1191070834715546E+020
   8.3786499999999996E-003   1.1397857453446241E+020
   8.3757299999999996E-003   1.1533539991005995E+020
   8.3724799999999999E-003   1.1676267307411597E+020
   8.3692699999999998E-003   1.1896623185161699E+020
   8.3625899999999996E-003   1.2192475758917671E+020
   8.3560600000000002E-003   1.2498162082836115E+020
   8.3490900000000000E-003   1.2813389105242240E+020
   8.3422700000000006E-003   1.3053144774602781E+020
   8.3385999999999998E-003   1.3222529657565677E+020
   8.3349700000000006E-003   1.3401808055083092E+020
   8.3309100000000004E-003   1.3590873037826130E+020
   8.3269099999999999E-003   1.3770261584285650E+020
   8.3233000000000005E-003   1.3940252056752415E+020
   8.3197400000000008E-003   1.4144351930076542E+020
   8.3147499999999992E-003   1.4381851781065241E+020
   8.3098300000000007E-003   1.4645245107212298E+020
   8.3038499999999998E-003   1.4933608413270255E+020
   8.2979799999999999E-003   1.5203081852008848E+020
   8.2928299999999993E-003   1.5454754137349171E+020
   8.2877699999999999E-003   1.5715513691743371E+020
   8.2822699999999996E-003   1.5961214597101450E+020
   8.2779800000000008E-003   1.6175910917555277E+020
   8.2737399999999999E-003   1.6465131376591241E+020
   8.2665700000000009E-003   1.6827029078941824E+020
   8.2595499999999992E-003   1.7168861845992014E+020
   8.2533099999999998E-003   1.7489969638580368E+020
   8.2471699999999998E-003   1.7789648265853108E+020
   8.2417399999999991E-003   1.8176432243386155E+020
   8.2325100000000002E-003   1.8517780021436246E+020
   8.2288499999999994E-003   1.8712361296876100E+020
   8.2252200000000001E-003   1.9002095560157466E+020
   8.2180699999999992E-003   1.9384974868970550E+020
   8.2110599999999992E-003   1.9695215840477977E+020
   8.2066699999999992E-003   1.9934455622366881E+020
   8.2023200000000008E-003   2.0215328915832504E+020
   8.1964700000000008E-003   2.0537052911639308E+020
   8.1907100000000004E-003   2.0894391100331636E+020
   8.1836700000000005E-003   2.1374191340724745E+020
   8.1736699999999992E-003   2.1858669662492521E+020
   8.1665799999999997E-003   2.2175560757191229E+020
   8.1625799999999991E-003   2.2533488508945446E+020
   8.1541700000000005E-003   2.3016076117018309E+020
   8.1459299999999991E-003   2.3382178749929043E+020
   8.1416100000000005E-003   2.3635316867998895E+020
   8.1373200000000000E-003   2.3886938603785434E+020
   8.1330800000000009E-003   2.4137203152806504E+020
   8.1288799999999998E-003   2.4526160656719138E+020
   8.1200600000000001E-003   2.5050922400263009E+020
   8.1114099999999995E-003   2.5586999192979702E+020
   8.1023699999999994E-003   2.6134175187113322E+020
   8.0935099999999999E-003   2.6549785272824686E+020
   8.0888599999999998E-003   2.6836593915162768E+020
   8.0842499999999994E-003   2.7121855225439440E+020
   8.0796900000000005E-003   2.7405603868898388E+020
   8.0751699999999996E-003   2.7846652825850544E+020
   8.0656900000000004E-003   2.8441477519049392E+020
   8.0563900000000001E-003   2.8891318018212440E+020
   8.0515099999999996E-003   2.9203046649496315E+020
   8.0466800000000005E-003   2.9513119171947974E+020
   8.0418899999999995E-003   2.9821559686370551E+020
   8.0371499999999998E-003   3.0300748117579052E+020
   8.0272000000000000E-003   3.0947320173682164E+020
   8.0174500000000006E-003   3.1606458023599138E+020
   8.0072600000000004E-003   3.2280559577300002E+020
   7.9972700000000008E-003   3.2792704492757896E+020
   7.9920300000000007E-003   3.3145969427056316E+020
   7.9868400000000003E-003   3.3497387794775907E+020
   7.9816999999999996E-003   3.3847052445185239E+020
   7.9766000000000004E-003   3.4390026629278840E+020
   7.9659199999999996E-003   3.5122700440629346E+020
   7.9554499999999993E-003   3.5676625311951690E+020
   7.9499500000000008E-003   3.6060474413525867E+020
   7.9445100000000001E-003   3.6442350117642443E+020
   7.9391199999999992E-003   3.6822277642359118E+020
   7.9337799999999997E-003   3.7412275874967867E+020
   7.9225900000000002E-003   3.8208466712121383E+020
   7.9115999999999995E-003   3.9021158274722497E+020
   7.9001399999999999E-003   3.9851145884978446E+020
   7.8889000000000008E-003   4.0481788386411741E+020
   7.8830099999999993E-003   4.0916665110122535E+020
   7.8771699999999993E-003   4.1349349559619676E+020
   7.8713900000000007E-003   4.1779939155517309E+020
   7.8656600000000000E-003   4.2448153850183949E+020
   7.8536500000000002E-003   4.3349954471342716E+020
   7.8418800000000007E-003   4.4032022832424799E+020
   7.8356999999999993E-003   4.4504278985507412E+020
   7.8295900000000009E-003   4.5207711517563191E+020
   7.8175299999999996E-003   4.6168037781480912E+020
   7.8049599999999997E-003   4.6904595170982842E+020
   7.7987600000000001E-003   4.7391555706921130E+020
   7.7926200000000001E-003   4.8147580558590470E+020
   7.7797600000000001E-003   4.9168020364194513E+020
   7.7671299999999997E-003   4.9939691390778560E+020
   7.7605199999999999E-003   5.0474074754709802E+020
   7.7539699999999998E-003   5.1146184085612180E+020
   7.7440599999999997E-003   5.1955389288112272E+020
   7.7342899999999996E-003   5.2774271933784673E+020
   7.7242600000000002E-003   5.3604600756203081E+020
   7.7143799999999998E-003   5.4454869255848061E+020
   7.7040199999999998E-003   5.5324429589294055E+020
   7.6938099999999997E-003   5.6205627804453955E+020
   7.6833300000000004E-003   5.7368831200836275E+020
   7.6667599999999999E-003   5.8620823634871425E+020
   7.6544300000000003E-003   5.9704652283874850E+020
   7.6419799999999996E-003   6.0807039138477441E+020
   7.6294300000000004E-003   6.2073392956682273E+020
   7.6135300000000003E-003   6.3357653413843488E+020
   7.6007899999999996E-003   6.4531724916666099E+020
   7.5875999999999999E-003   6.5735624309424285E+020
   7.5744000000000002E-003   6.6883597840693409E+020
   7.5626100000000000E-003   6.7948022724560984E+020
   7.5513700000000000E-003   6.9214241352531431E+020
   7.5354200000000001E-003   7.0574598219450574E+020
   7.5222900000000001E-003   7.1741403769675724E+020
   7.5105299999999996E-003   7.2932428956330099E+020
   7.4966499999999997E-003   7.4307501737344500E+020
   7.4814299999999999E-003   7.5502070723971410E+020
   7.4714200000000003E-003   7.6592382194100142E+020
   7.4573499999999997E-003   7.7968951346381101E+020
   7.4408000000000000E-003   7.9270151183865518E+020
   7.4248600000000001E-003   8.0489412620758404E+020
   7.4101000000000002E-003   8.1327435265940416E+020
   7.3959500000000001E-003   8.1947591377738321E+020
   7.3799699999999996E-003   8.1640257058025439E+020
   7.3736499999999998E-003   8.2371594828631061E+020
   7.3587100000000001E-003   8.0685639845262249E+020
   7.3391500000000000E-003   8.0256215377195526E+020
   7.3252800000000000E-003   7.7409617703899772E+020
   7.3118799999999998E-003   7.2659605617872011E+020
   7.2966500000000000E-003   6.9875861537593662E+020
   7.2826799999999997E-003   6.8106889197980156E+020
   7.2767500000000002E-003   6.5505678168116743E+020
   7.2708599999999996E-003   6.3034183782704008E+020
   7.2564900000000000E-003   6.0890476934345038E+020
   7.2507200000000004E-003   5.9668848336097522E+020
   7.2441299999999997E-003   5.7317332508731546E+020
   7.2389999999999998E-003   5.7167584261486445E+020
   7.2308600000000004E-003   5.5879221230872586E+020
   7.2256600000000001E-003   5.4127094505933491E+020
   7.2207800000000004E-003   5.3079080954681799E+020
   7.2163599999999998E-003   5.3352105768864914E+020
   7.2110799999999999E-003   5.1666257114111469E+020
   7.2052599999999998E-003   5.0323824653638953E+020
   7.1994600000000004E-003   4.9992255817250341E+020
   7.1959499999999996E-003   4.9724075079429744E+020
   7.1911600000000003E-003   4.8961940682361458E+020
   7.1887799999999996E-003   4.8605944618425765E+020
   7.1869899999999999E-003   4.8256247403052886E+020
   7.1828100000000004E-003   4.8057936371059825E+020
   7.1804099999999999E-003   4.7840853996330208E+020
   7.1770899999999997E-003   4.7569138276116103E+020
   7.1743600000000003E-003   4.7056513825203067E+020
   7.1682999999999998E-003   4.6464357196546664E+020
   7.1637500000000000E-003   4.6276901157088441E+020
   7.1586100000000001E-003   4.5648752925123727E+020
   7.1525900000000003E-003   4.5266547866295134E+020
   7.1478599999999998E-003   4.4989744830383961E+020
   7.1433499999999997E-003   4.4646361029398548E+020
   7.1389799999999996E-003   4.4447424979168612E+020
   7.1349999999999998E-003   4.4176401324664494E+020
   7.1299500000000003E-003   4.3979254895533287E+020
   7.1278699999999997E-003   4.3825916665964475E+020
   7.1237200000000001E-003   4.3627729759233062E+020
   7.1209699999999999E-003   4.3468725489736686E+020
   7.1168500000000001E-003   4.3326137902683338E+020
   7.1148000000000001E-003   4.3192873376392597E+020
   7.1107899999999996E-003   4.3026574445290219E+020
   7.1069000000000002E-003   4.2908020511721148E+020
   7.1049499999999996E-003   4.2818098634056814E+020
   7.1024299999999999E-003   4.2676693272533447E+020
   7.0973900000000003E-003   4.2501329984546996E+020
   7.0923799999999997E-003   4.2338988881020944E+020
   7.0873899999999998E-003   4.2225892718114275E+020
   7.0849099999999998E-003   4.2167001227064594E+020
   7.0830499999999996E-003   4.2090585350947766E+020
   7.0793300000000000E-003   4.1994653643231409E+020
   7.0756800000000000E-003   4.1906547397883049E+020
   7.0720899999999996E-003   4.1825160600731025E+020
   7.0685599999999998E-003   4.1750786835092216E+020
   7.0650900000000004E-003   4.1669840398368742E+020
   7.0605499999999996E-003   4.1600649860024769E+020
   7.0577599999999997E-003   4.1552395438382724E+020
   7.0549699999999998E-003   4.1494869509704430E+020
   7.0503900000000001E-003   4.1436422124067442E+020
   7.0467899999999998E-003   4.1392467420012977E+020
   7.0436099999999996E-003   4.1358525345927850E+020
   7.0408600000000003E-003   4.1319047133221998E+020
   7.0362500000000000E-003   4.1281859980872430E+020
   7.0314300000000000E-003   4.1224505323455604E+020
   7.0252099999999996E-003   4.1251299970348365E+020
   7.0222799999999997E-003   4.1204276456225977E+020
   7.0193499999999997E-003   4.1155666295347773E+020
   7.0149799999999997E-003   4.1224403383514661E+020
   7.0091700000000003E-003   4.1191717164040756E+020
   7.0062800000000001E-003   4.1151759894482256E+020
   7.0033900000000000E-003   4.1235293272925753E+020
   6.9989099999999997E-003   4.1224900486488090E+020
   6.9926399999999996E-003   4.1248849400410171E+020
   6.9890100000000004E-003   4.1275168545792367E+020
   6.9828599999999996E-003   4.1314274788206025E+020
   6.9768100000000000E-003   4.1322328962076384E+020
   6.9733699999999996E-003   4.1442705005933370E+020
   6.9711599999999997E-003   4.1422869477418362E+020
   6.9667499999999999E-003   4.1478004156253661E+020
   6.9614100000000003E-003   4.1529953200536440E+020
   6.9582699999999999E-003   4.1581155226598389E+020
   6.9532500000000002E-003   4.1633051129669196E+020
   6.9507400000000004E-003   4.1687476918420505E+020
   6.9458599999999999E-003   4.1781370517868649E+020
   6.9387399999999997E-003   4.1881455905847542E+020
   6.9338600000000000E-003   4.1967670816070559E+020
   6.9290100000000002E-003   4.2092611202707128E+020
   6.9206700000000003E-003   4.2217550384544068E+020
   6.9162299999999998E-003   4.2329630347178318E+020
   6.9088600000000002E-003   4.2486982690872984E+020
   6.9054900000000002E-003   4.2513954949882878E+020
   6.9034700000000001E-003   4.2572783051931982E+020
   6.9007900000000004E-003   4.2674839005826299E+020
   6.8948700000000000E-003   4.2818387230883335E+020
   6.8888999999999999E-003   4.2969204859589139E+020
   6.8820599999999997E-003   4.3150523157402590E+020
   6.8763699999999997E-003   4.3271380759935628E+020
   6.8720700000000001E-003   4.3422560519531201E+020
   6.8655299999999999E-003   4.3593078900069872E+020
   6.8601799999999996E-003   4.3717290391483731E+020
   6.8570000000000002E-003   4.3839489127683942E+020
   6.8510000000000003E-003   4.4019088817989367E+020
   6.8467399999999996E-003   4.4134192334878992E+020
   6.8424899999999997E-003   4.4313356589595905E+020
   6.8350800000000003E-003   4.4514161161926417E+020
   6.8308700000000002E-003   4.4678563585255303E+020
   6.8245700000000003E-003   4.4910508491612455E+020
   6.8169600000000004E-003   4.5142039650638928E+020
   6.8109900000000003E-003   4.5329774237013384E+020
   6.8062299999999999E-003   4.5513836949064378E+020
   6.8003100000000004E-003   4.5757389127286076E+020
   6.7934600000000003E-003   4.6003131671406549E+020
   6.7866500000000000E-003   4.6266684818474533E+020
   6.7795199999999998E-003   4.6530218025614567E+020
   6.7728700000000003E-003   4.6828191695922961E+020
   6.7642900000000001E-003   4.7146488385126040E+020
   6.7566500000000003E-003   4.7489932917227723E+020
   6.7478299999999998E-003   4.7841474048695815E+020
   6.7390699999999998E-003   4.8273233464849551E+020
   6.7280800000000000E-003   4.8737375400575821E+020
   6.7171799999999997E-003   4.9335488506770496E+020
   6.7009799999999996E-003   5.0122662692209092E+020
   6.6822000000000001E-003   5.0916059514255658E+020
   6.6665600000000002E-003   5.1657298074921750E+020
   6.6505499999999999E-003   5.2461076675823803E+020
   6.6331100000000002E-003   5.3331189209591729E+020
   6.6145099999999997E-003   5.4341604782571953E+020
   6.5920500000000003E-003   5.5313255142934027E+020
   6.5754200000000002E-003   5.6236380113608258E+020
   6.5554699999999999E-003   5.7244762167943594E+020
   6.5357599999999998E-003   5.8171692137963998E+020
   6.5194299999999997E-003   5.8872701221631427E+020
   6.5087599999999997E-003   5.9635556633384360E+020
   6.4902800000000002E-003   6.0421532980101631E+020
   6.4789599999999998E-003   6.1319694952869108E+020
   6.4565600000000001E-003   6.2360558080064094E+020
   6.4402699999999997E-003   6.3242023224066848E+020
   6.4241300000000001E-003   6.4045448349847624E+020
   6.4109800000000002E-003   6.4770327970052663E+020
   6.3979199999999996E-003   6.5980596285102909E+020
   6.3676499999999999E-003   6.7681856133044306E+020
   6.3379100000000004E-003   6.8928273585959888E+020
   6.3243300000000004E-003   7.0013443710367105E+020
   6.3006299999999998E-003   7.1009164339286940E+020
   6.2904600000000003E-003   7.2036548362322851E+020
   6.2660099999999998E-003   7.3494827698809759E+020
   6.2418899999999999E-003   7.4650834449745314E+020
   6.2279700000000002E-003   7.5501245942887062E+020
   6.2141499999999999E-003   7.6589340827619846E+020
   6.1927800000000002E-003   7.7916687943230108E+020
   6.1716499999999999E-003   7.9032316108662060E+020
   6.1574200000000003E-003   7.9934857384748424E+020
   6.1432900000000000E-003   8.1324266707413198E+020
   6.1141700000000004E-003   8.3205511115599957E+020
   6.0854699999999999E-003   8.4760580963174580E+020
   6.0670100000000003E-003   8.5985398543126299E+020
   6.0487199999999996E-003   8.6972075910926447E+020
   6.0376500000000003E-003   8.7718752431175225E+020
   6.0266399999999998E-003   8.8988066197253849E+020
   6.0003799999999996E-003   9.1149487546374121E+020
   5.9639599999999999E-003   9.3426813369757375E+020
   5.9353799999999996E-003   9.5080241609381485E+020
   5.9173999999999997E-003   9.6557883771362581E+020
   5.8941899999999997E-003   9.8231820105664404E+020
   5.8712299999999999E-003   1.0021803536396019E+021
   5.8400600000000002E-003   1.0254777580172547E+021
   5.8086199999999996E-003   1.0433355468365180E+021
   5.7926999999999996E-003   1.0554032033765770E+021
   5.7768899999999998E-003   1.0738899750999668E+021
   5.7445300000000003E-003   1.0988941430688445E+021
   5.7126099999999999E-003   1.1244930338512403E+021
   5.6796800000000003E-003   1.1507033874787794E+021
   5.6471799999999999E-003   1.1775406316407525E+021
   5.6136700000000003E-003   1.2050173172757032E+021
   5.5805899999999999E-003   1.2331489925229668E+021
   5.5464900000000003E-003   1.2619550821268668E+021
   5.5128199999999999E-003   1.2914517436246857E+021
   5.4781099999999996E-003   1.3216534126884723E+021
   5.4438300000000002E-003   1.3446447291516026E+021
   5.4263000000000002E-003   1.3602896883456415E+021
   5.4088699999999997E-003   1.3842412470424924E+021
   5.3732299999999997E-003   1.4166657404437725E+021
   5.3380099999999998E-003   1.4413557885204759E+021
   5.3200000000000001E-003   1.4581538656983641E+021
   5.3020999999999997E-003   1.4836861098544889E+021
   5.2658699999999998E-003   1.5184970813728754E+021
   5.2293000000000001E-003   1.5541449038395846E+021
   5.1923999999999998E-003   1.5906503193875723E+021
   5.1551699999999997E-003   1.6280230270221565E+021
   5.1175900000000000E-003   1.6663090145400088E+021
   5.0796699999999997E-003   1.7055065025555577E+021
   5.0413999999999997E-003   1.7456505054100033E+021
   5.0027700000000001E-003   1.7867587385805989E+021
   4.9637700000000002E-003   1.8288569901526625E+021
   4.9244199999999997E-003   1.8611586944571524E+021
   4.9045000000000000E-003   1.8829740779057069E+021
   4.8846899999999997E-003   1.9050499324385299E+021
   4.8645900000000002E-003   1.9273902712665148E+021
   4.8445800000000002E-003   1.9564783502911154E+021
   4.8127500000000002E-003   1.9924642523785871E+021
   4.7811499999999996E-003   2.0224020439172944E+021
   4.7605499999999997E-003   2.0461369623373996E+021
   4.7400500000000000E-003   2.0701481204079051E+021
   4.7192500000000004E-003   2.0944382691169573E+021
   4.6985500000000001E-003   2.1190111464255295E+021
   4.6775499999999999E-003   2.1438668532337397E+021
   4.6566400000000001E-003   2.1690107313942257E+021
   4.6354400000000002E-003   2.1944395203497474E+021
   4.6143199999999999E-003   2.2201532922169870E+021
   4.5929100000000004E-003   2.2461736603904455E+021
   4.5715799999999996E-003   2.2724955017852113E+021
   4.5499599999999996E-003   2.2991377058132706E+021
   4.5284100000000001E-003   2.3260941823780043E+021
   4.5065699999999997E-003   2.3533914622871719E+021
   4.4847999999999997E-003   2.3810177886357621E+021
   4.4627399999999998E-003   2.4090157085469332E+021
   4.4407500000000003E-003   2.4373712310655501E+021
   4.4184599999999999E-003   2.4661208774223525E+021
   4.3962400000000000E-003   2.4952515321928462E+021
   4.3737200000000002E-003   2.5248031344293131E+021
   4.3512700000000000E-003   2.5548772700440541E+021
   4.3285099999999998E-003   2.5850531726462429E+021
   4.3058200000000001E-003   2.6153578457435173E+021
   4.2828199999999997E-003   2.6461255490063491E+021
   4.2598799999999997E-003   2.6552708491170666E+021
   4.2367400000000001E-003   2.6875023832901731E+021
   4.2134700000000004E-003   2.7201282767909861E+021
   4.1900699999999997E-003   2.7531532149386851E+021
   4.1665499999999998E-003   2.7865819247431563E+021
   4.1428899999999998E-003   2.8204191783323068E+021
   4.1190999999999997E-003   2.8546697969641314E+021
   4.0951800000000003E-003   2.8893386437165848E+021
   4.0711200000000001E-003   2.9244306348781066E+021
   4.0469199999999999E-003   2.9599507248320290E+021
   4.0225900000000004E-003   2.9959039257270461E+021
   3.9981100000000000E-003   3.0322952709100688E+021
   3.9734899999999997E-003   3.0691298642239433E+021
   3.9487200000000002E-003   3.1064128296833138E+021
   3.9237999999999999E-003   3.1441493451777161E+021
   3.8987399999999999E-003   3.1823446246461952E+021
   3.8735200000000001E-003   3.2210039223308271E+021
   3.8481499999999998E-003   3.2601325321429854E+021
   3.8226200000000001E-003   3.2997357730972508E+021
   3.7969200000000001E-003   3.3398190164673797E+021
   3.7710700000000001E-003   3.3803876569462462E+021
   3.7450500000000002E-003   3.4214471115828809E+021
   3.7188600000000000E-003   3.4630028422636970E+021
   3.6925000000000000E-003   3.5050603257437220E+021
   3.6659700000000002E-003   3.5476250568652971E+021
   3.6392600000000001E-003   3.5907025562145994E+021
   3.6123700000000002E-003   3.6342983590648616E+021
   3.5852900000000001E-003   3.6784180075277525E+021
   3.5580299999999998E-003   3.7230655263478996E+021
   3.5305699999999998E-003   3.7682458526922567E+021
   3.5029200000000001E-003   3.8139645633734236E+021
   3.4750699999999998E-003   3.8602270638745479E+021
   3.4470099999999999E-003   3.9070387300960101E+021
   3.4187499999999999E-003   3.9544048924076823E+021
   3.3902799999999999E-003   4.0023308537091714E+021
   3.3615799999999999E-003   4.0508218492317524E+021
   3.3326699999999998E-003   4.0998830405112399E+021
   3.3035199999999999E-003   4.1495195139156518E+021
   3.2741500000000000E-003   4.1997362368978962E+021
   3.2445299999999998E-003   4.2505380549342113E+021
   3.2146700000000002E-003   4.3019296748367365E+021
   3.1845599999999999E-003   4.3539156037440493E+021
   3.1541999999999998E-003   4.4065001343014415E+021
   3.1235600000000001E-003   4.4596872966834666E+021
   3.0926600000000001E-003   4.5134808280808544E+021
   3.0614800000000001E-003   4.5678840847562682E+021
   3.0300100000000001E-003   4.6229000044571724E+021
   2.9982400000000001E-003   4.6785310588463795E+021
   2.9661800000000001E-003   4.7347792175895822E+021
   2.9337999999999999E-003   4.7916459407812791E+021
   2.9010899999999998E-003   4.8491323017643258E+021
   2.8680500000000000E-003   4.9072392489336161E+021
   2.8346700000000001E-003   4.9659681066996864E+021
   2.8009300000000001E-003   5.0253214667064853E+021
   2.7668300000000001E-003   5.0853045293025245E+021
   2.7323400000000002E-003   5.1459266345051556E+021
   2.6974600000000000E-003   5.2072026891339526E+021
   2.6621700000000002E-003   5.2691532148686465E+021
   2.6264499999999998E-003   5.3318017593134117E+021
   2.5902899999999999E-003   5.3951690784745246E+021
   2.5536700000000001E-003   5.4596410870759267E+021
   2.5165700000000001E-003   5.5242352103653051E+021
   2.4789700000000000E-003   5.5895181005344515E+021
   2.4408500000000001E-003   5.6554587972539987E+021
   2.4021799999999999E-003   5.7220238897219518E+021
   2.3629400000000000E-003   5.7891819334647656E+021
   2.3230999999999998E-003   5.8609400255525526E+021
   2.2826399999999998E-003   5.9310952432796225E+021
   2.2415099999999999E-003   6.0033395465493875E+021
   2.1996799999999999E-003   6.0778602012709172E+021
   2.1571199999999998E-003   6.1548729098710328E+021
   2.1137600000000001E-003   6.2329184880611788E+021
   2.0695700000000002E-003   6.3120110938068510E+021
   2.0244999999999998E-003   6.3921689190940856E+021
   1.9784799999999999E-003   6.4734049219093715E+021
   1.9314400000000000E-003   6.5554684129088771E+021
   1.8836400000000000E-003   6.6388932909901063E+021
   1.8340200000000000E-003   6.7237421701988268E+021
   1.7834500000000000E-003   6.8094486552564403E+021
   1.7315000000000000E-003   6.8853869184206085E+021
   1.6918500000000000E-003   6.9512127631805267E+021
   1.6507099999999999E-003   7.0449464091487345E+021
   1.5732200000000000E-003   7.1412657419908389E+021
   1.5298300000000000E-003   7.2096939952492302E+021
   1.4843400000000000E-003   7.3124678519702768E+021
   1.3900399999999999E-003   7.4300830263764991E+021
   1.3249500000000001E-003   7.5232493698772464E+021
   1.2570500000000000E-003   7.6192901714905913E+021
   1.1820699999999999E-003   7.7189675454706347E+021
   1.1022199999999999E-003   7.8230006847031319E+021
   1.0103099999999999E-003   7.9363230602896825E+021
   9.0069000000000000E-004   8.0806214184297143E+021
   7.0746999999999997E-004   8.2316843715884703E+021
   5.6868000000000001E-004   8.3160537330031327E+021
   4.8487999999999998E-004   8.3690913803109138E+021
   3.8355000000000003E-004   8.4128224566231391E+021
   3.1432999999999998E-004   8.4393693650105097E+021
   2.5108999999999998E-004   8.4576822999183744E+021
   2.0195000000000000E-004   8.4695538879545737E+021
   1.6442000000000000E-004   8.4765630489510795E+021
   1.3663999999999999E-004   8.4809816002181611E+021
   1.1707000000000000E-004   8.4834330839239476E+021
   1.0420000000000000E-004   8.4853728924667080E+021
   8.7000000000000001E-005   8.4872909985771181E+021
   6.9049999999999998E-005   8.4887640035205233E+021
   5.4799999999999997E-005   8.4897320928469896E+021
   4.3500000000000000E-005   8.4903205395403962E+021
   3.4520000000000002E-005   8.4906895076377651E+021
   2.7399999999999999E-005   8.4909391949374329E+021
   2.1750000000000000E-005   8.4910861019412452E+021
   1.7260000000000001E-005   8.4911866377997396E+021
   1.3699999999999999E-005   8.4912723923106057E+021
