   8.8777999999999999E-003   5608595741117753.0     
   8.8777999999999999E-003   5812398791979010.0     
   8.8777900000000000E-003   6008507047605487.0     
   8.8777900000000000E-003   6197583885820468.0     
   8.8777900000000000E-003   6380146520934946.0     
   8.8777900000000000E-003   6556612517883958.0     
   8.8777900000000000E-003   6727378074745911.0     
   8.8777900000000000E-003   6892797293360126.0     
   8.8777900000000000E-003   7053186396779393.0     
   8.8777900000000000E-003   7208826587620679.0     
   8.8777900000000000E-003   7359970238361197.0     
   8.8777900000000000E-003   7506830601739689.0     
   8.8777900000000000E-003   7649607712117888.0     
   8.8777900000000000E-003   7788491644244171.0     
   8.8777900000000000E-003   7923644133879040.0     
   8.8777900000000000E-003   8055241388871194.0     
   8.8777900000000000E-003   8183428013275930.0     
   8.8777900000000000E-003   8308347473349374.0     
   8.8777800000000000E-003   8430118768544715.0     
   8.8777800000000000E-003   8548853598996676.0     
   8.8777800000000000E-003   8693175521051241.0     
   8.8777800000000000E-003   8860486450767592.0     
   8.8777800000000000E-003   9021679010759144.0     
   8.8777800000000000E-003   9177010381877306.0     
   8.8777800000000000E-003   9302057161102116.0     
   8.8777800000000000E-003   9399383005567838.0     
   8.8777800000000000E-003   9494296688635914.0     
   8.8777800000000000E-003   9586841632256978.0     
   8.8777800000000000E-003   9699306687487772.0     
   8.8777800000000000E-003   9829415029227786.0     
   8.8777800000000000E-003   9954374335410032.0     
   8.8777800000000000E-003   10074237924829660.     
   8.8777800000000000E-003   10170103077355560.     
   8.8777800000000000E-003   10244342103572530.     
   8.8777800000000000E-003   10316281021840986.     
   8.8777800000000000E-003   10386892547118402.     
   8.8777800000000000E-003   10490887643599376.     
   8.8777700000000001E-003   10593039518305250.     
   8.8777700000000001E-003   10659951524826930.     
   8.8777700000000001E-003   10758618783375828.     
   8.8777700000000001E-003   10887463845971534.     
   8.8777700000000001E-003   11013227941716296.     
   8.8777700000000001E-003   11136065802175514.     
   8.8777700000000001E-003   11226459039006590.     
   8.8777700000000001E-003   11285820251330202.     
   8.8777700000000001E-003   11373580634936442.     
   8.8777700000000001E-003   11488526080168696.     
   8.8777700000000001E-003   11601090193848140.     
   8.8777700000000001E-003   11711382747152222.     
   8.8777700000000001E-003   11819511752797252.     
   8.8777700000000001E-003   11942973055446408.     
   8.8777700000000001E-003   12080869088779904.     
   8.8777700000000001E-003   12215433427011242.     
   8.8777700000000001E-003   12346836250107594.     
   8.8777600000000002E-003   12475246955103098.     
   8.8777600000000002E-003   12600795423413816.     
   8.8777600000000002E-003   12723622076940008.     
   8.8777600000000002E-003   12843847211885824.     
   8.8777600000000002E-003   12976093965366370.     
   8.8777600000000002E-003   13119598009715672.     
   8.8777600000000002E-003   13259616756192534.     
   8.8777600000000002E-003   13362538847068094.     
   8.8777600000000002E-003   13430100610626296.     
   8.8777600000000002E-003   13529927279479432.     
   8.8777600000000002E-003   13660544538041362.     
   8.8777600000000002E-003   13788325197314248.     
   8.8777600000000002E-003   13913410529928266.     
   8.8777500000000002E-003   14035919689215186.     
   8.8777500000000002E-003   14155970323827660.     
   8.8777500000000002E-003   14273679942397308.     
   8.8777500000000002E-003   14389141097908280.     
   8.8777500000000002E-003   14502455433586056.     
   8.8777500000000002E-003   14613718672546332.     
   8.8777500000000002E-003   14776764049070458.     
   8.8777500000000002E-003   14962062180217450.     
   8.8777500000000002E-003   15116581870378292.     
   8.8777500000000002E-003   15267474307875298.     
   8.8777400000000003E-003   15378456607836052.     
   8.8777400000000003E-003   15451363183113526.     
   8.8777400000000003E-003   15559139923396078.     
   8.8777400000000003E-003   15700280400776450.     
   8.8777400000000003E-003   15906303527167616.     
   8.8777400000000003E-003   16106816177990234.     
   8.8777400000000003E-003   16237167224768230.     
   8.8777400000000003E-003   16365130863088836.     
   8.8777400000000003E-003   16490822433189064.     
   8.8777400000000003E-003   16614329917154844.     
   8.8777300000000003E-003   16735752275094158.     
   8.8777300000000003E-003   16855172107349272.     
   8.8777300000000003E-003   16972674051825632.     
   8.8777300000000003E-003   17107370671733686.     
   8.8777300000000003E-003   17258433100915254.     
   8.8777300000000003E-003   17479173333367472.     
   8.8777300000000003E-003   17694183862376778.     
   8.8777300000000003E-003   17834084038615506.     
   8.8777200000000004E-003   17971503861040896.     
   8.8777200000000004E-003   18106539975856716.     
   8.8777200000000004E-003   18255704407658412.     
   8.8777200000000004E-003   18418274081299052.     
   8.8777200000000004E-003   18577626841917672.     
   8.8777200000000004E-003   18733920707883604.     
   8.8777200000000004E-003   18887320689195824.     
   8.8777100000000005E-003   19037959684306100.     
   8.8777100000000005E-003   19258798660955368.     
   8.8777100000000005E-003   19488780773216140.     
   8.8777100000000005E-003   19657311237695064.     
   8.8777100000000005E-003   19822758752345036.     
   8.8777100000000005E-003   19985298894253548.     
   8.8777000000000005E-003   20145083436615548.     
   8.8777000000000005E-003   20302261418430624.     
   8.8777000000000005E-003   20456950131717392.     
   8.8777000000000005E-003   20609266339238304.     
   8.8777000000000005E-003   20759335899979160.     
   8.8777000000000005E-003   20907258247078704.     
   8.8777000000000005E-003   21053113723070116.     
   8.8776900000000006E-003   21197003809490304.     
   8.8776900000000006E-003   21409104426599592.     
   8.8776900000000006E-003   21685948363706256.     
   8.8776900000000006E-003   21956105466734416.     
   8.8776800000000006E-003   22220002403178348.     
   8.8776800000000006E-003   22478011675773156.     
   8.8776800000000006E-003   22730476068859352.     
   8.8776800000000006E-003   22977690531330932.     
   8.8776700000000007E-003   23219902346692060.     
   8.8776700000000007E-003   23457360349590960.     
   8.8776700000000007E-003   23690298949486672.     
   8.8776700000000007E-003   23918930628599432.     
   8.8776600000000008E-003   24143447399313444.     
   8.8776600000000008E-003   24364028414913028.     
   8.8776600000000008E-003   24580831639019712.     
   8.8776600000000008E-003   24794008969615660.     
   8.8776500000000008E-003   25003693311662796.     
   8.8776500000000008E-003   25311701972285444.     
   8.8776500000000008E-003   25711760261349428.     
   8.8776399999999991E-003   26004344503647356.     
   8.8776399999999991E-003   26195762347744856.     
   8.8776399999999991E-003   26384531697943348.     
   8.8776399999999991E-003   26570732838419824.     
   8.8776399999999991E-003   26815044349257916.     
   8.8776299999999992E-003   27114739322108292.     
   8.8776299999999992E-003   27408222805289776.     
   8.8776299999999992E-003   27624612378376784.     
   8.8776199999999993E-003   27767004890191368.     
   8.8776199999999993E-003   27977869351125612.     
   8.8776199999999993E-003   28254631796695380.     
   8.8776199999999993E-003   28526383603495572.     
   8.8776099999999993E-003   28793332135585304.     
   8.8776099999999993E-003   29055694492699616.     
   8.8776099999999993E-003   29313709607017584.     
   8.8775999999999994E-003   29692655537436172.     
   8.8775999999999994E-003   30064133468669300.     
   8.8775899999999994E-003   30307142119818996.     
   8.8775899999999994E-003   30546859246731936.     
   8.8775899999999994E-003   30783459901870748.     
   8.8775899999999994E-003   31132507820246944.     
   8.8775799999999995E-003   31588940171669220.     
   8.8775699999999996E-003   32035779413082528.     
   8.8775699999999996E-003   32474218481559828.     
   8.8775599999999996E-003   32851810120357288.     
   8.8775599999999996E-003   33171017861684200.     
   8.8775599999999996E-003   33486396466533420.     
   8.8775499999999997E-003   33798121004908232.     
   8.8775499999999997E-003   34259039457827960.     
   8.8775399999999997E-003   34713325396033940.     
   8.8775399999999997E-003   35012058946688004.     
   8.8775299999999998E-003   35307669600950840.     
   8.8775299999999998E-003   35600185479337640.     
   8.8775299999999998E-003   36033015633668496.     
   8.8775199999999999E-003   36599886146613712.     
   8.8775099999999999E-003   37154317781739192.     
   8.8775099999999999E-003   37695967504186456.     
   8.8775000000000000E-003   38224834108065880.     
   8.8774900000000000E-003   38741543722741072.     
   8.8774900000000000E-003   39246844387008600.     
   8.8774800000000001E-003   39741129143086544.     
   8.8774800000000001E-003   40224599609739104.     
   8.8774700000000002E-003   40698116985502176.     
   8.8774600000000002E-003   41162752164189136.     
   8.8774600000000002E-003   41694304425340264.     
   8.8774500000000003E-003   42290082155019888.     
   8.8774400000000003E-003   42874039824557112.     
   8.8774400000000003E-003   43447454874112232.     
   8.8774300000000004E-003   44011407189975720.     
   8.8774200000000004E-003   44429189069431192.     
   8.8774200000000004E-003   44704854083328288.     
   8.8774100000000005E-003   45114329391798280.     
   8.8774100000000005E-003   45654729891747752.     
   8.8774000000000006E-003   46188544587523896.     
   8.8773900000000006E-003   46716238695259680.     
   8.8773900000000006E-003   47367308305568584.     
   8.8773800000000007E-003   48138088314653344.     
   8.8773700000000007E-003   48708898903240032.     
   8.8773600000000008E-003   49272259455210720.     
   8.8773600000000008E-003   49830075294554632.     
   8.8773500000000009E-003   50259282982052896.     
   8.8773500000000009E-003   50745437139417056.     
   8.8773399999999992E-003   51226858315823128.     
   8.8773299999999992E-003   51703535848082240.     
   8.8773299999999992E-003   52409320988956872.     
   8.8773199999999993E-003   53105174070000456.     
   8.8773099999999994E-003   53563062036275032.     
   8.8773099999999994E-003   54128854063984320.     
   8.8772999999999994E-003   54798542761808560.     
   8.8772899999999995E-003   55783455207730496.     
   8.8772699999999996E-003   56746034469489528.     
   8.8772699999999996E-003   57374770468525144.     
   8.8772599999999997E-003   57993282608842864.     
   8.8772499999999997E-003   58601606612836464.     
   8.8772399999999998E-003   59494906162525320.     
   8.8772299999999998E-003   60651073521302656.     
   8.8772199999999999E-003   61584530957735960.     
   8.8772100000000000E-003   62312331475524752.     
   8.8772000000000000E-003   63112385320799608.     
   8.8771900000000001E-003   63980020276293304.     
   8.8771800000000001E-003   64826903257710632.     
   8.8771600000000003E-003   65654780413631520.     
   8.8771500000000003E-003   66664706334264280.     
   8.8771400000000004E-003   67553928023810008.     
   8.8771300000000004E-003   68135875414302480.     
   8.8771200000000005E-003   68710086533309080.     
   8.8771200000000005E-003   69276974835360752.     
   8.8771100000000006E-003   70113497067848984.     
   8.8770900000000007E-003   71207343405288864.     
   8.8770800000000007E-003   72277069120945888.     
   8.8770700000000008E-003   73324278249047616.     
   8.8770499999999992E-003   74350323167026064.     
   8.8770399999999992E-003   75521473755872896.     
   8.8770199999999994E-003   76828781579066080.     
   8.8769999999999995E-003   77946313714133296.     
   8.8769899999999995E-003   78884535093468928.     
   8.8769799999999996E-003   79805440475773264.     
   8.8769699999999997E-003   80709478214741168.     
   8.8769499999999998E-003   81743343668681248.     
   8.8769399999999998E-003   82899442484708176.     
   8.8769199999999999E-003   84029613951482768.     
   8.8769100000000000E-003   85135449935692272.     
   8.8768900000000001E-003   86218486745345568.     
   8.8768800000000002E-003   87280089464472016.     
   8.8768600000000003E-003   88321522323701424.     
   8.8768500000000004E-003   89343961649247056.     
   8.8768300000000005E-003   90348540522746448.     
   8.8768200000000005E-003   91336457745822304.     
   8.8768100000000006E-003   92549100315616832.     
   8.8767900000000007E-003   93975832029561968.     
   8.8767599999999992E-003   95143169611321904.     
   8.8767499999999992E-003   96063172799750192.     
   8.8767399999999993E-003   96971979968893648.     
   8.8767299999999993E-003   97870217357732720.     
   8.8767099999999995E-003   99197796697849488.     
   8.8766899999999996E-003   1.0093757873059557E+017
   8.8766599999999998E-003   1.0222102908418365E+017
   8.8766499999999998E-003   1.0306574677918181E+017
   8.8766399999999999E-003   1.0411026038885362E+017
   8.8766200000000000E-003   1.0534878077403392E+017
   8.8766000000000001E-003   1.0657125204651424E+017
   8.8765900000000002E-003   1.0777829693590858E+017
   8.8765700000000003E-003   1.0916733150201002E+017
   8.8765500000000004E-003   1.1073161572660757E+017
   8.8765300000000005E-003   1.1188951703677341E+017
   8.8765100000000006E-003   1.1265361450706400E+017
   8.8765000000000007E-003   1.1378835469069762E+017
   8.8764800000000008E-003   1.1528261836218106E+017
   8.8764599999999992E-003   1.1675539799389755E+017
   8.8764399999999993E-003   1.1820757090713778E+017
   8.8764199999999994E-003   1.1963998945790139E+017
   8.8763999999999996E-003   1.2105345642367554E+017
   8.8763799999999997E-003   1.2313815980334130E+017
   8.8763399999999999E-003   1.2518788055311362E+017
   8.8763200000000000E-003   1.2653317974730512E+017
   8.8763100000000001E-003   1.2786310905624928E+017
   8.8762900000000002E-003   1.2917824092535446E+017
   8.8762700000000003E-003   1.3080159350031302E+017
   8.8762400000000005E-003   1.3272231679442579E+017
   8.8762200000000006E-003   1.3430113723819565E+017
   8.8762000000000008E-003   1.3554965592289686E+017
   8.8761799999999991E-003   1.3709268826521398E+017
   8.8761599999999993E-003   1.3892052179450952E+017
   8.8761299999999994E-003   1.4072259680955630E+017
   8.8761099999999996E-003   1.4249975903346018E+017
   8.8760799999999997E-003   1.4425280090905712E+017
   8.8760599999999999E-003   1.4598247116146883E+017
   8.8760300000000000E-003   1.4768940949265811E+017
   8.8760100000000001E-003   1.4937422563363712E+017
   8.8759900000000003E-003   1.5103751421634618E+017
   8.8759700000000004E-003   1.5267997513952435E+017
   8.8759400000000006E-003   1.5457035194389856E+017
   8.8759100000000007E-003   1.5669890545685046E+017
   8.8758799999999992E-003   1.5827406691575206E+017
   8.8758699999999992E-003   1.5931366814110147E+017
   8.8758599999999993E-003   1.6108521540639062E+017
   8.8758199999999995E-003   1.6356280256307763E+017
   8.8757899999999997E-003   1.6550362196544195E+017
   8.8757699999999998E-003   1.6692812815275059E+017
   8.8757500000000000E-003   1.6868870993719430E+017
   8.8757200000000001E-003   1.7077408333958938E+017
   8.8756900000000003E-003   1.7283036145771520E+017
   8.8756700000000004E-003   1.7485880600038013E+017
   8.8756400000000006E-003   1.7719127220340381E+017
   8.8756000000000008E-003   1.7981544725426653E+017
   8.8755699999999993E-003   1.8175638437822915E+017
   8.8755499999999994E-003   1.8303709727978035E+017
   8.8755299999999995E-003   1.8493905481638048E+017
   8.8754999999999997E-003   1.8744314488392166E+017
   8.8754599999999999E-003   1.8991151940826726E+017
   8.8754300000000001E-003   1.9234594069837562E+017
   8.8754000000000003E-003   1.9474787259793322E+017
   8.8753600000000005E-003   1.9711861964773334E+017
   8.8753300000000007E-003   1.9945940047539776E+017
   8.8752999999999992E-003   2.0177136759515088E+017
   8.8752699999999993E-003   2.0405562495699747E+017
   8.8752399999999995E-003   2.0631315488146160E+017
   8.8752099999999997E-003   2.0909802472435955E+017
   8.8751699999999999E-003   2.1239004301194218E+017
   8.8751200000000002E-003   2.1509352054169958E+017
   8.8750900000000004E-003   2.1723011267134461E+017
   8.8750600000000006E-003   2.1934476990751430E+017
   8.8750400000000007E-003   2.2143822580389360E+017
   8.8750099999999991E-003   2.2402561241228416E+017
   8.8749699999999994E-003   2.2709074200269955E+017
   8.8749299999999996E-003   2.3011358458142771E+017
   8.8748899999999999E-003   2.3309596639076058E+017
   8.8748500000000001E-003   2.3603954005418154E+017
   8.8748100000000003E-003   2.3894589585594029E+017
   8.8747700000000006E-003   2.4134104068749709E+017
   8.8747500000000007E-003   2.4323945634047197E+017
   8.8747199999999991E-003   2.4605802635757405E+017
   8.8746699999999994E-003   2.4976749126806941E+017
   8.8746199999999997E-003   2.5296862208724234E+017
   8.8745899999999999E-003   2.5567949560455456E+017
   8.8745500000000001E-003   2.5836139728416150E+017
   8.8745200000000003E-003   2.6101516512580784E+017
   8.8744800000000006E-003   2.6407621407814714E+017
   8.8744400000000008E-003   2.6753110087523670E+017
   8.8743899999999994E-003   2.7094060048563786E+017
   8.8743499999999996E-003   2.7430625804081059E+017
   8.8743099999999998E-003   2.7762949853531258E+017
   8.8742600000000001E-003   2.8091177912040035E+017
   8.8742200000000004E-003   2.8415454873937824E+017
   8.8741800000000006E-003   2.8735915727992918E+017
   8.8741400000000008E-003   2.9052692175686074E+017
   8.8740999999999993E-003   2.9365906981434675E+017
   8.8740599999999996E-003   2.9675683655556614E+017
   8.8740199999999998E-003   2.9982153860484000E+017
   8.8739800000000001E-003   3.0360697416312646E+017
   8.8739200000000004E-003   3.0808819685011590E+017
   8.8738700000000007E-003   3.1177392422654214E+017
   8.8738299999999992E-003   3.1469089601738835E+017
   8.8737899999999995E-003   3.1758126123097645E+017
   8.8737599999999996E-003   3.2044577389990534E+017
   8.8737199999999999E-003   3.2469381243119680E+017
   8.8736500000000003E-003   3.3027629292408730E+017
   8.8735800000000007E-003   3.3440458645226054E+017
   8.8735399999999992E-003   3.3712811784173184E+017
   8.8735099999999994E-003   3.4117171096348448E+017
   8.8734399999999998E-003   3.4649240168434483E+017
   8.8733800000000002E-003   3.5043141884412717E+017
   8.8733400000000004E-003   3.5303205728336160E+017
   8.8733100000000006E-003   3.5689594618203635E+017
   8.8732499999999992E-003   3.6198453416201926E+017
   8.8731799999999996E-003   3.6700157697827027E+017
   8.8731200000000000E-003   3.7194980068549709E+017
   8.8730600000000003E-003   3.7707734413116032E+017
   8.8729900000000007E-003   3.8380908450427526E+017
   8.8728899999999996E-003   3.9066393967578368E+017
   8.8728300000000000E-003   3.9486025418007834E+017
   8.8727900000000002E-003   3.9900993608917050E+017
   8.8727200000000006E-003   4.0447877158880768E+017
   8.8726599999999992E-003   4.0987563671184275E+017
   8.8725899999999996E-003   4.1520361514929075E+017
   8.8725300000000000E-003   4.2176921288459923E+017
   8.8724300000000006E-003   4.2952165300783264E+017
   8.8723399999999994E-003   4.3839713239102963E+017
   8.8722200000000001E-003   4.4833820483736294E+017
   8.8721000000000008E-003   4.5566283105267155E+017
   8.8720399999999994E-003   4.6048212507392218E+017
   8.8719799999999998E-003   4.6525400972604166E+017
   8.8719300000000001E-003   4.6997974759613696E+017
   8.8718700000000005E-003   4.7524199500922502E+017
   8.8718000000000009E-003   4.8102517051796198E+017
   8.8717299999999995E-003   4.8674279321705338E+017
   8.8716600000000000E-003   4.9239723141926106E+017
   8.8716000000000003E-003   4.9965490535775379E+017
   8.8714899999999992E-003   5.0845556080651046E+017
   8.8713899999999998E-003   5.1818494001534272E+017
   8.8712600000000006E-003   5.2879759172868934E+017
   8.8711399999999996E-003   5.4032238308800474E+017
   8.8710000000000004E-003   5.5270822616831379E+017
   8.8708499999999996E-003   5.6182938985486477E+017
   8.8707800000000000E-003   5.6782879804304186E+017
   8.8707200000000003E-003   5.7768824773341875E+017
   8.8705599999999996E-003   5.9123292635165978E+017
   8.8704000000000005E-003   6.0354962433852288E+017
   8.8702799999999995E-003   6.1193947939624986E+017
   8.8702099999999999E-003   6.1747003715983578E+017
   8.8701500000000003E-003   6.2386251442283328E+017
   8.8700700000000007E-003   6.3109385233378765E+017
   8.8699899999999995E-003   6.4179108873407002E+017
   8.8698300000000004E-003   6.5580645233270118E+017
   8.8696699999999996E-003   6.6954901226906163E+017
   8.8695200000000005E-003   6.7969219141273459E+017
   8.8694399999999993E-003   6.8637466222808973E+017
   8.8693699999999997E-003   6.9464263071208666E+017
   8.8692600000000003E-003   7.0444791310933978E+017
   8.8691499999999993E-003   7.1732365979735334E+017
   8.8689700000000003E-003   7.3312935606091866E+017
   8.8687999999999996E-003   7.4790994346095373E+017
   8.8686500000000005E-003   7.6171842104114278E+017
   8.8684999999999996E-003   7.7539744074150387E+017
   8.8683500000000005E-003   7.8895383592960486E+017
   8.8682099999999996E-003   8.0449659715534310E+017
   8.8680200000000008E-003   8.2192919164209830E+017
   8.8678300000000002E-003   8.3902645379155584E+017
   8.8676499999999995E-003   8.5580816194491354E+017
   8.8674700000000006E-003   8.7229140354449216E+017
   8.8672999999999998E-003   8.8849189287630336E+017
   8.8671300000000008E-003   9.0146186541509606E+017
   8.8670199999999998E-003   9.1132115894655360E+017
   8.8669200000000004E-003   9.2108449342280461E+017
   8.8668199999999992E-003   9.3075490113152461E+017
   8.8667199999999998E-003   9.4508549549677402E+017
   8.8665199999999993E-003   9.6389895573808333E+017
   8.8663200000000005E-003   9.8421052582734835E+017
   8.8660900000000001E-003   1.0059454249848742E+018
   8.8658699999999997E-003   1.0263851781008628E+018
   8.8656800000000008E-003   1.0455844356234066E+018
   8.8654800000000002E-003   1.0668823896388454E+018
   8.8652499999999999E-003   1.0902068498060492E+018
   8.8650099999999996E-003   1.1131806675610241E+018
   8.8647900000000009E-003   1.1358202114089856E+018
   8.8645700000000004E-003   1.1526617082790962E+018
   8.8644599999999994E-003   1.1694242098495401E+018
   8.8642400000000007E-003   1.1860378746265526E+018
   8.8641399999999995E-003   1.1992518092931272E+018
   8.8639900000000004E-003   1.2145856298959012E+018
   8.8638399999999996E-003   1.2297811679765256E+018
   8.8637000000000004E-003   1.2448424611261332E+018
   8.8635599999999995E-003   1.2650640673188206E+018
   8.8633199999999992E-003   1.2902916809650880E+018
   8.8630800000000006E-003   1.3153902101122770E+018
   8.8628500000000002E-003   1.3403681271792968E+018
   8.8626199999999999E-003   1.3690822943425006E+018
   8.8623199999999999E-003   1.4013881904781271E+018
   8.8620299999999999E-003   1.4253565790277496E+018
   8.8618800000000008E-003   1.4412615861464737E+018
   8.8617399999999999E-003   1.4650131873768773E+018
   8.8614599999999998E-003   1.4963708012901637E+018
   8.8611799999999998E-003   1.5273371950549230E+018
   8.8609099999999996E-003   1.5579330072012549E+018
   8.8606399999999995E-003   1.5920962678335813E+018
   8.8603099999999997E-003   1.6296859254503624E+018
   8.8599899999999999E-003   1.6668703311481295E+018
   8.8596800000000000E-003   1.7036732943273480E+018
   8.8593700000000001E-003   1.7400512122585275E+018
   8.8590600000000002E-003   1.7760267249345526E+018
   8.8587600000000002E-003   1.8046405753811602E+018
   8.8585799999999996E-003   1.8261228350549245E+018
   8.8584100000000006E-003   1.8474283104049505E+018
   8.8582299999999999E-003   1.8685618704195510E+018
   8.8580599999999992E-003   1.9001862105200356E+018
   8.8577099999999995E-003   1.9419644556725128E+018
   8.8573799999999998E-003   1.9868395643692111E+018
   8.8569900000000003E-003   2.0346816216362276E+018
   8.8566099999999991E-003   2.0821009505544243E+018
   8.8562399999999996E-003   2.1291242370720361E+018
   8.8558700000000001E-003   2.1657429053691300E+018
   8.8556599999999996E-003   2.1923085131801339E+018
   8.8554600000000008E-003   2.2187681530568940E+018
   8.8552500000000003E-003   2.2451258948805891E+018
   8.8550499999999997E-003   2.2779400636905167E+018
   8.8547499999999998E-003   2.3170317458781926E+018
   8.8544499999999998E-003   2.3626359707534817E+018
   8.8540500000000005E-003   2.4145145836733993E+018
   8.8536699999999992E-003   2.4659745865207091E+018
   8.8532799999999998E-003   2.5170405756357181E+018
   8.8529100000000003E-003   2.5549974740944230E+018
   8.8527199999999997E-003   2.5802289416906348E+018
   8.8525400000000008E-003   2.6087629944173517E+018
   8.8523000000000004E-003   2.6405304412230979E+018
   8.8520700000000001E-003   2.6879609000130150E+018
   8.8516099999999993E-003   2.7505245219490156E+018
   8.8511700000000002E-003   2.7969621605770941E+018
   8.8509499999999998E-003   2.8278007232261038E+018
   8.8507299999999994E-003   2.8619232937246367E+018
   8.8504599999999992E-003   2.8992546986054973E+018
   8.8502000000000008E-003   2.9362579041836815E+018
   8.8499400000000006E-003   2.9729427337450803E+018
   8.8496800000000004E-003   3.0098649572490066E+018
   8.8494200000000002E-003   3.0470207036331863E+018
   8.8491700000000000E-003   3.1026018753930138E+018
   8.8486599999999995E-003   3.1759745921505229E+018
   8.8481600000000007E-003   3.2304790671390961E+018
   8.8479100000000005E-003   3.2667426115975132E+018
   8.8476600000000002E-003   3.3063849313568497E+018
   8.8473700000000002E-003   3.3493289271565071E+018
   8.8470900000000002E-003   3.3919008662171182E+018
   8.8468000000000001E-003   3.4557166814727444E+018
   8.8462400000000000E-003   3.5194156137094733E+018
   8.8459500000000000E-003   3.5618640669727007E+018
   8.8456799999999999E-003   3.6039731913801492E+018
   8.8453999999999998E-003   3.6615614246036183E+018
   8.8449199999999992E-003   3.7341671424829169E+018
   8.8444600000000002E-003   3.8070113962079242E+018
   8.8439799999999996E-003   3.8798151958281830E+018
   8.8435200000000005E-003   3.9487311413309507E+018
   8.8430899999999996E-003   4.0138093320790057E+018
   8.8426700000000004E-003   4.0662054072004547E+018
   8.8424000000000003E-003   4.1066347724960287E+018
   8.8421400000000001E-003   4.1704762408497183E+018
   8.8415600000000000E-003   4.2568206706029271E+018
   8.8409999999999999E-003   4.3244785612821304E+018
   8.8406700000000001E-003   4.3742300268689326E+018
   8.8403500000000003E-003   4.4472779370748979E+018
   8.8397300000000005E-003   4.5437164575750513E+018
   8.8391300000000006E-003   4.6476767505116611E+018
   8.8384499999999994E-003   4.7586524908621138E+018
   8.8377899999999999E-003   4.8452380320860375E+018
   8.8374100000000004E-003   4.9080825214832435E+018
   8.8370299999999992E-003   4.9709863311776133E+018
   8.8366599999999997E-003   5.0339510508926249E+018
   8.8362900000000001E-003   5.1206153682848881E+018
   8.8356400000000005E-003   5.2302259993522227E+018
   8.8350000000000008E-003   5.3261729988291543E+018
   8.8345200000000002E-003   5.4089346562480015E+018
   8.8340499999999995E-003   5.4854288091664138E+018
   8.8336400000000002E-003   5.5907833639178803E+018
   8.8328399999999998E-003   5.7359968522598595E+018
   8.8319899999999996E-003   5.8483405812554967E+018
   8.8315700000000004E-003   5.9224401572036065E+018
   8.8311599999999994E-003   6.0327344644851220E+018
   8.8303500000000007E-003   6.1779914905000878E+018
   8.8295600000000002E-003   6.3170960728601047E+018
   8.8288199999999994E-003   6.4316053772792074E+018
   8.8283100000000007E-003   6.5262368939594414E+018
   8.8278000000000002E-003   6.6639061436841882E+018
   8.8268300000000008E-003   6.8429695049226557E+018
   8.8258799999999995E-003   7.0241615848105472E+018
   8.8249100000000000E-003   7.2074155381591767E+018
   8.8239600000000005E-003   7.3705588190597601E+018
   8.8232099999999997E-003   7.5144495321421414E+018
   8.8224800000000006E-003   7.6903069242076652E+018
   8.8214100000000000E-003   7.8455596723215616E+018
   8.8208899999999996E-003   7.9479319490142065E+018
   8.8203799999999992E-003   8.0905396641396572E+018
   8.8194599999999995E-003   8.2720730846146929E+018
   8.8185599999999996E-003   8.4130146086443397E+018
   8.8180600000000008E-003   8.5146491405858396E+018
   8.8175600000000003E-003   8.6437493167532861E+018
   8.8167899999999997E-003   8.7995458653193851E+018
   8.8160400000000007E-003   8.9972134507102966E+018
   8.8148800000000006E-003   9.1809205644496783E+018
   8.8142600000000008E-003   9.3275565220738540E+018
   8.8134700000000003E-003   9.4915157240911319E+018
   8.8126999999999997E-003   9.6921542096863007E+018
   8.8115799999999994E-003   9.8694476516527104E+018
   8.8110299999999992E-003   9.9864810288378020E+018
   8.8104900000000007E-003   1.0167521011800846E+019
   8.8093500000000005E-003   1.0350067674149014E+019
   8.8087900000000004E-003   1.0470573924691935E+019
   8.8082400000000002E-003   1.0602093501715141E+019
   8.8075900000000006E-003   1.0744352408258513E+019
   8.8069399999999992E-003   1.0925527227750785E+019
   8.8059499999999999E-003   1.1144253055631397E+019
   8.8049700000000005E-003   1.1327301267451992E+019
   8.8042999999999993E-003   1.1475875965552458E+019
   8.8036399999999997E-003   1.1624387668523749E+019
   8.8029800000000002E-003   1.1854669726524656E+019
   8.8016099999999996E-003   1.2162077021945147E+019
   8.8002700000000007E-003   1.2474796540299813E+019
   8.7988800000000002E-003   1.2713474407736377E+019
   8.7981899999999991E-003   1.2870694898025341E+019
   8.7975199999999996E-003   1.3114989307953134E+019
   8.7960899999999995E-003   1.3442115037315641E+019
   8.7947000000000008E-003   1.3773865819866561E+019
   8.7932500000000007E-003   1.4026492175517903E+019
   8.7925299999999998E-003   1.4192257914418446E+019
   8.7918300000000005E-003   1.4362022388681497E+019
   8.7910799999999997E-003   1.4535340788329353E+019
   8.7903500000000006E-003   1.4706339113996476E+019
   8.7896199999999997E-003   1.4874933485249280E+019
   8.7889000000000005E-003   1.5047258295307524E+019
   8.7881299999999999E-003   1.5222776983049284E+019
   8.7873799999999992E-003   1.5480699261604907E+019
   8.7858999999999993E-003   1.5737657452065186E+019
   8.7851300000000004E-003   1.5913367210498845E+019
   8.7843599999999997E-003   1.6085698434623152E+019
   8.7836000000000008E-003   1.6254631553055762E+019
   8.7828500000000000E-003   1.6427320005996704E+019
   8.7820499999999996E-003   1.6601268240806179E+019
   8.7812700000000007E-003   1.6771133985402884E+019
   8.7804900000000002E-003   1.6937249688685103E+019
   8.7797299999999995E-003   1.7105493421916449E+019
   8.7789099999999991E-003   1.7275206533996585E+019
   8.7781100000000004E-003   1.7440452683369476E+019
   8.7773199999999999E-003   1.7601679910570322E+019
   8.7765399999999993E-003   1.7764518477157556E+019
   8.7757100000000008E-003   1.7928420352569299E+019
   8.7748900000000005E-003   1.8087537828000483E+019
   8.7740900000000000E-003   1.8242670368004606E+019
   8.7732899999999996E-003   1.8399040538808564E+019
   8.7724399999999994E-003   1.8556565579404702E+019
   8.7716100000000009E-003   1.8709408186616709E+019
   8.7707800000000006E-003   1.8858886812453392E+019
   8.7699700000000002E-003   1.9009888130284491E+019
   8.7691100000000001E-003   1.9162537736105177E+019
   8.7682599999999999E-003   1.9311149481473561E+019
   8.7674199999999997E-003   1.9457114572725961E+019
   8.7665899999999995E-003   1.9605213419049689E+019
   8.7657099999999995E-003   1.9755621078681461E+019
   8.7648399999999994E-003   1.9902802774334378E+019
   8.7639799999999993E-003   2.0048048033191100E+019
   8.7631299999999992E-003   2.0196528458137563E+019
   8.7622399999999993E-003   2.0347005216983552E+019
   8.7613499999999993E-003   2.0492370645250208E+019
   8.7604799999999993E-003   2.0641763059972571E+019
   8.7596199999999992E-003   2.0880594856077906E+019
   8.7577999999999996E-003   2.1192674816740491E+019
   8.7560299999999997E-003   2.1423170098473755E+019
   8.7551000000000000E-003   2.1583378329523364E+019
   8.7541900000000002E-003   2.1741457813315539E+019
   8.7532800000000004E-003   2.1904499596390322E+019
   8.7523800000000006E-003   2.2168377716811125E+019
   8.7504999999999996E-003   2.2511752847022260E+019
   8.7486700000000001E-003   2.2764346388738654E+019
   8.7477000000000006E-003   2.2941638389266113E+019
   8.7467499999999993E-003   2.3209202000037044E+019
   8.7448800000000000E-003   2.3573948928265171E+019
   8.7429299999999995E-003   2.3848003163316072E+019
   8.7419699999999999E-003   2.4035509236780974E+019
   8.7410300000000003E-003   2.4339607734850839E+019
   8.7390400000000000E-003   2.4733181363507818E+019
   8.7370999999999994E-003   2.5122568160193081E+019
   8.7350799999999992E-003   2.5420298934585463E+019
   8.7340800000000000E-003   2.5618735708374655E+019
   8.7331000000000006E-003   2.5934295949295579E+019
   8.7310400000000007E-003   2.6354240499131343E+019
   8.7290300000000005E-003   2.6783314334008230E+019
   8.7269300000000008E-003   2.7221000452977058E+019
   8.7248900000000008E-003   2.7545141594306458E+019
   8.7238100000000002E-003   2.7770649673266282E+019
   8.7227499999999996E-003   2.8120004544937845E+019
   8.7205900000000003E-003   2.8579120638656164E+019
   8.7184800000000007E-003   2.9038696605127225E+019
   8.7163599999999994E-003   2.9516070090905248E+019
   8.7141400000000004E-003   3.0003040822998725E+019
   8.7119699999999994E-003   3.0362953028871414E+019
   8.7108299999999993E-003   3.0746687019000455E+019
   8.7086000000000004E-003   3.1183204521012093E+019
   8.7069199999999999E-003   3.1567185336815534E+019
   8.7051899999999998E-003   3.2022143948834120E+019
   8.7029399999999993E-003   3.2550376507350450E+019
   8.7005899999999994E-003   3.3012130182708019E+019
   8.6988699999999992E-003   3.3410286383284978E+019
   8.6970899999999993E-003   3.3828058393196704E+019
   8.6953099999999995E-003   3.4238892170219119E+019
   8.6935599999999995E-003   3.4636700003580420E+019
   8.6918700000000008E-003   3.5021473956410749E+019
   8.6902000000000004E-003   3.5363056078070682E+019
   8.6888299999999998E-003   3.5670468941004710E+019
   8.6874900000000008E-003   3.6000308932248265E+019
   8.6859499999999996E-003   3.6343404622455280E+019
   8.6844299999999999E-003   3.6683546611742278E+019
   8.6828500000000006E-003   3.7031152355367830E+019
   8.6812999999999994E-003   3.7461322796672483E+019
   8.6790700000000005E-003   3.7931248803350897E+019
   8.6768899999999996E-003   3.8304333594808214E+019
   8.6753100000000003E-003   3.8625114033042358E+019
   8.6737499999999992E-003   3.9030209782930006E+019
   8.6714700000000006E-003   3.9468396899001549E+019
   8.6692300000000000E-003   3.9814725631033033E+019
   8.6675799999999994E-003   4.0103788139754881E+019
   8.6659600000000003E-003   4.0381328417377772E+019
   8.6643199999999997E-003   4.0653464610305270E+019
   8.6627200000000005E-003   4.0983608918063530E+019
   8.6603900000000004E-003   4.1332715496738529E+019
   8.6581300000000000E-003   4.1627006189186466E+019
   8.6560999999999999E-003   4.1891049478076858E+019
   8.6541299999999995E-003   4.2136741432743698E+019
   8.6520999999999994E-003   4.2372109010887803E+019
   8.6501300000000007E-003   4.2613944380252897E+019
   8.6477600000000009E-003   4.2856120982292005E+019
   8.6454700000000006E-003   4.3081018111433138E+019
   8.6431100000000007E-003   4.3285078685627916E+019
   8.6408200000000004E-003   4.3433121186304352E+019
   8.6391400000000000E-003   4.3572172630848504E+019
   8.6374999999999993E-003   4.3783334278823158E+019
   8.6344600000000001E-003   4.4030671027360186E+019
   8.6315400000000000E-003   4.4215501526968943E+019
   8.6295100000000000E-003   4.4381495608533582E+019
   8.6275299999999996E-003   4.4561234749338452E+019
   8.6255099999999994E-003   4.4749548197822743E+019
   8.6235500000000007E-003   4.5055664877791519E+019
   8.6195999999999998E-003   4.5386147275648115E+019
   8.6176199999999994E-003   4.5630259475901948E+019
   8.6156800000000006E-003   4.5944332862264680E+019
   8.6130000000000009E-003   4.6232481022257029E+019
   8.6116900000000000E-003   4.6433012001206460E+019
   8.6104100000000006E-003   4.6762453432927953E+019
   8.6077299999999992E-003   4.7111652732236726E+019
   8.6064200000000000E-003   4.7419989514375094E+019
   8.6044599999999995E-003   4.7815116046320337E+019
   8.6024499999999993E-003   4.8162371230645592E+019
   8.6011400000000002E-003   4.8602978950785958E+019
   8.5984900000000003E-003   4.9069324228197564E+019
   8.5971499999999996E-003   4.9393397935438692E+019
   8.5958400000000004E-003   4.9816222062610252E+019
   8.5938500000000001E-003   5.0353920128185983E+019
   8.5918300000000000E-003   5.0822397568835346E+019
   8.5904999999999992E-003   5.1203798630685811E+019
   8.5892000000000000E-003   5.1815102127529058E+019
   8.5864700000000006E-003   5.2559512202503692E+019
   8.5844700000000003E-003   5.3108786273179705E+019
   8.5831199999999996E-003   5.3691195534101021E+019
   8.5810599999999997E-003   5.4531289460513169E+019
   8.5783800000000000E-003   5.5274345008077152E+019
   8.5769699999999997E-003   5.5931627367520092E+019
   8.5748999999999999E-003   5.6726037205567611E+019
   8.5728799999999997E-003   5.7701169077276377E+019
   8.5700499999999992E-003   5.8644027773496836E+019
   8.5682999999999992E-003   5.9382644020613669E+019
   8.5665800000000007E-003   6.0306615602940404E+019
   8.5640899999999999E-003   6.1399330345257189E+019
   8.5616500000000005E-003   6.2608494687897616E+019
   8.5587400000000004E-003   6.3608207516795888E+019
   8.5573100000000003E-003   6.4281560527147844E+019
   8.5559000000000000E-003   6.5451452680059068E+019
   8.5525600000000007E-003   6.7077261070496326E+019
   8.5492999999999993E-003   6.8347949176097636E+019
   8.5474200000000000E-003   6.9578940942980211E+019
   8.5444400000000004E-003   7.1236636824293024E+019
   8.5410299999999998E-003   7.2731398982018212E+019
   8.5387699999999993E-003   7.3847834097818714E+019
   8.5368200000000005E-003   7.4895068776418148E+019
   8.5348899999999998E-003   7.6197870776018633E+019
   8.5321300000000006E-003   7.7685093080701436E+019
   8.5294199999999994E-003   7.9101690109094576E+019
   8.5270199999999997E-003   8.0434117660740747E+019
   8.5246699999999998E-003   8.1571817032622064E+019
   8.5230299999999991E-003   8.2507805880582783E+019
   8.5214100000000001E-003   8.3883252346336510E+019
   8.5182999999999995E-003   8.5705860349565092E+019
   8.5152500000000002E-003   8.7052480686005486E+019
   8.5136799999999992E-003   8.7987207023796535E+019
   8.5121299999999997E-003   8.9139677571327771E+019
   8.5098900000000009E-003   9.0494906546182423E+019
   8.5076900000000000E-003   9.2237634292052279E+019
   8.5042399999999997E-003   9.4410152337612947E+019
   8.5007499999999996E-003   9.6775926266571653E+019
   8.4968300000000004E-003   9.8906536433837801E+019
   8.4941500000000007E-003   1.0068339068343668E+020
   8.4914199999999995E-003   1.0287769459052903E+020
   8.4875899999999997E-003   1.0580903845453382E+020
   8.4827700000000006E-003   1.0819157912402123E+020
   8.4806399999999994E-003   1.0966497315115264E+020
   8.4785399999999997E-003   1.1140212104139635E+020
   8.4757099999999991E-003   1.1344322499893608E+020
   8.4728100000000008E-003   1.1551966998283787E+020
   8.4699400000000005E-003   1.1763449818442675E+020
   8.4669900000000006E-003   1.1981092323641593E+020
   8.4640199999999992E-003   1.2200104644213799E+020
   8.4610899999999992E-003   1.2386796948296620E+020
   8.4590299999999993E-003   1.2618493318888774E+020
   8.4549800000000008E-003   1.2974352600945115E+020
   8.4498200000000002E-003   1.3316785516094651E+020
   8.4461899999999993E-003   1.3584812642556889E+020
   8.4430200000000007E-003   1.3840737365258227E+020
   8.4398000000000008E-003   1.4190410917644398E+020
   8.4344099999999998E-003   1.4556938576294248E+020
   8.4308500000000001E-003   1.4783815589445304E+020
   8.4289499999999993E-003   1.5043836551280748E+020
   8.4247100000000002E-003   1.5402265593900807E+020
   8.4205400000000007E-003   1.5679796341825837E+020
   8.4182500000000004E-003   1.5877932592393064E+020
   8.4159800000000000E-003   1.6171442721687575E+020
   8.4115800000000001E-003   1.6556994172250187E+020
   8.4072699999999997E-003   1.6829841362303376E+020
   8.4054799999999999E-003   1.6991109933777899E+020
   8.4036900000000001E-003   1.7265379155497576E+020
   8.3994499999999993E-003   1.7651748605113172E+020
   8.3952799999999998E-003   1.7941071873988906E+020
   8.3931200000000004E-003   1.8141994458215622E+020
   8.3909899999999992E-003   1.8427007092063217E+020
   8.3870899999999998E-003   1.8795678277420840E+020
   8.3832500000000001E-003   1.9109863309210649E+020
   8.3805500000000005E-003   1.9370264995133686E+020
   8.3778800000000007E-003   1.9668278299273632E+020
   8.3744600000000002E-003   2.0003623837840625E+020
   8.3710899999999994E-003   2.0387531910731796E+020
   8.3667800000000007E-003   2.0819150031663471E+020
   8.3625300000000000E-003   2.1217605367825151E+020
   8.3589400000000005E-003   2.1735335845445403E+020
   8.3525100000000005E-003   2.2219669940801379E+020
   8.3496500000000001E-003   2.2539083924800746E+020
   8.3464699999999999E-003   2.2876401610565619E+020
   8.3433299999999995E-003   2.3399741200010399E+020
   8.3368000000000001E-003   2.4107323086975202E+020
   8.3304099999999999E-003   2.4844299991005495E+020
   8.3235800000000006E-003   2.5610513744419347E+020
   8.3169100000000003E-003   2.6195991908044662E+020
   8.3133100000000008E-003   2.6612822142321338E+020
   8.3097599999999994E-003   2.7055997551356684E+020
   8.3057800000000005E-003   2.7525603049483243E+020
   8.3018599999999994E-003   2.7973182508433552E+020
   8.2983299999999996E-003   2.8399162384440643E+020
   8.2948299999999996E-003   2.8912981730022418E+020
   8.2899400000000008E-003   2.9514144946301757E+020
   8.2851200000000000E-003   3.0185072632168854E+020
   8.2792500000000002E-003   3.0924333846962058E+020
   8.2734899999999997E-003   3.1619302039885631E+020
   8.2684400000000002E-003   3.2272483510236473E+020
   8.2634700000000002E-003   3.2951643200507753E+020
   8.2580799999999992E-003   3.3598363420592059E+020
   8.2538600000000000E-003   3.4165422897992008E+020
   8.2497000000000004E-003   3.4933667553017948E+020
   8.2426600000000006E-003   3.5902037902796515E+020
   8.2357699999999999E-003   3.6824690064427654E+020
   8.2296299999999999E-003   3.7696968567725012E+020
   8.2235999999999993E-003   3.8513437653170979E+020
   8.2182599999999998E-003   3.9578846841585127E+020
   8.2091899999999999E-003   4.0526863078080505E+020
   8.2055900000000005E-003   4.1070022019149798E+020
   8.2020200000000008E-003   4.1882826378174038E+020
   8.1949899999999992E-003   4.2964387817398783E+020
   8.1880900000000003E-003   4.3846946653618458E+020
   8.1837699999999999E-003   4.4531265146976921E+020
   8.1794999999999993E-003   4.5338814071520749E+020
   8.1737400000000005E-003   4.6269318188901532E+020
   8.1680699999999995E-003   4.7309660995721901E+020
   8.1611400000000008E-003   4.8717779971126565E+020
   8.1513000000000002E-003   5.0152718605755934E+020
   8.1443100000000001E-003   5.1098338645262736E+020
   8.1403699999999992E-003   5.2173413021762322E+020
   8.1320899999999998E-003   5.3633520641075118E+020
   8.1239699999999995E-003   5.4749009688143272E+020
   8.1197100000000005E-003   5.5525215628882674E+020
   8.1154899999999995E-003   5.6300020185607917E+020
   8.1113100000000000E-003   5.7074030371543482E+020
   8.1071700000000003E-003   5.8283618542024314E+020
   8.0984700000000000E-003   5.9928387212305026E+020
   8.0899400000000003E-003   6.1623702791272504E+020
   8.0810299999999995E-003   6.3369743991544309E+020
   8.0722899999999993E-003   6.4706464377638250E+020
   8.0677000000000006E-003   6.5634146478399475E+020
   8.0631599999999998E-003   6.6561055135267737E+020
   8.0586600000000005E-003   6.7487218536309444E+020
   8.0541999999999992E-003   6.8935180931028078E+020
   8.0448399999999993E-003   7.0903406168755549E+020
   8.0356600000000000E-003   7.2399921002397159E+020
   8.0308500000000008E-003   7.3445591717167274E+020
   8.0260799999999997E-003   7.4490565260755586E+020
   8.0213500000000000E-003   7.5534805969068491E+020
   8.0166700000000000E-003   7.7166478037040392E+020
   8.0068499999999994E-003   7.9386207518950634E+020
   7.9972099999999994E-003   8.1667326859392542E+020
   7.9871500000000002E-003   8.4025085838925457E+020
   7.9772799999999998E-003   8.5831282099854888E+020
   7.9720999999999993E-003   8.7084471997393469E+020
   7.9669800000000002E-003   8.8337049854509279E+020
   7.9618999999999992E-003   8.9589331813815733E+020
   7.9568699999999996E-003   9.1545041713320100E+020
   7.9463099999999998E-003   9.4206120877976112E+020
   7.9359500000000006E-003   9.6228063288075472E+020
   7.9305199999999999E-003   9.7641974306385442E+020
   7.9251400000000007E-003   9.9055395782818752E+020
   7.9198099999999994E-003   1.0046823861600972E+021
   7.9145399999999994E-003   1.0267530682789922E+021
   7.9034699999999992E-003   1.0567888424007643E+021
   7.8926099999999996E-003   1.0877263567103850E+021
   7.8812699999999992E-003   1.1196418551224756E+021
   7.8701499999999994E-003   1.1440992608222177E+021
   7.8643199999999993E-003   1.1610675470668838E+021
   7.8585400000000007E-003   1.1780324881226126E+021
   7.8528199999999999E-003   1.1949973243865703E+021
   7.8471600000000006E-003   1.2214715897213034E+021
   7.8352700000000001E-003   1.2575059016357511E+021
   7.8236199999999999E-003   1.2848924735284663E+021
   7.8175099999999997E-003   1.3040323876135355E+021
   7.8114500000000002E-003   1.3327076759247787E+021
   7.7995199999999999E-003   1.3722142444755967E+021
   7.7870700000000001E-003   1.4027753880040767E+021
   7.7809400000000001E-003   1.4230649759621823E+021
   7.7748599999999998E-003   1.4547711966105612E+021
   7.7621200000000000E-003   1.4979310413882078E+021
   7.7496099999999997E-003   1.5307086920630686E+021
   7.7430600000000004E-003   1.5536362365696955E+021
   7.7365799999999998E-003   1.5826197431276001E+021
   7.7267600000000001E-003   1.6177999269189355E+021
   7.7170800000000003E-003   1.6536221879089168E+021
   7.7071500000000003E-003   1.6902452469353163E+021
   7.6973500000000004E-003   1.7280379431865853E+021
   7.6870899999999997E-003   1.7669504278669104E+021
   7.6769700000000000E-003   1.8066708773246940E+021
   7.6665800000000001E-003   1.8595399667915786E+021
   7.6501599999999996E-003   1.9169796280341753E+021
   7.6379400000000002E-003   1.9672231662002595E+021
   7.6255999999999997E-003   2.0186950618952580E+021
   7.6131500000000000E-003   2.0783463085144728E+021
   7.5973899999999999E-003   2.1393876715923369E+021
   7.5847500000000003E-003   2.1956715168000301E+021
   7.5716700000000000E-003   2.2538304458950265E+021
   7.5585799999999996E-003   2.3096831323043264E+021
   7.5468799999999997E-003   2.3617822113191370E+021
   7.5357400000000000E-003   2.4241596891281008E+021
   7.5199100000000003E-003   2.4915253768134528E+021
   7.5068799999999996E-003   2.5494020757275447E+021
   7.4952200000000004E-003   2.6078985301986404E+021
   7.4814399999999998E-003   2.6764593933179494E+021
   7.4663400000000001E-003   2.7361300872081152E+021
   7.4564100000000001E-003   2.7878624769336767E+021
   7.4424399999999998E-003   2.8522382471210032E+021
   7.4260200000000002E-003   2.9037231768254006E+021
   7.4101899999999997E-003   2.9506999849822800E+021
   7.3955399999999999E-003   2.9627036072443437E+021
   7.3815000000000000E-003   2.9499425420708130E+021
   7.3656299999999997E-003   2.8678425911652217E+021
   7.3593499999999997E-003   2.8880359355315289E+021
   7.3445200000000002E-003   2.6706880891098015E+021
   7.3250900000000002E-003   2.5795861752358623E+021
   7.3113199999999996E-003   2.3391933152033518E+021
   7.2980099999999997E-003   2.0281244516413295E+021
   7.2828800000000003E-003   1.8675081935648808E+021
   7.2689900000000003E-003   1.7765427016318966E+021
   7.2630999999999998E-003   1.6641141106235560E+021
   7.2572499999999998E-003   1.5663092028929870E+021
   7.2429599999999997E-003   1.4912858479468460E+021
   7.2372299999999999E-003   1.4528550734431794E+021
   7.2306799999999997E-003   1.3880072624659728E+021
   7.2255799999999997E-003   1.3849793840367715E+021
   7.2174900000000000E-003   1.3563236639936107E+021
   7.2123100000000004E-003   1.3227163097881368E+021
   7.2074599999999997E-003   1.3077773573184556E+021
   7.2030599999999998E-003   1.3151904113512953E+021
   7.1978199999999997E-003   1.2978714659430709E+021
   7.1920200000000004E-003   1.2937384480966149E+021
   7.1862599999999999E-003   1.2986188974950630E+021
   7.1827699999999998E-003   1.3040362648054758E+021
   7.1780000000000004E-003   1.3109676511835282E+021
   7.1756199999999997E-003   1.3165253854095150E+021
   7.1738499999999998E-003   1.3247316160773767E+021
   7.1696900000000003E-003   1.3334579595491669E+021
   7.1672999999999997E-003   1.3421878146392248E+021
   7.1640000000000002E-003   1.3532114300898566E+021
   7.1612799999999999E-003   1.3740473348129824E+021
   7.1552400000000002E-003   1.4037772173530751E+021
   7.1507200000000002E-003   1.4244453758488352E+021
   7.1456000000000002E-003   1.4666419951685757E+021
   7.1396100000000002E-003   1.5041429141283395E+021
   7.1348999999999996E-003   1.5375274919170778E+021
   7.1304100000000002E-003   1.5771286398466177E+021
   7.1260600000000000E-003   1.6097639467264264E+021
   7.1221000000000001E-003   1.6517886042106684E+021
   7.1170699999999996E-003   1.6861738952516423E+021
   7.1149999999999998E-003   1.7163354012833171E+021
   7.1108700000000000E-003   1.7539406093082231E+021
   7.1081299999999998E-003   1.7896165926829959E+021
   7.1040299999999999E-003   1.8235578422124861E+021
   7.1019799999999999E-003   1.8575329479017122E+021
   7.0980000000000001E-003   1.9032223250544919E+021
   7.0941099999999998E-003   1.9381556545590657E+021
   7.0921800000000000E-003   1.9658197177598198E+021
   7.0896600000000002E-003   2.0128935562974664E+021
   7.0846499999999996E-003   2.0772016330014516E+021
   7.0796599999999998E-003   2.1435507049362896E+021
   7.0746899999999998E-003   2.1946036430254760E+021
   7.0722099999999998E-003   2.2239304982745907E+021
   7.0703600000000004E-003   2.2630483299632719E+021
   7.0666599999999998E-003   2.3158784266279440E+021
   7.0630199999999997E-003   2.3686496523431518E+021
   7.0594500000000001E-003   2.4211762253838339E+021
   7.0559300000000002E-003   2.4733731766214339E+021
   7.0524699999999999E-003   2.5347152571378901E+021
   7.0479499999999999E-003   2.5918684688388881E+021
   7.0451699999999999E-003   2.6354786644137224E+021
   7.0423899999999999E-003   2.6927579098911710E+021
   7.0378200000000002E-003   2.7573434353417999E+021
   7.0342399999999998E-003   2.8118733856859897E+021
   7.0310700000000004E-003   2.8598266686349619E+021
   7.0283300000000002E-003   2.9217200388538588E+021
   7.0237299999999997E-003   2.9989104651837479E+021
   7.0189299999999996E-003   3.0976273378444517E+021
   7.0127399999999999E-003   3.1708803781888196E+021
   7.0098199999999999E-003   3.2295574089869678E+021
   7.0068999999999999E-003   3.3121606688596589E+021
   7.0025399999999998E-003   3.3565851370838127E+021
   6.9967500000000004E-003   3.5157345286087136E+021
   6.9938700000000001E-003   3.5086631546820913E+021
   6.9909899999999999E-003   3.5535502436514917E+021
   6.9865300000000003E-003   3.6490286570520760E+021
   6.9802800000000002E-003   3.7794773715033763E+021
   6.9766600000000000E-003   3.8445155565079762E+021
   6.9705399999999999E-003   3.9892939081950770E+021
   6.9645100000000001E-003   3.9860745247513599E+021
   6.9610699999999998E-003   4.0539763439172458E+021
   6.9588699999999998E-003   4.1786155334594194E+021
   6.9544799999999999E-003   4.2020587820586175E+021
   6.9491500000000003E-003   4.4922617735450507E+021
   6.9460299999999997E-003   4.4216037933492386E+021
   6.9410200000000000E-003   4.4243409667390314E+021
   6.9385200000000001E-003   4.4511272549419267E+021
   6.9336500000000004E-003   4.7421620255172004E+021
   6.9265600000000000E-003   4.7286315936832721E+021
   6.9217000000000002E-003   4.8750744177410719E+021
   6.9168500000000004E-003   4.9421276704649532E+021
   6.9085500000000003E-003   5.0170284154332088E+021
   6.9041199999999997E-003   5.1540951373623822E+021
   6.9004399999999999E-003   5.2549535362659322E+021
   6.8967700000000000E-003   5.3811813726397661E+021
   6.8940800000000003E-003   5.3692081456836782E+021
   6.8920700000000001E-003   5.4766746823007698E+021
   6.8884100000000002E-003   5.6018190000690320E+021
   6.8868300000000000E-003   5.7168193422605240E+021
   6.8842900000000004E-003   5.8047136428519630E+021
   6.8822500000000003E-003   5.9489952135121627E+021
   6.8806800000000001E-003   5.9618864684486372E+021
   6.8791000000000000E-003   6.0381754646338522E+021
   6.8778099999999998E-003   6.0903084015606259E+021
   6.8765099999999997E-003   6.1381042069786392E+021
   6.8752300000000004E-003   6.2094898402139455E+021
   6.8739600000000001E-003   6.3541769163288777E+021
   6.8713600000000000E-003   6.3960223569759458E+021
   6.8687699999999997E-003   6.4304565287385972E+021
   6.8676400000000004E-003   6.4406755477597349E+021
   6.8665100000000001E-003   6.6427027080818605E+021
   6.8646999999999996E-003   6.6597004351742987E+021
   6.8628999999999999E-003   6.6767026499102735E+021
   6.8611000000000002E-003   6.6937096450036382E+021
   6.8592999999999996E-003   6.8132530647380850E+021
   6.8552600000000002E-003   6.9071477463251126E+021
   6.8512399999999998E-003   7.0416890518091376E+021
   6.8422600000000002E-003   7.1345077001400961E+021
   6.8222900000000000E-003   7.2936233157568485E+021
   6.8043899999999996E-003   7.4377960974219425E+021
   6.7900100000000000E-003   7.6145892531820634E+021
   6.7766099999999998E-003   7.8264555106869392E+021
   6.7568799999999998E-003   8.0615546982643500E+021
   6.7383900000000004E-003   8.2576731543208167E+021
   6.7219599999999999E-003   8.4465650381395014E+021
   6.7056099999999999E-003   8.6455525312917102E+021
   6.6894500000000004E-003   8.8564807368151400E+021
   6.6707099999999998E-003   9.0595455086984828E+021
   6.6551099999999997E-003   9.2525488750481669E+021
   6.6391400000000000E-003   9.4562105866217083E+021
   6.6217400000000001E-003   9.6773263964213818E+021
   6.6031800000000002E-003   9.9320146948451604E+021
   6.5807699999999997E-003   1.0177266500069593E+022
   6.5641800000000002E-003   1.0412171765204455E+022
   6.5442699999999996E-003   1.0671927003148852E+022
   6.5246200000000001E-003   1.0906642594419834E+022
   6.5083199999999997E-003   1.1091244191466595E+022
   6.4976699999999997E-003   1.1286427083802954E+022
   6.4792399999999998E-003   1.1489052549870457E+022
   6.4679400000000001E-003   1.1719368189665404E+022
   6.4455900000000002E-003   1.1981452516566279E+022
   6.4293299999999996E-003   1.2210917617982813E+022
   6.4132299999999998E-003   1.2422025901104257E+022
   6.4001099999999997E-003   1.2612249833356376E+022
   6.3870799999999998E-003   1.2927402498283020E+022
   6.3568799999999996E-003   1.3368530914015890E+022
   6.3271999999999998E-003   1.3696461168480795E+022
   6.3136399999999997E-003   1.3981278653591998E+022
   6.2899899999999996E-003   1.4240244474870472E+022
   6.2798500000000000E-003   1.4511265829941691E+022
   6.2554500000000001E-003   1.4893935521183226E+022
   6.2313799999999999E-003   1.5205286736224101E+022
   6.2174900000000000E-003   1.5425802189131724E+022
   6.2037000000000004E-003   1.5712296830536771E+022
   6.1823700000000004E-003   1.6066933244955411E+022
   6.1612899999999998E-003   1.6367157555524471E+022
   6.1470800000000001E-003   1.6603649188816092E+022
   6.1329799999999997E-003   1.6972657531646594E+022
   6.1039199999999997E-003   1.7474550561035979E+022
   6.0752899999999997E-003   1.7891961032281915E+022
   6.0568599999999998E-003   1.8223404598477772E+022
   6.0385999999999999E-003   1.8496184097048751E+022
   6.0275499999999996E-003   1.8693126198683618E+022
   6.0165699999999997E-003   1.9034978766959470E+022
   5.9903600000000001E-003   1.9617178143412156E+022
   5.9540100000000000E-003   2.0233020844893270E+022
   5.9254900000000003E-003   2.0686013602700504E+022
   5.9075500000000001E-003   2.1089261211819641E+022
   5.8843899999999998E-003   2.1544355757133882E+022
   5.8614699999999997E-003   2.2088183227347957E+022
   5.8303599999999997E-003   2.2725128047882918E+022
   5.7989799999999996E-003   2.3219985859787014E+022
   5.7830900000000003E-003   2.3547935940881058E+022
   5.7673200000000003E-003   2.4054768431002068E+022
   5.7350200000000004E-003   2.4742544002232097E+022
   5.7031599999999997E-003   2.5452357879354360E+022
   5.6702899999999997E-003   2.6175929705758523E+022
   5.6378599999999997E-003   2.6917371778756162E+022
   5.6044099999999998E-003   2.7685653925913222E+022
   5.5713999999999998E-003   2.8461883738141170E+022
   5.5373599999999999E-003   2.9264145993676978E+022
   5.5037500000000000E-003   3.0087550909815665E+022
   5.4691100000000001E-003   3.0924635585136139E+022
   5.4349000000000003E-003   3.1567764734628743E+022
   5.4174000000000002E-003   3.2002069004567668E+022
   5.4000100000000002E-003   3.2668090713422988E+022
   5.3644299999999999E-003   3.3572934318248939E+022
   5.3292799999999996E-003   3.4261536230447283E+022
   5.3112999999999997E-003   3.4729752561944841E+022
   5.2934400000000000E-003   3.5444221165049475E+022
   5.2572699999999997E-003   3.6415940340901936E+022
   5.2207699999999996E-003   3.7411731707462068E+022
   5.1839499999999997E-003   3.8432246141245372E+022
   5.1467800000000001E-003   3.9478259512846787E+022
   5.1092700000000000E-003   4.0550490598239145E+022
   5.0714200000000001E-003   4.1649747531823489E+022
   5.0332199999999997E-003   4.2776692511555403E+022
   4.9946599999999997E-003   4.3931970108703891E+022
   4.9557400000000001E-003   4.5117060345930619E+022
   4.9164500000000002E-003   4.6009616718911156E+022
   4.8965800000000002E-003   4.6629707999106648E+022
   4.8767999999999997E-003   4.7246684351919682E+022
   4.8567300000000001E-003   4.7882423535470830E+022
   4.8367599999999998E-003   4.8713276794969111E+022
   4.8049900000000003E-003   4.9728766685623615E+022
   4.7734400000000003E-003   5.0572915541381732E+022
   4.7528900000000001E-003   5.1245196851977159E+022
   4.7324200000000002E-003   5.1932210002184540E+022
   4.7116600000000003E-003   5.2626313816379696E+022
   4.6909899999999999E-003   5.3330994116847861E+022
   4.6700300000000004E-003   5.4044752166178894E+022
   4.6491600000000003E-003   5.4770537920711142E+022
   4.6279900000000002E-003   5.5506820390913606E+022
   4.6069099999999997E-003   5.6254084233847273E+022
   4.5855399999999999E-003   5.7013733187723683E+022
   4.5642499999999997E-003   5.7784631382581692E+022
   4.5426599999999996E-003   5.8569392887920199E+022
   4.5211599999999998E-003   5.9368105296505885E+022
   4.4993500000000001E-003   6.0179848234809671E+022
   4.4776199999999999E-003   6.1004772152444642E+022
   4.4555999999999997E-003   6.1846284103819513E+022
   4.4336499999999999E-003   6.2704395552196018E+022
   4.4114000000000002E-003   6.3578101772079948E+022
   4.3892200000000001E-003   6.4470182004650012E+022
   4.3667300000000001E-003   6.5376571746492642E+022
   4.3443199999999996E-003   6.6306602058481599E+022
   4.3216000000000001E-003   6.7255780193369128E+022
   4.2989500000000002E-003   6.8227818573327300E+022
   4.2759900000000003E-003   6.9221159169101960E+022
   4.2530900000000002E-003   7.0237830931979736E+022
   4.2299800000000004E-003   7.1281840665224441E+022
   4.2067399999999996E-003   7.2353282654346001E+022
   4.1833699999999996E-003   7.3453981478887767E+022
   4.1598800000000003E-003   7.4584542874816209E+022
   4.1362500000000002E-003   7.5750427972322313E+022
   4.1124899999999999E-003   7.6950167917171944E+022
   4.0886000000000004E-003   7.8192995479019409E+022
   4.0645799999999999E-003   7.9475629592885177E+022
   4.0404100000000004E-003   8.0802438826430747E+022
   4.0161099999999998E-003   8.2178303241384985E+022
   3.9916600000000002E-003   8.3602486573325003E+022
   3.9670699999999996E-003   8.5077669210811827E+022
   3.9423399999999999E-003   8.6608718763366298E+022
   3.9174600000000002E-003   8.8196486764134486E+022
   3.8924300000000001E-003   8.9842809168221591E+022
   3.8672400000000001E-003   9.1560605734621847E+022
   3.8419000000000001E-003   9.3347775428302920E+022
   3.8164100000000001E-003   9.5219864298712730E+022
   3.7907599999999998E-003   9.7198321061782570E+022
   3.7649400000000000E-003   9.9295281062473235E+022
   3.7389599999999999E-003   1.0148680985552577E+023
   3.7128100000000000E-003   1.0373736721809450E+023
   3.6864900000000002E-003   1.0602518389289263E+023
   3.6600000000000001E-003   1.0835010179582972E+023
   3.6333300000000002E-003   1.1071202126691594E+023
   3.6064800000000000E-003   1.1311088978659211E+023
   3.5794400000000001E-003   1.1554670533785377E+023
   3.5522200000000000E-003   1.1801949406856175E+023
   3.5248100000000002E-003   1.2052930690317834E+023
   3.4971999999999998E-003   1.2307623381234446E+023
   3.4693900000000001E-003   1.2566036989659709E+023
   3.4413899999999999E-003   1.2828183341749312E+023
   3.4131700000000001E-003   1.3094075638918947E+023
   3.3847399999999998E-003   1.3363726953785205E+023
   3.3560899999999999E-003   1.3637153966925061E+023
   3.3272300000000000E-003   1.3914370639722626E+023
   3.2981299999999998E-003   1.4195394009739222E+023
   3.2688100000000000E-003   1.4480239661801423E+023
   3.2392400000000000E-003   1.4768924750370444E+023
   3.2094300000000001E-003   1.5061464268488647E+023
   3.1793799999999999E-003   1.5357875626117341E+023
   3.1490600000000000E-003   1.5658173514811028E+023
   3.1184799999999999E-003   1.5962373870187349E+023
   3.0876300000000001E-003   1.6270491411036373E+023
   3.0565100000000001E-003   1.6582539865335034E+023
   3.0250899999999998E-003   1.6898531703577308E+023
   2.9933799999999999E-003   1.7218479625432312E+023
   2.9613700000000001E-003   1.7542395016413526E+023
   2.9290499999999999E-003   1.7870286782747438E+023
   2.8964099999999999E-003   1.8202162591493334E+023
   2.8634300000000001E-003   1.8538030751507831E+023
   2.8301099999999998E-003   1.8877895739923007E+023
   2.7964299999999999E-003   1.9221760142792353E+023
   2.7623900000000000E-003   1.9569625836827842E+023
   2.7279700000000001E-003   1.9921491725869271E+023
   2.6931500000000001E-003   2.0277354291823227E+023
   2.6579300000000002E-003   2.0637208368539363E+023
   2.6222799999999998E-003   2.1001044280516269E+023
   2.5861800000000000E-003   2.1368851117669395E+023
   2.5496300000000002E-003   2.1740614038315791E+023
   2.5125999999999998E-003   2.2116313995573474E+023
   2.4750800000000002E-003   2.2495929653388512E+023
   2.4370300000000002E-003   2.2879435057545200E+023
   2.3984300000000000E-003   2.3266798894972879E+023
   2.3592600000000002E-003   2.3657986395828163E+023
   2.3194999999999999E-003   2.4052688038584832E+023
   2.2791000000000000E-003   2.4453015965847941E+023
   2.2380400000000002E-003   2.4857033591842682E+023
   2.1962800000000001E-003   2.5264678609424411E+023
   2.1537700000000002E-003   2.5675887475976183E+023
   2.1104900000000000E-003   2.6090582684243452E+023
   2.0663700000000001E-003   2.6508187412649182E+023
   2.0213700000000002E-003   2.6931091931394379E+023
   1.9754199999999999E-003   2.7357363426921907E+023
   1.9284599999999999E-003   2.7786219568174937E+023
   1.8807299999999999E-003   2.8220650186170752E+023
   1.8311899999999999E-003   2.8658137880020583E+023
   1.7807000000000001E-003   2.9097102199990684E+023
   1.7288300000000000E-003   2.9453101390128110E+023
   1.6892400000000001E-003   2.9802427456518790E+023
   1.6481600000000001E-003   3.0312643661919489E+023
   1.5708000000000000E-003   3.0728125326489723E+023
   1.5274700000000000E-003   3.1091454239850040E+023
   1.4820499999999999E-003   3.1637761695368290E+023
   1.3879000000000001E-003   3.2152000721567394E+023
   1.3229100000000001E-003   3.2616499636606912E+023
   1.2551200000000000E-003   3.3042966916426888E+023
   1.1802500000000001E-003   3.3531023632566782E+023
   1.1005300000000000E-003   3.3974734267759277E+023
   1.0087500000000001E-003   3.4515770711822592E+023
   8.9930000000000001E-004   3.5146280179609157E+023
   7.0638999999999999E-004   3.5596362826902212E+023
   5.6780999999999997E-004   3.5998675654522208E+023
   4.8412999999999999E-004   3.6206286521695915E+023
   3.8296000000000001E-004   3.6279636022291967E+023
   3.1385000000000001E-004   3.6466921332722623E+023
   2.5071000000000002E-004   3.6382315314276045E+023
   2.0164000000000000E-004   3.6572233736127796E+023
   1.6417000000000000E-004   3.6548126913297129E+023
   1.3642999999999999E-004   3.6634011869518507E+023
   1.1689000000000000E-004   3.6620728973337542E+023
   1.0404000000000000E-004   3.6662523978481754E+023
   8.6870000000000000E-005   3.6678634770792022E+023
   6.8940000000000001E-005   3.6683432825732272E+023
   5.4719999999999998E-005   3.6706482429771151E+023
   4.3430000000000003E-005   3.6710305572474165E+023
   3.4470000000000000E-005   3.6711846455788506E+023
   2.7359999999999999E-005   3.6721440038999331E+023
   2.1710000000000001E-005   3.6722283404239383E+023
   1.7229999999999999E-005   3.6726818566367553E+023
   1.3679999999999999E-005   3.6731277761366755E+023
