   8.8810199999999999E-003   3505712141234963.5     
   8.8810199999999999E-003   3762238736822744.5     
   8.8810199999999999E-003   3998322202714900.0     
   8.8810099999999999E-003   4215428574859709.0     
   8.8810099999999999E-003   4414221420733712.5     
   8.8810099999999999E-003   4594725900675478.0     
   8.8810099999999999E-003   4759194287769910.0     
   8.8810099999999999E-003   4916293068483560.0     
   8.8810099999999999E-003   5066726167503001.0     
   8.8810099999999999E-003   5211088510401156.0     
   8.8810099999999999E-003   5349910612314636.0     
   8.8810099999999999E-003   5483650753830982.0     
   8.8810099999999999E-003   5612743265227969.0     
   8.8810099999999999E-003   5737582154786076.0     
   8.8810000000000000E-003   5858526817647587.0     
   8.8810000000000000E-003   5975888676085743.0     
   8.8810000000000000E-003   6089933741738707.0     
   8.8810000000000000E-003   6200899730298820.0     
   8.8810000000000000E-003   6308989648661311.0     
   8.8810000000000000E-003   6414381471764733.0     
   8.8810000000000000E-003   6542429930313872.0     
   8.8810000000000000E-003   6691398036233060.0     
   8.8810000000000000E-003   6835419220274010.0     
   8.8810000000000000E-003   6974818252875159.0     
   8.8810000000000000E-003   7087762584795279.0     
   8.8810000000000000E-003   7175978111489268.0     
   8.8810000000000000E-003   7262440573615063.0     
   8.8810000000000000E-003   7347218950530741.0     
   8.8809900000000001E-003   7450853068084413.0     
   8.8809900000000001E-003   7572133949213781.0     
   8.8809900000000001E-003   7690144230702412.0     
   8.8809900000000001E-003   7805058425657997.0     
   8.8809900000000001E-003   7898634025603041.0     
   8.8809900000000001E-003   7972049978862880.0     
   8.8809900000000001E-003   8044264307533294.0     
   8.8809900000000001E-003   8115330037861860.0     
   8.8809900000000001E-003   8219732188397172.0     
   8.8809900000000001E-003   8321989550395711.0     
   8.8809900000000001E-003   8388829206354801.0     
   8.8809900000000001E-003   8487179984178894.0     
   8.8809900000000001E-003   8615260949051680.0     
   8.8809900000000001E-003   8739898482792816.0     
   8.8809900000000001E-003   8861295364179727.0     
   8.8809900000000001E-003   8950413407184633.0     
   8.8809800000000001E-003   9008848197229478.0     
   8.8809800000000001E-003   9066569150687748.0     
   8.8809800000000001E-003   9123594677541436.0     
   8.8809800000000001E-003   9207794321710454.0     
   8.8809800000000001E-003   9317884954913972.0     
   8.8809800000000001E-003   9425480632206222.0     
   8.8809800000000001E-003   9530695871470462.0     
   8.8809800000000001E-003   9650514075763914.0     
   8.8809800000000001E-003   9783917861894250.0     
   8.8809800000000001E-003   9913687608046908.0     
   8.8809800000000001E-003   10040017160532536.     
   8.8809800000000001E-003   10163094359433670.     
   8.8809800000000001E-003   10283091017535158.     
   8.8809700000000002E-003   10400166626093914.     
   8.8809700000000002E-003   10514470952947412.     
   8.8809700000000002E-003   10639892076538438.     
   8.8809700000000002E-003   10775627919853472.     
   8.8809700000000002E-003   10907733338458642.     
   8.8809700000000002E-003   11004635852341452.     
   8.8809700000000002E-003   11068162354746156.     
   8.8809700000000002E-003   11161913467115872.     
   8.8809700000000002E-003   11284371064392668.     
   8.8809700000000002E-003   11403967872764278.     
   8.8809700000000002E-003   11520863421385288.     
   8.8809700000000002E-003   11635198908616678.     
   8.8809600000000002E-003   11747100499094288.     
   8.8809600000000002E-003   11856686792485784.     
   8.8809600000000002E-003   11964070027074252.     
   8.8809600000000002E-003   12069346317546072.     
   8.8809600000000002E-003   12172611199612770.     
   8.8809600000000002E-003   12323749819046046.     
   8.8809600000000002E-003   12495233710677496.     
   8.8809600000000002E-003   12638015292888664.     
   8.8809600000000002E-003   12777226737069610.     
   8.8809500000000003E-003   12879488216679292.     
   8.8809500000000003E-003   12946602662961710.     
   8.8809500000000003E-003   13045754186411642.     
   8.8809500000000003E-003   13175430306594056.     
   8.8809500000000003E-003   13364446961030988.     
   8.8809500000000003E-003   13547988044315652.     
   8.8809500000000003E-003   13667154183577586.     
   8.8809500000000003E-003   13784009601113470.     
   8.8809400000000004E-003   13898654196519812.     
   8.8809400000000004E-003   14011185008188866.     
   8.8809400000000004E-003   14121686749154654.     
   8.8809400000000004E-003   14230242829110368.     
   8.8809400000000004E-003   14336936906311156.     
   8.8809400000000004E-003   14459111034240668.     
   8.8809400000000004E-003   14595926974674016.     
   8.8809400000000004E-003   14795530370754796.     
   8.8809300000000004E-003   14989477438293048.     
   8.8809300000000004E-003   15115459183312636.     
   8.8809300000000004E-003   15239027312975908.     
   8.8809300000000004E-003   15360290382274968.     
   8.8809300000000004E-003   15494038087988604.     
   8.8809300000000004E-003   15639568616032180.     
   8.8809300000000004E-003   15781972212771828.     
   8.8809200000000005E-003   15921402992600346.     
   8.8809200000000005E-003   16057994391925208.     
   8.8809200000000005E-003   16191868103579138.     
   8.8809200000000005E-003   16387616949315986.     
   8.8809200000000005E-003   16590797877616090.     
   8.8809100000000005E-003   16739187383416684.     
   8.8809100000000005E-003   16884448877262948.     
   8.8809100000000005E-003   17026728020426280.     
   8.8809100000000005E-003   17166160559748544.     
   8.8809100000000005E-003   17302871850151498.     
   8.8809100000000005E-003   17436977103269830.     
   8.8809000000000006E-003   17568564386811448.     
   8.8809000000000006E-003   17697729353287726.     
   8.8809000000000006E-003   17824554322440496.     
   8.8809000000000006E-003   17949112588452206.     
   8.8809000000000006E-003   18071506408165576.     
   8.8809000000000006E-003   18251073019657184.     
   8.8808900000000007E-003   18484085260142488.     
   8.8808900000000007E-003   18710072019528940.     
   8.8808900000000007E-003   18929601203285812.     
   8.8808800000000007E-003   19143196554444496.     
   8.8808800000000007E-003   19351480689228632.     
   8.8808800000000007E-003   19555045034784764.     
   8.8808800000000007E-003   19754401097369340.     
   8.8808700000000008E-003   19950025411620680.     
   8.8808700000000008E-003   20142320258943316.     
   8.8808700000000008E-003   20331621282009760.     
   8.8808700000000008E-003   20518240623981208.     
   8.8808600000000008E-003   20702500617810488.     
   8.8808600000000008E-003   20884729447925480.     
   8.8808600000000008E-003   21065276146750788.     
   8.8808600000000008E-003   21244475391191504.     
   8.8808499999999992E-003   21510891287508532.     
   8.8808499999999992E-003   21862103729144060.     
   8.8808399999999992E-003   22122755268126196.     
   8.8808399999999992E-003   22295228099359724.     
   8.8808399999999992E-003   22466816972925248.     
   8.8808399999999992E-003   22637570341228424.     
   8.8808299999999993E-003   22863914656233144.     
   8.8808299999999993E-003   23145114202765436.     
   8.8808299999999993E-003   23424300982932000.     
   8.8808199999999993E-003   23632539966707616.     
   8.8808199999999993E-003   23770613604418372.     
   8.8808199999999993E-003   23976586590841972.     
   8.8808199999999993E-003   24249611567192488.     
   8.8808099999999994E-003   24520483072158196.     
   8.8808099999999994E-003   24789161313111460.     
   8.8808099999999994E-003   25055616926428804.     
   8.8807999999999995E-003   25319794120675204.     
   8.8807999999999995E-003   25710925336271820.     
   8.8807899999999995E-003   26097784408048412.     
   8.8807899999999995E-003   26351991265938704.     
   8.8807899999999995E-003   26603493195954956.     
   8.8807799999999996E-003   26852273196158356.     
   8.8807799999999996E-003   27219855577626076.     
   8.8807699999999996E-003   27701016587764676.     
   8.8807699999999996E-003   28171271572861792.     
   8.8807599999999997E-003   28630694474387292.     
   8.8807599999999997E-003   29024142621452704.     
   8.8807499999999998E-003   29354991381111808.     
   8.8807499999999998E-003   29680213057440168.     
   8.8807499999999998E-003   29999957960331684.     
   8.8807399999999998E-003   30469315215128684.     
   8.8807299999999999E-003   30927812263867736.     
   8.8807299999999999E-003   31227228570110136.     
   8.8807299999999999E-003   31521997100466240.     
   8.8807199999999999E-003   31812284290596796.     
   8.8807199999999999E-003   32239487759870656.     
   8.8807100000000000E-003   32794869353265300.     
   8.8807000000000001E-003   33334648946973744.     
   8.8807000000000001E-003   33859701468273948.     
   8.8806900000000001E-003   34370932231618680.     
   8.8806800000000002E-003   34869263389078848.     
   8.8806800000000002E-003   35355636805680048.     
   8.8806700000000002E-003   35830893276482456.     
   8.8806600000000003E-003   36295673536062016.     
   8.8806600000000003E-003   36750721451181232.     
   8.8806500000000003E-003   37196950631112784.     
   8.8806500000000003E-003   37707752362447256.     
   8.8806400000000004E-003   38280309352856520.     
   8.8806300000000005E-003   38842207471282448.     
   8.8806200000000005E-003   39394574524888040.     
   8.8806200000000005E-003   39938320635675704.     
   8.8806100000000006E-003   40341301068371712.     
   8.8806000000000006E-003   40607406168985240.     
   8.8806000000000006E-003   41002919715642616.     
   8.8805900000000007E-003   41524930767071200.     
   8.8805900000000007E-003   42040596908735048.     
   8.8805800000000008E-003   42550240160116568.     
   8.8805700000000008E-003   43178614164447104.     
   8.8805599999999991E-003   43921566534307000.     
   8.8805499999999992E-003   44470970609587816.     
   8.8805499999999992E-003   45012241986289416.     
   8.8805399999999993E-003   45547155633586072.     
   8.8805399999999993E-003   45957848208464112.     
   8.8805299999999993E-003   46422007240257672.     
   8.8805199999999994E-003   46880537516722672.     
   8.8805199999999994E-003   47333476620723656.     
   8.8805099999999994E-003   48002130573970704.     
   8.8804999999999995E-003   48658909136526104.     
   8.8804899999999996E-003   49089721625839344.     
   8.8804899999999996E-003   49620500311139344.     
   8.8804799999999996E-003   50246429916202464.     
   8.8804699999999997E-003   51162786010061800.     
   8.8804599999999997E-003   52053503603814856.     
   8.8804499999999998E-003   52633011954552240.     
   8.8804399999999999E-003   53201359346795632.     
   8.8804299999999999E-003   53758692414447616.     
   8.8804200000000000E-003   54574336046924480.     
   8.8804100000000000E-003   55624931245502080.     
   8.8804000000000001E-003   56469315231059544.     
   8.8803900000000002E-003   57125264777550120.     
   8.8803800000000002E-003   57843481049115960.     
   8.8803700000000003E-003   58618813761509112.     
   8.8803500000000004E-003   59372324208792184.     
   8.8803400000000005E-003   60106222471499456.     
   8.8803300000000005E-003   60998922768348136.     
   8.8803200000000006E-003   61782767095046960.     
   8.8803100000000006E-003   62295097681355688.     
   8.8803000000000007E-003   62800109418526376.     
   8.8802900000000008E-003   63298279525177664.     
   8.8802800000000008E-003   64033088832481216.     
   8.8802699999999991E-003   64993894490489408.     
   8.8802499999999993E-003   65934066775383368.     
   8.8802399999999993E-003   66855232703289584.     
   8.8802299999999994E-003   67758738656098896.     
   8.8802099999999995E-003   68791391479945288.     
   8.8801899999999996E-003   69946059715808216.     
   8.8801799999999997E-003   70934558063664168.     
   8.8801599999999998E-003   71765380672707952.     
   8.8801499999999998E-003   72581778761260480.     
   8.8801399999999999E-003   73384275981001616.     
   8.8801200000000000E-003   74303448033041424.     
   8.8801100000000001E-003   75333339196880896.     
   8.8800900000000002E-003   76342206251015952.     
   8.8800700000000003E-003   77331471792591808.     
   8.8800600000000004E-003   78302513469078848.     
   8.8800400000000005E-003   79256591962703888.     
   8.8800300000000006E-003   80194850477444128.     
   8.8800100000000007E-003   81118338410580048.     
   8.8800000000000007E-003   82028017650067568.     
   8.8799800000000009E-003   82924840263969376.     
   8.8799699999999992E-003   84028597947165440.     
   8.8799499999999993E-003   85331410260676928.     
   8.8799199999999995E-003   86400357209064048.     
   8.8799099999999995E-003   87244589886176272.     
   8.8798999999999996E-003   88080103219309664.     
   8.8798799999999997E-003   88907456330760320.     
   8.8798699999999998E-003   90132997969386928.     
   8.8798400000000000E-003   91743083437883184.     
   8.8798200000000001E-003   92933496113431424.     
   8.8798000000000002E-003   93718196632492352.     
   8.8797900000000003E-003   94689767211821872.     
   8.8797700000000004E-003   95843446246230688.     
   8.8797500000000005E-003   96983749548141056.     
   8.8797400000000005E-003   98111108208694880.     
   8.8797200000000007E-003   99410081579370672.     
   8.8797000000000008E-003   1.0087488068565200E+017
   8.8796699999999992E-003   1.0196036269323430E+017
   8.8796599999999993E-003   1.0267718020472470E+017
   8.8796499999999993E-003   1.0374240784279739E+017
   8.8796299999999995E-003   1.0514632300616318E+017
   8.8796099999999996E-003   1.0653110753444482E+017
   8.8795799999999998E-003   1.0789725568464877E+017
   8.8795599999999999E-003   1.0924523006209571E+017
   8.8795400000000000E-003   1.1057548412573058E+017
   8.8795200000000001E-003   1.1253711378518622E+017
   8.8794800000000004E-003   1.1446401156138635E+017
   8.8794600000000005E-003   1.1572764450746464E+017
   8.8794400000000006E-003   1.1697565679822570E+017
   8.8794200000000007E-003   1.1820843494916250E+017
   8.8794000000000008E-003   1.1972814733027723E+017
   8.8793699999999993E-003   1.2152279801316816E+017
   8.8793499999999994E-003   1.2299515763313024E+017
   8.8793299999999995E-003   1.2415794919651395E+017
   8.8793099999999996E-003   1.2559324889926926E+017
   8.8792799999999998E-003   1.2729075669457622E+017
   8.8792599999999999E-003   1.2896185181037222E+017
   8.8792300000000001E-003   1.3060771742138987E+017
   8.8792100000000002E-003   1.3222948366266459E+017
   8.8791800000000004E-003   1.3382824998786762E+017
   8.8791600000000005E-003   1.3540507595311226E+017
   8.8791300000000007E-003   1.3696093908969491E+017
   8.8791100000000008E-003   1.3849673871149429E+017
   8.8790899999999992E-003   1.4001329811054349E+017
   8.8790599999999994E-003   1.4175891947950250E+017
   8.8790299999999996E-003   1.4372497606856381E+017
   8.8789999999999997E-003   1.4518047192129034E+017
   8.8789899999999998E-003   1.4614135554617811E+017
   8.8789699999999999E-003   1.4777921881246752E+017
   8.8789400000000001E-003   1.5007125166247936E+017
   8.8789000000000003E-003   1.5186765635645117E+017
   8.8788800000000005E-003   1.5318649353610256E+017
   8.8788600000000006E-003   1.5481679052034458E+017
   8.8788300000000007E-003   1.5674828025931459E+017
   8.8787999999999992E-003   1.5865299811496954E+017
   8.8787699999999994E-003   1.6053185621688611E+017
   8.8787399999999995E-003   1.6269194887754678E+017
   8.8786999999999998E-003   1.6512158313611098E+017
   8.8786700000000000E-003   1.6691810647848656E+017
   8.8786500000000001E-003   1.6810324807519702E+017
   8.8786300000000002E-003   1.6986282833530234E+017
   8.8785900000000004E-003   1.7217863613636314E+017
   8.8785600000000006E-003   1.7446045673808400E+017
   8.8785200000000009E-003   1.7671005280520966E+017
   8.8784899999999993E-003   1.7892908359926349E+017
   8.8784599999999995E-003   1.8111914335345034E+017
   8.8784199999999997E-003   1.8328178486579712E+017
   8.8783899999999999E-003   1.8541845907946243E+017
   8.8783600000000001E-003   1.8753044977277584E+017
   8.8783300000000002E-003   1.8961889376290528E+017
   8.8782900000000005E-003   1.9219675523521056E+017
   8.8782500000000007E-003   1.9524711010221331E+017
   8.8781999999999993E-003   1.9775447312475405E+017
   8.8781699999999995E-003   1.9973711136564067E+017
   8.8781399999999996E-003   2.0170036395744688E+017
   8.8781099999999998E-003   2.0364475185079526E+017
   8.8780800000000000E-003   2.0604867174779994E+017
   8.8780400000000002E-003   2.0889797965990147E+017
   8.8780000000000005E-003   2.1170916512993974E+017
   8.8779600000000007E-003   2.1448374675462525E+017
   8.8779199999999992E-003   2.1722310119511594E+017
   8.8778799999999995E-003   2.1992846638743520E+017
   8.8778399999999997E-003   2.2215832027662464E+017
   8.8778099999999999E-003   2.2392572804165133E+017
   8.8777900000000000E-003   2.2654959913813376E+017
   8.8777300000000003E-003   2.3000248074251894E+017
   8.8776800000000006E-003   2.3298158905105398E+017
   8.8776500000000008E-003   2.3550387358492566E+017
   8.8776099999999993E-003   2.3799857007627840E+017
   8.8775699999999996E-003   2.4046640820736205E+017
   8.8775399999999997E-003   2.4331211122572394E+017
   8.8774900000000000E-003   2.4652264046556730E+017
   8.8774400000000003E-003   2.4968957121917069E+017
   8.8774000000000006E-003   2.5281424653289773E+017
   8.8773500000000009E-003   2.5589797098521325E+017
   8.8773099999999994E-003   2.5894205914296531E+017
   8.8772699999999996E-003   2.6194782807591539E+017
   8.8772199999999999E-003   2.6491660998943264E+017
   8.8771800000000001E-003   2.6784982705892288E+017
   8.8771400000000004E-003   2.7074889121237843E+017
   8.8771000000000006E-003   2.7361511270941437E+017
   8.8770499999999992E-003   2.7644973675477446E+017
   8.8770099999999994E-003   2.7994952840949536E+017
   8.8769499999999998E-003   2.8409052997197018E+017
   8.8768900000000001E-003   2.8749471211491648E+017
   8.8768600000000003E-003   2.9018766022003942E+017
   8.8768200000000005E-003   2.9285513478958387E+017
   8.8767800000000008E-003   2.9549794750332166E+017
   8.8767399999999993E-003   2.9941574946080134E+017
   8.8766699999999997E-003   3.0456248125273581E+017
   8.8765900000000002E-003   3.0836737762486022E+017
   8.8765600000000004E-003   3.1087680471635795E+017
   8.8765200000000006E-003   3.1460163743737440E+017
   8.8764499999999993E-003   3.1950262701607834E+017
   8.8763799999999997E-003   3.2313108410386419E+017
   8.8763499999999999E-003   3.2552659428074662E+017
   8.8763200000000000E-003   3.2908573354221600E+017
   8.8762500000000005E-003   3.3377408448689574E+017
   8.8761900000000008E-003   3.3839742682282970E+017
   8.8761199999999995E-003   3.4295826096678490E+017
   8.8760599999999999E-003   3.4768519287495987E+017
   8.8759900000000003E-003   3.5389174990515667E+017
   8.8758900000000009E-003   3.6021324806714778E+017
   8.8758099999999996E-003   3.6408291130184320E+017
   8.8757799999999998E-003   3.6790871854714400E+017
   8.8757100000000002E-003   3.7295064043160275E+017
   8.8756400000000006E-003   3.7792570704881075E+017
   8.8755699999999993E-003   3.8283696355363904E+017
   8.8754999999999997E-003   3.8888838721041888E+017
   8.8754000000000003E-003   3.9603365542727149E+017
   8.8753100000000008E-003   4.0421220765965408E+017
   8.8751799999999999E-003   4.1337084512715206E+017
   8.8750600000000006E-003   4.2011750861667482E+017
   8.8749999999999992E-003   4.2455495357732358E+017
   8.8749399999999996E-003   4.2894786060873645E+017
   8.8748799999999999E-003   4.3329741858668998E+017
   8.8748200000000003E-003   4.3813955046985216E+017
   8.8747500000000007E-003   4.4345951592601683E+017
   8.8746799999999994E-003   4.4871730857367059E+017
   8.8746099999999998E-003   4.5391487889556032E+017
   8.8745400000000002E-003   4.6058246300805600E+017
   8.8744300000000009E-003   4.6866207600775763E+017
   8.8743199999999998E-003   4.7758685230311078E+017
   8.8741900000000005E-003   4.8731310976886202E+017
   8.8740699999999995E-003   4.9786476556705984E+017
   8.8739200000000004E-003   5.0919529170212704E+017
   8.8737699999999996E-003   5.1753670814084006E+017
   8.8737000000000000E-003   5.2302234592351648E+017
   8.8736200000000005E-003   5.3203706917644486E+017
   8.8734599999999997E-003   5.4442621943327398E+017
   8.8733000000000006E-003   5.5569615132111885E+017
   8.8731699999999997E-003   5.6337527918383680E+017
   8.8731000000000001E-003   5.6843747630634400E+017
   8.8730400000000004E-003   5.7428893381186803E+017
   8.8729499999999992E-003   5.8090889336197760E+017
   8.8728699999999997E-003   5.9070108617757466E+017
   8.8727000000000007E-003   6.0353042445072576E+017
   8.8725399999999999E-003   6.1610472762027290E+017
   8.8723799999999992E-003   6.2537978655635686E+017
   8.8723099999999996E-003   6.3148650031505958E+017
   8.8722300000000000E-003   6.3903771804207488E+017
   8.8721200000000007E-003   6.4798693049803891E+017
   8.8719999999999997E-003   6.5972778909907994E+017
   8.8718200000000007E-003   6.7412572850930598E+017
   8.8716400000000001E-003   6.8757535449569037E+017
   8.8714799999999993E-003   7.0012989262323661E+017
   8.8713300000000002E-003   7.1256044986074176E+017
   8.8711799999999993E-003   7.2487677435892032E+017
   8.8710300000000002E-003   7.3899679300326131E+017
   8.8708299999999997E-003   7.5483957033133824E+017
   8.8706400000000008E-003   7.7038504766846976E+017
   8.8704500000000002E-003   7.8565192716364045E+017
   8.8702599999999996E-003   8.0065279684987392E+017
   8.8700900000000006E-003   8.1539862400474957E+017
   8.8699099999999999E-003   8.2720316705966618E+017
   8.8698000000000006E-003   8.3617357963733965E+017
   8.8696899999999995E-003   8.4505385082192064E+017
   8.8695900000000001E-003   8.5384623883132416E+017
   8.8694800000000008E-003   8.6686802468043533E+017
   8.8692800000000002E-003   8.8395102962763251E+017
   8.8690799999999997E-003   9.0237613647345293E+017
   8.8688399999999994E-003   9.2207136510581901E+017
   8.8686100000000007E-003   9.4049814154117274E+017
   8.8684100000000002E-003   9.5777808932800077E+017
   8.8682099999999996E-003   9.7696310315028544E+017
   8.8679599999999994E-003   9.9800164460265011E+017
   8.8677200000000008E-003   1.0187502784871419E+018
   8.8674900000000004E-003   1.0392198755212710E+018
   8.8672600000000001E-003   1.0544639276751159E+018
   8.8671500000000007E-003   1.0696390047362253E+018
   8.8669300000000003E-003   1.0846954228607300E+018
   8.8668199999999992E-003   1.0966731876359711E+018
   8.8666600000000002E-003   1.1105805787641414E+018
   8.8665099999999993E-003   1.1243697275259227E+018
   8.8663600000000002E-003   1.1380440231595402E+018
   8.8662199999999993E-003   1.1564108716403077E+018
   8.8659700000000008E-003   1.1793458175838067E+018
   8.8657300000000005E-003   1.2021815473174917E+018
   8.8654900000000002E-003   1.2249250241061271E+018
   8.8652499999999999E-003   1.2510879290931254E+018
   8.8649400000000000E-003   1.2805512623899855E+018
   8.8646400000000000E-003   1.3024305545644119E+018
   8.8644899999999992E-003   1.3169533599894595E+018
   8.8643400000000001E-003   1.3386464678882250E+018
   8.8640500000000001E-003   1.3673077461090806E+018
   8.8637700000000000E-003   1.3956278126242499E+018
   8.8634899999999999E-003   1.4236232979408494E+018
   8.8632099999999998E-003   1.4548955824174725E+018
   8.8628700000000001E-003   1.4893227801954586E+018
   8.8625400000000003E-003   1.5233932089548465E+018
   8.8622200000000005E-003   1.5571269071134019E+018
   8.8619000000000007E-003   1.5904822208438935E+018
   8.8615800000000008E-003   1.6234787907826327E+018
   8.8612799999999992E-003   1.6497324233181225E+018
   8.8610900000000003E-003   1.6694447780709727E+018
   8.8609099999999996E-003   1.6889980341159741E+018
   8.8607300000000007E-003   1.7083965221284508E+018
   8.8605500000000000E-003   1.7374263124310067E+018
   8.8602000000000004E-003   1.7757915246766180E+018
   8.8598500000000007E-003   1.8170119970232067E+018
   8.8594499999999996E-003   1.8609756643967982E+018
   8.8590600000000002E-003   1.9045699944309827E+018
   8.8586800000000007E-003   1.9478224739610509E+018
   8.8582999999999995E-003   1.9815239389130696E+018
   8.8580900000000008E-003   2.0059803807100728E+018
   8.8578800000000003E-003   2.0303465408174536E+018
   8.8576699999999998E-003   2.0546257311877028E+018
   8.8574599999999993E-003   2.0848594754492232E+018
   8.8571499999999994E-003   2.1208900841560202E+018
   8.8568399999999995E-003   2.1629348993175785E+018
   8.8564400000000001E-003   2.2107830624995837E+018
   8.8560400000000008E-003   2.2582625408786642E+018
   8.8556499999999996E-003   2.3053970153780518E+018
   8.8552600000000002E-003   2.3404463535865687E+018
   8.8550699999999996E-003   2.3637493756183788E+018
   8.8548800000000007E-003   2.3901076752786417E+018
   8.8546400000000004E-003   2.4194599148606054E+018
   8.8544100000000001E-003   2.4632927491702943E+018
   8.8539399999999994E-003   2.5211347522411868E+018
   8.8534800000000004E-003   2.5640837409237069E+018
   8.8532500000000000E-003   2.5926095924864942E+018
   8.8530299999999996E-003   2.6241783258355364E+018
   8.8527599999999994E-003   2.6587231179339013E+018
   8.8524899999999993E-003   2.6929713583875584E+018
   8.8522199999999992E-003   2.7269319413032223E+018
   8.8519600000000007E-003   2.7611191068933683E+018
   8.8516900000000006E-003   2.7955292567453752E+018
   8.8514300000000004E-003   2.8470116743915709E+018
   8.8509100000000000E-003   2.9149980363092992E+018
   8.8503999999999996E-003   2.9655182541946245E+018
   8.8501499999999993E-003   2.9991356778191754E+018
   8.8499000000000008E-003   3.0358910467055800E+018
   8.8495999999999991E-003   3.0757153908499538E+018
   8.8493100000000009E-003   3.1152021723079757E+018
   8.8490200000000008E-003   3.1744032991238600E+018
   8.8484400000000008E-003   3.2335177947127214E+018
   8.8481500000000008E-003   3.2729163416722708E+018
   8.8478700000000007E-003   3.3120048910484726E+018
   8.8475800000000007E-003   3.3654669106287473E+018
   8.8471000000000001E-003   3.4328828920885745E+018
   8.8466199999999995E-003   3.5005337306199654E+018
   8.8461400000000006E-003   3.5684169754406221E+018
   8.8456600000000000E-003   3.6331566478196357E+018
   8.8452300000000008E-003   3.6944766264158961E+018
   8.8447999999999999E-003   3.7438387237749463E+018
   8.8445299999999998E-003   3.7818700925732372E+018
   8.8442599999999996E-003   3.8417653772389745E+018
   8.8436699999999997E-003   3.9223972084473800E+018
   8.8430999999999996E-003   3.9852542761316326E+018
   8.8427699999999998E-003   4.0312990659461560E+018
   8.8424400000000000E-003   4.0986697036858035E+018
   8.8418100000000003E-003   4.1873231002943555E+018
   8.8412000000000004E-003   4.2828267477088420E+018
   8.8404999999999994E-003   4.3852775683218478E+018
   8.8398299999999999E-003   4.4657944075802660E+018
   8.8394400000000005E-003   4.5242927991746949E+018
   8.8390599999999993E-003   4.5828529081609871E+018
   8.8386799999999998E-003   4.6414761567633295E+018
   8.8383000000000003E-003   4.7221727395240315E+018
   8.8376400000000008E-003   4.8242544628895744E+018
   8.8369999999999994E-003   4.9136264682366310E+018
   8.8365100000000005E-003   4.9907259064915507E+018
   8.8360299999999999E-003   5.0619950776565391E+018
   8.8356100000000007E-003   5.1601617959128566E+018
   8.8348000000000003E-003   5.2954935779120189E+018
   8.8339400000000002E-003   5.4002130103360737E+018
   8.8335099999999993E-003   5.4692892084782684E+018
   8.8331000000000000E-003   5.5721140688041462E+018
   8.8322699999999997E-003   5.7075561583153756E+018
   8.8314599999999993E-003   5.8372804823537531E+018
   8.8307200000000002E-003   5.9440819751504364E+018
   8.8301999999999999E-003   6.0323509196369572E+018
   8.8296799999999995E-003   6.1607730832845691E+018
   8.8287000000000001E-003   6.3278346100772813E+018
   8.8277400000000006E-003   6.4969043057515889E+018
   8.8267499999999995E-003   6.6679196942545725E+018
   8.8257900000000000E-003   6.8201854000457349E+018
   8.8250299999999993E-003   6.9544931235727749E+018
   8.8242800000000003E-003   7.1186500924713533E+018
   8.8232099999999997E-003   7.2635901066371072E+018
   8.8226799999999994E-003   7.3591662780160317E+018
   8.8221600000000008E-003   7.4923117224974479E+018
   8.8212299999999993E-003   7.6618138865471621E+018
   8.8203199999999995E-003   7.7934241233942610E+018
   8.8198100000000008E-003   7.8883325508906394E+018
   8.8193000000000004E-003   8.0088920470939730E+018
   8.8185299999999998E-003   8.1543900861155154E+018
   8.8177599999999991E-003   8.3389985973730447E+018
   8.8165899999999991E-003   8.5105825474052147E+018
   8.8159699999999994E-003   8.6475439978178550E+018
   8.8151700000000006E-003   8.8006919937820252E+018
   8.8143900000000001E-003   8.9881056153306890E+018
   8.8132499999999999E-003   9.1537239165444936E+018
   8.8126999999999997E-003   9.2630514912927171E+018
   8.8121499999999995E-003   9.4321725696523059E+018
   8.8109999999999994E-003   9.6027115959473316E+018
   8.8104299999999993E-003   9.7152926235411784E+018
   8.8098800000000008E-003   9.8381644262839910E+018
   8.8092199999999996E-003   9.9710732111588925E+018
   8.8085600000000000E-003   1.0140339704803725E+019
   8.8075600000000007E-003   1.0344703322760321E+019
   8.8065699999999997E-003   1.0515742698221894E+019
   8.8058900000000002E-003   1.0654572701205887E+019
   8.8052300000000007E-003   1.0793351039029281E+019
   8.8045599999999995E-003   1.1008541044105503E+019
   8.8031700000000008E-003   1.1295833300202004E+019
   8.8018200000000001E-003   1.1588123722094502E+019
   8.8004099999999998E-003   1.1811249643060734E+019
   8.7997200000000005E-003   1.1958237334251966E+019
   8.7990399999999993E-003   1.2186650673226068E+019
   8.7975999999999992E-003   1.2492596206772081E+019
   8.7962000000000005E-003   1.2802967591389010E+019
   8.7947300000000006E-003   1.3039397642382002E+019
   8.7940099999999997E-003   1.3194586730181100E+019
   8.7933000000000004E-003   1.3353557192093835E+019
   8.7925399999999997E-003   1.3515914384364986E+019
   8.7918000000000007E-003   1.3676152671247256E+019
   8.7910699999999998E-003   1.3834201068803035E+019
   8.7903400000000007E-003   1.3995806570606961E+019
   8.7895700000000000E-003   1.4160494046865424E+019
   8.7888099999999993E-003   1.4402662674385953E+019
   8.7873199999999995E-003   1.4644189828244089E+019
   8.7865400000000007E-003   1.4809462095609659E+019
   8.7857600000000001E-003   1.4971680840171039E+019
   8.7849899999999995E-003   1.5130830711993319E+019
   8.7842400000000005E-003   1.5293574198865883E+019
   8.7834400000000000E-003   1.5457727624581411E+019
   8.7826399999999995E-003   1.5618204984021414E+019
   8.7818600000000007E-003   1.5775297172243104E+019
   8.7810900000000001E-003   1.5934569111727307E+019
   8.7802699999999997E-003   1.6095435118854261E+019
   8.7794699999999993E-003   1.6252277414257697E+019
   8.7786700000000006E-003   1.6405487950056946E+019
   8.7778800000000001E-003   1.6560428130391196E+019
   8.7770399999999998E-003   1.6716607111555787E+019
   8.7762199999999995E-003   1.6868470460155838E+019
   8.7754100000000008E-003   1.7016717735559188E+019
   8.7746000000000005E-003   1.7166365852864166E+019
   8.7737500000000003E-003   1.7317329539615003E+019
   8.7729100000000001E-003   1.7464050437182853E+019
   8.7720799999999998E-003   1.7607684219061311E+019
   8.7712599999999995E-003   1.7752965190609527E+019
   8.7703899999999994E-003   1.7899990302218408E+019
   8.7695299999999993E-003   1.8043322071259716E+019
   8.7686900000000009E-003   1.8184183329785608E+019
   8.7678500000000006E-003   1.8327225522695832E+019
   8.7669600000000007E-003   1.8472594147315671E+019
   8.7660900000000007E-003   1.8614965794264191E+019
   8.7652300000000006E-003   1.8755481125923070E+019
   8.7643800000000004E-003   1.8899146708845601E+019
   8.7634700000000006E-003   1.9044858592705270E+019
   8.7625800000000007E-003   1.9185905238413447E+019
   8.7617000000000007E-003   1.9330343486067753E+019
   8.7608300000000007E-003   1.9560616977157173E+019
   8.7590099999999994E-003   1.9862082949426291E+019
   8.7572299999999995E-003   2.0085086616266682E+019
   8.7562899999999999E-003   2.0239931403872813E+019
   8.7553700000000002E-003   2.0392728026648830E+019
   8.7544500000000004E-003   2.0549754194620985E+019
   8.7535500000000006E-003   2.0803002874322489E+019
   8.7516599999999996E-003   2.1133217340588306E+019
   8.7498100000000002E-003   2.1376548546145079E+019
   8.7488400000000008E-003   2.1547048872986378E+019
   8.7478799999999995E-003   2.1803926225339699E+019
   8.7460000000000003E-003   2.2153879324229956E+019
   8.7440399999999998E-003   2.2417021805716382E+019
   8.7430800000000003E-003   2.2596506778762715E+019
   8.7421300000000007E-003   2.2886640958307275E+019
   8.7401300000000005E-003   2.3262934343959654E+019
   8.7381799999999999E-003   2.3635756936247349E+019
   8.7361399999999999E-003   2.3920660259834384E+019
   8.7351500000000006E-003   2.4110333460834701E+019
   8.7341599999999995E-003   2.4411385201796145E+019
   8.7320899999999996E-003   2.4812059095280488E+019
   8.7300699999999995E-003   2.5221095318402400E+019
   8.7279599999999999E-003   2.5637999082021880E+019
   8.7259000000000000E-003   2.5946999615797793E+019
   8.7248199999999995E-003   2.6161778721456755E+019
   8.7237500000000006E-003   2.6493965553880580E+019
   8.7215799999999996E-003   2.6930563557465801E+019
   8.7194700000000000E-003   2.7367286678025372E+019
   8.7173300000000006E-003   2.7820541299375006E+019
   8.7150999999999999E-003   2.8282511028798005E+019
   8.7129200000000007E-003   2.8624206454067302E+019
   8.7117800000000006E-003   2.8987662248852562E+019
   8.7095300000000000E-003   2.9401378683806339E+019
   8.7078499999999996E-003   2.9765017220033745E+019
   8.7061199999999995E-003   3.0195448839412580E+019
   8.7038600000000008E-003   3.0694940234351350E+019
   8.7014899999999992E-003   3.1131698387031892E+019
   8.6997600000000008E-003   3.1508127557949006E+019
   8.6979799999999993E-003   3.1902297838159319E+019
   8.6961899999999995E-003   3.2289977827042304E+019
   8.6944399999999995E-003   3.2665393422689128E+019
   8.6927299999999992E-003   3.3028555829164954E+019
   8.6910600000000005E-003   3.3351081079443898E+019
   8.6896899999999999E-003   3.3641152035353309E+019
   8.6883399999999993E-003   3.3952164722222506E+019
   8.6867899999999998E-003   3.4275829434332156E+019
   8.6852700000000001E-003   3.4596895532018512E+019
   8.6836799999999992E-003   3.4924659794956182E+019
   8.6821199999999998E-003   3.5329574733239730E+019
   8.6798899999999991E-003   3.5772904614977999E+019
   8.6777000000000000E-003   3.6125834186994881E+019
   8.6761200000000007E-003   3.6428586966786818E+019
   8.6745499999999996E-003   3.6810027344097206E+019
   8.6722599999999993E-003   3.7223693763289203E+019
   8.6700200000000005E-003   3.7551449170672959E+019
   8.6683600000000000E-003   3.7824740844688163E+019
   8.6667299999999992E-003   3.8087196325732901E+019
   8.6650900000000003E-003   3.8344252037877432E+019
   8.6634799999999994E-003   3.8655447414926860E+019
   8.6611499999999994E-003   3.8984941402985038E+019
   8.6588800000000007E-003   3.9262880182559875E+019
   8.6568400000000007E-003   3.9511608863295472E+019
   8.6548600000000003E-003   3.9742533958691373E+019
   8.6528300000000002E-003   3.9962788613346124E+019
   8.6508499999999999E-003   4.0187807814290768E+019
   8.6484800000000001E-003   4.0411472152193409E+019
   8.6461799999999998E-003   4.0616875858364244E+019
   8.6438100000000000E-003   4.0800819889557258E+019
   8.6415099999999998E-003   4.0931810017369719E+019
   8.6398299999999994E-003   4.1053350603233812E+019
   8.6381900000000005E-003   4.1234949206866805E+019
   8.6351399999999995E-003   4.1441804428710396E+019
   8.6322099999999995E-003   4.1590094063402705E+019
   8.6301799999999994E-003   4.1721217661044818E+019
   8.6281900000000009E-003   4.1861547733261517E+019
   8.6261700000000007E-003   4.2006360563821232E+019
   8.6242000000000003E-003   4.2238580136227897E+019
   8.6202499999999994E-003   4.2485360928882975E+019
   8.6182499999999992E-003   4.2666743609947087E+019
   8.6163200000000002E-003   4.2899186713440895E+019
   8.6136300000000006E-003   4.3111131654726992E+019
   8.6123199999999997E-003   4.3258530238510752E+019
   8.6110300000000004E-003   4.3500746377519972E+019
   8.6083500000000007E-003   4.3756757969389085E+019
   8.6070399999999998E-003   4.3982905969761313E+019
   8.6050699999999994E-003   4.4272510356622230E+019
   8.6030599999999992E-003   4.4526886712908997E+019
   8.6017400000000001E-003   4.4849572080455311E+019
   8.5990900000000002E-003   4.5190982779772469E+019
   8.5977499999999995E-003   4.5428090118711837E+019
   8.5964300000000004E-003   4.5737675936997196E+019
   8.5944500000000000E-003   4.6131801213929382E+019
   8.5924199999999999E-003   4.6475520651052351E+019
   8.5910899999999991E-003   4.6755183421764321E+019
   8.5897800000000000E-003   4.7202871041720754E+019
   8.5870500000000006E-003   4.7749531210269860E+019
   8.5850500000000003E-003   4.8153041285118034E+019
   8.5836899999999997E-003   4.8580598011431059E+019
   8.5816299999999998E-003   4.9197725389168411E+019
   8.5789500000000001E-003   4.9744522735058608E+019
   8.5775399999999998E-003   5.0227585265051099E+019
   8.5754700000000000E-003   5.0811919081091088E+019
   8.5734399999999999E-003   5.1528930021848506E+019
   8.5706099999999993E-003   5.2221867387006878E+019
   8.5688599999999993E-003   5.2765864744949850E+019
   8.5671299999999992E-003   5.3444970421893661E+019
   8.5646300000000002E-003   5.4249675102281146E+019
   8.5621900000000008E-003   5.5144734671183159E+019
   8.5592800000000007E-003   5.5881894201941303E+019
   8.5578500000000005E-003   5.6379182254452113E+019
   8.5564400000000002E-003   5.7238171236376429E+019
   8.5530899999999993E-003   5.8439884110094189E+019
   8.5498299999999996E-003   5.9386739929275007E+019
   8.5479400000000004E-003   6.0300140472700076E+019
   8.5449600000000007E-003   6.1530558793631031E+019
   8.5415500000000002E-003   6.2640795860553736E+019
   8.5392899999999997E-003   6.3473131002711990E+019
   8.5373299999999992E-003   6.4253801926702416E+019
   8.5354000000000003E-003   6.5224681457056793E+019
   8.5326299999999994E-003   6.6335782808178614E+019
   8.5299199999999999E-003   6.7398085098211525E+019
   8.5275200000000002E-003   6.8397183665913913E+019
   8.5251700000000003E-003   6.9253660841503449E+019
   8.5235299999999996E-003   6.9957527294450532E+019
   8.5219100000000006E-003   7.0989549428302668E+019
   8.5187900000000000E-003   7.2364928466295996E+019
   8.5157400000000008E-003   7.3385604032793829E+019
   8.5141699999999997E-003   7.4092682413075481E+019
   8.5126100000000003E-003   7.4964406172479422E+019
   8.5103699999999997E-003   7.5991578398458298E+019
   8.5081700000000007E-003   7.7315489616114647E+019
   8.5047200000000003E-003   7.8966740290848489E+019
   8.5012300000000002E-003   8.0766994528223625E+019
   8.4972999999999993E-003   8.2390789064436990E+019
   8.4946199999999996E-003   8.3745400740865491E+019
   8.4918900000000002E-003   8.5418520566963765E+019
   8.4880500000000005E-003   8.7655534940243001E+019
   8.4832199999999996E-003   8.9472965280216465E+019
   8.4811000000000001E-003   9.0596573556636287E+019
   8.4790000000000004E-003   9.1920864499680756E+019
   8.4761699999999999E-003   9.3476106414101971E+019
   8.4732499999999999E-003   9.5057226953030828E+019
   8.4703899999999995E-003   9.6666259036402172E+019
   8.4674299999999997E-003   9.8320575557761221E+019
   8.4644600000000000E-003   9.9983511209671328E+019
   8.4615300000000001E-003   1.0139942976374089E+020
   8.4594700000000002E-003   1.0315062467502426E+020
   8.4554100000000000E-003   1.0584351982167266E+020
   8.4502499999999994E-003   1.0842962156515069E+020
   8.4466200000000002E-003   1.1044814069260717E+020
   8.4434499999999999E-003   1.1237191673721001E+020
   8.4402200000000000E-003   1.1499503710950044E+020
   8.4348200000000009E-003   1.1773944680755793E+020
   8.4312699999999994E-003   1.1943453468382246E+020
   8.4293600000000003E-003   1.2137264488306106E+020
   8.4251199999999995E-003   1.2404049275479736E+020
   8.4209500000000000E-003   1.2610253391444981E+020
   8.4186499999999997E-003   1.2757255368317549E+020
   8.4163799999999993E-003   1.2974582886544063E+020
   8.4119799999999995E-003   1.3259635392475092E+020
   8.4076700000000008E-003   1.3460972278119953E+020
   8.4058699999999993E-003   1.3579831150322488E+020
   8.4040899999999995E-003   1.3781730258707413E+020
   8.3998400000000004E-003   1.4065619637482370E+020
   8.3956699999999992E-003   1.4278077965564340E+020
   8.3935099999999999E-003   1.4425247560056875E+020
   8.3913700000000004E-003   1.4633744664838709E+020
   8.3874699999999993E-003   1.4902961055008332E+020
   8.3836299999999996E-003   1.5131998643089434E+020
   8.3809300000000000E-003   1.5321554867312325E+020
   8.3782600000000002E-003   1.5538190079268936E+020
   8.3748399999999997E-003   1.5781584484276558E+020
   8.3714600000000007E-003   1.6059728024423262E+020
   8.3671500000000003E-003   1.6371853472963471E+020
   8.3628999999999995E-003   1.6659538781472965E+020
   8.3593100000000000E-003   1.7032575263806295E+020
   8.3528700000000001E-003   1.7380721337666087E+020
   8.3500099999999997E-003   1.7609889155896856E+020
   8.3468299999999995E-003   1.7851553949084985E+020
   8.3436900000000008E-003   1.8225821467622425E+020
   8.3371499999999998E-003   1.8730567462764685E+020
   8.3307599999999996E-003   1.9254774687126582E+020
   8.3239300000000002E-003   1.9798198820748480E+020
   8.3172500000000000E-003   2.0212832724914445E+020
   8.3136500000000006E-003   2.0507193596584460E+020
   8.3101000000000008E-003   2.0819671547199711E+020
   8.3061200000000002E-003   2.1150228820147021E+020
   8.3021999999999992E-003   2.1464804536683240E+020
   8.2986599999999994E-003   2.1763756820709533E+020
   8.2951599999999993E-003   2.2123791949980919E+020
   8.2902700000000006E-003   2.2544259701026665E+020
   8.2854399999999998E-003   2.3012524067988475E+020
   8.2795799999999999E-003   2.3527398793174725E+020
   8.2738099999999995E-003   2.4010517257184330E+020
   8.2687600000000000E-003   2.4463645440542687E+020
   8.2637900000000000E-003   2.4934411566049123E+020
   8.2583899999999991E-003   2.5380908301858963E+020
   8.2541699999999999E-003   2.5772075666722521E+020
   8.2500100000000003E-003   2.6301078902447568E+020
   8.2429700000000005E-003   2.6966362506491298E+020
   8.2360699999999998E-003   2.7598454648746567E+020
   8.2299299999999999E-003   2.8194952004216363E+020
   8.2238999999999993E-003   2.8753156827687115E+020
   8.2185599999999998E-003   2.9478712200855516E+020
   8.2094799999999999E-003   3.0122705648221553E+020
   8.2058800000000005E-003   3.0491160310434234E+020
   8.2023100000000009E-003   3.1041737089223570E+020
   8.1952799999999992E-003   3.1772913609146630E+020
   8.1883800000000003E-003   3.2368368532108463E+020
   8.1840500000000000E-003   3.2829362365500542E+020
   8.1797799999999993E-003   3.3372594212915675E+020
   8.1740200000000006E-003   3.3997516283237066E+020
   8.1683399999999996E-003   3.4694950425694011E+020
   8.1614099999999992E-003   3.5636906549255517E+020
   8.1515600000000004E-003   3.6594477321806316E+020
   8.1445700000000003E-003   3.7224282584047688E+020
   8.1406299999999994E-003   3.7939045279963257E+020
   8.1323500000000000E-003   3.8908090085384120E+020
   8.1242299999999996E-003   3.9647238886624435E+020
   8.1199700000000007E-003   4.0160641465035850E+020
   8.1157399999999998E-003   4.0672624486461224E+020
   8.1115600000000003E-003   4.1183539046828887E+020
   8.1074200000000006E-003   4.1980921485218231E+020
   8.0987200000000002E-003   4.3063171185587716E+020
   8.0901900000000006E-003   4.4176366454500557E+020
   8.0812699999999998E-003   4.5320522576248616E+020
   8.0725299999999996E-003   4.6194913473327078E+020
   8.0679399999999991E-003   4.6800985563550581E+020
   8.0634000000000001E-003   4.7405949358875371E+020
   8.0588900000000008E-003   4.8009840993089520E+020
   8.0544399999999995E-003   4.8952751349856036E+020
   8.0450799999999996E-003   5.0232449943091760E+020
   8.0358900000000004E-003   5.1205258788512858E+020
   8.0310799999999995E-003   5.1883274452256634E+020
   8.0263000000000001E-003   5.2560209395787550E+020
   8.0215800000000004E-003   5.3236067759735020E+020
   8.0169000000000004E-003   5.4290957814555030E+020
   8.0070699999999998E-003   5.5723816875396753E+020
   7.9974299999999998E-003   5.7194826757718914E+020
   7.9873700000000006E-003   5.8711675094069903E+020
   7.9775000000000002E-003   5.9871966315370132E+020
   7.9723199999999998E-003   6.0676216128895818E+020
   7.9671900000000007E-003   6.1479434643064960E+020
   7.9621099999999997E-003   6.2281805115307734E+020
   7.9570700000000001E-003   6.3533810790589792E+020
   7.9465200000000003E-003   6.5235163447921004E+020
   7.9361599999999994E-003   6.6528661806966322E+020
   7.9307200000000005E-003   6.7430778665527817E+020
   7.9253399999999995E-003   6.8331950677155447E+020
   7.9200099999999999E-003   6.9232163818151045E+020
   7.9147400000000000E-003   7.0637276669083989E+020
   7.9036599999999999E-003   7.2547326007831115E+020
   7.8928000000000002E-003   7.4512860189815380E+020
   7.8814599999999999E-003   7.6537603804191654E+020
   7.8703400000000000E-003   7.8087573436286304E+020
   7.8645000000000000E-003   7.9162158416657934E+020
   7.8587299999999995E-003   8.0235962878983366E+020
   7.8530100000000005E-003   8.1309167388947972E+020
   7.8473399999999995E-003   8.2983288322587859E+020
   7.8354500000000007E-003   8.5260061445947576E+020
   7.8237900000000006E-003   8.6992683833925763E+020
   7.8176800000000005E-003   8.8200619985940120E+020
   7.8116300000000000E-003   9.0009618908322464E+020
   7.7996899999999997E-003   9.2499443456106312E+020
   7.7872400000000000E-003   9.4424277121417976E+020
   7.7811000000000000E-003   9.5702866811647440E+020
   7.7750199999999997E-003   9.7699668007791965E+020
   7.7622799999999999E-003   1.0041652109472880E+021
   7.7497800000000004E-003   1.0248395452481436E+021
   7.7432300000000003E-003   1.0392631060078665E+021
   7.7367399999999998E-003   1.0574963145406339E+021
   7.7269200000000000E-003   1.0796048594972335E+021
   7.7172400000000002E-003   1.1021250667622264E+021
   7.7073000000000003E-003   1.1251304357276349E+021
   7.6975000000000003E-003   1.1488615962876716E+021
   7.6872399999999997E-003   1.1732986161498456E+021
   7.6771200000000000E-003   1.1982414119250056E+021
   7.6667300000000001E-003   1.2314402355385566E+021
   7.6502999999999996E-003   1.2675113550798696E+021
   7.6380800000000002E-003   1.2990540122321610E+021
   7.6257399999999998E-003   1.3313901825654050E+021
   7.6132900000000000E-003   1.3688746553487474E+021
   7.5975200000000000E-003   1.4072537249110612E+021
   7.5848900000000004E-003   1.4426599233934254E+021
   7.5718000000000001E-003   1.4792763799617077E+021
   7.5587099999999997E-003   1.5144783249343229E+021
   7.5470099999999998E-003   1.5473607539205121E+021
   7.5358600000000001E-003   1.5867833351074989E+021
   7.5200400000000004E-003   1.6294763763903412E+021
   7.5069999999999998E-003   1.6663272537729466E+021
   7.4953399999999996E-003   1.7040116639413098E+021
   7.4815599999999999E-003   1.7480078744297309E+021
   7.4664500000000003E-003   1.7864704428260458E+021
   7.4565300000000003E-003   1.8211141123263349E+021
   7.4425500000000000E-003   1.8648492627661318E+021
   7.4261300000000004E-003   1.9041855731434599E+021
   7.4102999999999999E-003   1.9409051749532521E+021
   7.3956500000000001E-003   1.9612719918732799E+021
   7.3816000000000003E-003   1.9709328027194580E+021
   7.3657300000000000E-003   1.9438318952332756E+021
   7.3594600000000000E-003   1.9637290551816904E+021
   7.3446199999999996E-003   1.8730847797150532E+021
   7.3251899999999997E-003   1.8401435074643194E+021
   7.3114199999999999E-003   1.7206930506664971E+021
   7.2981000000000001E-003   1.5496352800288266E+021
   7.2829699999999997E-003   1.4582811132011977E+021
   7.2690899999999998E-003   1.4048322220411322E+021
   7.2631900000000001E-003   1.3336426737067712E+021
   7.2573400000000001E-003   1.2714589369760125E+021
   7.2430500000000000E-003   1.2228920569100105E+021
   7.2373100000000003E-003   1.1977045167158964E+021
   7.2307600000000001E-003   1.1529179159748160E+021
   7.2256600000000001E-003   1.1524394221544534E+021
   7.2175700000000004E-003   1.1331037427957342E+021
   7.2123899999999999E-003   1.1093101269311851E+021
   7.2075400000000001E-003   1.0989133218873845E+021
   7.2031500000000002E-003   1.1055285275247960E+021
   7.1979000000000001E-003   1.0929283629601016E+021
   7.1920999999999999E-003   1.0899375171269447E+021
   7.1863400000000003E-003   1.0940799665103760E+021
   7.1828500000000002E-003   1.0985546792986444E+021
   7.1780799999999999E-003   1.1034100654760555E+021
   7.1757000000000001E-003   1.1073936826118350E+021
   7.1739300000000002E-003   1.1134466711148425E+021
   7.1697599999999998E-003   1.1201027890146125E+021
   7.1673800000000001E-003   1.1266340306033668E+021
   7.1640799999999998E-003   1.1347331691512311E+021
   7.1613600000000003E-003   1.1496834566355143E+021
   7.1553199999999997E-003   1.1708531611226547E+021
   7.1507999999999997E-003   1.1861042231586718E+021
   7.1456799999999997E-003   1.2156446386907377E+021
   7.1396799999999998E-003   1.2420761682213410E+021
   7.1349800000000000E-003   1.2655275900219745E+021
   7.1304899999999997E-003   1.2928619902730114E+021
   7.1261400000000004E-003   1.3155493696355012E+021
   7.1221799999999997E-003   1.3443108428838260E+021
   7.1171400000000001E-003   1.3677047569099787E+021
   7.1150700000000002E-003   1.3881546042612525E+021
   7.1109500000000004E-003   1.4133592127148015E+021
   7.1082000000000003E-003   1.4372510952750252E+021
   7.1041000000000003E-003   1.4598120339211915E+021
   7.1020600000000003E-003   1.4822796480037383E+021
   7.0980699999999997E-003   1.5122973475884958E+021
   7.0941900000000002E-003   1.5350922132558255E+021
   7.0922499999999996E-003   1.5530384298056485E+021
   7.0897399999999998E-003   1.5834304420068668E+021
   7.0847200000000001E-003   1.6246044711057464E+021
   7.0797300000000002E-003   1.6666641505159962E+021
   7.0747600000000002E-003   1.6987458391106089E+021
   7.0722800000000002E-003   1.7171061785662057E+021
   7.0704299999999999E-003   1.7414348273165329E+021
   7.0667300000000002E-003   1.7740708383231003E+021
   7.0630900000000002E-003   1.8064408185277370E+021
   7.0595199999999997E-003   1.8384420351942803E+021
   7.0559999999999998E-003   1.8700349565586734E+021
   7.0525400000000004E-003   1.9068592147732604E+021
   7.0480200000000003E-003   1.9409034042686993E+021
   7.0452400000000004E-003   1.9667386212256926E+021
   7.0424600000000004E-003   2.0005091542334783E+021
   7.0378899999999998E-003   2.0383053959696608E+021
   7.0343100000000002E-003   2.0699785446925064E+021
   7.0311400000000000E-003   2.0976831447610708E+021
   7.0283999999999998E-003   2.1331420893936497E+021
   7.0238000000000002E-003   2.1771797860840781E+021
   7.0190000000000001E-003   2.2325593731018158E+021
   7.0128100000000004E-003   2.2740540870980411E+021
   7.0098900000000004E-003   2.3060929688951464E+021
   7.0069700000000004E-003   2.3506527000451678E+021
   7.0026100000000003E-003   2.3772676247515389E+021
   6.9968199999999999E-003   2.4594401121498238E+021
   6.9939399999999997E-003   2.4589691219321899E+021
   6.9910600000000003E-003   2.4844156011639871E+021
   6.9865999999999999E-003   2.5351591846589838E+021
   6.9803499999999997E-003   2.6027790126219468E+021
   6.9767300000000004E-003   2.6380703891945213E+021
   6.9706000000000004E-003   2.7114854616671595E+021
   6.9645699999999998E-003   2.7157591001061796E+021
   6.9611400000000002E-003   2.7500604400489223E+021
   6.9589400000000003E-003   2.8108356483886880E+021
   6.9545500000000003E-003   2.8261397393342013E+021
   6.9492199999999999E-003   2.9606954673537318E+021
   6.9460900000000003E-003   2.9345024589084565E+021
   6.9410799999999996E-003   2.9409041179508427E+021
   6.9385899999999997E-003   2.9572328290874965E+021
   6.9337200000000000E-003   3.0905401013364038E+021
   6.9266199999999997E-003   3.0933892372531317E+021
   6.9217599999999999E-003   3.1623861112314465E+021
   6.9169200000000000E-003   3.1993732993829584E+021
   6.9086099999999999E-003   3.2402518109486711E+021
   6.9041800000000002E-003   3.3028941670934868E+021
   6.9005000000000004E-003   3.3495858071333597E+021
   6.8968399999999996E-003   3.4058048875928397E+021
   6.8941499999999999E-003   3.4046858661560289E+021
   6.8921399999999997E-003   3.4518309370673748E+021
   6.8884699999999998E-003   3.5056342534589026E+021
   6.8868899999999997E-003   3.5535098177402307E+021
   6.8843500000000000E-003   3.5911893454730151E+021
   6.8823199999999999E-003   3.6485833297633141E+021
   6.8807399999999998E-003   3.6566532950764825E+021
   6.8791700000000004E-003   3.6876379058182653E+021
   6.8778700000000003E-003   3.7094073789655915E+021
   6.8765700000000003E-003   3.7295274781738192E+021
   6.8753000000000000E-003   3.7580435560249232E+021
   6.8740199999999998E-003   3.8138616579449422E+021
   6.8714300000000004E-003   3.8343898122914292E+021
   6.8688400000000002E-003   3.8506465147038550E+021
   6.8677000000000000E-003   3.8568384406737256E+021
   6.8665699999999998E-003   3.9303370308215091E+021
   6.8647700000000001E-003   3.9404646998395176E+021
   6.8629600000000004E-003   3.9505968445994959E+021
   6.8611599999999998E-003   3.9607334631250513E+021
   6.8593700000000001E-003   4.0083619622059319E+021
   6.8553299999999998E-003   4.0498721937740944E+021
   6.8513000000000003E-003   4.1110417775200861E+021
   6.8423299999999998E-003   4.1773156302062632E+021
   6.8223499999999996E-003   4.2784127083373847E+021
   6.8044500000000001E-003   4.3684221676328075E+021
   6.7900699999999996E-003   4.4643773323335361E+021
   6.7766700000000003E-003   4.5797542334121037E+021
   6.7569400000000003E-003   4.7109063042366770E+021
   6.7384400000000001E-003   4.8254732201838793E+021
   6.7220200000000004E-003   4.9354852884897690E+021
   6.7056700000000004E-003   5.0493864188047723E+021
   6.6895100000000001E-003   5.1716835153600945E+021
   6.6707700000000003E-003   5.2915726732492716E+021
   6.6551700000000002E-003   5.4047616414794111E+021
   6.6391899999999997E-003   5.5251800360992826E+021
   6.6217999999999997E-003   5.6565795941327548E+021
   6.6032299999999999E-003   5.8085700606007664E+021
   6.5808300000000002E-003   5.9556821754295626E+021
   6.5642399999999998E-003   6.0963225185054789E+021
   6.5443300000000001E-003   6.2519232220565602E+021
   6.5246699999999998E-003   6.3941551780197103E+021
   6.5083800000000002E-003   6.5045313390746188E+021
   6.4977200000000002E-003   6.6228943423336255E+021
   6.4792900000000004E-003   6.7459473864161692E+021
   6.4679999999999998E-003   6.8863455113415408E+021
   6.4456399999999999E-003   7.0482841345283022E+021
   6.4293800000000002E-003   7.1884199384371136E+021
   6.4132900000000003E-003   7.3172433624380421E+021
   6.4001600000000002E-003   7.4336673934611715E+021
   6.3871300000000004E-003   7.6276553163918887E+021
   6.3569300000000002E-003   7.9014075747990021E+021
   6.3272500000000004E-003   8.1048365424821414E+021
   6.3136900000000003E-003   8.2821216698409073E+021
   6.2900400000000002E-003   8.4447567670728762E+021
   6.2798899999999998E-003   8.6141081764070351E+021
   6.2554999999999998E-003   8.8550336878297701E+021
   6.2314299999999996E-003   9.0497915088225174E+021
   6.2175299999999998E-003   9.1903923510808590E+021
   6.2037400000000001E-003   9.3722708498053123E+021
   6.1824200000000001E-003   9.5969665557891970E+021
   6.1613299999999996E-003   9.7874536763525683E+021
   6.1471299999999998E-003   9.9396366029591182E+021
   6.1330300000000003E-003   1.0176246703959000E+022
   6.1039600000000003E-003   1.0499346636403856E+022
   6.0753300000000003E-003   1.0768866666687721E+022
   6.0568999999999996E-003   1.0982859154384503E+022
   6.0386499999999996E-003   1.1158127037702350E+022
   6.0276000000000001E-003   1.1287353021373125E+022
   6.0166100000000004E-003   1.1510156107770399E+022
   5.9904099999999998E-003   1.1891642130792960E+022
   5.9540499999999998E-003   1.2297224697855118E+022
   5.9255300000000000E-003   1.2595480466754839E+022
   5.9075899999999999E-003   1.2862274898836851E+022
   5.8844300000000004E-003   1.3165198511368697E+022
   5.8615200000000003E-003   1.3527529648001569E+022
   5.8304000000000003E-003   1.3954612261965701E+022
   5.7990200000000002E-003   1.4286463208009989E+022
   5.7831300000000000E-003   1.4508745470303390E+022
   5.7673600000000000E-003   1.4851910857271540E+022
   5.7350600000000002E-003   1.5319652166191305E+022
   5.7032000000000003E-003   1.5803380766808035E+022
   5.6703300000000003E-003   1.6300167448130918E+022
   5.6379000000000004E-003   1.6811823638012792E+022
   5.6044500000000004E-003   1.7342153217474103E+022
   5.5714400000000004E-003   1.7884051096490778E+022
   5.5373999999999996E-003   1.8444891466910856E+022
   5.5037899999999997E-003   1.9023000493373033E+022
   5.4691499999999999E-003   1.9615780142749309E+022
   5.4349300000000001E-003   2.0072143489489139E+022
   5.4174300000000000E-003   2.0381747185636585E+022
   5.4000400000000000E-003   2.0857591611923381E+022
   5.3644599999999997E-003   2.1506688475875435E+022
   5.3293100000000003E-003   2.2003698543831516E+022
   5.3113400000000003E-003   2.2342207185319356E+022
   5.2934699999999998E-003   2.2859300600943240E+022
   5.2573000000000003E-003   2.3567155928807527E+022
   5.2208100000000002E-003   2.4296020076829447E+022
   5.1839800000000004E-003   2.5046485805216985E+022
   5.1468099999999999E-003   2.5819253965778963E+022
   5.1092999999999998E-003   2.6614986056594765E+022
   5.0714499999999999E-003   2.7434392060698888E+022
   5.0332500000000004E-003   2.8278144240190988E+022
   4.9946900000000004E-003   2.9146916102002350E+022
   4.9557700000000000E-003   3.0041704934052431E+022
   4.9164800000000000E-003   3.0724770035285667E+022
   4.8966100000000000E-003   3.1194039446219895E+022
   4.8768300000000004E-003   3.1666008303529462E+022
   4.8567599999999999E-003   3.2149193148377499E+022
   4.8367899999999997E-003   3.2781277803970464E+022
   4.8050200000000001E-003   3.3561053844988471E+022
   4.7734700000000001E-003   3.4211647382517994E+022
   4.7529099999999999E-003   3.4730122455490098E+022
   4.7324500000000000E-003   3.5258772797694214E+022
   4.7116900000000001E-003   3.5794551303498499E+022
   4.6910199999999997E-003   3.6338951103741686E+022
   4.6700600000000002E-003   3.6891433307906658E+022
   4.6491900000000001E-003   3.7453302961793195E+022
   4.6280200000000001E-003   3.8024009439365615E+022
   4.6069400000000003E-003   3.8603819020085367E+022
   4.5855699999999998E-003   3.9193439407092357E+022
   4.5642800000000004E-003   3.9792440872872454E+022
   4.5426900000000003E-003   4.0402076355708370E+022
   4.5211799999999996E-003   4.1022461093033175E+022
   4.4993799999999999E-003   4.1653304723560844E+022
   4.4776499999999997E-003   4.2294740830465986E+022
   4.4556200000000004E-003   4.2948420642878578E+022
   4.4336699999999998E-003   4.3614439115631767E+022
   4.4114200000000001E-003   4.4292474059709003E+022
   4.3892400000000000E-003   4.4983880478644924E+022
   4.3667599999999999E-003   4.5686930938845270E+022
   4.3443400000000004E-003   4.6406014986030091E+022
   4.3216299999999999E-003   4.7139221043332822E+022
   4.2989700000000000E-003   4.7888381200131674E+022
   4.2760200000000002E-003   4.8652934923373662E+022
   4.2531200000000000E-003   4.9433345147367328E+022
   4.2300000000000003E-003   5.0232868193962209E+022
   4.2067600000000004E-003   5.1051106955956045E+022
   4.1834000000000003E-003   5.1889096683094247E+022
   4.1599000000000002E-003   5.2747291100956336E+022
   4.1362800000000000E-003   5.3628488553111847E+022
   4.1125199999999997E-003   5.4532165863624273E+022
   4.0886300000000002E-003   5.5462976354833503E+022
   4.0645999999999998E-003   5.6419539476015502E+022
   4.0404300000000002E-003   5.7404176586742203E+022
   4.0161299999999997E-003   5.8419472385658436E+022
   3.9916800000000001E-003   5.9465281496270386E+022
   3.9671000000000003E-003   6.0543119908682315E+022
   3.9423599999999998E-003   6.1655581635269586E+022
   3.9174800000000001E-003   6.2803290622539524E+022
   3.8924500000000000E-003   6.3987353978206272E+022
   3.8672600000000000E-003   6.5214338173898498E+022
   3.8419299999999999E-003   6.6483408122159301E+022
   3.8164300000000000E-003   6.7802431937416486E+022
   3.7907800000000001E-003   6.9182187694589791E+022
   3.7649599999999999E-003   7.0628820718151669E+022
   3.7389799999999998E-003   7.2130618006575797E+022
   3.7128299999999999E-003   7.3670148077527513E+022
   3.6865100000000000E-003   7.5236830646134861E+022
   3.6600199999999999E-003   7.6830766793495599E+022
   3.6333500000000000E-003   7.8452090439607618E+022
   3.6064999999999999E-003   8.0100969387845338E+022
   3.5794600000000000E-003   8.1777600343714835E+022
   3.5522399999999999E-003   8.3482195646140897E+022
   3.5248300000000001E-003   8.5214995086903609E+022
   3.4972200000000001E-003   8.6976248488324875E+022
   3.4694100000000000E-003   8.8766222779084026E+022
   3.4413999999999998E-003   9.0585194689490525E+022
   3.4131900000000000E-003   9.2433454384365319E+022
   3.3847600000000001E-003   9.4311297659860362E+022
   3.3561099999999998E-003   9.6219035192904485E+022
   3.3272499999999999E-003   9.8156969946607981E+022
   3.2981500000000001E-003   1.0012542408026777E+023
   3.2688200000000000E-003   1.0212471793943289E+023
   3.2392599999999999E-003   1.0415517625402624E+023
   3.2094500000000000E-003   1.0621712606647682E+023
   3.1793899999999998E-003   1.0831089965923234E+023
   3.1490799999999998E-003   1.1043682024312319E+023
   3.1185000000000002E-003   1.1259522334939038E+023
   3.0876499999999999E-003   1.1478644125573055E+023
   3.0565200000000001E-003   1.1701079395741210E+023
   3.0251100000000001E-003   1.1926861478194627E+023
   2.9933999999999998E-003   1.2156022937839157E+023
   2.9613899999999999E-003   1.2388595216279752E+023
   2.9290700000000002E-003   1.2624610363682467E+023
   2.8964199999999998E-003   1.2864099106718407E+023
   2.8634400000000001E-003   1.3107092315733215E+023
   2.8301200000000002E-003   1.3353619752770961E+023
   2.7964499999999998E-003   1.3603710273115752E+023
   2.7624099999999999E-003   1.3857392192727518E+023
   2.7279800000000001E-003   1.4114693119864662E+023
   2.6931699999999999E-003   1.4375638145448552E+023
   2.6579400000000001E-003   1.4640253728248395E+023
   2.6222900000000002E-003   1.4908562105961754E+023
   2.5861999999999999E-003   1.5180585610306325E+023
   2.5496500000000001E-003   1.5456345498369557E+023
   2.5126200000000001E-003   1.5735859718995364E+023
   2.4750900000000001E-003   1.6019145057345486E+023
   2.4370400000000001E-003   1.6306216983346217E+023
   2.3984399999999999E-003   1.6597086614571644E+023
   2.3592800000000001E-003   1.6891764277008297E+023
   2.3195099999999999E-003   1.7190120969701155E+023
   2.2791100000000000E-003   1.7493252333235164E+023
   2.2380500000000001E-003   1.7800208847603390E+023
   2.1962900000000000E-003   1.8110985621911000E+023
   2.1537900000000000E-003   1.8425575613384115E+023
   2.1105000000000000E-003   1.8743966250709772E+023
   2.0663800000000000E-003   1.9065886530870607E+023
   2.0213800000000001E-003   1.9392587353925405E+023
   1.9754299999999998E-003   1.9723106155381923E+023
   1.9284700000000001E-003   2.0056696238814284E+023
   1.8807400000000001E-003   2.0395636003644190E+023
   1.8312000000000001E-003   2.0738720280429560E+023
   1.7807100000000000E-003   2.1084347471307756E+023
   1.7288399999999999E-003   2.1373948886134487E+023
   1.6892500000000000E-003   2.1646504288255219E+023
   1.6481700000000000E-003   2.2041905482426090E+023
   1.5708100000000000E-003   2.2391974928053877E+023
   1.5274799999999999E-003   2.2676741074337368E+023
   1.4820600000000001E-003   2.3105440098086934E+023
   1.3879100000000000E-003   2.3538337326889672E+023
   1.3229200000000000E-003   2.3912002227185802E+023
   1.2551299999999999E-003   2.4269867802709736E+023
   1.1802600000000000E-003   2.4665982706887555E+023
   1.1005300000000000E-003   2.5044765812179349E+023
   1.0087600000000000E-003   2.5488861193544117E+023
   8.9930999999999995E-004   2.6023634717495805E+023
   7.0638999999999999E-004   2.6469653337279192E+023
   5.6780999999999997E-004   2.6801159340907432E+023
   4.8413999999999998E-004   2.6984863720317807E+023
   3.8297000000000000E-004   2.7082519038973367E+023
   3.1385000000000001E-004   2.7220373561244693E+023
   2.5071000000000002E-004   2.7197599080787592E+023
   2.0164000000000000E-004   2.7317873941042491E+023
   1.6417000000000000E-004   2.7313717321406715E+023
   1.3642999999999999E-004   2.7366869819441859E+023
   1.1689000000000000E-004   2.7362742652698234E+023
   1.0404000000000000E-004   2.7388331829196250E+023
   8.6870000000000000E-005   2.7399723953451861E+023
   6.8949999999999995E-005   2.7404295180536259E+023
   5.4719999999999998E-005   2.7418272569136188E+023
   4.3430000000000003E-005   2.7421149692643818E+023
   3.4470000000000000E-005   2.7422481891793371E+023
   2.7359999999999999E-005   2.7428098512034588E+023
   2.1710000000000001E-005   2.7428755681462652E+023
   1.7229999999999999E-005   2.7431387775992818E+023
   1.3679999999999999E-005   2.7433958516644357E+023
