   8.9717200000000007E-003   254184923359366.31     
   8.9716199999999996E-003   407733071038039.62     
   8.9715799999999998E-003   510097140994750.38     
   8.9715500000000000E-003   592282645599454.75     
   8.9715300000000001E-003   662883734491850.25     
   8.9715100000000002E-003   725745548404015.62     
   8.9714900000000004E-003   782963501898122.50     
   8.9714700000000005E-003   835861009593308.12     
   8.9714600000000005E-003   885225745030719.25     
   8.9714500000000006E-003   931695432077281.12     
   8.9714400000000007E-003   975697334274114.25     
   8.9714300000000007E-003   1017540492770773.2     
   8.9714200000000008E-003   1057498657321143.9     
   8.9714100000000008E-003   1095825628034320.2     
   8.9713999999999992E-003   1132715643916143.0     
   8.9713899999999992E-003   1168313387354040.5     
   8.9713899999999992E-003   1202737792468182.8     
   8.9713799999999993E-003   1236104467917675.8     
   8.9713699999999993E-003   1268520143786868.0     
   8.9713599999999994E-003   1300077447493432.2     
   8.9713599999999994E-003   1338421371245027.5     
   8.9713499999999995E-003   1382976927208602.5     
   8.9713399999999995E-003   1426083926906307.5     
   8.9713299999999996E-003   1467876837436977.2     
   8.9713199999999996E-003   1501796591033404.0     
   8.9713199999999996E-003   1528377696008394.5     
   8.9713099999999997E-003   1554504004122752.5     
   8.9713099999999997E-003   1580201155515757.5     
   8.9712999999999998E-003   1611746629448544.5     
   8.9712999999999998E-003   1648814225232186.5     
   8.9712899999999998E-003   1685059372018931.0     
   8.9712799999999999E-003   1720524279334844.2     
   8.9712799999999999E-003   1749518240248334.0     
   8.9712699999999999E-003   1772356873277014.0     
   8.9712699999999999E-003   1794895522895361.5     
   8.9712600000000000E-003   1817145833234734.5     
   8.9712600000000000E-003   1849993089503776.5     
   8.9712500000000001E-003   1882271955258899.0     
   8.9712500000000001E-003   1903474922949853.8     
   8.9712400000000001E-003   1934826077819821.2     
   8.9712400000000001E-003   1975857075348309.5     
   8.9712300000000002E-003   2016045817064041.5     
   8.9712200000000002E-003   2055438358532299.2     
   8.9712200000000002E-003   2084488701843207.2     
   8.9712100000000003E-003   2103619441673835.5     
   8.9712100000000003E-003   2122569526898916.8     
   8.9712100000000003E-003   2141343684720035.5     
   8.9712000000000004E-003   2169173436142035.8     
   8.9712000000000004E-003   2205708648668656.0     
   8.9711900000000004E-003   2241604318704877.5     
   8.9711900000000004E-003   2276890485851347.0     
   8.9711800000000005E-003   2317314396699365.5     
   8.9711700000000005E-003   2362598672280804.0     
   8.9711700000000005E-003   2406946849812292.5     
   8.9711600000000006E-003   2450409201139139.5     
   8.9711500000000007E-003   2493031878540475.0     
   8.9711500000000007E-003   2534857739234879.0     
   8.9711400000000007E-003   2575927209202495.0     
   8.9711300000000008E-003   2616277753462427.5     
   8.9711300000000008E-003   2660848581926306.5     
   8.9711200000000008E-003   2709416869257963.5     
   8.9711099999999992E-003   2757029107387938.5     
   8.9710999999999992E-003   2792156067080254.5     
   8.9710999999999992E-003   2815293362737170.0     
   8.9710999999999992E-003   2849593085667475.0     
   8.9710899999999993E-003   2894630658534244.0     
   8.9710799999999993E-003   2938887104257499.5     
   8.9710799999999993E-003   2982395075400655.5     
   8.9710699999999994E-003   3025184134233674.0     
   8.9710599999999995E-003   3067285105705722.0     
   8.9710599999999995E-003   3108729618897398.5     
   8.9710499999999995E-003   3149545942118558.0     
   8.9710399999999996E-003   3189760217865362.5     
   8.9710399999999996E-003   3229397209685545.5     
   8.9710299999999996E-003   3287783514753516.0     
   8.9710199999999997E-003   3354481453256583.5     
   8.9710099999999997E-003   3410444035510203.5     
   8.9709999999999998E-003   3465375030838144.5     
   8.9709999999999998E-003   3505947000053616.5     
   8.9709899999999999E-003   3532689418572584.5     
   8.9709899999999999E-003   3572356964886878.0     
   8.9709799999999999E-003   3624484805456910.0     
   8.9709700000000000E-003   3701012969967449.5     
   8.9709600000000000E-003   3775821341984777.5     
   8.9709500000000001E-003   3824698705779879.0     
   8.9709400000000002E-003   3872852251363421.0     
   8.9709400000000002E-003   3920313660416138.5     
   8.9709300000000002E-003   3967113989467668.0     
   8.9709200000000003E-003   4013278519870199.0     
   8.9709200000000003E-003   4058834457125142.0     
   8.9709100000000003E-003   4103809638435011.0     
   8.9709000000000004E-003   4155571585878554.0     
   8.9709000000000004E-003   4213866417251132.5     
   8.9708900000000005E-003   4299611109359365.5     
   8.9708700000000006E-003   4383631153760087.0     
   8.9708600000000006E-003   4438623192221167.5     
   8.9708600000000006E-003   4492855931870155.0     
   8.9708500000000007E-003   4546353646370946.0     
   8.9708400000000008E-003   4605680868513362.0     
   8.9708300000000008E-003   4670586846722864.0     
   8.9708199999999991E-003   4734443693216016.0     
   8.9708099999999992E-003   4797275324583542.0     
   8.9707999999999993E-003   4859104355427107.0     
   8.9707899999999993E-003   4919954484790394.0     
   8.9707899999999993E-003   5009428100799081.0     
   8.9707699999999994E-003   5102848478091436.0     
   8.9707599999999995E-003   5171538749252961.0     
   8.9707499999999996E-003   5239154056784056.0     
   8.9707399999999996E-003   5305757252209185.0     
   8.9707299999999997E-003   5371409865517317.0     
   8.9707199999999997E-003   5436169797372606.0     
   8.9707099999999998E-003   5500092051473497.0     
   8.9706999999999999E-003   5563227678236569.0     
   8.9706999999999999E-003   5625613963849863.0     
   8.9706899999999999E-003   5687264837438365.0     
   8.9706800000000000E-003   5748193978772667.0     
   8.9706700000000000E-003   5808414788104126.0     
   8.9706600000000001E-003   5897407704634718.0     
   8.9706400000000002E-003   6013786383410188.0     
   8.9706300000000003E-003   6127626070240705.0     
   8.9706100000000004E-003   6239054033819961.0     
   8.9706000000000004E-003   6348174835028203.0     
   8.9705800000000006E-003   6455111963898494.0     
   8.9705700000000006E-003   6560011184785075.0     
   8.9705500000000007E-003   6663007359822482.0     
   8.9705400000000008E-003   6764225278580323.0     
   8.9705300000000009E-003   6863767153434173.0     
   8.9705099999999992E-003   6961724564939163.0     
   8.9704999999999993E-003   7058182649795388.0     
   8.9704899999999994E-003   7153220989011235.0     
   8.9704699999999995E-003   7246902784744918.0     
   8.9704599999999995E-003   7339269671426668.0     
   8.9704499999999996E-003   7430357661353469.0     
   8.9704299999999997E-003   7564604444124800.0     
   8.9704099999999998E-003   7739528916946538.0     
   8.9703900000000000E-003   7867847714880898.0     
   8.9703700000000001E-003   7952050401211706.0     
   8.9703600000000001E-003   8035246171635053.0     
   8.9703500000000002E-003   8117470315382870.0     
   8.9703400000000003E-003   8225636441494245.0     
   8.9703200000000004E-003   8358676257870393.0     
   8.9703000000000005E-003   8489435285426603.0     
   8.9702900000000006E-003   8586117647957027.0     
   8.9702800000000006E-003   8649919185209555.0     
   8.9702700000000007E-003   8744665166101824.0     
   8.9702500000000008E-003   8869315280109902.0     
   8.9702400000000009E-003   8992089287601404.0     
   8.9702199999999992E-003   9113069235107986.0     
   8.9701999999999994E-003   9232332913848746.0     
   8.9701899999999994E-003   9349940291286452.0     
   8.9701699999999995E-003   9523301145711046.0     
   8.9701399999999997E-003   9693289482775700.0     
   8.9701299999999998E-003   9804724815929098.0     
   8.9701099999999999E-003   9914743176545164.0     
   8.9700999999999999E-003   10023400991226622.     
   8.9700800000000001E-003   10183910937121838.     
   8.9700500000000002E-003   10393645674691440.     
   8.9700300000000004E-003   10598805814701702.     
   8.9700000000000005E-003   10799786808857786.     
   8.9699700000000007E-003   10972494388043402.     
   8.9699500000000008E-003   11118312131726496.     
   8.9699299999999992E-003   11262188258320186.     
   8.9699099999999993E-003   11404213724450566.     
   8.9698999999999994E-003   11613951735608532.     
   8.9698599999999996E-003   11820013363271098.     
   8.9698399999999998E-003   11955354945246502.     
   8.9698199999999999E-003   12089123425551222.     
   8.9698099999999999E-003   12221354495178562.     
   8.9697900000000001E-003   12416892873721528.     
   8.9697500000000003E-003   12672693420033250.     
   8.9697200000000005E-003   12923177256238286.     
   8.9696900000000006E-003   13168625054037778.     
   8.9696600000000008E-003   13409336674078644.     
   8.9696299999999993E-003   13645634205518174.     
   8.9695999999999994E-003   13877806882557084.     
   8.9695699999999996E-003   14106096284778724.     
   8.9695399999999998E-003   14330696183951626.     
   8.9695100000000000E-003   14551786520580590.     
   8.9694800000000002E-003   14769536249516578.     
   8.9694500000000003E-003   15019540419075964.     
   8.9694200000000005E-003   15300152735132686.     
   8.9693800000000008E-003   15575577811030508.     
   8.9693499999999992E-003   15846094846769816.     
   8.9693099999999994E-003   16111983497975846.     
   8.9692799999999996E-003   16308499353466118.     
   8.9692599999999997E-003   16438187358961120.     
   8.9692499999999998E-003   16630796141527072.     
   8.9692100000000000E-003   16884120200601524.     
   8.9691800000000002E-003   17133686401331862.     
   8.9691500000000004E-003   17379718380817950.     
   8.9691200000000006E-003   17682623169136362.     
   8.9690800000000008E-003   18039650240557696.     
   8.9690299999999994E-003   18302952505855700.     
   8.9690099999999995E-003   18562628186238856.     
   8.9689699999999997E-003   18818687290510252.     
   8.9689499999999998E-003   19015485028038504.     
   8.9689200000000000E-003   19237914819900492.     
   8.9688900000000002E-003   19457788842425524.     
   8.9688700000000003E-003   19675189712348756.     
   8.9688400000000005E-003   19996876792606384.     
   8.9687900000000008E-003   20313340485756348.     
   8.9687599999999992E-003   20521625672973052.     
   8.9687399999999994E-003   20779051224301348.     
   8.9686999999999996E-003   21083756862500900.     
   8.9686599999999998E-003   21532777116729744.     
   8.9685900000000002E-003   21972493319673636.     
   8.9685600000000004E-003   22261025419490824.     
   8.9685200000000007E-003   22546037760617452.     
   8.9684900000000008E-003   22827670431120004.     
   8.9684499999999993E-003   23244094639354388.     
   8.9683899999999997E-003   23788251511766700.     
   8.9683200000000001E-003   24232593428206592.     
   8.9682800000000003E-003   24582486108436300.     
   8.9682400000000006E-003   24970403440132432.     
   8.9681899999999991E-003   25394540024399072.     
   8.9681399999999994E-003   25811799825289588.     
   8.9680899999999997E-003   26222566098331952.     
   8.9680500000000000E-003   26727504354767284.     
   8.9679800000000004E-003   27174002989218328.     
   8.9679400000000006E-003   27467866085455952.     
   8.9679100000000008E-003   27758752309847864.     
   8.9678799999999993E-003   28046763448377492.     
   8.9678399999999995E-003   28473720296545188.     
   8.9677799999999998E-003   29033678124901284.     
   8.9677100000000003E-003   29583678067320064.     
   8.9676500000000006E-003   30124208325328080.     
   8.9675899999999992E-003   30655718411537112.     
   8.9675299999999996E-003   31265061275447928.     
   8.9674600000000000E-003   31947789630528272.     
   8.9673800000000005E-003   32533896380250400.     
   8.9673200000000008E-003   33028495398654684.     
   8.9672699999999994E-003   33516187516557240.     
   8.9672199999999997E-003   33997252496007900.     
   8.9671600000000001E-003   34550533478439412.     
   8.9670900000000005E-003   35172632172680328.     
   8.9670300000000008E-003   35784506560909944.     
   8.9669599999999995E-003   36386726276677560.     
   8.9668999999999999E-003   36979791783599752.     
   8.9668300000000003E-003   37564106560416392.     
   8.9667700000000006E-003   38140018658341032.     
   8.9667099999999993E-003   38707849309912016.     
   8.9666499999999996E-003   39267897793363688.     
   8.9665900000000000E-003   39820449081790512.     
   8.9665300000000003E-003   40501188614555200.     
   8.9664399999999991E-003   41303759939707400.     
   8.9663599999999996E-003   41961275371522576.     
   8.9663000000000000E-003   42480460394257584.     
   8.9662500000000003E-003   42993695549324048.     
   8.9661900000000006E-003   43501167973643072.     
   8.9661399999999992E-003   44252298965930336.     
   8.9660399999999998E-003   45234957667974864.     
   8.9659400000000004E-003   45958722104906560.     
   8.9658900000000007E-003   46435616059906920.     
   8.9658399999999992E-003   47025584467916928.     
   8.9657699999999996E-003   47724541803671552.     
   8.9656900000000001E-003   48414196074970664.     
   8.9656200000000005E-003   49094910203490976.     
   8.9655499999999992E-003   49878375350976448.     
   8.9654599999999997E-003   50759909515749952.     
   8.9653700000000003E-003   51411669421013176.     
   8.9653300000000005E-003   51842142695822128.     
   8.9652900000000008E-003   52482005951176576.     
   8.9651999999999996E-003   53323916808635384.     
   8.9651200000000000E-003   54153796274561552.     
   8.9650400000000005E-003   54972085405161064.     
   8.9649499999999993E-003   56179558939108296.     
   8.9648000000000002E-003   57751997546623104.     
   8.9646399999999994E-003   58905123942052224.     
   8.9645699999999998E-003   59662897467813320.     
   8.9644900000000003E-003   60411859494220840.     
   8.9644200000000007E-003   61152330598873768.     
   8.9643499999999994E-003   62066722550610736.     
   8.9642400000000001E-003   63147625983740288.     
   8.9641400000000006E-003   64035392105294416.     
   8.9640699999999993E-003   64737787494666408.     
   8.9639999999999997E-003   65606343204910384.     
   8.9639100000000003E-003   66634678926696600.     
   8.9638099999999991E-003   67648733472029584.     
   8.9637099999999997E-003   68649114796228296.     
   8.9636200000000003E-003   69636352498889560.     
   8.9635200000000009E-003   70610931800279144.     
   8.9634299999999997E-003   71573303418481832.     
   8.9633400000000002E-003   72523897242011760.     
   8.9632500000000007E-003   73463153375638320.     
   8.9631699999999995E-003   74391487749229504.     
   8.9630800000000000E-003   75461499169221024.     
   8.9629700000000007E-003   76667259362649952.     
   8.9628599999999996E-003   77559876175405648.     
   8.9627999999999999E-003   78150015886581824.     
   8.9627500000000002E-003   79157798509916544.     
   8.9626199999999993E-003   80567768039695088.     
   8.9624900000000000E-003   81673211291616096.     
   8.9624100000000005E-003   82486127946958832.     
   8.9623399999999992E-003   83492413436137712.     
   8.9622299999999998E-003   84685225461741552.     
   8.9621200000000005E-003   85862925261293184.     
   8.9620199999999994E-003   87026141841983968.     
   8.9619100000000000E-003   88366039068753904.     
   8.9617800000000008E-003   89874864440728080.     
   8.9616399999999999E-003   90991109507522768.     
   8.9615800000000002E-003   91728791348768816.     
   8.9615100000000007E-003   92825859970159168.     
   8.9613799999999997E-003   94269983874496000.     
   8.9612500000000005E-003   95694416293352176.     
   8.9611299999999994E-003   97099985528920656.     
   8.9610100000000002E-003   98487448301198528.     
   8.9608899999999991E-003   99857529473431840.     
   8.9607699999999998E-003   1.0121092791558616E+017
   8.9606500000000006E-003   1.0254828554545542E+017
   8.9605399999999995E-003   1.0387019691855571E+017
   8.9604200000000002E-003   1.0517720174007112E+017
   8.9603100000000008E-003   1.0679136662442026E+017
   8.9601400000000001E-003   1.0869922785733509E+017
   8.9599799999999993E-003   1.1026598196551170E+017
   8.9598799999999999E-003   1.1150571516955813E+017
   8.9597700000000006E-003   1.1273333916059826E+017
   8.9596699999999994E-003   1.1394922814362938E+017
   8.9595600000000001E-003   1.1545362935142947E+017
   8.9594099999999992E-003   1.1723576389530528E+017
   8.9592600000000001E-003   1.1899433830008566E+017
   8.9591199999999992E-003   1.2073029966950616E+017
   8.9589700000000001E-003   1.2244446270672736E+017
   8.9588299999999992E-003   1.2413755582210099E+017
   8.9586900000000001E-003   1.2553244191780811E+017
   8.9586000000000006E-003   1.2663873632237118E+017
   8.9585099999999994E-003   1.2828308879540750E+017
   8.9583300000000005E-003   1.3044557071278622E+017
   8.9581599999999997E-003   1.3231146883167098E+017
   8.9580300000000005E-003   1.3389288827421222E+017
   8.9578999999999995E-003   1.3545794760800774E+017
   8.9577700000000003E-003   1.3700717314549422E+017
   8.9576499999999993E-003   1.3879573471384376E+017
   8.9574800000000003E-003   1.4081480887712192E+017
   8.9573199999999995E-003   1.4280889626819786E+017
   8.9571600000000005E-003   1.4477896592110195E+017
   8.9570099999999996E-003   1.4671158795579670E+017
   8.9568500000000006E-003   1.4860775460750688E+017
   8.9566999999999997E-003   1.5046992245367309E+017
   8.9565500000000006E-003   1.5230026968273859E+017
   8.9564099999999997E-003   1.5410077814477043E+017
   8.9562600000000006E-003   1.5587324007153238E+017
   8.9561199999999997E-003   1.5761923874086186E+017
   8.9559800000000005E-003   1.5934019000848566E+017
   8.9558399999999996E-003   1.6145968936351946E+017
   8.9556400000000008E-003   1.6395515244135600E+017
   8.9554300000000003E-003   1.6599735487390803E+017
   8.9552999999999994E-003   1.6760985101263238E+017
   8.9551700000000001E-003   1.6920334814303501E+017
   8.9550500000000009E-003   1.7077858433646995E+017
   8.9549199999999999E-003   1.7311117993899693E+017
   8.9546699999999996E-003   1.7616010561875056E+017
   8.9544299999999993E-003   1.7840397499463498E+017
   8.9543100000000000E-003   1.7988284423919485E+017
   8.9542000000000007E-003   1.8207653004075722E+017
   8.9539700000000003E-003   1.8495187965360845E+017
   8.9537400000000000E-003   1.8707331246545571E+017
   8.9536300000000006E-003   1.8847335789439110E+017
   8.9535199999999995E-003   1.9055272165703261E+017
   8.9533000000000008E-003   1.9328361128804586E+017
   8.9530900000000004E-003   1.9597124565303693E+017
   8.9528899999999998E-003   1.9861774068433011E+017
   8.9526799999999993E-003   2.0135658739068627E+017
   8.9524700000000006E-003   2.0494958123225008E+017
   8.9521400000000008E-003   2.0859624670895136E+017
   8.9519100000000004E-003   2.1082558826511811E+017
   8.9517999999999993E-003   2.1303173422574166E+017
   8.9515800000000006E-003   2.1593352120778006E+017
   8.9513700000000002E-003   2.1879348798417558E+017
   8.9511599999999997E-003   2.2161343849967706E+017
   8.9509499999999992E-003   2.2508607076952362E+017
   8.9506499999999992E-003   2.2917641272228966E+017
   8.9503499999999993E-003   2.3385270345593219E+017
   8.9499699999999998E-003   2.3907470340367206E+017
   8.9496100000000002E-003   2.4290987879124624E+017
   8.9494299999999995E-003   2.4543273935497206E+017
   8.9492500000000006E-003   2.4792828740937936E+017
   8.9490799999999999E-003   2.5039748941956310E+017
   8.9489099999999992E-003   2.5314538020505786E+017
   8.9486900000000005E-003   2.5616194486298886E+017
   8.9484899999999999E-003   2.5914190800525037E+017
   8.9482899999999994E-003   2.6208669674814368E+017
   8.9480900000000006E-003   2.6586576279036307E+017
   8.9477800000000007E-003   2.7044038038545571E+017
   8.9474700000000008E-003   2.7549393043684918E+017
   8.9470999999999995E-003   2.8099741762363533E+017
   8.9467499999999998E-003   2.8696946888728336E+017
   8.9463200000000007E-003   2.9337904702743034E+017
   8.9459199999999996E-003   2.9809187271490976E+017
   8.9457200000000008E-003   3.0119373684176550E+017
   8.9455200000000002E-003   3.0629611089016384E+017
   8.9450799999999994E-003   3.1329531264294976E+017
   8.9446500000000002E-003   3.1965617411128781E+017
   8.9443000000000005E-003   3.2541783125029293E+017
   8.9439500000000009E-003   3.3201485821058822E+017
   8.9435000000000001E-003   3.3939673141491200E+017
   8.9430699999999991E-003   3.4662351445641850E+017
   8.9426499999999999E-003   3.5370548980537242E+017
   8.9422400000000006E-003   3.5892581514376314E+017
   8.9420500000000000E-003   3.6236642195413466E+017
   8.9418499999999995E-003   3.6662368009943661E+017
   8.9415599999999994E-003   3.7166930631266080E+017
   8.9412799999999994E-003   3.7829745974914022E+017
   8.9408200000000004E-003   3.8642695073098054E+017
   8.9403799999999995E-003   3.9402748222723117E+017
   8.9399900000000001E-003   4.0112892425570400E+017
   8.9396100000000006E-003   4.0816393239764493E+017
   8.9392399999999993E-003   4.1513567450451859E+017
   8.9388699999999998E-003   4.2313135570395187E+017
   8.9384000000000009E-003   4.3209500894002464E+017
   8.9379400000000001E-003   4.4088539544648826E+017
   8.9374999999999993E-003   4.4951334908193926E+017
   8.9370700000000001E-003   4.5798863748334893E+017
   8.9366500000000008E-003   4.6631988740566234E+017
   8.9362399999999998E-003   4.7298749010435136E+017
   8.9359899999999996E-003   4.7805804243622867E+017
   8.9357499999999992E-003   4.8307908177389978E+017
   8.9355000000000007E-003   4.8805214247180339E+017
   8.9352700000000004E-003   4.9542610041494170E+017
   8.9347999999999997E-003   5.0510201426183610E+017
   8.9343500000000006E-003   5.1555347829835034E+017
   8.9338200000000003E-003   5.2673840697725498E+017
   8.9333199999999998E-003   5.3721586113281766E+017
   8.9328700000000007E-003   5.4702408095381037E+017
   8.9324299999999999E-003   5.5787227949422042E+017
   8.9318999999999996E-003   5.6970723580305677E+017
   8.9313900000000009E-003   5.8132602275063539E+017
   8.9308900000000004E-003   5.9274074952586778E+017
   8.9304099999999997E-003   6.0120418969482573E+017
   8.9301699999999994E-003   6.0962320887040512E+017
   8.9297000000000005E-003   6.1793977847961088E+017
   8.9294700000000001E-003   6.2455051415796928E+017
   8.9291500000000003E-003   6.3220907393003098E+017
   8.9288300000000004E-003   6.3978806278870502E+017
   8.9285300000000005E-003   6.4729043928920794E+017
   8.9282200000000006E-003   6.5735459277192179E+017
   8.9277200000000001E-003   6.6988143608441869E+017
   8.9272199999999996E-003   6.8232083653164147E+017
   8.9267400000000007E-003   6.9467742469355277E+017
   8.9262600000000001E-003   7.0886035125348966E+017
   8.9256400000000003E-003   7.2478066710891597E+017
   8.9250500000000003E-003   7.3656646834528320E+017
   8.9247500000000004E-003   7.4438343993332954E+017
   8.9244700000000003E-003   7.5605147139600179E+017
   8.9239000000000002E-003   7.7142790697296013E+017
   8.9233400000000001E-003   7.8659058522266765E+017
   8.9227999999999998E-003   8.0155069502455347E+017
   8.9222699999999995E-003   8.1823532221056947E+017
   8.9216299999999998E-003   8.3656473208673894E+017
   8.9210000000000001E-003   8.5467492324330714E+017
   8.9203900000000003E-003   8.7258116857989491E+017
   8.9197900000000004E-003   8.9026477238900390E+017
   8.9192100000000003E-003   9.0773831140468134E+017
   8.9186400000000002E-003   9.2162378464017651E+017
   8.9183000000000005E-003   9.3204560259475123E+017
   8.9179700000000008E-003   9.4237774867931750E+017
   8.9176399999999992E-003   9.5262312821000269E+017
   8.9173199999999994E-003   9.6795318311149798E+017
   8.9166799999999997E-003   9.8819245687083034E+017
   8.9160500000000000E-003   1.0099277779611927E+018
   8.9153400000000008E-003   1.0330949495621443E+018
   8.9146499999999997E-003   1.0560561295046167E+018
   8.9139700000000002E-003   1.0788255591537597E+018
   8.9133100000000007E-003   1.0965555695483469E+018
   8.9129399999999994E-003   1.1094209821241381E+018
   8.9125699999999999E-003   1.1222363889666870E+018
   8.9122100000000003E-003   1.1350039444705030E+018
   8.9118500000000007E-003   1.1509025101190936E+018
   8.9113200000000004E-003   1.1698451058258685E+018
   8.9108000000000000E-003   1.1919506927915502E+018
   8.9101000000000007E-003   1.2171055843283581E+018
   8.9094299999999994E-003   1.2420705741697057E+018
   8.9087699999999999E-003   1.2668603536814316E+018
   8.9081200000000003E-003   1.2852971093641759E+018
   8.9078100000000004E-003   1.2975594087246625E+018
   8.9074900000000005E-003   1.3114326579070710E+018
   8.9070899999999995E-003   1.3268849848249915E+018
   8.9067000000000000E-003   1.3499714663459843E+018
   8.9059299999999994E-003   1.3804498376144156E+018
   8.9051900000000003E-003   1.4030935757567695E+018
   8.9048200000000008E-003   1.4181421145077719E+018
   8.9044599999999995E-003   1.4348037316609262E+018
   8.9040200000000003E-003   1.4530451800182592E+018
   8.9035799999999995E-003   1.4711399661156390E+018
   8.9031600000000002E-003   1.4890927894961889E+018
   8.9027399999999993E-003   1.5071757741102628E+018
   8.9023100000000001E-003   1.5253874335799427E+018
   8.9019000000000008E-003   1.5526563461328381E+018
   8.9010700000000005E-003   1.5887034472993021E+018
   8.9002700000000001E-003   1.6155167685672453E+018
   8.8998700000000007E-003   1.6333722874084705E+018
   8.8994799999999995E-003   1.6529061948851843E+018
   8.8990200000000005E-003   1.6740848115710953E+018
   8.8985599999999998E-003   1.6950980828831821E+018
   8.8981100000000007E-003   1.7266046990524268E+018
   8.8972200000000008E-003   1.7581824682975941E+018
   8.8967800000000000E-003   1.7792467017301914E+018
   8.8963500000000008E-003   1.8001600272321797E+018
   8.8959199999999999E-003   1.8287873569171149E+018
   8.8951800000000008E-003   1.8649270270951652E+018
   8.8944599999999999E-003   1.9012377609971098E+018
   8.8937400000000007E-003   1.9377211929560061E+018
   8.8930299999999997E-003   1.9726795042476923E+018
   8.8923800000000001E-003   2.0061635318308680E+018
   8.8917400000000004E-003   2.0334556290121554E+018
   8.8913399999999993E-003   2.0546945433265160E+018
   8.8909400000000000E-003   2.0884875768914691E+018
   8.8900799999999999E-003   2.1345116809683540E+018
   8.8892499999999996E-003   2.1706453970955054E+018
   8.8887700000000007E-003   2.1971581584581683E+018
   8.8882900000000001E-003   2.2358827545660652E+018
   8.8873900000000002E-003   2.2864905364515661E+018
   8.8865100000000002E-003   2.3403252055485711E+018
   8.8855300000000009E-003   2.3972786944442199E+018
   8.8845699999999996E-003   2.4417250813717386E+018
   8.8840299999999994E-003   2.4740302651620362E+018
   8.8834900000000008E-003   2.5064071773830374E+018
   8.8829600000000005E-003   2.5388569978971848E+018
   8.8824300000000002E-003   2.5835836398731971E+018
   8.8815100000000004E-003   2.6402637476450391E+018
   8.8806200000000005E-003   2.6899724387402097E+018
   8.8799399999999994E-003   2.7328500491110164E+018
   8.8792799999999998E-003   2.7722258873437788E+018
   8.8787099999999997E-003   2.8257978124298906E+018
   8.8776099999999993E-003   2.8984627771158226E+018
   8.8764299999999994E-003   2.9541152049589473E+018
   8.8758499999999994E-003   2.9907631304019876E+018
   8.8752799999999993E-003   3.0455226308808653E+018
   8.8741700000000007E-003   3.1185687130869540E+018
   8.8730800000000002E-003   3.1899201095446989E+018
   8.8720799999999992E-003   3.2496253847058836E+018
   8.8713799999999999E-003   3.2992837413825280E+018
   8.8706900000000005E-003   3.3716532864521907E+018
   8.8693899999999996E-003   3.4660149141430733E+018
   8.8681200000000002E-003   3.5617453260876851E+018
   8.8668199999999992E-003   3.6588136781675479E+018
   8.8655599999999998E-003   3.7454373181846830E+018
   8.8645700000000004E-003   3.8219910703292580E+018
   8.8635999999999993E-003   3.9157378336409298E+018
   8.8622000000000006E-003   3.9986849222500751E+018
   8.8615199999999995E-003   4.0534632176155218E+018
   8.8608500000000000E-003   4.1298771658107407E+018
   8.8596600000000001E-003   4.2273444262612982E+018
   8.8584900000000001E-003   4.3031647892444360E+018
   8.8578400000000005E-003   4.3579111570216197E+018
   8.8572000000000008E-003   4.4275368154945213E+018
   8.8562099999999998E-003   4.5116981905731190E+018
   8.8552400000000003E-003   4.6186743034446449E+018
   8.8537600000000004E-003   4.7183127968153979E+018
   8.8529799999999999E-003   4.7979692381124137E+018
   8.8519800000000006E-003   4.8871796579162624E+018
   8.8509999999999995E-003   4.9965375993771796E+018
   8.8495799999999993E-003   5.0933683898014689E+018
   8.8488899999999999E-003   5.1573713341892219E+018
   8.8482100000000004E-003   5.2565064068924436E+018
   8.8467800000000003E-003   5.3566578989749709E+018
   8.8460899999999992E-003   5.4228599628700477E+018
   8.8453999999999998E-003   5.4951934769986529E+018
   8.8445799999999995E-003   5.5735347324828733E+018
   8.8437800000000007E-003   5.6734355617812419E+018
   8.8425499999999994E-003   5.7942877547621601E+018
   8.8413399999999996E-003   5.8956275254961398E+018
   8.8405099999999993E-003   5.9779981722216100E+018
   8.8397000000000007E-003   6.0604554837330483E+018
   8.8388900000000003E-003   6.1885007146567547E+018
   8.8372099999999999E-003   6.3598994366528358E+018
   8.8355699999999992E-003   6.5347906663893125E+018
   8.8338700000000006E-003   6.6686986796118098E+018
   8.8330400000000003E-003   6.7570762093010360E+018
   8.8322200000000000E-003   6.8946698852920791E+018
   8.8304999999999998E-003   7.0796208734181816E+018
   8.8288199999999994E-003   7.2680087164860549E+018
   8.8270699999999994E-003   7.4120711041365627E+018
   8.8262199999999992E-003   7.5069409175832719E+018
   8.8253700000000008E-003   7.6043581475568425E+018
   8.8244800000000009E-003   7.7041628531808676E+018
   8.8235999999999992E-003   7.8029610965171569E+018
   8.8227300000000008E-003   7.9007316082621942E+018
   8.8218700000000008E-003   8.0010191292310129E+018
   8.8209699999999992E-003   8.1036325714808320E+018
   8.8200699999999993E-003   8.2552948872716943E+018
   8.8183199999999993E-003   8.4077225514736302E+018
   8.8173999999999995E-003   8.5125741400171418E+018
   8.8164899999999997E-003   8.6160413983317309E+018
   8.8155999999999998E-003   8.7181223414768015E+018
   8.8147099999999999E-003   8.8228321406478387E+018
   8.8137800000000002E-003   8.9293546644979579E+018
   8.8128500000000005E-003   9.0342406755717089E+018
   8.8119500000000007E-003   9.1375990346724321E+018
   8.8110500000000008E-003   9.2431172235719946E+018
   8.8100999999999995E-003   9.3505536206820618E+018
   8.8091599999999999E-003   9.4561935779290030E+018
   8.8082400000000002E-003   9.5601836120924959E+018
   8.8073300000000004E-003   9.6662075915770716E+018
   8.8063599999999992E-003   9.7740538623039734E+018
   8.8054099999999996E-003   9.8799564423668163E+018
   8.8044700000000000E-003   9.9841773183896146E+018
   8.8035500000000003E-003   1.0090343451170187E+019
   8.8025699999999991E-003   1.0198390649829239E+019
   8.8015999999999997E-003   1.0304476535694932E+019
   8.8006500000000001E-003   1.0409039282501556E+019
   8.7997100000000005E-003   1.0515671682587091E+019
   8.7987099999999995E-003   1.0624377707096666E+019
   8.7977300000000001E-003   1.0731287063609735E+019
   8.7967600000000007E-003   1.0836871737206116E+019
   8.7958099999999994E-003   1.0944765939196056E+019
   8.7948000000000002E-003   1.1054993251959407E+019
   8.7937999999999992E-003   1.1163654538822095E+019
   8.7928199999999998E-003   1.1271199258001678E+019
   8.7918500000000004E-003   1.1381475021603328E+019
   8.7908299999999995E-003   1.1494016335576259E+019
   8.7898200000000003E-003   1.1604298184385876E+019
   8.7888199999999993E-003   1.1715513725532711E+019
   8.7878399999999999E-003   1.1890831864334924E+019
   8.7857700000000000E-003   1.2123537277672600E+019
   8.7837599999999998E-003   1.2297779974726803E+019
   8.7827100000000009E-003   1.2418507114448556E+019
   8.7816700000000001E-003   1.2537970586705119E+019
   8.7806399999999993E-003   1.2658743783053965E+019
   8.7796300000000001E-003   1.2850423073289773E+019
   8.7775100000000005E-003   1.3104222122631154E+019
   8.7754400000000007E-003   1.3293825007670118E+019
   8.7743500000000002E-003   1.3425865968962331E+019
   8.7732799999999996E-003   1.3623557187380306E+019
   8.7711899999999999E-003   1.3893132931203027E+019
   8.7690000000000008E-003   1.4097671759880294E+019
   8.7679300000000002E-003   1.4235190974901758E+019
   8.7668699999999995E-003   1.4453948973406560E+019
   8.7646600000000005E-003   1.4742558797491540E+019
   8.7624999999999995E-003   1.5032447735735319E+019
   8.7602500000000007E-003   1.5254331825910481E+019
   8.7591400000000003E-003   1.5401555346444904E+019
   8.7580599999999998E-003   1.5633353124792420E+019
   8.7557699999999995E-003   1.5943582709106762E+019
   8.7535500000000006E-003   1.6260427090188847E+019
   8.7512300000000005E-003   1.6583580618165133E+019
   8.7489700000000000E-003   1.6825555917580032E+019
   8.7477900000000001E-003   1.6993393684061788E+019
   8.7466200000000001E-003   1.7251229616330193E+019
   8.7442400000000003E-003   1.7592156930546422E+019
   8.7419300000000002E-003   1.7933661691186381E+019
   8.7396000000000001E-003   1.8288316143501001E+019
   8.7371700000000007E-003   1.8650014307733311E+019
   8.7348100000000008E-003   1.8920430720628208E+019
   8.7335599999999996E-003   1.9204895224663060E+019
   8.7311300000000001E-003   1.9531920286692356E+019
   8.7293000000000006E-003   1.9819376282049622E+019
   8.7274199999999996E-003   2.0159204274812715E+019
   8.7249800000000002E-003   2.0554735101075513E+019
   8.7224299999999998E-003   2.0903700693531394E+019
   8.7205500000000005E-003   2.1205286409079235E+019
   8.7186299999999998E-003   2.1518319265892430E+019
   8.7167100000000008E-003   2.1828396378522276E+019
   8.7148199999999999E-003   2.2130667037762101E+019
   8.7129900000000003E-003   2.2425174987905831E+019
   8.7111900000000006E-003   2.2689062079348699E+019
   8.7097200000000007E-003   2.2926561847107256E+019
   8.7082700000000006E-003   2.3181257470406291E+019
   8.7066100000000000E-003   2.3448949747306017E+019
   8.7049699999999994E-003   2.3717485656778998E+019
   8.7032800000000007E-003   2.3991379895303832E+019
   8.7016100000000002E-003   2.4327890845513269E+019
   8.6992200000000006E-003   2.4707126668530532E+019
   8.6968900000000005E-003   2.5019280731824165E+019
   8.6951900000000002E-003   2.5285054111047979E+019
   8.6935299999999997E-003   2.5617240872144245E+019
   8.6910800000000003E-003   2.5991585939759501E+019
   8.6887000000000006E-003   2.6300290778699387E+019
   8.6869300000000007E-003   2.6559949769235354E+019
   8.6852100000000005E-003   2.6814357632020197E+019
   8.6834600000000005E-003   2.7066257158995124E+019
   8.6817500000000002E-003   2.7372706816720486E+019
   8.6792799999999993E-003   2.7713978032910479E+019
   8.6768699999999997E-003   2.8018574247304942E+019
   8.6747200000000003E-003   2.8298366393678946E+019
   8.6726300000000006E-003   2.8569592392669426E+019
   8.6704799999999995E-003   2.8835770594081604E+019
   8.6683899999999998E-003   2.9118220127061873E+019
   8.6658900000000007E-003   2.9412479096151937E+019
   8.6634699999999995E-003   2.9697713950464655E+019
   8.6609800000000004E-003   2.9971499400926175E+019
   8.6585599999999992E-003   3.0190536638791295E+019
   8.6567899999999993E-003   3.0380573911069225E+019
   8.6550700000000008E-003   3.0655643081638699E+019
   8.6518800000000007E-003   3.0990921761455264E+019
   8.6488099999999998E-003   3.1255032560744239E+019
   8.6466800000000003E-003   3.1475156951541121E+019
   8.6446000000000005E-003   3.1699556648524583E+019
   8.6424899999999992E-003   3.1925320294700487E+019
   8.6404399999999992E-003   3.2270623587137368E+019
   8.6363099999999995E-003   3.2620520003129479E+019
   8.6342399999999996E-003   3.2862117212280615E+019
   8.6322299999999994E-003   3.3156742055835242E+019
   8.6294300000000004E-003   3.3415575115982143E+019
   8.6280699999999998E-003   3.3589206692556222E+019
   8.6267400000000008E-003   3.3864410997744046E+019
   8.6239500000000000E-003   3.4146045601145971E+019
   8.6225899999999994E-003   3.4386381707632435E+019
   8.6205499999999994E-003   3.4685514042361663E+019
   8.6184699999999996E-003   3.4941398605371208E+019
   8.6171100000000007E-003   3.5257564189876568E+019
   8.6143699999999997E-003   3.5583246695453282E+019
   8.6129899999999992E-003   3.5805298808123654E+019
   8.6116200000000004E-003   3.6089464819892654E+019
   8.6095700000000004E-003   3.6443874672372359E+019
   8.6074800000000007E-003   3.6747295787707445E+019
   8.6061100000000001E-003   3.6990667232689029E+019
   8.6047699999999994E-003   3.7374160304552280E+019
   8.6019500000000006E-003   3.7834200240587874E+019
   8.5998900000000007E-003   3.8168543540426031E+019
   8.5984900000000003E-003   3.8518147847398015E+019
   8.5963700000000007E-003   3.9015825221958590E+019
   8.5936099999999998E-003   3.9451733047811129E+019
   8.5921599999999997E-003   3.9832238441485328E+019
   8.5900400000000002E-003   4.0288317431325237E+019
   8.5879500000000004E-003   4.0841595622304899E+019
   8.5850500000000003E-003   4.1370823432013832E+019
   8.5832500000000006E-003   4.1782919422049083E+019
   8.5814800000000007E-003   4.2292609463674110E+019
   8.5789200000000003E-003   4.2893701781066187E+019
   8.5764199999999995E-003   4.3559486478176362E+019
   8.5734399999999999E-003   4.4102814331133477E+019
   8.5719699999999999E-003   4.4467272704649716E+019
   8.5705299999999998E-003   4.5090069647034155E+019
   8.5670999999999994E-003   4.5961626746781188E+019
   8.5637600000000001E-003   4.6649364572155429E+019
   8.5618399999999994E-003   4.7307572254374978E+019
   8.5587900000000001E-003   4.8189294074804453E+019
   8.5553000000000001E-003   4.8981458745109381E+019
   8.5529999999999998E-003   4.9575722312560935E+019
   8.5509999999999996E-003   5.0131124688139125E+019
   8.5490300000000009E-003   5.0818577229454975E+019
   8.5462100000000003E-003   5.1607559177494331E+019
   8.5434399999999994E-003   5.2361408223463006E+019
   8.5409900000000000E-003   5.3068718841832030E+019
   8.5385900000000004E-003   5.3675562209392239E+019
   8.5369199999999999E-003   5.4173050860851651E+019
   8.5352699999999993E-003   5.4899740644259545E+019
   8.5320900000000009E-003   5.5870625384246936E+019
   8.5289800000000002E-003   5.6594163955617087E+019
   8.5273799999999993E-003   5.7093212312206238E+019
   8.5258000000000000E-003   5.7707386718348239E+019
   8.5235199999999997E-003   5.8431834587920925E+019
   8.5212799999999991E-003   5.9366505653143953E+019
   8.5177699999999992E-003   6.0530663993668854E+019
   8.5142099999999995E-003   6.1799022775262085E+019
   8.5102200000000006E-003   6.2943260440634794E+019
   8.5074899999999995E-003   6.3896845900006441E+019
   8.5047100000000004E-003   6.5073348610621342E+019
   8.5008099999999993E-003   6.6646039315186762E+019
   8.4959100000000006E-003   6.7921601064485061E+019
   8.4937499999999996E-003   6.8709319827263570E+019
   8.4916100000000001E-003   6.9636809785561063E+019
   8.4887399999999998E-003   7.0724766749804241E+019
   8.4857800000000001E-003   7.1829290366110237E+019
   8.4828700000000000E-003   7.2951575599411585E+019
   8.4798700000000005E-003   7.4103496459709776E+019
   8.4768499999999993E-003   7.5259315373654491E+019
   8.4738799999999996E-003   7.6241642989565198E+019
   8.4717899999999999E-003   7.7451040143361376E+019
   8.4676700000000001E-003   7.9312072896772358E+019
   8.4624300000000000E-003   8.1093761849805554E+019
   8.4587499999999993E-003   8.2478855393824784E+019
   8.4555399999999992E-003   8.3795186662882492E+019
   8.4522699999999996E-003   8.5584485823576834E+019
   8.4467899999999992E-003   8.7450806512563683E+019
   8.4431899999999997E-003   8.8599770522946355E+019
   8.4412600000000008E-003   8.9908976453427626E+019
   8.4369500000000004E-003   9.1706859412250182E+019
   8.4327299999999994E-003   9.3092481398322594E+019
   8.4304099999999993E-003   9.4078026717142680E+019
   8.4280999999999991E-003   9.5530728554315629E+019
   8.4236499999999995E-003   9.7431116126193844E+019
   8.4192799999999995E-003   9.8769164165112316E+019
   8.4174599999999999E-003   9.9557523955111215E+019
   8.4156600000000002E-003   1.0089402004278005E+020
   8.4113599999999997E-003   1.0276745327156981E+020
   8.4071300000000005E-003   1.0416696445723909E+020
   8.4049499999999996E-003   1.0513304063882029E+020
   8.4027800000000003E-003   1.0649875557924379E+020
   8.3988399999999994E-003   1.0825691642463627E+020
   8.3949500000000000E-003   1.0974824718163983E+020
   8.3922200000000006E-003   1.1097943069196825E+020
   8.3895199999999993E-003   1.1238311255690020E+020
   8.3860600000000007E-003   1.1395587924889218E+020
   8.3826400000000002E-003   1.1574761863476163E+020
   8.3782800000000001E-003   1.1775146774077139E+020
   8.3739799999999996E-003   1.1959258923847790E+020
   8.3703500000000004E-003   1.2197106797489843E+020
   8.3638400000000009E-003   1.2418137568375598E+020
   8.3609500000000007E-003   1.2563149939981912E+020
   8.3577400000000007E-003   1.2715665649696665E+020
   8.3545600000000005E-003   1.2951079894359168E+020
   8.3479499999999998E-003   1.3267036807453149E+020
   8.3415000000000000E-003   1.3593371252605438E+020
   8.3345899999999994E-003   1.3929761557384667E+020
   8.3278499999999995E-003   1.4185358951572084E+020
   8.3242100000000003E-003   1.4366009621504218E+020
   8.3206200000000008E-003   1.4557182706499627E+020
   8.3166100000000003E-003   1.4758746455835165E+020
   8.3126499999999996E-003   1.4949954515067204E+020
   8.3090700000000000E-003   1.5131112190808949E+020
   8.3055400000000001E-003   1.5348579399042947E+020
   8.3006000000000000E-003   1.5601576343973406E+020
   8.2957299999999994E-003   1.5882104471583890E+020
   8.2898099999999999E-003   1.6189127520505138E+020
   8.2839899999999998E-003   1.6475919085181475E+020
   8.2789000000000005E-003   1.6743717002374293E+020
   8.2738800000000008E-003   1.7020972399468433E+020
   8.2684400000000002E-003   1.7282435373435385E+020
   8.2641799999999994E-003   1.7510768839523890E+020
   8.2599800000000001E-003   1.7818301590332486E+020
   8.2528800000000006E-003   1.8203012618270769E+020
   8.2459200000000003E-003   1.8566365025372402E+020
   8.2397300000000007E-003   1.8907545151622470E+020
   8.2336500000000003E-003   1.9225639083746247E+020
   8.2282599999999994E-003   1.9636421228059558E+020
   8.2191100000000000E-003   1.9998882264209477E+020
   8.2154800000000007E-003   2.0205450741123043E+020
   8.2118799999999995E-003   2.0512992626910904E+020
   8.2047900000000000E-003   2.0919320541115089E+020
   8.1978399999999996E-003   2.1248494845112130E+020
   8.1934799999999995E-003   2.1502299039901372E+020
   8.1891700000000008E-003   2.1800231580596617E+020
   8.1833700000000006E-003   2.2141442063257908E+020
   8.1776499999999998E-003   2.2520361721479191E+020
   8.1706699999999997E-003   2.3029041443251133E+020
   8.1607499999999996E-003   2.3542561628406694E+020
   8.1536999999999998E-003   2.3878390627672952E+020
   8.1497300000000009E-003   2.4257680368613268E+020
   8.1413900000000001E-003   2.4768948342552058E+020
   8.1332100000000001E-003   2.5156705729379490E+020
   8.1289199999999995E-003   2.5424831767188675E+020
   8.1246700000000005E-003   2.5691315910593020E+020
   8.1204599999999995E-003   2.5956340249151180E+020
   8.1162900000000000E-003   2.6368198707133068E+020
   8.1075299999999999E-003   2.6923772294670837E+020
   8.0989400000000007E-003   2.7491237706908487E+020
   8.0899600000000002E-003   2.8070365371781808E+020
   8.0811600000000004E-003   2.8510185971229373E+020
   8.0765400000000001E-003   2.8813678659569913E+020
   8.0719699999999995E-003   2.9115513803097771E+020
   8.0674400000000004E-003   2.9415729159011339E+020
   8.0629499999999993E-003   2.9882355940005976E+020
   8.0535299999999997E-003   3.0511580354849250E+020
   8.0442900000000008E-003   3.0987209801828840E+020
   8.0394400000000001E-003   3.1316910271353166E+020
   8.0346399999999991E-003   3.1644842666581354E+020
   8.0298899999999996E-003   3.1971032379781009E+020
   8.0251799999999998E-003   3.2477770496434858E+020
   8.0152899999999996E-003   3.3161455981901205E+020
   8.0055999999999999E-003   3.3858258491024245E+020
   7.9954799999999993E-003   3.4570943561403099E+020
   7.9855499999999992E-003   3.5112374628447656E+020
   7.9803400000000007E-003   3.5485826265835241E+020
   7.9751800000000001E-003   3.5857315699043638E+020
   7.9700699999999992E-003   3.6226946599301526E+020
   7.9650099999999998E-003   3.6800903633241401E+020
   7.9543900000000004E-003   3.7575349931576368E+020
   7.9439699999999999E-003   3.8160616198737501E+020
   7.9385099999999993E-003   3.8566330564050715E+020
   7.9331000000000002E-003   3.8969955782378868E+020
   7.9277400000000008E-003   3.9371517967908268E+020
   7.9224299999999994E-003   3.9995114481514971E+020
   7.9112999999999996E-003   4.0836636682381551E+020
   7.9003800000000002E-003   4.1695562463915246E+020
   7.8889800000000003E-003   4.2572824384653538E+020
   7.8778000000000008E-003   4.3239405869245615E+020
   7.8719399999999991E-003   4.3699077917529335E+020
   7.8661400000000006E-003   4.4156441612042443E+020
   7.8603900000000001E-003   4.4611604841287890E+020
   7.8546899999999992E-003   4.5317959917242063E+020
   7.8427500000000008E-003   4.6271271498284977E+020
   7.8310299999999992E-003   4.6992100757114008E+020
   7.8248899999999993E-003   4.7491377314221025E+020
   7.8188100000000007E-003   4.8235097456918161E+020
   7.8068100000000000E-003   4.9250533222686504E+020
   7.7942999999999997E-003   5.0029420422090916E+020
   7.7881399999999998E-003   5.0544351916693173E+020
   7.7820299999999997E-003   5.1343880747849023E+020
   7.7692300000000002E-003   5.2423148985454651E+020
   7.7566700000000002E-003   5.3239127952051988E+020
   7.7500900000000003E-003   5.3804434144834722E+020
   7.7435700000000000E-003   5.4515482326186761E+020
   7.7337100000000004E-003   5.5371734403380884E+020
   7.7239800000000001E-003   5.6238267776229212E+020
   7.7140000000000004E-003   5.7117095598282087E+020
   7.7041599999999998E-003   5.8017209100196230E+020
   7.6938500000000003E-003   5.8937819307959183E+020
   7.6836900000000000E-003   5.9870892869606480E+020
   7.6732600000000003E-003   6.1102806302558061E+020
   7.6567600000000003E-003   6.2428848531947861E+020
   7.6444900000000003E-003   6.3577399662565038E+020
   7.6321000000000002E-003   6.4745655931688714E+020
   7.6195999999999998E-003   6.6088005795325949E+020
   7.6037700000000001E-003   6.7449665827535533E+020
   7.5910900000000000E-003   6.8694816870012210E+020
   7.5779500000000000E-003   6.9971884109868512E+020
   7.5648099999999999E-003   7.1189883861886920E+020
   7.5530600000000003E-003   7.2319427504543236E+020
   7.5418700000000000E-003   7.3663391994915481E+020
   7.5259899999999998E-003   7.5107445703551602E+020
   7.5129100000000002E-003   7.6345983077982903E+020
   7.5012000000000004E-003   7.7609293844181261E+020
   7.4873700000000001E-003   7.9069103973211492E+020
   7.4722100000000000E-003   8.0337384884101893E+020
   7.4622500000000001E-003   8.1491616002623576E+020
   7.4482300000000001E-003   8.2948149406893172E+020
   7.4317500000000000E-003   8.4314505379923689E+020
   7.4158599999999998E-003   8.5594241372291872E+020
   7.4011600000000004E-003   8.6451674142246725E+020
   7.3870699999999999E-003   8.7062463695725868E+020
   7.3711400000000000E-003   8.6658831794425954E+020
   7.3648500000000000E-003   8.7420277731860349E+020
   7.3499699999999999E-003   8.5457832018907772E+020
   7.3304800000000003E-003   8.4907543493903031E+020
   7.3166600000000000E-003   8.1710348509744425E+020
   7.3033000000000004E-003   7.6459888252794490E+020
   7.2881200000000004E-003   7.3399499633032613E+020
   7.2741999999999998E-003   7.1469604105205108E+020
   7.2682900000000002E-003   6.8665143301915410E+020
   7.2624200000000003E-003   6.6018728584289832E+020
   7.2480899999999996E-003   6.3746770067658205E+020
   7.2423399999999999E-003   6.2464320956910692E+020
   7.2357699999999999E-003   6.0016678614744695E+020
   7.2306599999999999E-003   5.9872864388245842E+020
   7.2225500000000003E-003   5.8561052846306171E+020
   7.2173599999999999E-003   5.6793967772462219E+020
   7.2124900000000002E-003   5.5761340458021775E+020
   7.2080800000000004E-003   5.6054494530439466E+020
   7.2028200000000004E-003   5.4423315471814931E+020
   7.1970100000000002E-003   5.3174542846578786E+020
   7.1912399999999998E-003   5.2900014002186958E+020
   7.1877399999999998E-003   5.2686546651498611E+020
   7.1829600000000004E-003   5.2026147468503725E+020
   7.1805799999999998E-003   5.1730241309120541E+020
   7.1787900000000000E-003   5.1455762712795768E+020
   7.1746199999999996E-003   5.1323505474433031E+020
   7.1722399999999999E-003   5.1173827837657095E+020
   7.1689199999999996E-003   5.0985917056362165E+020
   7.1662000000000002E-003   5.0629612162383859E+020
   7.1601499999999997E-003   5.0247930752883687E+020
   7.1556099999999997E-003   5.0191014283094059E+020
   7.1504799999999999E-003   4.9838702456333264E+020
   7.1444799999999999E-003   4.9686894990930359E+020
   7.1397600000000002E-003   4.9607981557249684E+020
   7.1352600000000000E-003   4.9495604976271380E+020
   7.1308999999999999E-003   4.9480084434892875E+020
   7.1269400000000000E-003   4.9440946242051244E+020
   7.1218899999999996E-003   4.9428842294982214E+020
   7.1198199999999998E-003   4.9434592375035370E+020
   7.1156800000000001E-003   4.9431495304381379E+020
   7.1129299999999999E-003   4.9454198767915532E+020
   7.1088300000000000E-003   4.9480476083022476E+020
   7.1067800000000000E-003   4.9513474594407481E+020
   7.1027800000000004E-003   4.9566124337496031E+020
   7.0988900000000001E-003   4.9611395797659130E+020
   7.0969500000000003E-003   4.9648957283153897E+020
   7.0944299999999997E-003   4.9720945888513353E+020
   7.0894100000000000E-003   4.9829452609835853E+020
   7.0844100000000002E-003   4.9950841420839931E+020
   7.0794300000000003E-003   5.0049981898211485E+020
   7.0769500000000003E-003   5.0111410568980280E+020
   7.0750900000000000E-003   5.0192375987655744E+020
   7.0713900000000003E-003   5.0304498188603864E+020
   7.0677400000000003E-003   5.0419817625956378E+020
   7.0641599999999999E-003   5.0537094637615717E+020
   7.0606400000000000E-003   5.0656393661450774E+020
   7.0571699999999998E-003   5.0797496443839028E+020
   7.0526499999999997E-003   5.0930579412051997E+020
   7.0498599999999998E-003   5.1034315973699705E+020
   7.0470699999999999E-003   5.1173938337972532E+020
   7.0425000000000001E-003   5.1332968091395916E+020
   7.0389099999999998E-003   5.1468342910677851E+020
   7.0357400000000004E-003   5.1589465668070244E+020
   7.0329900000000002E-003   5.1744494420012178E+020
   7.0283899999999998E-003   5.1947021482367202E+020
   7.0235799999999998E-003   5.2184124204525938E+020
   7.0173800000000001E-003   5.2406091985702263E+020
   7.0144500000000002E-003   5.2531157629994205E+020
   7.0115300000000002E-003   5.2690957361999354E+020
   7.0071600000000001E-003   5.2953195752766308E+020
   7.0013599999999999E-003   5.3151971045970634E+020
   6.9984699999999997E-003   5.3278593252174122E+020
   6.9955900000000003E-003   5.3480652457325868E+020
   6.9911299999999999E-003   5.3738351312217899E+020
   6.9848599999999999E-003   5.3986745078781143E+020
   6.9812399999999997E-003   5.4235175053499164E+020
   6.9750999999999997E-003   5.4548594123413075E+020
   6.9690600000000000E-003   5.4785898317519258E+020
   6.9656300000000004E-003   5.4962449392610515E+020
   6.9634199999999997E-003   5.5121050485854601E+020
   6.9590199999999998E-003   5.5381709176956479E+020
   6.9536900000000002E-003   5.5610564160451464E+020
   6.9505599999999997E-003   5.5832496251085082E+020
   6.9455400000000000E-003   5.6038930213288195E+020
   6.9430400000000001E-003   5.6242959192255555E+020
   6.9381599999999996E-003   5.6577374784543942E+020
   6.9310600000000002E-003   5.6915034367207414E+020
   6.9261899999999996E-003   5.7191712661704245E+020
   6.9213399999999998E-003   5.7570491794868280E+020
   6.9130199999999998E-003   5.7940629461380104E+020
   6.9085900000000000E-003   5.8282898552114702E+020
   6.9012300000000004E-003   5.8612655448160508E+020
   6.8978599999999996E-003   5.8762026664446204E+020
   6.8958500000000002E-003   5.8904021555050722E+020
   6.8931699999999997E-003   5.9162044792983834E+020
   6.8872700000000000E-003   5.9520978898240353E+020
   6.8812999999999999E-003   5.9908416540440920E+020
   6.8744699999999997E-003   6.0299701428605472E+020
   6.8688000000000004E-003   6.0605243249756878E+020
   6.8644999999999999E-003   6.0944179880195391E+020
   6.8579699999999997E-003   6.1318341872056310E+020
   6.8526300000000002E-003   6.1588791395009049E+020
   6.8494599999999999E-003   6.1876958105649453E+020
   6.8434699999999999E-003   6.2214466986052420E+020
   6.8392100000000001E-003   6.2484025363777284E+020
   6.8349700000000001E-003   6.2861012795274389E+020
   6.8275699999999998E-003   6.3245484062689906E+020
   6.8233699999999996E-003   6.3588852777924297E+020
   6.8170799999999997E-003   6.4050275180805226E+020
   6.8094799999999997E-003   6.4504775550375585E+020
   6.8035200000000004E-003   6.4866453060981542E+020
   6.7987700000000000E-003   6.5226630224648746E+020
   6.7928600000000004E-003   6.5666900761735791E+020
   6.7860200000000002E-003   6.6134709992300793E+020
   6.7792199999999999E-003   6.6618648043271199E+020
   6.7720999999999996E-003   6.7100427955752796E+020
   6.7654600000000001E-003   6.7637478435901040E+020
   6.7568999999999997E-003   6.8212282924081794E+020
   6.7492699999999999E-003   6.8805660838328218E+020
   6.7404700000000001E-003   6.9436954788510591E+020
   6.7317200000000001E-003   7.0163608311642286E+020
   6.7207500000000002E-003   7.0968400292030120E+020
   6.7098599999999998E-003   7.1980142624670351E+020
   6.6936799999999996E-003   7.3302273753065469E+020
   6.6749299999999999E-003   7.4621759458004736E+020
   6.6593099999999999E-003   7.5874155325382302E+020
   6.6433200000000003E-003   7.7202220347284403E+020
   6.6259200000000004E-003   7.8650240439863922E+020
   6.6073399999999997E-003   8.0321782695802542E+020
   6.5849100000000002E-003   8.1933522046273336E+020
   6.5683099999999999E-003   8.3461631348088963E+020
   6.5483800000000003E-003   8.5138894416589488E+020
   6.5287100000000001E-003   8.6681705214412613E+020
   6.5123999999999998E-003   8.7849913412069622E+020
   6.5017399999999998E-003   8.9122934930197132E+020
   6.4832900000000001E-003   9.0435994760780920E+020
   6.4719799999999996E-003   9.1938066662779008E+020
   6.4496099999999997E-003   9.3681231216561291E+020
   6.4333400000000001E-003   9.5159024582776363E+020
   6.4172200000000004E-003   9.6506910315995293E+020
   6.4040800000000004E-003   9.7723746587006940E+020
   6.3910499999999997E-003   9.9758031542213555E+020
   6.3608199999999997E-003   1.0262119628185643E+021
   6.3311100000000000E-003   1.0472138588563758E+021
   6.3175400000000000E-003   1.0655218206685966E+021
   6.2938700000000000E-003   1.0823313289593282E+021
   6.2837199999999996E-003   1.0996979017318762E+021
   6.2592999999999998E-003   1.1243744431760646E+021
   6.2352099999999997E-003   1.1439591518851860E+021
   6.2212999999999999E-003   1.1583846075861056E+021
   6.2075000000000003E-003   1.1768579287449392E+021
   6.1861499999999996E-003   1.1994306433222336E+021
   6.1650500000000000E-003   1.2184339507088872E+021
   6.1508300000000004E-003   1.2338219653457846E+021
   6.1367200000000000E-003   1.2575376345447224E+021
   6.1076300000000002E-003   1.2897167791006302E+021
   6.0789599999999996E-003   1.3163726619131647E+021
   6.0605199999999998E-003   1.3374057419124960E+021
   6.0422499999999999E-003   1.3543717925796598E+021
   6.0311899999999996E-003   1.3672242636847689E+021
   6.0201899999999999E-003   1.3890991369979911E+021
   5.9939600000000004E-003   1.4264264249898227E+021
   5.9575699999999997E-003   1.4658597530274090E+021
   5.9290200000000001E-003   1.4945570235949916E+021
   5.9110600000000001E-003   1.5202508730370878E+021
   5.8878799999999998E-003   1.5494094308364777E+021
   5.8649499999999999E-003   1.5840788668568636E+021
   5.8338000000000001E-003   1.6248452832159523E+021
   5.8023900000000002E-003   1.6561622588611858E+021
   5.7864900000000000E-003   1.6773601200929995E+021
   5.7707000000000001E-003   1.7098866716778609E+021
   5.7383699999999996E-003   1.7539836639210082E+021
   5.7064699999999999E-003   1.7992514762315750E+021
   5.6735700000000002E-003   1.8457224252242424E+021
   5.6411100000000004E-003   1.8934299562314849E+021
   5.6076199999999998E-003   1.9424100960184865E+021
   5.5745800000000000E-003   1.9927003255504678E+021
   5.5405000000000003E-003   2.0443454049578060E+021
   5.5068599999999997E-003   2.0975639220100769E+021
   5.4721800000000001E-003   2.1520580962429216E+021
   5.4379299999999997E-003   2.1936602568504553E+021
   5.4204199999999996E-003   2.2220226883077808E+021
   5.4030099999999998E-003   2.2655253812190139E+021
   5.3673999999999996E-003   2.3245719887429928E+021
   5.3322100000000004E-003   2.3570831045853278E+021
   5.3142199999999997E-003   2.3874001674100241E+021
   5.2963400000000001E-003   2.4335608161223925E+021
   5.2601499999999999E-003   2.4969918247899491E+021
   5.2236200000000000E-003   2.5621652225804259E+021
   5.1867700000000003E-003   2.6291263542376603E+021
   5.1495800000000000E-003   2.6979346548332870E+021
   5.1120400000000000E-003   2.7686444332144520E+021
   5.0741600000000003E-003   2.8413114392377720E+021
   5.0359300000000001E-003   2.9159966639567216E+021
   4.9973400000000003E-003   2.9927630579390066E+021
   4.9584000000000000E-003   3.0716642003088415E+021
   4.9190900000000001E-003   3.1326134350514194E+021
   4.8992000000000003E-003   3.1736667410214090E+021
   4.8793999999999999E-003   3.2154184814556034E+021
   4.8593200000000003E-003   3.2576350750601715E+021
   4.8393400000000001E-003   3.3127082680854622E+021
   4.8075499999999998E-003   3.3811834010730417E+021
   4.7759800000000000E-003   3.4383262098063863E+021
   4.7554099999999998E-003   3.4837318336883626E+021
   4.7349300000000000E-003   3.5297306593539166E+021
   4.7141500000000003E-003   3.5763956827681498E+021
   4.6934699999999999E-003   3.6237099232342028E+021
   4.6724999999999996E-003   3.6716984805901447E+021
   4.6516099999999996E-003   3.7203521416218248E+021
   4.6304299999999996E-003   3.7696966171820871E+021
   4.6093400000000000E-003   3.8197377662319854E+021
   4.5879500000000004E-003   3.8704858912771570E+021
   4.5666500000000002E-003   3.9219552954836991E+021
   4.5450500000000001E-003   3.9741527044192202E+021
   4.5235300000000004E-003   4.0270881057086804E+021
   4.5017099999999999E-003   4.0807838215469500E+021
   4.4799699999999998E-003   4.1352483112520731E+021
   4.4579299999999997E-003   4.1904906361526786E+021
   4.4359600000000001E-003   4.2465218282396807E+021
   4.4136999999999996E-003   4.3033653863213800E+021
   4.3914999999999996E-003   4.3610250458650415E+021
   4.3690100000000004E-003   4.4195307881034065E+021
   4.3465800000000001E-003   4.4788750370464858E+021
   4.3238499999999997E-003   4.5390899555137466E+021
   4.3011799999999999E-003   4.6001811183865131E+021
   4.2782100000000002E-003   4.6621749633021515E+021
   4.2553000000000001E-003   4.7249541664657679E+021
   4.2321700000000004E-003   4.7887908192207912E+021
   4.2089099999999997E-003   4.8535772496068671E+021
   4.1855299999999998E-003   4.9193322135141692E+021
   4.1620199999999998E-003   4.9860755281334103E+021
   4.1383799999999997E-003   5.0538264901283196E+021
   4.1146100000000003E-003   5.1226068434142175E+021
   4.0907100000000000E-003   5.1924389363060908E+021
   4.0666599999999997E-003   5.2633455883343689E+021
   4.0424900000000001E-003   5.3353505728580981E+021
   4.0181699999999997E-003   5.4084794871128271E+021
   3.9937100000000001E-003   5.4827556627889112E+021
   3.9690999999999997E-003   5.5582040360771723E+021
   3.9443600000000001E-003   5.6348517997001960E+021
   3.9194599999999996E-003   5.7127233934907157E+021
   3.8944100000000001E-003   5.7918438734112794E+021
   3.8692200000000000E-003   5.8722507191408898E+021
   3.8438600000000002E-003   5.9539664084697832E+021
   3.8183499999999999E-003   6.0370344156954414E+021
   3.7926800000000001E-003   6.1215091985073056E+021
   3.7668500000000000E-003   6.2074357234370515E+021
   3.7408599999999999E-003   6.2948071113747606E+021
   3.7146900000000001E-003   6.3835927651376756E+021
   3.6883599999999999E-003   6.4737770449963519E+021
   3.6618499999999999E-003   6.5653758252023756E+021
   3.6351700000000001E-003   6.6584063192638171E+021
   3.6083000000000000E-003   6.7528868213197426E+021
   3.5812499999999998E-003   6.8488366551353451E+021
   3.5540099999999998E-003   6.9462760761255474E+021
   3.5265900000000000E-003   7.0452262459593468E+021
   3.4989600000000002E-003   7.1457091316759019E+021
   3.4711400000000002E-003   7.2477474824976178E+021
   3.4431200000000000E-003   7.3513648115765488E+021
   3.4148899999999999E-003   7.4565853447278444E+021
   3.3864400000000001E-003   7.5634340284954533E+021
   3.3577799999999999E-003   7.6719364374451402E+021
   3.3289000000000001E-003   7.7821188606473284E+021
   3.2997899999999999E-003   7.8940082853507771E+021
   3.2704399999999999E-003   8.0076322363752202E+021
   3.2408599999999999E-003   8.1230189972668526E+021
   3.2110400000000001E-003   8.2401974433226435E+021
   3.1809700000000000E-003   8.3591970888870475E+021
   3.1506300000000002E-003   8.4800481066471192E+021
   3.1200400000000001E-003   8.6027813284678017E+021
   3.0891700000000000E-003   8.7274282587595714E+021
   3.0580300000000002E-003   8.8540209676527379E+021
   3.0266000000000000E-003   8.9825922378344903E+021
   2.9948800000000001E-003   9.1131755729922797E+021
   2.9628499999999999E-003   9.2458050704992675E+021
   2.9305099999999999E-003   9.3805154983140571E+021
   2.8978500000000000E-003   9.5173423585917183E+021
   2.8648499999999999E-003   9.6563218169524650E+021
   2.8315100000000002E-003   9.7974908028812693E+021
   2.7978199999999999E-003   9.9408868896096733E+021
   2.7637600000000001E-003   1.0086548382721067E+022
   2.7293199999999999E-003   1.0234514370434605E+022
   2.6944800000000000E-003   1.0384824584025535E+022
   2.6592400000000002E-003   1.0537519671777530E+022
   2.6235700000000000E-003   1.0692640818106796E+022
   2.5874600000000002E-003   1.0850230221327575E+022
   2.5508900000000001E-003   1.1010330652849503E+022
   2.5138399999999998E-003   1.1172985797748560E+022
   2.4762999999999999E-003   1.1338240149122124E+022
   2.4382300000000000E-003   1.1506138907672224E+022
   2.3996099999999999E-003   1.1676728237142082E+022
   2.3604199999999998E-003   1.1850054989455085E+022
   2.3206400000000001E-003   1.2026162451676309E+022
   2.2802199999999999E-003   1.2205135335345642E+022
   2.2391400000000001E-003   1.2386991606056725E+022
   2.1973499999999998E-003   1.2571781477789457E+022
   2.1548299999999999E-003   1.2759556215545593E+022
   2.1115200000000000E-003   1.2950367751450860E+022
   2.0673800000000002E-003   1.3144260734512930E+022
   2.0223600000000000E-003   1.3341330596090780E+022
   1.9763900000000002E-003   1.3541601301584853E+022
   1.9294000000000000E-003   1.3744479086575037E+022
   1.8816499999999999E-003   1.3951306576512112E+022
   1.8320800000000000E-003   1.4162227134886520E+022
   1.7815699999999999E-003   1.4375872021481600E+022
   1.7296700000000000E-003   1.4565251926313367E+022
   1.6900699999999999E-003   1.4730359351902619E+022
   1.6489700000000000E-003   1.4966269317365344E+022
   1.5715600000000001E-003   1.5208003502504382E+022
   1.5282200000000001E-003   1.5381122255328652E+022
   1.4827700000000000E-003   1.5641868225365351E+022
   1.3885799999999999E-003   1.5939856264601958E+022
   1.3235600000000001E-003   1.6177464116412611E+022
   1.2557300000000000E-003   1.6422436969987592E+022
   1.1808200000000000E-003   1.6678075128181495E+022
   1.1010600000000001E-003   1.6944844989592095E+022
   1.0092400000000000E-003   1.7237177527718872E+022
   8.9974000000000000E-004   1.7610075073424715E+022
   7.0673000000000003E-004   1.7999297940941720E+022
   5.6808000000000000E-004   1.8219490435987807E+022
   4.8437000000000003E-004   1.8357561551079749E+022
   3.8315000000000002E-004   1.8470205548504327E+022
   3.1399999999999999E-004   1.8540634546474771E+022
   2.5083000000000001E-004   1.8586273269527639E+022
   2.0174000000000000E-004   1.8619283837697953E+022
   1.6424000000000001E-004   1.8636880452254242E+022
   1.3648999999999999E-004   1.8649381877035284E+022
   1.1695000000000000E-004   1.8655470873254073E+022
   1.0409000000000000E-004   1.8661016359716788E+022
   8.6910000000000006E-005   1.8666149507000024E+022
   6.8979999999999993E-005   1.8669986551059255E+022
   5.4750000000000003E-005   1.8672784420501782E+022
   4.3449999999999999E-005   1.8674343866288522E+022
   3.4489999999999997E-005   1.8675309740858601E+022
   2.7370000000000001E-005   1.8676081948509656E+022
   2.1730000000000000E-005   1.8676469702381642E+022
   1.7240000000000001E-005   1.8676789960602563E+022
   1.3689999999999999E-005   1.8677071319255281E+022
