   8.8746799999999994E-003   9747254445867496.0     
   8.8746799999999994E-003   9879199272339140.0     
   8.8746799999999994E-003   10008720360008964.     
   8.8746799999999994E-003   10135903427655752.     
   8.8746799999999994E-003   10260840044165024.     
   8.8746799999999994E-003   10383602714403366.     
   8.8746699999999994E-003   10504295429409632.     
   8.8746699999999994E-003   10622986325975746.     
   8.8746699999999994E-003   10739736636165574.     
   8.8746699999999994E-003   10854639091497798.     
   8.8746699999999994E-003   10967748571383128.     
   8.8746699999999994E-003   11079115510444106.     
   8.8746699999999994E-003   11188826329274102.     
   8.8746699999999994E-003   11296927041305512.     
   8.8746699999999994E-003   11403459328558140.     
   8.8746699999999994E-003   11508500676597266.     
   8.8746699999999994E-003   11612075740604106.     
   8.8746699999999994E-003   11714255951660518.     
   8.8746699999999994E-003   11815060420459924.     
   8.8746699999999994E-003   11914544233545828.     
   8.8746699999999994E-003   12037112011492318.     
   8.8746699999999994E-003   12181651730101424.     
   8.8746699999999994E-003   12323537323248550.     
   8.8746699999999994E-003   12462881345684490.     
   8.8746699999999994E-003   12577143230375832.     
   8.8746699999999994E-003   12667369023486346.     
   8.8746699999999994E-003   12800824113155304.     
   8.8746699999999994E-003   12953759579706530.     
   8.8746699999999994E-003   13082572337426624.     
   8.8746699999999994E-003   13209395195859210.     
   8.8746599999999995E-003   13334289541768928.     
   8.8746599999999995E-003   13477635120332228.     
   8.8746599999999995E-003   13638509954621208.     
   8.8746599999999995E-003   13796364412311298.     
   8.8746599999999995E-003   13951334996547854.     
   8.8746599999999995E-003   14103530987791236.     
   8.8746599999999995E-003   14253105753879698.     
   8.8746599999999995E-003   14400136907827130.     
   8.8746599999999995E-003   14544746698498608.     
   8.8746599999999995E-003   14687049527194504.     
   8.8746599999999995E-003   14827103880327924.     
   8.8746599999999995E-003   14964994220735670.     
   8.8746599999999995E-003   15100838958012422.     
   8.8746599999999995E-003   15234701238431580.     
   8.8746599999999995E-003   15366657271590774.     
   8.8746599999999995E-003   15518281177263412.     
   8.8746599999999995E-003   15688633815266498.     
   8.8746599999999995E-003   15856009040239508.     
   8.8746499999999996E-003   16020542187621532.     
   8.8746499999999996E-003   16182336517348566.     
   8.8746499999999996E-003   16341524173750748.     
   8.8746499999999996E-003   16498229650758244.     
   8.8746499999999996E-003   16652510593696052.     
   8.8746499999999996E-003   16823311808632522.     
   8.8746499999999996E-003   17009800770502190.     
   8.8746499999999996E-003   17192959375577024.     
   8.8746499999999996E-003   17372950164918428.     
   8.8746499999999996E-003   17549903749554004.     
   8.8746499999999996E-003   17723942646315066.     
   8.8746499999999996E-003   17895159147510514.     
   8.8746499999999996E-003   18063682352422252.     
   8.8746499999999996E-003   18229613444169316.     
   8.8746399999999996E-003   18393025454686304.     
   8.8746399999999996E-003   18554032203420928.     
   8.8746399999999996E-003   18712721635961148.     
   8.8746399999999996E-003   18869150482767756.     
   8.8746399999999996E-003   19023420742222904.     
   8.8746399999999996E-003   19250937961194032.     
   8.8746399999999996E-003   19510697113259720.     
   8.8746399999999996E-003   19728738570868580.     
   8.8746399999999996E-003   19942765638823816.     
   8.8746399999999996E-003   20152938837585876.     
   8.8746399999999996E-003   20359429820746800.     
   8.8746399999999996E-003   20562425995149208.     
   8.8746299999999997E-003   20860626839350188.     
   8.8746299999999997E-003   21151709232485816.     
   8.8746299999999997E-003   21342037041562872.     
   8.8746299999999997E-003   21529517513289188.     
   8.8746299999999997E-003   21714263751245976.     
   8.8746299999999997E-003   21986499440718048.     
   8.8746299999999997E-003   22253151772844652.     
   8.8746299999999997E-003   22427986280623012.     
   8.8746299999999997E-003   22629090589281712.     
   8.8746199999999997E-003   22855306882368596.     
   8.8746199999999997E-003   23187748835083472.     
   8.8746199999999997E-003   23512325292060340.     
   8.8746199999999997E-003   23724584663027392.     
   8.8746199999999997E-003   23933726730916348.     
   8.8746199999999997E-003   24139839715365628.     
   8.8746199999999997E-003   24368257612409588.     
   8.8746199999999997E-003   24617928807422136.     
   8.8746099999999998E-003   24863412399390080.     
   8.8746099999999998E-003   25104960941432100.     
   8.8746099999999998E-003   25342677993147000.     
   8.8746099999999998E-003   25576723649965944.     
   8.8746099999999998E-003   25921364533682868.     
   8.8746099999999998E-003   26280703725928900.     
   8.8746099999999998E-003   26544965074385488.     
   8.8745999999999998E-003   26804932359118300.     
   8.8745999999999998E-003   27060776019117084.     
   8.8745999999999998E-003   27312579403084496.     
   8.8745999999999998E-003   27560564838830524.     
   8.8745999999999998E-003   27804828975167968.     
   8.8745999999999998E-003   28045458009233892.     
   8.8745999999999998E-003   28282606640308320.     
   8.8745899999999999E-003   28516340187465804.     
   8.8745899999999999E-003   28746754632573196.     
   8.8745899999999999E-003   28973939916251520.     
   8.8745899999999999E-003   29308935956072956.     
   8.8745899999999999E-003   29744738660099308.     
   8.8745899999999999E-003   30168656046801316.     
   8.8745800000000000E-003   30581111445807480.     
   8.8745800000000000E-003   30982297777217052.     
   8.8745800000000000E-003   31372438572976616.     
   8.8745800000000000E-003   31751721014180680.     
   8.8745700000000000E-003   32120159828566232.     
   8.8745700000000000E-003   32477727188553536.     
   8.8745700000000000E-003   32824404451090444.     
   8.8745700000000000E-003   33159954456547512.     
   8.8745600000000001E-003   33484153044875748.     
   8.8745600000000001E-003   33796603498619408.     
   8.8745600000000001E-003   34096834461867188.     
   8.8745600000000001E-003   34384205826714720.     
   8.8745600000000001E-003   34657818482510508.     
   8.8745500000000001E-003   35043854392239208.     
   8.8745500000000001E-003   35540176888864396.     
   8.8745500000000001E-003   35905166843326088.     
   8.8745400000000002E-003   36144622764245520.     
   8.8745400000000002E-003   36381451382756304.     
   8.8745400000000002E-003   36615855846512520.     
   8.8745400000000002E-003   36924424334634544.     
   8.8745300000000003E-003   37305182408838784.     
   8.8745300000000003E-003   37680229777149536.     
   8.8745300000000003E-003   37958430003155208.     
   8.8745300000000003E-003   38142007500683312.     
   8.8745300000000003E-003   38414721285886176.     
   8.8745200000000003E-003   38774662527470224.     
   8.8745200000000003E-003   39130043176868056.     
   8.8745200000000003E-003   39481107186004216.     
   8.8745100000000004E-003   39827976709094368.     
   8.8745100000000004E-003   40170863055432040.     
   8.8745100000000004E-003   40676739809257368.     
   8.8745000000000004E-003   41176055434745736.     
   8.8745000000000004E-003   41503577881052800.     
   8.8745000000000004E-003   41827366486471088.     
   8.8744900000000005E-003   42147574947892536.     
   8.8744900000000005E-003   42620365087035728.     
   8.8744900000000005E-003   43239368864699888.     
   8.8744800000000006E-003   43844457238242312.     
   8.8744800000000006E-003   44435872343162176.     
   8.8744700000000006E-003   44942649260491440.     
   8.8744700000000006E-003   45368736311846760.     
   8.8744600000000007E-003   45787487698699744.     
   8.8744600000000007E-003   46199191581638152.     
   8.8744600000000007E-003   46803124399864904.     
   8.8744500000000007E-003   47394220985208816.     
   8.8744500000000007E-003   47780074880866680.     
   8.8744400000000008E-003   48160037185415648.     
   8.8744400000000008E-003   48534355047934352.     
   8.8744400000000008E-003   49084983467099864.     
   8.8744300000000009E-003   49802203348829520.     
   8.8744300000000009E-003   50500350319947384.     
   8.8744199999999992E-003   51180710427556072.     
   8.8744099999999992E-003   51844442542753232.     
   8.8744099999999992E-003   52492662569264888.     
   8.8743999999999993E-003   53126324725390256.     
   8.8743999999999993E-003   53746422348719864.     
   8.8743899999999994E-003   54353752918317504.     
   8.8743799999999994E-003   54949318146805808.     
   8.8743799999999994E-003   55533822358378216.     
   8.8743699999999995E-003   56202466170627656.     
   8.8743699999999995E-003   56951155958055064.     
   8.8743599999999995E-003   57684322009777888.     
   8.8743499999999996E-003   58403405420248976.     
   8.8743499999999996E-003   59109432934387088.     
   8.8743399999999997E-003   59631139575512112.     
   8.8743399999999997E-003   59974749904365752.     
   8.8743299999999997E-003   60484155993978496.     
   8.8743299999999997E-003   61153626789394416.     
   8.8743199999999998E-003   61811681351365856.     
   8.8743099999999998E-003   62458695960075800.     
   8.8743099999999998E-003   63251696968498120.     
   8.8742999999999999E-003   64182894404715072.     
   8.8742900000000000E-003   64867459103718072.     
   8.8742900000000000E-003   65538034360658008.     
   8.8742800000000000E-003   66198608998186792.     
   8.8742700000000001E-003   66703556032806448.     
   8.8742700000000001E-003   67272724657929784.     
   8.8742600000000001E-003   67833316945180224.     
   8.8742600000000001E-003   68385579329330208.     
   8.8742500000000002E-003   69197439716201568.     
   8.8742400000000003E-003   69994538053530488.     
   8.8742400000000003E-003   70515872457947128.     
   8.8742300000000003E-003   71157086285339408.     
   8.8742200000000004E-003   71913054988972504.     
   8.8742200000000004E-003   73017207209229840.     
   8.8742000000000005E-003   74095327531400032.     
   8.8741900000000005E-003   74796813446448400.     
   8.8741900000000005E-003   75486483496097008.     
   8.8741800000000006E-003   76165043886067840.     
   8.8741700000000007E-003   77161519332747232.     
   8.8741600000000007E-003   78458668915210304.     
   8.8741500000000008E-003   79513168015096304.     
   8.8741400000000008E-003   80338825352056480.     
   8.8741299999999992E-003   81250159387072640.     
   8.8741199999999992E-003   82243306413038368.     
   8.8741099999999993E-003   83216628617390752.     
   8.8740999999999993E-003   84171120512495120.     
   8.8740899999999994E-003   85338046189018224.     
   8.8740699999999995E-003   86368069254541376.     
   8.8740699999999995E-003   87042450465962576.     
   8.8740599999999996E-003   87708104416870736.     
   8.8740499999999996E-003   88365363774971392.     
   8.8740499999999996E-003   89335119846026512.     
   8.8740299999999998E-003   90603113483996880.     
   8.8740199999999998E-003   91842329745479856.     
   8.8739999999999999E-003   93054658106992800.     
   8.8739900000000000E-003   94241996905431088.     
   8.8739800000000001E-003   95596544079188880.     
   8.8739600000000002E-003   97108962410599872.     
   8.8739500000000002E-003   98403110687040256.     
   8.8739300000000004E-003   99490742892049824.     
   8.8739200000000004E-003   1.0056013757390358E+017
   8.8739100000000005E-003   1.0161214234858093E+017
   8.8739000000000005E-003   1.0281758937107904E+017
   8.8738800000000007E-003   1.0416943516894950E+017
   8.8738700000000007E-003   1.0549437633364358E+017
   8.8738500000000008E-003   1.0679414957363421E+017
   8.8738399999999992E-003   1.0807020333681806E+017
   8.8738299999999992E-003   1.0932360615078019E+017
   8.8738099999999993E-003   1.1055534669448293E+017
   8.8737999999999994E-003   1.1176626371233626E+017
   8.8737799999999995E-003   1.1295737561517597E+017
   8.8737699999999996E-003   1.1412966524541037E+017
   8.8737599999999996E-003   1.1556864789216848E+017
   8.8737399999999998E-003   1.1726178045349123E+017
   8.8737199999999999E-003   1.1864559341290886E+017
   8.8737099999999999E-003   1.1973383812381437E+017
   8.8736900000000000E-003   1.2080659868117800E+017
   8.8736800000000001E-003   1.2186431512733744E+017
   8.8736700000000002E-003   1.2342178680714354E+017
   8.8736500000000003E-003   1.2545367074091696E+017
   8.8736200000000005E-003   1.2694524937302485E+017
   8.8736100000000005E-003   1.2792255348642816E+017
   8.8736000000000006E-003   1.2912649432055315E+017
   8.8735800000000007E-003   1.3054825685892402E+017
   8.8735700000000008E-003   1.3194535173079173E+017
   8.8735499999999991E-003   1.3331903661921970E+017
   8.8735399999999992E-003   1.3489273242512747E+017
   8.8735099999999994E-003   1.3665723899080597E+017
   8.8734899999999995E-003   1.3795877646509952E+017
   8.8734799999999996E-003   1.3881529513459904E+017
   8.8734699999999996E-003   1.4008407177992702E+017
   8.8734499999999997E-003   1.4175100782367008E+017
   8.8734299999999999E-003   1.4338986124538803E+017
   8.8734100000000000E-003   1.4500262721391459E+017
   8.8734000000000000E-003   1.4659098955889181E+017
   8.8733800000000002E-003   1.4815659777020829E+017
   8.8733600000000003E-003   1.5046216174595677E+017
   8.8733200000000005E-003   1.5273054019209734E+017
   8.8733000000000006E-003   1.5421792685653389E+017
   8.8732900000000007E-003   1.5568824556316477E+017
   8.8732700000000008E-003   1.5714249068169974E+017
   8.8732499999999992E-003   1.5893771011726067E+017
   8.8732299999999993E-003   1.6106324686063187E+017
   8.8731999999999995E-003   1.6281146493243965E+017
   8.8731799999999996E-003   1.6419405707464867E+017
   8.8731699999999997E-003   1.6590302781855686E+017
   8.8731399999999998E-003   1.6792887961165104E+017
   8.8731200000000000E-003   1.6992720440279059E+017
   8.8731000000000001E-003   1.7189876423243603E+017
   8.8730700000000003E-003   1.7384449447919098E+017
   8.8730500000000004E-003   1.7576519708548493E+017
   8.8730300000000005E-003   1.7766167199027190E+017
   8.8730100000000006E-003   1.7953468581085837E+017
   8.8729800000000008E-003   1.8138506785891843E+017
   8.8729599999999992E-003   1.8321348829307395E+017
   8.8729399999999993E-003   1.8531921014951133E+017
   8.8729099999999995E-003   1.8769267529985414E+017
   8.8728899999999996E-003   1.8945112631248749E+017
   8.8728699999999997E-003   1.9061221634344608E+017
   8.8728599999999998E-003   1.9259146028967040E+017
   8.8728300000000000E-003   1.9536370449631427E+017
   8.8727900000000002E-003   1.9753830911985245E+017
   8.8727800000000003E-003   1.9913540461755008E+017
   8.8727600000000004E-003   2.0111066952502314E+017
   8.8727300000000005E-003   2.0345324469030803E+017
   8.8727000000000007E-003   2.0576572047127238E+017
   8.8726800000000008E-003   2.0804924916945766E+017
   8.8726499999999993E-003   2.1067726031802563E+017
   8.8726199999999995E-003   2.1363708544951802E+017
   8.8725799999999997E-003   2.1582817813767722E+017
   8.8725699999999998E-003   2.1727400882682179E+017
   8.8725499999999999E-003   2.1942107916614378E+017
   8.8725200000000001E-003   2.2224865303525558E+017
   8.8724800000000003E-003   2.2503544300755194E+017
   8.8724500000000005E-003   2.2778305036337942E+017
   8.8724200000000007E-003   2.3049286700443674E+017
   8.8723900000000008E-003   2.3316618239548058E+017
   8.8723599999999993E-003   2.3580421245334070E+017
   8.8723299999999995E-003   2.3840807482238912E+017
   8.8722999999999996E-003   2.4097898385277469E+017
   8.8722699999999998E-003   2.4351806770752336E+017
   8.8722400000000000E-003   2.4664759516079459E+017
   8.8722000000000002E-003   2.5034430128710771E+017
   8.8721600000000005E-003   2.5337810840086330E+017
   8.8721300000000006E-003   2.5577418123297590E+017
   8.8721000000000008E-003   2.5814456977185126E+017
   8.8720799999999992E-003   2.6049005767017507E+017
   8.8720499999999994E-003   2.6338705612039254E+017
   8.8720099999999996E-003   2.6681686520984227E+017
   8.8719699999999999E-003   2.7019668687484733E+017
   8.8719300000000001E-003   2.7352894870567334E+017
   8.8719000000000003E-003   2.7681592042830138E+017
   8.8718600000000005E-003   2.8005984388825875E+017
   8.8718200000000007E-003   2.8273257543183331E+017
   8.8718000000000009E-003   2.8485035637226176E+017
   8.8717799999999992E-003   2.8799339306248150E+017
   8.8717299999999995E-003   2.9212969066293069E+017
   8.8716799999999998E-003   2.9569880735417939E+017
   8.8716500000000000E-003   2.9872066537869715E+017
   8.8716100000000003E-003   3.0171006868342080E+017
   8.8715800000000004E-003   3.0466809395463450E+017
   8.8715500000000006E-003   3.0808015422352794E+017
   8.8714999999999992E-003   3.1193238246025011E+017
   8.8714599999999994E-003   3.1573536258715885E+017
   8.8714199999999997E-003   3.1949122772113094E+017
   8.8713799999999999E-003   3.2320180688898765E+017
   8.8713400000000001E-003   3.2686855082259539E+017
   8.8713000000000004E-003   3.3049292199775309E+017
   8.8712600000000006E-003   3.3407626002657952E+017
   8.8712200000000008E-003   3.3761987781169146E+017
   8.8711799999999993E-003   3.4112490910419130E+017
   8.8711399999999996E-003   3.4459250999992435E+017
   8.8710999999999998E-003   3.4802376488317338E+017
   8.8710700000000000E-003   3.5226191004679552E+017
   8.8710100000000004E-003   3.5727911360157171E+017
   8.8709600000000007E-003   3.6140491536448070E+017
   8.8709199999999992E-003   3.6466888052783910E+017
   8.8708799999999994E-003   3.6790206633531853E+017
   8.8708499999999996E-003   3.7110531367995962E+017
   8.8708099999999998E-003   3.7585327175959296E+017
   8.8707500000000002E-003   3.8209030655406746E+017
   8.8706800000000006E-003   3.8670115291397786E+017
   8.8706500000000008E-003   3.8974200791884141E+017
   8.8706099999999993E-003   3.9425571026670387E+017
   8.8705499999999996E-003   4.0019589868955341E+017
   8.8704900000000000E-003   4.0459494439610490E+017
   8.8704500000000002E-003   4.0749955657267866E+017
   8.8704200000000004E-003   4.1181568525308262E+017
   8.8703600000000007E-003   4.1750362634860275E+017
   8.8702999999999994E-003   4.2311512575054464E+017
   8.8702399999999997E-003   4.2865342179455738E+017
   8.8701800000000001E-003   4.3439655932242131E+017
   8.8701200000000004E-003   4.4194256676476877E+017
   8.8700199999999993E-003   4.4963715076768902E+017
   8.8699599999999997E-003   4.5435124267132013E+017
   8.8699199999999999E-003   4.5901389481888922E+017
   8.8698600000000002E-003   4.6516252776016096E+017
   8.8697900000000007E-003   4.7123260060750394E+017
   8.8697299999999993E-003   4.7722671819015072E+017
   8.8696699999999996E-003   4.8461355726537197E+017
   8.8695800000000002E-003   4.9333625397905197E+017
   8.8694900000000007E-003   5.0332001897876838E+017
   8.8693699999999997E-003   5.1449983486465446E+017
   8.8692600000000003E-003   5.2273583773714528E+017
   8.8692000000000007E-003   5.2815374835855386E+017
   8.8691499999999993E-003   5.3351802687139821E+017
   8.8690899999999996E-003   5.3883025857684346E+017
   8.8690399999999999E-003   5.4474535564015795E+017
   8.8689700000000003E-003   5.5124595665162445E+017
   8.8689100000000007E-003   5.5767265097923238E+017
   8.8688399999999994E-003   5.6402807583126803E+017
   8.8687799999999997E-003   5.7218468894187373E+017
   8.8686800000000003E-003   5.8207529456382784E+017
   8.8685799999999992E-003   5.9300933358694720E+017
   8.8684599999999999E-003   6.0493735253136256E+017
   8.8683400000000006E-003   6.1789313651925760E+017
   8.8681999999999997E-003   6.3182327311193690E+017
   8.8680600000000005E-003   6.4208809311014246E+017
   8.8679899999999992E-003   6.4884209366437427E+017
   8.8679299999999996E-003   6.5994570956578227E+017
   8.8677800000000005E-003   6.7521132248852326E+017
   8.8676299999999996E-003   6.8910102208344998E+017
   8.8675000000000004E-003   6.9856541051920218E+017
   8.8674400000000007E-003   7.0480504498627098E+017
   8.8673799999999994E-003   7.1201783054800934E+017
   8.8672999999999998E-003   7.2017800943839603E+017
   8.8672200000000003E-003   7.3225050701908186E+017
   8.8670699999999995E-003   7.4806742165752448E+017
   8.8669200000000004E-003   7.6357273914383232E+017
   8.8667699999999995E-003   7.7501349589516006E+017
   8.8666999999999999E-003   7.8254937675436352E+017
   8.8666300000000003E-003   7.9187278531413274E+017
   8.8665199999999993E-003   8.0293106959700557E+017
   8.8664199999999999E-003   8.1745605291010048E+017
   8.8662500000000009E-003   8.3529836133616704E+017
   8.8660800000000001E-003   8.5199654069607962E+017
   8.8659399999999992E-003   8.6760676856270579E+017
   8.8657900000000001E-003   8.8307975155951974E+017
   8.8656499999999992E-003   8.9842179979518490E+017
   8.8655100000000001E-003   9.1601950836078323E+017
   8.8653199999999995E-003   9.3576457688575437E+017
   8.8651500000000005E-003   9.5513328946636851E+017
   8.8649699999999998E-003   9.7414473494057523E+017
   8.8648000000000008E-003   9.9281718282565082E+017
   8.8646300000000001E-003   1.0111682741854097E+018
   8.8644699999999993E-003   1.0258573709673952E+018
   8.8643699999999999E-003   1.0370224096301105E+018
   8.8642700000000005E-003   1.0480773740915945E+018
   8.8641699999999993E-003   1.0590257908944225E+018
   8.8640699999999999E-003   1.0752496083685701E+018
   8.8638799999999993E-003   1.0965481228052362E+018
   8.8636900000000005E-003   1.1195465408177500E+018
   8.8634700000000000E-003   1.1441612577431213E+018
   8.8632599999999995E-003   1.1672197331663132E+018
   8.8630700000000007E-003   1.1888626431524224E+018
   8.8628800000000001E-003   1.2128694908152722E+018
   8.8626499999999997E-003   1.2391562950251484E+018
   8.8624299999999993E-003   1.2650420846696791E+018
   8.8622100000000006E-003   1.2905470276860017E+018
   8.8620000000000001E-003   1.3095185107661517E+018
   8.8618900000000007E-003   1.3284014630075804E+018
   8.8616800000000003E-003   1.3471168386278733E+018
   8.8615800000000008E-003   1.3620037096736870E+018
   8.8614300000000000E-003   1.3792799072117967E+018
   8.8612900000000008E-003   1.3964016026419267E+018
   8.8611499999999999E-003   1.4133733667465605E+018
   8.8610200000000007E-003   1.4361626944342469E+018
   8.8607800000000004E-003   1.4645965991853932E+018
   8.8605600000000000E-003   1.4928885694529897E+018
   8.8603299999999996E-003   1.5210473288984415E+018
   8.8601099999999992E-003   1.5534208325844500E+018
   8.8598199999999992E-003   1.5898441381886636E+018
   8.8595400000000008E-003   1.6168656533505249E+018
   8.8593999999999999E-003   1.6347960506331722E+018
   8.8592600000000007E-003   1.6615705318797778E+018
   8.8589800000000007E-003   1.6969124105797427E+018
   8.8587200000000005E-003   1.7318061145645860E+018
   8.8584500000000004E-003   1.7662750026199788E+018
   8.8581900000000002E-003   1.8047556280021373E+018
   8.8578700000000003E-003   1.8470880724678533E+018
   8.8575600000000004E-003   1.8889595443353736E+018
   8.8572600000000005E-003   1.9303987535103204E+018
   8.8569500000000006E-003   1.9713575129426399E+018
   8.8566600000000006E-003   2.0118616522592207E+018
   8.8563700000000006E-003   2.0440757209226778E+018
   8.8561899999999999E-003   2.0682604827897265E+018
   8.8560199999999992E-003   2.0922455444670894E+018
   8.8558500000000002E-003   2.1160363397392246E+018
   8.8556799999999995E-003   2.1516362498224184E+018
   8.8553499999999997E-003   2.1986637016027587E+018
   8.8550199999999999E-003   2.2491760921382548E+018
   8.8546400000000004E-003   2.3030286139897185E+018
   8.8542800000000008E-003   2.3564083376874675E+018
   8.8539099999999996E-003   2.4093466340116224E+018
   8.8535500000000000E-003   2.4505741906507392E+018
   8.8533499999999994E-003   2.4804849308889503E+018
   8.8531500000000006E-003   2.5102769511263677E+018
   8.8529500000000001E-003   2.5399544236508329E+018
   8.8527499999999995E-003   2.5769010909316229E+018
   8.8524599999999995E-003   2.6209140319881984E+018
   8.8521699999999995E-003   2.6722568850137779E+018
   8.8517800000000001E-003   2.7306602583458028E+018
   8.8514100000000005E-003   2.7885906281137464E+018
   8.8510299999999993E-003   2.8460779309752724E+018
   8.8506599999999998E-003   2.8888087327901629E+018
   8.8504800000000008E-003   2.9172147169262930E+018
   8.8503000000000002E-003   2.9493398435056430E+018
   8.8500699999999998E-003   2.9851064786791414E+018
   8.8498499999999994E-003   3.0385101439575496E+018
   8.8494000000000003E-003   3.1089557766734879E+018
   8.8489599999999995E-003   3.1612458640865976E+018
   8.8487500000000007E-003   3.1959720238596434E+018
   8.8485300000000003E-003   3.2343974902966968E+018
   8.8482700000000001E-003   3.2764384281956577E+018
   8.8480199999999998E-003   3.3181120029908792E+018
   8.8477599999999997E-003   3.3594296296233441E+018
   8.8475099999999994E-003   3.4010176148092682E+018
   8.8472599999999992E-003   3.4428718764792387E+018
   8.8470100000000006E-003   3.5054880308091008E+018
   8.8465100000000001E-003   3.5881631390918083E+018
   8.8460199999999996E-003   3.6495911731173151E+018
   8.8457799999999993E-003   3.6904675893400233E+018
   8.8455400000000007E-003   3.7351588192586865E+018
   8.8452500000000007E-003   3.7835799386651172E+018
   8.8449700000000006E-003   3.8315893828455337E+018
   8.8446900000000005E-003   3.9035694808292076E+018
   8.8441400000000003E-003   3.9754370307563837E+018
   8.8438600000000003E-003   4.0233380310775173E+018
   8.8435900000000001E-003   4.0708640691124536E+018
   8.8433200000000000E-003   4.1358732814799145E+018
   8.8428499999999993E-003   4.2178554102397153E+018
   8.8423900000000003E-003   4.2998162773292928E+018
   8.8419299999999996E-003   4.3811767894576179E+018
   8.8414700000000006E-003   4.4580200963267400E+018
   8.8410499999999996E-003   4.5306672980641034E+018
   8.8406400000000003E-003   4.5893145808715325E+018
   8.8403800000000001E-003   4.6346944420289649E+018
   8.8401199999999999E-003   4.7066101510957496E+018
   8.8395499999999998E-003   4.8044074398368307E+018
   8.8389999999999996E-003   4.8814494735324682E+018
   8.8386799999999998E-003   4.9382985122802207E+018
   8.8383600000000000E-003   5.0219916545989468E+018
   8.8377600000000001E-003   5.1326565376828252E+018
   8.8371600000000002E-003   5.2516404461815214E+018
   8.8364900000000007E-003   5.3777466673842883E+018
   8.8358399999999993E-003   5.4760082025523436E+018
   8.8354699999999998E-003   5.5473515227608474E+018
   8.8351000000000002E-003   5.6187840754200023E+018
   8.8347300000000007E-003   5.6903080262090527E+018
   8.8343699999999994E-003   5.7887872292764959E+018
   8.8337299999999997E-003   5.9134048202589143E+018
   8.8331000000000000E-003   6.0225459028083046E+018
   8.8326299999999993E-003   6.1167302075540634E+018
   8.8321600000000004E-003   6.2038181015874775E+018
   8.8317599999999993E-003   6.3238149245360845E+018
   8.8309800000000004E-003   6.4893223889117450E+018
   8.8301400000000002E-003   6.6174583768393574E+018
   8.8297299999999992E-003   6.7020132144035451E+018
   8.8293199999999999E-003   6.8279272549270753E+018
   8.8285199999999994E-003   6.9938745287314964E+018
   8.8277400000000006E-003   7.1529157115422085E+018
   8.8270199999999997E-003   7.2839287967238584E+018
   8.8265099999999992E-003   7.3922594721056594E+018
   8.8260100000000005E-003   7.5499525222162422E+018
   8.8250499999999992E-003   7.7552478798034575E+018
   8.8241199999999995E-003   7.9631912680136100E+018
   8.8231600000000000E-003   8.1737170571244698E+018
   8.8222200000000004E-003   8.3613250448160082E+018
   8.8214799999999996E-003   8.5269352737059901E+018
   8.8207600000000004E-003   8.7295150523845079E+018
   8.8197099999999997E-003   8.9085425701516626E+018
   8.8191899999999993E-003   9.0266732804904417E+018
   8.8186800000000006E-003   9.1913428840618414E+018
   8.8177800000000008E-003   9.4011623223158354E+018
   8.8168900000000008E-003   9.5642221179384873E+018
   8.8163900000000003E-003   9.6818851604817756E+018
   8.8158999999999998E-003   9.8314418740205097E+018
   8.8151400000000008E-003   1.0012077433290977E+019
   8.8144000000000000E-003   1.0241485395740338E+019
   8.8132499999999999E-003   1.0454944114824346E+019
   8.8126400000000001E-003   1.0625482087418739E+019
   8.8118599999999995E-003   1.0816341333959682E+019
   8.8111000000000005E-003   1.1050138167756835E+019
   8.8099900000000002E-003   1.1256972657401006E+019
   8.8094499999999999E-003   1.1393617126557096E+019
   8.8089099999999997E-003   1.1605166114962979E+019
   8.8077899999999994E-003   1.1818719211309085E+019
   8.8072399999999992E-003   1.1959810548764070E+019
   8.8066900000000007E-003   1.2113907120412088E+019
   8.8060399999999994E-003   1.2280718268371984E+019
   8.8054099999999996E-003   1.2493356584638718E+019
   8.8044200000000003E-003   1.2750357711396717E+019
   8.8034500000000009E-003   1.2965682360090687E+019
   8.8027899999999996E-003   1.3140615041695781E+019
   8.8021400000000000E-003   1.3315613479585894E+019
   8.8014800000000004E-003   1.3587243353277227E+019
   8.8001299999999998E-003   1.3950386963220107E+019
   8.7988000000000007E-003   1.4320408290592502E+019
   8.7974200000000002E-003   1.4603223842251481E+019
   8.7967400000000008E-003   1.4789697349922329E+019
   8.7960699999999996E-003   1.5079722428929225E+019
   8.7946599999999993E-003   1.5468596633672501E+019
   8.7932800000000005E-003   1.5863525611836097E+019
   8.7918400000000004E-003   1.6164633286840406E+019
   8.7911299999999994E-003   1.6362339769357603E+019
   8.7904400000000001E-003   1.6564937322768382E+019
   8.7896999999999992E-003   1.6771869514412448E+019
   8.7889600000000002E-003   1.6976130396007305E+019
   8.7882399999999992E-003   1.7177595971139418E+019
   8.7875300000000000E-003   1.7383604525129069E+019
   8.7867699999999993E-003   1.7593476819061811E+019
   8.7860300000000002E-003   1.7901931557099059E+019
   8.7845600000000003E-003   1.8209229541302028E+019
   8.7837899999999997E-003   1.8419385560619534E+019
   8.7830300000000007E-003   1.8625468275027579E+019
   8.7822700000000000E-003   1.8827435187481944E+019
   8.7815299999999992E-003   1.9033975684289839E+019
   8.7807400000000004E-003   1.9241811207569981E+019
   8.7799599999999998E-003   1.9444631223170802E+019
   8.7791899999999992E-003   1.9642861018921992E+019
   8.7784300000000003E-003   1.9843498086543729E+019
   8.7776299999999998E-003   2.0045695149080003E+019
   8.7768299999999994E-003   2.0242355951835804E+019
   8.7760500000000005E-003   2.0434060120619626E+019
   8.7752699999999999E-003   2.0627476760647160E+019
   8.7744499999999996E-003   2.0821903901364445E+019
   8.7736399999999992E-003   2.1010365275004236E+019
   8.7728400000000005E-003   2.1193910952723329E+019
   8.7720400000000000E-003   2.1378665333955961E+019
   8.7711999999999998E-003   2.1564549907844780E+019
   8.7703799999999995E-003   2.1744602899478913E+019
   8.7695599999999992E-003   2.1920570814458843E+019
   8.7687500000000005E-003   2.2098129852394451E+019
   8.7678900000000004E-003   2.2277481149451395E+019
   8.7670500000000002E-003   2.2451866927407256E+019
   8.7662100000000000E-003   2.2623131564246602E+019
   8.7653899999999996E-003   2.2796811662525219E+019
   8.7645199999999996E-003   2.2973182063471661E+019
   8.7636499999999996E-003   2.3145673102031618E+019
   8.7627999999999994E-003   2.3316001639566021E+019
   8.7619599999999992E-003   2.3490228598889992E+019
   8.7610699999999993E-003   2.3666730072134320E+019
   8.7601899999999993E-003   2.3836844009620599E+019
   8.7593199999999993E-003   2.4012779855203516E+019
   8.7584700000000008E-003   2.4295495943809516E+019
   8.7566599999999994E-003   2.4664479442696999E+019
   8.7549099999999994E-003   2.4936821666493551E+019
   8.7539799999999997E-003   2.5126571291626283E+019
   8.7530699999999999E-003   2.5313936470259048E+019
   8.7521700000000001E-003   2.5508407929688056E+019
   8.7512800000000002E-003   2.5825153534050009E+019
   8.7494100000000009E-003   2.6236756160066662E+019
   8.7475799999999996E-003   2.6539261228840890E+019
   8.7466200000000001E-003   2.6752335141002785E+019
   8.7456800000000005E-003   2.7075032697950884E+019
   8.7438199999999994E-003   2.7516068839841178E+019
   8.7418800000000005E-003   2.7847587101585027E+019
   8.7409199999999992E-003   2.8075673063508546E+019
   8.7399799999999996E-003   2.8447825933941015E+019
   8.7380099999999992E-003   2.8928726055002776E+019
   8.7360800000000002E-003   2.9404281616887505E+019
   8.7340700000000000E-003   2.9768761539686470E+019
   8.7330800000000007E-003   3.0012327113452265E+019
   8.7320999999999996E-003   3.0401138287995953E+019
   8.7300499999999996E-003   3.0919279690432025E+019
   8.7280499999999994E-003   3.1450220724245451E+019
   8.7259599999999996E-003   3.1993376272172986E+019
   8.7239299999999995E-003   3.2395697535715951E+019
   8.7228600000000007E-003   3.2676238485225759E+019
   8.7218000000000000E-003   3.3112356132651770E+019
   8.7196500000000007E-003   3.3686232533319713E+019
   8.7175499999999993E-003   3.4262193615202144E+019
   8.7154399999999996E-003   3.4862156942755312E+019
   8.7132300000000006E-003   3.5475969790650089E+019
   8.7110699999999996E-003   3.5929707731981550E+019
   8.7099399999999993E-003   3.6415794065614750E+019
   8.7077100000000004E-003   3.6968945952018006E+019
   8.7060400000000000E-003   3.7456740193041277E+019
   8.7043199999999998E-003   3.8036374461015441E+019
   8.7020799999999992E-003   3.8711030741790056E+019
   8.6997399999999992E-003   3.9301488873939517E+019
   8.6980200000000008E-003   3.9811702092404810E+019
   8.6962500000000009E-003   4.0349554759230685E+019
   8.6944799999999992E-003   4.0879196653132407E+019
   8.6927399999999991E-003   4.1392793848745648E+019
   8.6910500000000005E-003   4.1890268405953241E+019
   8.6893900000000000E-003   4.2332275083618198E+019
   8.6880199999999994E-003   4.2731061198868210E+019
   8.6866800000000004E-003   4.3160001998014775E+019
   8.6851500000000009E-003   4.3606636305178255E+019
   8.6836299999999995E-003   4.4049754647562084E+019
   8.6820600000000001E-003   4.4504297107557843E+019
   8.6805100000000007E-003   4.5069422419113116E+019
   8.6782999999999999E-003   4.5686866118661087E+019
   8.6761300000000006E-003   4.6176915337596846E+019
   8.6745499999999996E-003   4.6600857229226648E+019
   8.6730000000000002E-003   4.7139455738261660E+019
   8.6707199999999998E-003   4.7723276126151885E+019
   8.6684899999999992E-003   4.8186224469957190E+019
   8.6668400000000003E-003   4.8574878628637663E+019
   8.6652299999999995E-003   4.8949974688412303E+019
   8.6636000000000005E-003   4.9320470381758693E+019
   8.6619999999999996E-003   4.9773799522259550E+019
   8.6596799999999995E-003   5.0258500870225854E+019
   8.6574200000000007E-003   5.0673466958634959E+019
   8.6554000000000006E-003   5.1051728782290575E+019
   8.6534300000000001E-003   5.1410900283198218E+019
   8.6514100000000000E-003   5.1762410826258014E+019
   8.6494399999999996E-003   5.2133775000315085E+019
   8.6470799999999997E-003   5.2518297046847767E+019
   8.6447999999999994E-003   5.2891584924667290E+019
   8.6424399999999995E-003   5.3247183049197060E+019
   8.6401499999999992E-003   5.3524288824289239E+019
   8.6384800000000005E-003   5.3785468441421021E+019
   8.6368499999999997E-003   5.4191430009516089E+019
   8.6338200000000004E-003   5.4696561213788807E+019
   8.6309000000000004E-003   5.5106086794271556E+019
   8.6288700000000003E-003   5.5476265582242652E+019
   8.6268999999999998E-003   5.5878403224150901E+019
   8.6248899999999996E-003   5.6304883941826077E+019
   8.6229299999999991E-003   5.7001834911774089E+019
   8.6189900000000000E-003   5.7759414388104364E+019
   8.6170099999999996E-003   5.8315536843922743E+019
   8.6150700000000007E-003   5.9027869239752729E+019
   8.6123999999999992E-003   5.9681247503442633E+019
   8.6111000000000000E-003   6.0133412517158724E+019
   8.6098100000000007E-003   6.0871598966629499E+019
   8.6071399999999992E-003   6.1652133308608201E+019
   8.6058300000000001E-003   6.2337421752468873E+019
   8.6038699999999996E-003   6.3212234357115912E+019
   8.6018699999999993E-003   6.3978279782192816E+019
   8.6005600000000001E-003   6.4947061859866862E+019
   8.5979100000000003E-003   6.5969412298215383E+019
   8.5965799999999995E-003   6.6678341440070181E+019
   8.5952700000000003E-003   6.7600875805770236E+019
   8.5932900000000000E-003   6.8769458061177807E+019
   8.5912599999999999E-003   6.9783966997061951E+019
   8.5899400000000008E-003   7.0609660627686941E+019
   8.5886399999999998E-003   7.1934397424864256E+019
   8.5859100000000004E-003   7.3538014977270063E+019
   8.5839200000000001E-003   7.4719512260698210E+019
   8.5825699999999994E-003   7.5973572406803579E+019
   8.5805099999999995E-003   7.7780065633535427E+019
   8.5778299999999998E-003   7.9371649459515884E+019
   8.5764299999999995E-003   8.0783015653845434E+019
   8.5743699999999996E-003   8.2486007486761878E+019
   8.5723399999999995E-003   8.4578448205378372E+019
   8.5695200000000006E-003   8.6603113889600930E+019
   8.5677700000000006E-003   8.8185201341640212E+019
   8.5660500000000004E-003   9.0173171343668494E+019
   8.5635599999999996E-003   9.2513531712512573E+019
   8.5611300000000001E-003   9.5080256727117660E+019
   8.5582200000000001E-003   9.7216289707109810E+019
   8.5567999999999998E-003   9.8654328529246552E+019
   8.5553899999999995E-003   1.0118318957407422E+020
   8.5520500000000003E-003   1.0465192655718982E+020
   8.5487900000000006E-003   1.0732136194331369E+020
   8.5469099999999996E-003   1.0992685748762698E+020
   8.5439399999999999E-003   1.1343858091014360E+020
   8.5405299999999993E-003   1.1660198465472006E+020
   8.5382800000000005E-003   1.1894494418560169E+020
   8.5363300000000000E-003   1.2114578517906439E+020
   8.5343999999999993E-003   1.2389463306686308E+020
   8.5316400000000001E-003   1.2699450026170951E+020
   8.5289300000000005E-003   1.2993340934651375E+020
   8.5265400000000009E-003   1.3269566579916608E+020
   8.5241899999999992E-003   1.3504156258001540E+020
   8.5225500000000003E-003   1.3697405978663033E+020
   8.5209299999999995E-003   1.3982369808130820E+020
   8.5178300000000005E-003   1.4356943185822419E+020
   8.5147799999999996E-003   1.4629607505522670E+020
   8.5132100000000002E-003   1.4820264041888766E+020
   8.5116600000000008E-003   1.5055813393689818E+020
   8.5094300000000001E-003   1.5331410046281361E+020
   8.5072199999999994E-003   1.5684017661653765E+020
   8.5037800000000007E-003   1.6123466246200741E+020
   8.5003000000000006E-003   1.6601195416913753E+020
   8.4963799999999996E-003   1.7029808210100562E+020
   8.4936999999999999E-003   1.7387321600081514E+020
   8.4909700000000005E-003   1.7829139906315089E+020
   8.4871400000000007E-003   1.8417804262296017E+020
   8.4823299999999997E-003   1.8896572270208890E+020
   8.4802000000000002E-003   1.9192913324889899E+020
   8.4781000000000006E-003   1.9542549105684221E+020
   8.4752800000000000E-003   1.9953526526988553E+020
   8.4723699999999999E-003   2.0371898820737722E+020
   8.4695099999999995E-003   2.0798421461377961E+020
   8.4665599999999997E-003   2.1237877004802241E+020
   8.4635900000000000E-003   2.1680683838842818E+020
   8.4606700000000000E-003   2.2058613769701347E+020
   8.4586100000000001E-003   2.2529958969879013E+020
   8.4545599999999999E-003   2.3253576325951986E+020
   8.4493999999999993E-003   2.3950619740109580E+020
   8.4457700000000000E-003   2.4497980693028297E+020
   8.4426099999999997E-003   2.5022692743447888E+020
   8.4393899999999997E-003   2.5740883410444485E+020
   8.4340000000000005E-003   2.6494855299300347E+020
   8.4304500000000008E-003   2.6963417356056150E+020
   8.4285499999999999E-003   2.7503064648242767E+020
   8.4243100000000008E-003   2.8247552511736847E+020
   8.4201399999999996E-003   2.8824706077831515E+020
   8.4178499999999993E-003   2.9237385551421450E+020
   8.4155800000000006E-003   2.9851229574764161E+020
   8.4111900000000007E-003   3.0662738573939697E+020
   8.4068800000000003E-003   3.1234560603864321E+020
   8.4050900000000005E-003   3.1572965411610716E+020
   8.4033100000000006E-003   3.2149216810516408E+020
   8.3990699999999998E-003   3.2962703085226682E+020
   8.3949000000000003E-003   3.3568141379587257E+020
   8.3927499999999992E-003   3.3992401445989227E+020
   8.3906099999999997E-003   3.4594932082445019E+020
   8.3867100000000003E-003   3.5375858524290921E+020
   8.3828800000000005E-003   3.6042193314779700E+020
   8.3801799999999992E-003   3.6595156748915769E+020
   8.3775099999999995E-003   3.7228731940461137E+020
   8.3741000000000006E-003   3.7942589787795174E+020
   8.3707299999999998E-003   3.8761259564372905E+020
   8.3664199999999994E-003   3.9682728217289327E+020
   8.3621800000000003E-003   4.0532907603695652E+020
   8.3585900000000008E-003   4.1639267139215563E+020
   8.3521600000000008E-003   4.2676647032169791E+020
   8.3493000000000005E-003   4.3362267831520356E+020
   8.3461200000000003E-003   4.4087157595023127E+020
   8.3429799999999998E-003   4.5213155990605182E+020
   8.3364600000000004E-003   4.6737940981104863E+020
   8.3300700000000002E-003   4.8328782903449597E+020
   8.3232500000000008E-003   4.9985396960773092E+020
   8.3165800000000005E-003   5.1244795645619365E+020
   8.3129799999999993E-003   5.2147681689916205E+020
   8.3094299999999996E-003   5.3109273435858390E+020
   8.3054600000000006E-003   5.4127830791241060E+020
   8.3015399999999996E-003   5.5099506658480921E+020
   8.2980099999999998E-003   5.6024846125773390E+020
   8.2945099999999997E-003   5.7141662409676587E+020
   8.2896199999999993E-003   5.8449163337765631E+020
   8.2848100000000001E-003   5.9908756730773111E+020
   8.2789400000000003E-003   6.1519987985374668E+020
   8.2731899999999997E-003   6.3031714785218829E+020
   8.2681400000000002E-003   6.4453913586479582E+020
   8.2631700000000002E-003   6.5923927505878358E+020
   8.2577799999999993E-003   6.7341127292487637E+020
   8.2535700000000000E-003   6.8578285672876225E+020
   8.2494000000000005E-003   7.0254753074598655E+020
   8.2423700000000006E-003   7.2368293913731636E+020
   8.2354799999999999E-003   7.4386868350459524E+020
   8.2293499999999999E-003   7.6291065517394310E+020
   8.2233199999999992E-003   7.8055521993239914E+020
   8.2179799999999997E-003   8.0380223377598684E+020
   8.2089099999999998E-003   8.2450508254539573E+020
   8.2053200000000003E-003   8.3635053877379898E+020
   8.2017500000000007E-003   8.5407241548913010E+020
   8.1947200000000008E-003   8.7764385480432943E+020
   8.1878300000000001E-003   8.9686865829037605E+020
   8.1835099999999997E-003   9.1176879555613780E+020
   8.1792400000000008E-003   9.2934441317714113E+020
   8.1734800000000003E-003   9.4958443989313795E+020
   8.1678099999999993E-003   9.7219818669210704E+020
   8.1608800000000006E-003   1.0027783090249883E+021
   8.1510500000000000E-003   1.0339038074436143E+021
   8.1440599999999998E-003   1.0543942200392187E+021
   8.1401200000000007E-003   1.0776892722436781E+021
   8.1318499999999995E-003   1.1092587152521711E+021
   8.1237299999999991E-003   1.1333047213965790E+021
   8.1194700000000002E-003   1.1500621392819909E+021
   8.1152499999999992E-003   1.1667639715275236E+021
   8.1110699999999997E-003   1.1834347958969041E+021
   8.1069300000000000E-003   1.2094593602612982E+021
   8.0982399999999996E-003   1.2447894617309561E+021
   8.0897100000000000E-003   1.2811348801559525E+021
   8.0808100000000008E-003   1.3184908716052935E+021
   8.0720700000000006E-003   1.3470354324236290E+021
   8.0674800000000001E-003   1.3668177209950389E+021
   8.0629399999999993E-003   1.3865605370534641E+021
   8.0584400000000000E-003   1.4062643317572942E+021
   8.0539800000000005E-003   1.4370369754424759E+021
   8.0446300000000005E-003   1.4787467222745783E+021
   8.0354499999999995E-003   1.5101591929230068E+021
   8.0306400000000003E-003   1.5322259422922403E+021
   8.0258699999999992E-003   1.5542473565002224E+021
   8.0211499999999995E-003   1.5762215042044629E+021
   8.0164699999999995E-003   1.6104948193238618E+021
   8.0066500000000006E-003   1.6569964446886991E+021
   7.9970200000000005E-003   1.7044700604611635E+021
   7.9869599999999995E-003   1.7535465600120235E+021
   7.9770899999999992E-003   1.7910414798920189E+021
   7.9719200000000004E-003   1.8169985412329416E+021
   7.9667899999999996E-003   1.8428972520087219E+021
   7.9617100000000003E-003   1.8687505199043290E+021
   7.9566800000000007E-003   1.9090171397479850E+021
   7.9461299999999992E-003   1.9636249861675562E+021
   7.9357799999999999E-003   2.0046135914124324E+021
   7.9303399999999993E-003   2.0334532899973720E+021
   7.9249699999999999E-003   2.0622259322886991E+021
   7.9196400000000004E-003   2.0909273922501243E+021
   7.9143600000000005E-003   2.1356480902110506E+021
   7.9033000000000003E-003   2.1962822482381961E+021
   7.8924400000000006E-003   2.2583870950261441E+021
   7.8811100000000002E-003   2.3222505166379612E+021
   7.8699900000000003E-003   2.3710116924064431E+021
   7.8641600000000002E-003   2.4047489141805044E+021
   7.8583799999999999E-003   2.4384005941394591E+021
   7.8526700000000008E-003   2.4719794839436321E+021
   7.8469999999999998E-003   2.5241738110366908E+021
   7.8351199999999992E-003   2.5949098435663301E+021
   7.8234700000000008E-003   2.6479401666662026E+021
   7.8173600000000006E-003   2.6852101201855575E+021
   7.8113100000000001E-003   2.7408476610342793E+021
   7.7993799999999999E-003   2.8172579900301823E+021
   7.7869300000000001E-003   2.8760963831184265E+021
   7.7808000000000000E-003   2.9148756284997244E+021
   7.7747199999999997E-003   2.9753308712026311E+021
   7.7619799999999999E-003   3.0572224561919956E+021
   7.7494800000000004E-003   3.1184631284682871E+021
   7.7429300000000003E-003   3.1615930830200531E+021
   7.7364499999999998E-003   3.2158882888441790E+021
   7.7266300000000000E-003   3.2817458505347959E+021
   7.7169500000000002E-003   3.3483453885364311E+021
   7.7070200000000002E-003   3.4163086666151158E+021
   7.6972300000000002E-003   3.4861925205941509E+021
   7.6869699999999996E-003   3.5577543199138749E+021
   7.6768499999999998E-003   3.6304640497942061E+021
   7.6664699999999999E-003   3.7267245225178300E+021
   7.6500400000000003E-003   3.8306454136841615E+021
   7.6378300000000000E-003   3.9211369051370228E+021
   7.6254900000000004E-003   4.0131295656755787E+021
   7.6130399999999997E-003   4.1190919734706213E+021
   7.5972799999999997E-003   4.2267340500529599E+021
   7.5846500000000001E-003   4.3253271767231512E+021
   7.5715699999999997E-003   4.4264447346478495E+021
   7.5584800000000002E-003   4.5227759574951484E+021
   7.5467900000000003E-003   4.6118380306816340E+021
   7.5356499999999996E-003   4.7175695983780503E+021
   7.5198200000000000E-003   4.8301523359598977E+021
   7.5067900000000002E-003   4.9248521857616493E+021
   7.4951400000000000E-003   5.0159058410902798E+021
   7.4813600000000003E-003   5.1243142808458012E+021
   7.4662599999999997E-003   5.2169012122819987E+021
   7.4563299999999997E-003   5.2845643882716117E+021
   7.4423700000000002E-003   5.3634500652846316E+021
   7.4259399999999998E-003   5.3874793868770872E+021
   7.4101200000000001E-003   5.4047133093515389E+021
   7.3954700000000003E-003   5.3180371169108600E+021
   7.3814299999999996E-003   5.1579379000950905E+021
   7.3655600000000002E-003   4.8403766986989172E+021
   7.3592900000000001E-003   4.8279046538959688E+021
   7.3444599999999997E-003   4.1750602364979517E+021
   7.3250299999999997E-003   3.8935544072548154E+021
   7.3112600000000000E-003   3.3393652322789564E+021
   7.2979500000000001E-003   2.7216679257378589E+021
   7.2828199999999997E-003   2.4241377181811338E+021
   7.2689399999999998E-003   2.2640818709850615E+021
   7.2630500000000001E-003   2.0821265034275017E+021
   7.2572000000000001E-003   1.9260473508445545E+021
   7.2429100000000000E-003   1.8094036377626138E+021
   7.2371800000000002E-003   1.7506799007493052E+021
   7.2306200000000001E-003   1.6567904939921008E+021
   7.2255300000000000E-003   1.6491147448732376E+021
   7.2174400000000003E-003   1.6068516459648293E+021
   7.2122599999999999E-003   1.5597102400650029E+021
   7.2074100000000000E-003   1.5382948747774688E+021
   7.2030100000000001E-003   1.5460537159235409E+021
   7.1977700000000000E-003   1.5221759172377072E+021
   7.1919699999999998E-003   1.5161600264350781E+021
   7.1862100000000002E-003   1.5215236676252562E+021
   7.1827200000000001E-003   1.5277396173195077E+021
   7.1779499999999998E-003   1.5371678495539989E+021
   7.1755800000000000E-003   1.5446381165394206E+021
   7.1738000000000001E-003   1.5554079558199662E+021
   7.1696399999999997E-003   1.5665055494984444E+021
   7.1672600000000000E-003   1.5778374026321503E+021
   7.1639499999999997E-003   1.5924194891822968E+021
   7.1612300000000002E-003   1.6206479392227679E+021
   7.1551999999999996E-003   1.6612871748424594E+021
   7.1506699999999996E-003   1.6886099622610631E+021
   7.1455499999999996E-003   1.7473681995180223E+021
   7.1395599999999997E-003   1.7993512214055126E+021
   7.1348599999999998E-003   1.8458358481862064E+021
   7.1303599999999996E-003   1.9019783392399162E+021
   7.1260100000000003E-003   1.9479966085802345E+021
   7.1220600000000004E-003   2.0082274434322897E+021
   7.1170199999999999E-003   2.0578631370377223E+021
   7.1149500000000001E-003   2.1016006535644633E+021
   7.1108300000000003E-003   2.1568103096801456E+021
   7.1080800000000001E-003   2.2093114635858042E+021
   7.1039800000000002E-003   2.2596910347193530E+021
   7.1019400000000002E-003   2.3104442022271438E+021
   7.0979499999999996E-003   2.3792455708502917E+021
   7.0940700000000001E-003   2.4322917268399708E+021
   7.0921300000000003E-003   2.4745971507121551E+021
   7.0896199999999996E-003   2.5470449245186105E+021
   7.0845999999999999E-003   2.6470827219058919E+021
   7.0796100000000001E-003   2.7516297242790330E+021
   7.0746400000000001E-003   2.8329992486820244E+021
   7.0721700000000000E-003   2.8800082160077442E+021
   7.0703099999999998E-003   2.9432281888491779E+021
   7.0666200000000000E-003   3.0293822421682582E+021
   7.0629800000000000E-003   3.1162854463749106E+021
   7.0594000000000004E-003   3.2036183359476408E+021
   7.0558799999999996E-003   3.2912193572494062E+021
   7.0524200000000002E-003   3.3953410992783874E+021
   7.0479100000000001E-003   3.4934368731176176E+021
   7.0451200000000002E-003   3.5689197727058132E+021
   7.0423500000000002E-003   3.6688348333270122E+021
   7.0377800000000004E-003   3.7827474331595818E+021
   7.0341900000000001E-003   3.8799991215554460E+021
   7.0310299999999997E-003   3.9662533722895344E+021
   7.0282900000000004E-003   4.0789116654243524E+021
   7.0236900000000000E-003   4.2206338834597046E+021
   7.0188899999999999E-003   4.4060487616200185E+021
   7.0127000000000002E-003   4.5429607877931109E+021
   7.0097700000000002E-003   4.6573801321955947E+021
   7.0068600000000002E-003   4.8212462820425581E+021
   7.0025000000000000E-003   4.9000752870364807E+021
   6.9967099999999997E-003   5.2335728030953222E+021
   6.9938300000000004E-003   5.2062392400560846E+021
   6.9909500000000001E-003   5.2920382652508359E+021
   6.9864899999999997E-003   5.4889071988119437E+021
   6.9802400000000004E-003   5.7667651847564695E+021
   6.9766200000000002E-003   5.8999036529913826E+021
   6.9704900000000002E-003   6.2207528345517603E+021
   6.9644599999999996E-003   6.1869640780672737E+021
   6.9610300000000000E-003   6.3387473986379181E+021
   6.9588300000000001E-003   6.6297688703271457E+021
   6.9544400000000001E-003   6.6669641780964989E+021
   6.9491099999999997E-003   7.3947267425396872E+021
   6.9459900000000000E-003   7.1815487076721146E+021
   6.9409800000000002E-003   7.1621558482726164E+021
   6.9384800000000003E-003   7.2097490585420185E+021
   6.9336099999999998E-003   7.9626350037328934E+021
   6.9265200000000002E-003   7.8765742277434551E+021
   6.9216599999999996E-003   8.2507290856944105E+021
   6.9168099999999998E-003   8.3926240483859707E+021
   6.9085099999999997E-003   8.5532650587470252E+021
   6.9040799999999999E-003   8.9222065854968853E+021
   6.9004000000000001E-003   9.1933352131588658E+021
   6.8967300000000002E-003   9.5506366427672777E+021
   6.8940399999999997E-003   9.4888434797971652E+021
   6.8920300000000004E-003   9.8009987569262547E+021
   6.8883700000000004E-003   1.0176888806847682E+022
   6.8867900000000003E-003   1.0539528442143092E+022
   6.8842499999999997E-003   1.0812241873491179E+022
   6.8822099999999997E-003   1.1302484899059380E+022
   6.8806400000000004E-003   1.1322666123572762E+022
   6.8790600000000002E-003   1.1581014332015674E+022
   6.8777700000000001E-003   1.1754089928151261E+022
   6.8764700000000000E-003   1.1912365496151757E+022
   6.8751899999999998E-003   1.2164180683842889E+022
   6.8739200000000004E-003   1.2701633126381214E+022
   6.8713200000000002E-003   1.2817669257927055E+022
   6.8687300000000000E-003   1.2919375730231304E+022
   6.8675999999999997E-003   1.2936432669707471E+022
   6.8664700000000004E-003   1.3759091655947982E+022
   6.8646599999999999E-003   1.3788512225462776E+022
   6.8628600000000001E-003   1.3817921731337690E+022
   6.8610600000000004E-003   1.3847318630324557E+022
   6.8592599999999998E-003   1.4303677464376188E+022
   6.8552300000000004E-003   1.4621861451066828E+022
   6.8512000000000000E-003   1.5062489308274660E+022
   6.8422300000000004E-003   1.5097480050164663E+022
   6.8222500000000002E-003   1.5299500040563978E+022
   6.8043499999999998E-003   1.5501426707536623E+022
   6.7899700000000002E-003   1.5901393629594849E+022
   6.7765700000000000E-003   1.6375669902924661E+022
   6.7568400000000001E-003   1.6867174468964672E+022
   6.7383499999999997E-003   1.7221612929043235E+022
   6.7219300000000001E-003   1.7566148625937809E+022
   6.7055800000000000E-003   1.7949242315320563E+022
   6.6894099999999998E-003   1.8338578645598341E+022
   6.6706800000000000E-003   1.8691002184955458E+022
   6.6550699999999999E-003   1.9033593617714237E+022
   6.6391000000000002E-003   1.9385193256243928E+022
   6.6217100000000003E-003   1.9760423293766884E+022
   6.6031500000000003E-003   2.0186626050093276E+022
   6.5807399999999999E-003   2.0590044772263233E+022
   6.5641500000000004E-003   2.0979452580914126E+022
   6.5442399999999998E-003   2.1409604250474692E+022
   6.5245800000000003E-003   2.1783628487061955E+022
   6.5082899999999999E-003   2.2091681203373931E+022
   6.4976399999999998E-003   2.2402754015456653E+022
   6.4792100000000000E-003   2.2724386718495002E+022
   6.4679100000000003E-003   2.3086052088719713E+022
   6.4455600000000004E-003   2.3479432609421119E+022
   6.4292999999999998E-003   2.3838957774179356E+022
   6.4132000000000000E-003   2.4171042629851256E+022
   6.4000799999999998E-003   2.4467787512451382E+022
   6.3870500000000000E-003   2.4951354174742188E+022
   6.3568499999999998E-003   2.5612166375546292E+022
   6.3271700000000000E-003   2.6105697057061074E+022
   6.3136099999999999E-003   2.6530976172126706E+022
   6.2899599999999998E-003   2.6907399896235520E+022
   6.2798200000000002E-003   2.7309213148403397E+022
   6.2554200000000003E-003   2.7864554247866527E+022
   6.2313500000000001E-003   2.8327161524729252E+022
   6.2174600000000002E-003   2.8636269491285299E+022
   6.2036699999999997E-003   2.9044866490727083E+022
   6.1823499999999997E-003   2.9555395589559919E+022
   6.1612600000000000E-003   2.9986968219925464E+022
   6.1470600000000002E-003   3.0313176925519064E+022
   6.1329599999999998E-003   3.0829906671771719E+022
   6.1038899999999998E-003   3.1527239330217436E+022
   6.0752599999999999E-003   3.2104644642205514E+022
   6.0568300000000000E-003   3.2565056999856573E+022
   6.0385800000000000E-003   3.2950291065695438E+022
   6.0275299999999997E-003   3.3212231280866475E+022
   6.0165399999999999E-003   3.3677779178356514E+022
   5.9903400000000002E-003   3.4461817761179290E+022
   5.9539900000000002E-003   3.5283939592670657E+022
   5.9254700000000004E-003   3.5892350784156486E+022
   5.9075200000000003E-003   3.6428788511986489E+022
   5.8843599999999999E-003   3.7026334118431655E+022
   5.8614499999999998E-003   3.7742059692310552E+022
   5.8303399999999998E-003   3.8570166141752097E+022
   5.7989599999999997E-003   3.9216618764108397E+022
   5.7830700000000004E-003   3.9634328090815240E+022
   5.7673000000000004E-003   4.0284525962956489E+022
   5.7349999999999996E-003   4.1161056920955007E+022
   5.7031299999999998E-003   4.2066362035189502E+022
   5.6702699999999998E-003   4.2976925675778749E+022
   5.6378399999999999E-003   4.3903581145339494E+022
   5.6043899999999999E-003   4.4869128716975925E+022
   5.5713799999999999E-003   4.5822980882805301E+022
   5.5373400000000000E-003   4.6811890361920668E+022
   5.5037300000000001E-003   4.7822417928725016E+022
   5.4690900000000002E-003   4.8834706710597143E+022
   5.4348799999999996E-003   4.9612883531414385E+022
   5.4173800000000003E-003   5.0134812817422501E+022
   5.3999800000000004E-003   5.0934263083455216E+022
   5.3644100000000000E-003   5.2015940169213478E+022
   5.3292599999999997E-003   5.2831777701585096E+022
   5.3112799999999998E-003   5.3386741520777091E+022
   5.2934200000000001E-003   5.4234904750510486E+022
   5.2572499999999998E-003   5.5377613440928549E+022
   5.2207499999999997E-003   5.6543434008447863E+022
   5.1839299999999998E-003   5.7733249057535197E+022
   5.1467600000000002E-003   5.8948027602021984E+022
   5.1092500000000001E-003   6.0188667618153879E+022
   5.0714000000000002E-003   6.1456238772033730E+022
   5.0331999999999998E-003   6.2751412328841527E+022
   4.9946399999999998E-003   6.4074791295026349E+022
   4.9557200000000003E-003   6.5428926402510874E+022
   4.9164300000000003E-003   6.6425881978137691E+022
   4.8965600000000003E-003   6.7137246803345730E+022
   4.8767799999999998E-003   6.7831771513247496E+022
   4.8567100000000002E-003   6.8558785886705894E+022
   4.8367499999999999E-003   6.9509924885631611E+022
   4.8049700000000004E-003   7.0655748303612637E+022
   4.7734300000000004E-003   7.1605094415242831E+022
   4.7528700000000002E-003   7.2362503122161160E+022
   4.7324000000000003E-003   7.3141793022203067E+022
   4.7116399999999996E-003   7.3926426944401196E+022
   4.6909700000000000E-003   7.4723694990568016E+022
   4.6700200000000004E-003   7.5530254814115072E+022
   4.6491400000000004E-003   7.6352104609878534E+022
   4.6279800000000003E-003   7.7185831383881749E+022
   4.6068999999999997E-003   7.8032305499408450E+022
   4.5855200000000000E-003   7.8894127865105694E+022
   4.5642299999999998E-003   7.9768849930802415E+022
   4.5426499999999996E-003   8.0661452884232353E+022
   4.5211399999999999E-003   8.1571904523371417E+022
   4.4993400000000001E-003   8.2498084711714435E+022
   4.4776099999999999E-003   8.3440137328328155E+022
   4.4555799999999998E-003   8.4404411669968107E+022
   4.4336300000000000E-003   8.5390677568110971E+022
   4.4113800000000003E-003   8.6396649328199562E+022
   4.3892000000000002E-003   8.7427440274417216E+022
   4.3667200000000002E-003   8.8474944618283810E+022
   4.3442999999999997E-003   8.9556652527990944E+022
   4.3215900000000002E-003   9.0663596051833085E+022
   4.2989300000000003E-003   9.1802483425208110E+022
   4.2759800000000004E-003   9.2969944773567080E+022
   4.2530800000000002E-003   9.4170826305595201E+022
   4.2299599999999996E-003   9.5409376638113983E+022
   4.2067299999999997E-003   9.6686688802888193E+022
   4.1833599999999997E-003   9.8005667940793202E+022
   4.1598599999999996E-003   9.9366959768324192E+022
   4.1362400000000002E-003   1.0078003698655971E+023
   4.1124800000000000E-003   1.0224170696184936E+023
   4.0885899999999996E-003   1.0376813417567043E+023
   4.0645600000000000E-003   1.0535281778031555E+023
   4.0404000000000004E-003   1.0700306944922748E+023
   4.0160899999999999E-003   1.0872705550748115E+023
   3.9916500000000002E-003   1.1052288258656268E+023
   3.9670599999999997E-003   1.1239477796000224E+023
   3.9423300000000000E-003   1.1435086533071208E+023
   3.9174400000000003E-003   1.1639210737618181E+023
   3.8924099999999998E-003   1.1852125871729227E+023
   3.8672300000000001E-003   1.2076068587281107E+023
   3.8418900000000001E-003   1.2310617182307915E+023
   3.8164000000000002E-003   1.2558474700994428E+023
   3.7907399999999999E-003   1.2823390482012585E+023
   3.7649300000000001E-003   1.3107482803172995E+023
   3.7389500000000000E-003   1.3406505803279363E+023
   3.7128000000000000E-003   1.3714151589027813E+023
   3.6864799999999998E-003   1.4026530930617752E+023
   3.6599800000000002E-003   1.4343574231540794E+023
   3.6333099999999998E-003   1.4665221739293291E+023
   3.6064600000000001E-003   1.4991420278246010E+023
   3.5794300000000002E-003   1.5322124195348365E+023
   3.5522100000000001E-003   1.5657292042268823E+023
   3.5247999999999998E-003   1.5996886624325136E+023
   3.4971899999999998E-003   1.6340875152122915E+023
   3.4693800000000002E-003   1.6689226592918947E+023
   3.4413700000000000E-003   1.7041912941115237E+023
   3.4131600000000002E-003   1.7398907583473566E+023
   3.3847299999999999E-003   1.7760184866379418E+023
   3.3560800000000000E-003   1.8125723021785203E+023
   3.3272200000000001E-003   1.8495496805862194E+023
   3.2981199999999999E-003   1.8869485640475278E+023
   3.2688000000000001E-003   1.9247666253885953E+023
   3.2392300000000001E-003   1.9630017642372543E+023
   3.2094200000000002E-003   2.0016515885561552E+023
   3.1793600000000000E-003   2.0407139745738063E+023
   3.1490500000000000E-003   2.0801865435855185E+023
   3.1184699999999999E-003   2.1200668844614512E+023
   3.0876200000000001E-003   2.1603525780019588E+023
   3.0565000000000002E-003   2.2010409167237870E+023
   3.0250799999999999E-003   2.2421292366179526E+023
   2.9933700000000000E-003   2.2836146223076882E+023
   2.9613600000000001E-003   2.3254940682585760E+023
   2.9290399999999999E-003   2.3677642737279525E+023
   2.8963999999999999E-003   2.4104218038734373E+023
   2.8634200000000002E-003   2.4534630501358087E+023
   2.8300999999999999E-003   2.4968841183419678E+023
   2.7964200000000000E-003   2.5406806925968888E+023
   2.7623800000000000E-003   2.5848485150384915E+023
   2.7279600000000002E-003   2.6293827617634716E+023
   2.6931400000000001E-003   2.6742782644719218E+023
   2.6579199999999998E-003   2.7195297744850832E+023
   2.6222699999999999E-003   2.7651311424180833E+023
   2.5861800000000000E-003   2.8110763571069292E+023
   2.5496300000000002E-003   2.8573586193075599E+023
   2.5125999999999998E-003   2.9039706993880182E+023
   2.4750699999999998E-003   2.9509049129600357E+023
   2.4370199999999998E-003   2.9981530998190556E+023
   2.3984200000000001E-003   3.0457061389736976E+023
   2.3592600000000002E-003   3.0935546164791735E+023
   2.3194900000000000E-003   3.1416420216410055E+023
   2.2790900000000001E-003   3.1903273491244025E+023
   2.2380299999999998E-003   3.2392743162362608E+023
   2.1962700000000002E-003   3.2884695725114835E+023
   2.1537700000000002E-003   3.3378995801898228E+023
   2.1104800000000001E-003   3.3875487929680034E+023
   2.0663600000000002E-003   3.4373175783810626E+023
   2.0213599999999998E-003   3.4876077190180019E+023
   1.9754099999999999E-003   3.5380898276936723E+023
   1.9284500000000000E-003   3.5887005624666183E+023
   1.8807200000000000E-003   3.6398044102487736E+023
   1.8311800000000000E-003   3.6909652480498773E+023
   1.7806899999999999E-003   3.7420704112672638E+023
   1.7288200000000001E-003   3.7818139738095102E+023
   1.6892299999999999E-003   3.8229935649674665E+023
   1.6481600000000001E-003   3.8836583717607767E+023
   1.5707900000000001E-003   3.9279502115183044E+023
   1.5274700000000000E-003   3.9706151955134617E+023
   1.4820499999999999E-003   4.0347007351497805E+023
   1.3879000000000001E-003   4.0898018390149901E+023
   1.3229100000000001E-003   4.1427386961266691E+023
   1.2551100000000000E-003   4.1887682160547697E+023
   1.1802500000000001E-003   4.2438677596295236E+023
   1.1005300000000000E-003   4.2907622543555756E+023
   1.0087500000000001E-003   4.3511016311620576E+023
   8.9930000000000001E-004   4.4185608749571487E+023
   7.0638000000000005E-004   4.4560102820885024E+023
   5.6780000000000003E-004   4.5008656560781265E+023
   4.8412999999999999E-004   4.5219326488642579E+023
   3.8296000000000001E-004   4.5239858413480398E+023
   3.1385000000000001E-004   4.5476074768646865E+023
   2.5071000000000002E-004   4.5304638400490165E+023
   2.0164000000000000E-004   4.5576104673350058E+023
   1.6416000000000000E-004   4.5523454896451818E+023
   1.3642999999999999E-004   4.5648248426718605E+023
   1.1689000000000000E-004   4.5622244704347157E+023
   1.0404000000000000E-004   4.5683429945554603E+023
   8.6870000000000000E-005   4.5704513774779940E+023
   6.8940000000000001E-005   4.5708862579390352E+023
   5.4719999999999998E-005   4.5742829962330614E+023
   4.3430000000000003E-005   4.5747547647053422E+023
   3.4470000000000000E-005   4.5749166639853430E+023
   2.7359999999999999E-005   4.5763634366503096E+023
   2.1710000000000001E-005   4.5764638413283918E+023
   1.7229999999999999E-005   4.5771515678206380E+023
   1.3679999999999999E-005   4.5778306172406985E+023
