   8.8901799999999993E-003   1318807670465686.0     
   8.8901799999999993E-003   1624059939008109.0     
   8.8901799999999993E-003   1880355482059058.2     
   8.8901699999999993E-003   2103913442431515.5     
   8.8901699999999993E-003   2303827326803149.0     
   8.8901699999999993E-003   2486197573509230.0     
   8.8901599999999994E-003   2654857181832120.0     
   8.8901599999999994E-003   2812129588855867.5     
   8.8901599999999994E-003   2959643090903207.5     
   8.8901599999999994E-003   3098618870710475.0     
   8.8901599999999994E-003   3230159149467129.0     
   8.8901599999999994E-003   3355193398581566.5     
   8.8901499999999994E-003   3474478845332053.0     
   8.8901499999999994E-003   3588678565596595.0     
   8.8901499999999994E-003   3698336226506231.0     
   8.8901499999999994E-003   3803874319900155.5     
   8.8901499999999994E-003   3905640917403877.0     
   8.8901499999999994E-003   4003935252462648.0     
   8.8901499999999994E-003   4099035168506909.5     
   8.8901499999999994E-003   4191189519048567.0     
   8.8901499999999994E-003   4302416828134208.5     
   8.8901399999999995E-003   4431015322082605.0     
   8.8901399999999995E-003   4554601663896302.0     
   8.8901399999999995E-003   4673648131947326.0     
   8.8901399999999995E-003   4769783420255464.0     
   8.8901399999999995E-003   4844664444605866.0     
   8.8901399999999995E-003   4917919247500158.0     
   8.8901399999999995E-003   4989625663490075.0     
   8.8901399999999995E-003   5077101773046525.0     
   8.8901399999999995E-003   5179299032233171.0     
   8.8901299999999996E-003   5278535680319615.0     
   8.8901299999999996E-003   5374986651014798.0     
   8.8901299999999996E-003   5453415280339256.0     
   8.8901299999999996E-003   5514857363216609.0     
   8.8901299999999996E-003   5575234209200330.0     
   8.8901299999999996E-003   5634585804120230.0     
   8.8901299999999996E-003   5721650753617572.0     
   8.8901299999999996E-003   5806857992812222.0     
   8.8901299999999996E-003   5862474437790037.0     
   8.8901299999999996E-003   5944208431486239.0     
   8.8901299999999996E-003   6050538578961541.0     
   8.8901199999999996E-003   6153881554827836.0     
   8.8901199999999996E-003   6254448681771471.0     
   8.8901199999999996E-003   6328255548723754.0     
   8.8901199999999996E-003   6376625490264835.0     
   8.8901199999999996E-003   6424398258439477.0     
   8.8901199999999996E-003   6471591423991321.0     
   8.8901199999999996E-003   6541247539800966.0     
   8.8901199999999996E-003   6632343744814630.0     
   8.8901199999999996E-003   6721379231037509.0     
   8.8901199999999996E-003   6808446869375720.0     
   8.8901199999999996E-003   6907585735747718.0     
   8.8901099999999997E-003   7017995901776694.0     
   8.8901099999999997E-003   7125412148356384.0     
   8.8901099999999997E-003   7230000893957906.0     
   8.8901099999999997E-003   7331917339278995.0     
   8.8901099999999997E-003   7431303927495994.0     
   8.8901099999999997E-003   7528291873067940.0     
   8.8901099999999997E-003   7622999884013925.0     
   8.8901099999999997E-003   7726910907232633.0     
   8.8900999999999997E-003   7839390167641670.0     
   8.8900999999999997E-003   7948861928151685.0     
   8.8900999999999997E-003   8029188827981920.0     
   8.8900999999999997E-003   8081828933171140.0     
   8.8900999999999997E-003   8159467989016017.0     
   8.8900999999999997E-003   8260869962054614.0     
   8.8900999999999997E-003   8359820517855473.0     
   8.8900999999999997E-003   8456419822965912.0     
   8.8900899999999998E-003   8550761265268872.0     
   8.8900899999999998E-003   8642931854587149.0     
   8.8900899999999998E-003   8733029079164745.0     
   8.8900899999999998E-003   8821164096753077.0     
   8.8900899999999998E-003   8907440103195886.0     
   8.8900899999999998E-003   8991954257781119.0     
   8.8900899999999998E-003   9115393785344088.0     
   8.8900799999999999E-003   9255368501582332.0     
   8.8900799999999999E-003   9371736112044058.0     
   8.8900799999999999E-003   9485120927931634.0     
   8.8900799999999999E-003   9568430867914086.0     
   8.8900799999999999E-003   9623092650100008.0     
   8.8900799999999999E-003   9703840447109662.0     
   8.8900799999999999E-003   9809590878384068.0     
   8.8900799999999999E-003   9963902929649018.0     
   8.8900699999999999E-003   10114437777201988.     
   8.8900699999999999E-003   10212235442666100.     
   8.8900699999999999E-003   10308241625425920.     
   8.8900699999999999E-003   10402520854346538.     
   8.8900699999999999E-003   10495132854807714.     
   8.8900600000000000E-003   10586134912272198.     
   8.8900600000000000E-003   10675600812433466.     
   8.8900600000000000E-003   10763624777387490.     
   8.8900600000000000E-003   10864539337602950.     
   8.8900600000000000E-003   10977829238068076.     
   8.8900600000000000E-003   11143406945836940.     
   8.8900500000000000E-003   11305382396741780.     
   8.8900500000000000E-003   11410866756233604.     
   8.8900500000000000E-003   11514733385453002.     
   8.8900500000000000E-003   11617133902672110.     
   8.8900500000000000E-003   11730701726882680.     
   8.8900400000000001E-003   11855175850432038.     
   8.8900400000000001E-003   11977991595587008.     
   8.8900400000000001E-003   12099335737975350.     
   8.8900400000000001E-003   12219372985153928.     
   8.8900400000000001E-003   12338237144172390.     
   8.8900300000000002E-003   12514425335611810.     
   8.8900300000000002E-003   12700493468016680.     
   8.8900300000000002E-003   12838786024947970.     
   8.8900300000000002E-003   12976293081000666.     
   8.8900200000000002E-003   13113196099960368.     
   8.8900200000000002E-003   13249550765511210.     
   8.8900200000000002E-003   13385374235247526.     
   8.8900200000000002E-003   13520696159801806.     
   8.8900200000000002E-003   13655555823310574.     
   8.8900100000000003E-003   13789999626462032.     
   8.8900100000000003E-003   13924076996057714.     
   8.8900100000000003E-003   14057827817800290.     
   8.8900100000000003E-003   14191213175557792.     
   8.8900100000000003E-003   14390331290070978.     
   8.8900000000000003E-003   14653966222524390.     
   8.8900000000000003E-003   14914686360914050.     
   8.8900000000000003E-003   15171902624642440.     
   8.8899900000000004E-003   15425280855808144.     
   8.8899900000000004E-003   15674630797324384.     
   8.8899900000000004E-003   15919812066405434.     
   8.8899800000000005E-003   16160738378153750.     
   8.8899800000000005E-003   16397407544866358.     
   8.8899800000000005E-003   16629979643649546.     
   8.8899700000000005E-003   16858636266516364.     
   8.8899700000000005E-003   17083526782001198.     
   8.8899700000000005E-003   17304785106088756.     
   8.8899600000000006E-003   17522527610405246.     
   8.8899600000000006E-003   17736862861876256.     
   8.8899600000000006E-003   17947914367439510.     
   8.8899500000000006E-003   18258324845225588.     
   8.8899500000000006E-003   18662586597170612.     
   8.8899400000000007E-003   18959000573804136.     
   8.8899400000000007E-003   19153295973444624.     
   8.8899400000000007E-003   19345180989172188.     
   8.8899400000000007E-003   19534740756998952.     
   8.8899300000000007E-003   19783908874596232.     
   8.8899300000000007E-003   20090067520052788.     
   8.8899300000000007E-003   20390388508669404.     
   8.8899200000000008E-003   20611980476558380.     
   8.8899200000000008E-003   20757933026525420.     
   8.8899200000000008E-003   20974265285005108.     
   8.8899100000000009E-003   21258163125778816.     
   8.8899100000000009E-003   21536935659332648.     
   8.8899100000000009E-003   21810751880513832.     
   8.8898999999999992E-003   22079772043879044.     
   8.8898999999999992E-003   22344147750638616.     
   8.8898999999999992E-003   22732200296719824.     
   8.8898899999999993E-003   23110722217910896.     
   8.8898899999999993E-003   23357834047546560.     
   8.8898799999999993E-003   23600927373748064.     
   8.8898799999999993E-003   23840107229839060.     
   8.8898799999999993E-003   24191739307084804.     
   8.8898699999999994E-003   24647758060671860.     
   8.8898599999999994E-003   25089718156352476.     
   8.8898599999999994E-003   25518207589835760.     
   8.8898499999999995E-003   25882450662095940.     
   8.8898499999999995E-003   26187030133018640.     
   8.8898399999999995E-003   26484700685424816.     
   8.8898399999999995E-003   26775634480713088.     
   8.8898299999999996E-003   27200090064619952.     
   8.8898199999999997E-003   27609945324217152.     
   8.8898199999999997E-003   27875855848662312.     
   8.8898199999999997E-003   28136012565708820.     
   8.8898099999999997E-003   28390730701666420.     
   8.8898099999999997E-003   28763631444409728.     
   8.8897999999999998E-003   29245341429171092.     
   8.8897899999999998E-003   29711879971985244.     
   8.8897899999999998E-003   30165913569806856.     
   8.8897799999999999E-003   30610325906609800.     
   8.8897700000000000E-003   31047727431664792.     
   8.8897600000000000E-003   31479966142360600.     
   8.8897600000000000E-003   31908132920360992.     
   8.8897500000000001E-003   32333161916735600.     
   8.8897400000000001E-003   32755819844951768.     
   8.8897400000000001E-003   33175877035228528.     
   8.8897300000000002E-003   33661407763985884.     
   8.8897200000000003E-003   34209444708587808.     
   8.8897100000000003E-003   34748871645813396.     
   8.8897100000000003E-003   35278612860748204.     
   8.8897000000000004E-003   35797682655819240.     
   8.8896900000000004E-003   36179599961873608.     
   8.8896900000000004E-003   36430407125826432.     
   8.8896800000000005E-003   36800726692482024.     
   8.8896800000000005E-003   37283493447058496.     
   8.8896700000000006E-003   37753175733890432.     
   8.8896600000000006E-003   38209396247670728.     
   8.8896500000000007E-003   38760088199370296.     
   8.8896400000000007E-003   39392266419830504.     
   8.8896300000000008E-003   39846067248816976.     
   8.8896300000000008E-003   40282029055045712.     
   8.8896200000000009E-003   40700770857443272.     
   8.8896099999999992E-003   41014610702160616.     
   8.8896099999999992E-003   41361922050388960.     
   8.8895999999999992E-003   41698152149793512.     
   8.8895899999999993E-003   42024381550765256.     
   8.8895899999999993E-003   42496694166046224.     
   8.8895699999999994E-003   42952844088026032.     
   8.8895699999999994E-003   43248382791561344.     
   8.8895599999999995E-003   43609624869714280.     
   8.8895499999999995E-003   44033513333167176.     
   8.8895399999999996E-003   44651706261472688.     
   8.8895299999999997E-003   45257396872976792.     
   8.8895199999999997E-003   45653564560681824.     
   8.8895099999999998E-003   46045577980975784.     
   8.8894999999999998E-003   46434143184797752.     
   8.8894899999999999E-003   47010086096382592.     
   8.8894800000000000E-003   47770852338399216.     
   8.8894600000000001E-003   48399065884578896.     
   8.8894500000000001E-003   48896580921916248.     
   8.8894400000000002E-003   49450676186348408.     
   8.8894300000000002E-003   50059449635401216.     
   8.8894100000000004E-003   50660157533191568.     
   8.8894000000000004E-003   51252676032649432.     
   8.8893900000000005E-003   51981153856953472.     
   8.8893700000000006E-003   52627305305958408.     
   8.8893600000000007E-003   53051795750660712.     
   8.8893500000000007E-003   53471799654967600.     
   8.8893400000000008E-003   53887418791813048.     
   8.8893300000000008E-003   54502129259320272.     
   8.8893199999999992E-003   55308186250997400.     
   8.8892999999999993E-003   56098264260748192.     
   8.8892799999999994E-003   56873040383634352.     
   8.8892699999999995E-003   57633190431191024.     
   8.8892499999999996E-003   58501955030240192.     
   8.8892299999999997E-003   59473950435080152.     
   8.8892099999999998E-003   60308059923236112.     
   8.8891999999999999E-003   61011418949685136.     
   8.8891800000000000E-003   61705400726712912.     
   8.8891700000000001E-003   62390754232459256.     
   8.8891500000000002E-003   63179914123277104.     
   8.8891300000000003E-003   64070318847042360.     
   8.8891100000000004E-003   64949314968644128.     
   8.8891000000000005E-003   65817915402354216.     
   8.8890800000000006E-003   66676783457992000.     
   8.8890600000000007E-003   67526567673184312.     
   8.8890400000000008E-003   68367922924304600.     
   8.8890199999999992E-003   69201379697286416.     
   8.8890099999999993E-003   70027148331053448.     
   8.8889899999999994E-003   70845282114309128.     
   8.8889699999999995E-003   71856291539710232.     
   8.8889499999999996E-003   73054499133527280.     
   8.8889299999999997E-003   74040136499280256.     
   8.8889099999999999E-003   74819115290164800.     
   8.8888900000000000E-003   75590030395474272.     
   8.8888800000000000E-003   76352790043750544.     
   8.8888600000000002E-003   77480331295827664.     
   8.8888300000000003E-003   78955835386908128.     
   8.8888100000000005E-003   80041404866060944.     
   8.8887900000000006E-003   80754490511039776.     
   8.8887800000000006E-003   81634304128136576.     
   8.8887600000000008E-003   82673874944063872.     
   8.8887399999999991E-003   83695863644076688.     
   8.8887199999999993E-003   84700665844048736.     
   8.8886999999999994E-003   85851633475745520.     
   8.8886699999999996E-003   87139626134969392.     
   8.8886399999999997E-003   88086646519858080.     
   8.8886299999999998E-003   88709204555752688.     
   8.8886199999999999E-003   89630062926705408.     
   8.8885900000000000E-003   90833310443847520.     
   8.8885700000000002E-003   92009655766042384.     
   8.8885400000000003E-003   93160184856510944.     
   8.8885200000000004E-003   94286065439471952.     
   8.8885000000000006E-003   95388469841811104.     
   8.8884700000000007E-003   97002078544638544.     
   8.8884299999999992E-003   98570804150398096.     
   8.8884099999999994E-003   99594727702458240.     
   8.8883899999999995E-003   1.0060269452365381E+017
   8.8883599999999997E-003   1.0159589430628672E+017
   8.8883399999999998E-003   1.0281793717315146E+017
   8.8883100000000000E-003   1.0425970294356832E+017
   8.8882800000000001E-003   1.0544259357993928E+017
   8.8882600000000003E-003   1.0637678592117150E+017
   8.8882400000000004E-003   1.0753030890353242E+017
   8.8882100000000006E-003   1.0889688497066141E+017
   8.8881800000000007E-003   1.1024442064204386E+017
   8.8881499999999992E-003   1.1157368720681952E+017
   8.8881199999999994E-003   1.1288541616533808E+017
   8.8880899999999995E-003   1.1418046076980550E+017
   8.8880699999999997E-003   1.1545960709891278E+017
   8.8880399999999998E-003   1.1672350501739982E+017
   8.8880100000000000E-003   1.1797260631387542E+017
   8.8879900000000001E-003   1.1920730956240712E+017
   8.8879600000000003E-003   1.2062956512784206E+017
   8.8879200000000005E-003   1.2223346705006734E+017
   8.8878900000000007E-003   1.2342241171831498E+017
   8.8878700000000008E-003   1.2420745748309786E+017
   8.8878599999999992E-003   1.2554567706010149E+017
   8.8878199999999994E-003   1.2742188741313093E+017
   8.8877799999999996E-003   1.2889546829030458E+017
   8.8877499999999998E-003   1.2997835319126682E+017
   8.8877299999999999E-003   1.3131844665060517E+017
   8.8877000000000001E-003   1.3290952351747277E+017
   8.8876600000000004E-003   1.3448172993027544E+017
   8.8876300000000005E-003   1.3603611845465458E+017
   8.8876000000000007E-003   1.3782748620765386E+017
   8.8875599999999992E-003   1.3984962638235344E+017
   8.8875199999999994E-003   1.4134989028438013E+017
   8.8874899999999996E-003   1.4234060087825949E+017
   8.8874699999999997E-003   1.4381282256248491E+017
   8.8874300000000000E-003   1.4575507672627555E+017
   8.8873900000000002E-003   1.4767254088483648E+017
   8.8873500000000005E-003   1.4956626683742723E+017
   8.8873200000000006E-003   1.5143705140575558E+017
   8.8872799999999991E-003   1.5328533167415555E+017
   8.8872399999999994E-003   1.5511154454691382E+017
   8.8871999999999996E-003   1.5691620301890464E+017
   8.8871699999999998E-003   1.5869991091679680E+017
   8.8871300000000000E-003   1.6046332798686275E+017
   8.8871000000000002E-003   1.6263889227602419E+017
   8.8870400000000006E-003   1.6521206411725565E+017
   8.8869900000000009E-003   1.6732623260221632E+017
   8.8869599999999993E-003   1.6899709295539754E+017
   8.8869299999999995E-003   1.7065102313792883E+017
   8.8868899999999997E-003   1.7228851075014301E+017
   8.8868599999999999E-003   1.7431207705353050E+017
   8.8868100000000002E-003   1.7670948466788806E+017
   8.8867700000000004E-003   1.7907326593160832E+017
   8.8867200000000007E-003   1.8140455735352538E+017
   8.8866699999999993E-003   1.8370447636071235E+017
   8.8866299999999995E-003   1.8597413157027363E+017
   8.8865799999999998E-003   1.8784374832258995E+017
   8.8865500000000000E-003   1.8932479357402035E+017
   8.8865300000000001E-003   1.9152208252087043E+017
   8.8864700000000005E-003   1.9441162761832333E+017
   8.8864100000000008E-003   1.9690252179545373E+017
   8.8863699999999993E-003   1.9900956007347549E+017
   8.8863299999999996E-003   2.0109196253445699E+017
   8.8862899999999998E-003   2.0315042809122080E+017
   8.8862500000000001E-003   2.0552220132673888E+017
   8.8862000000000003E-003   2.0819631504005693E+017
   8.8861400000000007E-003   2.1083243729091782E+017
   8.8860899999999993E-003   2.1343210313088925E+017
   8.8860399999999996E-003   2.1599682469368989E+017
   8.8859899999999999E-003   2.1852830174284106E+017
   8.8859400000000002E-003   2.2102819890043872E+017
   8.8859000000000004E-003   2.2349810072037027E+017
   8.8858500000000007E-003   2.2593952856290928E+017
   8.8857999999999993E-003   2.2835390174589197E+017
   8.8857499999999996E-003   2.3074234359562746E+017
   8.8857099999999998E-003   2.3310578465085779E+017
   8.8856600000000001E-003   2.3602490151369290E+017
   8.8856000000000004E-003   2.3948142794388547E+017
   8.8855300000000009E-003   2.4232447728983869E+017
   8.8854899999999994E-003   2.4457356222243789E+017
   8.8854399999999997E-003   2.4680153240901328E+017
   8.8853999999999999E-003   2.4900893407331846E+017
   8.8853600000000001E-003   2.5228022945204902E+017
   8.8852800000000006E-003   2.5657777371750426E+017
   8.8851999999999993E-003   2.5975419130043552E+017
   8.8851599999999996E-003   2.6184780301874397E+017
   8.8851199999999998E-003   2.6495314787955200E+017
   8.8850400000000003E-003   2.6903583686840464E+017
   8.8849600000000008E-003   2.7205573354040826E+017
   8.8849199999999993E-003   2.7404764328708826E+017
   8.8848899999999995E-003   2.7700456790493786E+017
   8.8848099999999999E-003   2.8089665183020538E+017
   8.8847400000000003E-003   2.8473099161576867E+017
   8.8846700000000008E-003   2.8851007799406451E+017
   8.8845999999999994E-003   2.9242366385154458E+017
   8.8845199999999999E-003   2.9755819841134138E+017
   8.8844100000000006E-003   3.0278780044775315E+017
   8.8843299999999993E-003   3.0598860364592403E+017
   8.8842899999999995E-003   3.0915160715864704E+017
   8.8842100000000000E-003   3.1332090243162707E+017
   8.8841300000000005E-003   3.1743524803421741E+017
   8.8840499999999992E-003   3.2149735329895149E+017
   8.8839799999999997E-003   3.2650253369349318E+017
   8.8838700000000003E-003   3.3241334419793875E+017
   8.8837599999999992E-003   3.3917648963230221E+017
   8.8836200000000001E-003   3.4674834277315341E+017
   8.8834900000000008E-003   3.5232534136934925E+017
   8.8834199999999995E-003   3.5599158154049395E+017
   8.8833499999999999E-003   3.5961985562621530E+017
   8.8832900000000003E-003   3.6321101276392122E+017
   8.8832200000000007E-003   3.6720698829962656E+017
   8.8831399999999994E-003   3.7159553211456813E+017
   8.8830599999999999E-003   3.7593098696296890E+017
   8.8829900000000003E-003   3.8021523076924864E+017
   8.8829100000000008E-003   3.8570824642005274E+017
   8.8827899999999998E-003   3.9236298826711322E+017
   8.8826700000000005E-003   3.9971095102158874E+017
   8.8825299999999996E-003   4.0771958599110144E+017
   8.8823900000000004E-003   4.1640875845326643E+017
   8.8822199999999997E-003   4.2574321499754042E+017
   8.8820600000000006E-003   4.3261837579586701E+017
   8.8819799999999994E-003   4.3713879415951027E+017
   8.8818999999999999E-003   4.4456498565645510E+017
   8.8817199999999992E-003   4.5477300040281926E+017
   8.8815400000000003E-003   4.6405508455001875E+017
   8.8813899999999994E-003   4.7037668940234067E+017
   8.8813199999999998E-003   4.7454118507706189E+017
   8.8812500000000003E-003   4.7935280388598432E+017
   8.8811500000000008E-003   4.8479444144852467E+017
   8.8810599999999996E-003   4.9283756258824877E+017
   8.8808800000000007E-003   5.0337185160182208E+017
   8.8807000000000001E-003   5.1369162523454016E+017
   8.8805199999999994E-003   5.2130376606495962E+017
   8.8804399999999999E-003   5.2631386158217434E+017
   8.8803500000000004E-003   5.3250809054126163E+017
   8.8802299999999994E-003   5.3984987943663968E+017
   8.8801000000000001E-003   5.4947953744517504E+017
   8.8798999999999996E-003   5.6129066284653594E+017
   8.8797100000000007E-003   5.7232366461622246E+017
   8.8795300000000001E-003   5.8261932469545818E+017
   8.8793599999999993E-003   5.9280794535794637E+017
   8.8791900000000003E-003   6.0289519426728717E+017
   8.8790199999999996E-003   6.1444635601277286E+017
   8.8788099999999991E-003   6.2738923197415923E+017
   8.8786000000000004E-003   6.4006854197675507E+017
   8.8783899999999999E-003   6.5250303282741914E+017
   8.8781899999999993E-003   6.6471031142707866E+017
   8.8779900000000005E-003   6.7670534236384870E+017
   8.8777900000000000E-003   6.8630865464834278E+017
   8.8776700000000007E-003   6.9360537515132301E+017
   8.8775599999999996E-003   7.0082934480572032E+017
   8.8774400000000003E-003   7.0798263020209357E+017
   8.8773199999999993E-003   7.1857572683374362E+017
   8.8771000000000006E-003   7.3248130972295693E+017
   8.8768800000000002E-003   7.4748554814337741E+017
   8.8766200000000000E-003   7.6353544205362752E+017
   8.8763699999999997E-003   7.7855969593538842E+017
   8.8761399999999994E-003   7.9260754904682714E+017
   8.8759200000000007E-003   8.0811962290920128E+017
   8.8756500000000006E-003   8.2510058193030797E+017
   8.8753900000000004E-003   8.4187580767175898E+017
   8.8751300000000002E-003   8.5845328412972442E+017
   8.8748799999999999E-003   8.7082215954782118E+017
   8.8747600000000006E-003   8.8313881132606618E+017
   8.8745100000000004E-003   8.9538377431518272E+017
   8.8743899999999994E-003   9.0512914472661773E+017
   8.8742200000000004E-003   9.1645684565391386E+017
   8.8740599999999996E-003   9.2769901631054707E+017
   8.8738900000000006E-003   9.3885782570005632E+017
   8.8737299999999998E-003   9.5385652509160320E+017
   8.8734599999999997E-003   9.7261617156869261E+017
   8.8731899999999995E-003   9.9132023278255194E+017
   8.8729299999999994E-003   1.0099737133597046E+018
   8.8726699999999992E-003   1.0314568596069000E+018
   8.8723299999999995E-003   1.0556913941931172E+018
   8.8719999999999997E-003   1.0737178380163283E+018
   8.8718400000000006E-003   1.0856896459208520E+018
   8.8716799999999998E-003   1.1035812064352540E+018
   8.8713600000000000E-003   1.1272537937986895E+018
   8.8710500000000001E-003   1.1506719083782323E+018
   8.8707400000000002E-003   1.1738468046069926E+018
   8.8704400000000003E-003   1.1997586339679542E+018
   8.8700700000000007E-003   1.2283210573162977E+018
   8.8697099999999994E-003   1.2566200522758848E+018
   8.8693499999999998E-003   1.2846709705621281E+018
   8.8690100000000001E-003   1.3124380991687429E+018
   8.8686700000000004E-003   1.3399373430431232E+018
   8.8683300000000007E-003   1.3618426889185349E+018
   8.8681300000000001E-003   1.3783003659240916E+018
   8.8679299999999996E-003   1.3946361786961810E+018
   8.8677400000000007E-003   1.4108535172329797E+018
   8.8675500000000001E-003   1.4351374399606559E+018
   8.8671600000000007E-003   1.4672748440647270E+018
   8.8667899999999994E-003   1.5018481535163610E+018
   8.8663600000000002E-003   1.5387760507827661E+018
   8.8659399999999992E-003   1.5754419613463708E+018
   8.8655200000000000E-003   1.6118633096624765E+018
   8.8651100000000007E-003   1.6402724985061778E+018
   8.8648800000000003E-003   1.6608988404230579E+018
   8.8646500000000000E-003   1.6814596068085993E+018
   8.8644299999999995E-003   1.7019572653710385E+018
   8.8641999999999992E-003   1.7274939185441101E+018
   8.8638699999999994E-003   1.7579494955318136E+018
   8.8635399999999996E-003   1.7935128047123671E+018
   8.8631100000000004E-003   1.8340216160683215E+018
   8.8626799999999995E-003   1.8742502580810243E+018
   8.8622600000000003E-003   1.9142141769240689E+018
   8.8618399999999993E-003   1.9439507033194371E+018
   8.8616400000000005E-003   1.9637259736859528E+018
   8.8614300000000000E-003   1.9860996614876941E+018
   8.8611799999999998E-003   2.0110235308859497E+018
   8.8609299999999995E-003   2.0482544954423276E+018
   8.8604200000000008E-003   2.0974219562082232E+018
   8.8599400000000002E-003   2.1339570496508613E+018
   8.8596899999999999E-003   2.1582306717757361E+018
   8.8594499999999996E-003   2.1851024557601884E+018
   8.8591599999999996E-003   2.2145194919081928E+018
   8.8588799999999995E-003   2.2436954290111514E+018
   8.8585899999999995E-003   2.2726375253664123E+018
   8.8583099999999994E-003   2.3017840546365949E+018
   8.8580299999999994E-003   2.3311326242695613E+018
   8.8577499999999993E-003   2.3750598004201651E+018
   8.8572000000000008E-003   2.4331167139765330E+018
   8.8566500000000006E-003   2.4762924830155530E+018
   8.8563800000000005E-003   2.5050334607085722E+018
   8.8561200000000003E-003   2.5364681959940966E+018
   8.8558000000000005E-003   2.5705413244812989E+018
   8.8554900000000006E-003   2.6043388121846666E+018
   8.8551800000000007E-003   2.6550296009483694E+018
   8.8545700000000008E-003   2.7056856092080763E+018
   8.8542599999999992E-003   2.7394609476592297E+018
   8.8539599999999993E-003   2.7729844681421322E+018
   8.8536699999999992E-003   2.8188550704280970E+018
   8.8531500000000006E-003   2.8767389678809672E+018
   8.8526500000000001E-003   2.9348650024747136E+018
   8.8521399999999997E-003   2.9932329726731571E+018
   8.8516399999999992E-003   3.0491261084718689E+018
   8.8511800000000002E-003   3.1026276054721085E+018
   8.8507199999999994E-003   3.1462099877676692E+018
   8.8504399999999993E-003   3.1800859216851067E+018
   8.8501499999999993E-003   3.2336738134688620E+018
   8.8495399999999995E-003   3.3056577298566697E+018
   8.8489299999999996E-003   3.3612798026521641E+018
   8.8485800000000000E-003   3.4016453067646920E+018
   8.8482400000000003E-003   3.4600796933769165E+018
   8.8475800000000007E-003   3.5358999435697039E+018
   8.8469399999999993E-003   3.6164975730814198E+018
   8.8462100000000002E-003   3.7024061111983457E+018
   8.8454999999999992E-003   3.7702547527601249E+018
   8.8450999999999998E-003   3.8200805581195290E+018
   8.8447000000000005E-003   3.8704078181119539E+018
   8.8442999999999994E-003   3.9211196081330816E+018
   8.8439100000000000E-003   3.9911080809573432E+018
   8.8432100000000007E-003   4.0796988359348797E+018
   8.8425399999999994E-003   4.1573036447818936E+018
   8.8420300000000007E-003   4.2242816865539000E+018
   8.8415200000000003E-003   4.2862204491598228E+018
   8.8410899999999994E-003   4.3715690605062093E+018
   8.8402399999999992E-003   4.4893056154262651E+018
   8.8393399999999994E-003   4.5804701019450609E+018
   8.8389000000000002E-003   4.6406279507146772E+018
   8.8384599999999994E-003   4.7302101718878126E+018
   8.8375999999999993E-003   4.8482792243618294E+018
   8.8367600000000008E-003   4.9614321892763494E+018
   8.8359800000000002E-003   5.0546403250816420E+018
   8.8354400000000000E-003   5.1317054188425134E+018
   8.8348999999999997E-003   5.2438731935692800E+018
   8.8338800000000006E-003   5.3898826266829752E+018
   8.8328799999999996E-003   5.5377438562651894E+018
   8.8318600000000004E-003   5.6874033421897503E+018
   8.8308599999999994E-003   5.8207349968336015E+018
   8.8300700000000006E-003   5.9384000229867387E+018
   8.8293000000000000E-003   6.0822860160043244E+018
   8.8281799999999997E-003   6.2093994723961805E+018
   8.8276299999999995E-003   6.2932515619195269E+018
   8.8270899999999992E-003   6.4101041963340145E+018
   8.8261299999999997E-003   6.5589385864860744E+018
   8.8251900000000001E-003   6.6745566994236600E+018
   8.8246599999999998E-003   6.7579594031768033E+018
   8.8241399999999994E-003   6.8639349856676669E+018
   8.8233400000000007E-003   6.9918841775673129E+018
   8.8225500000000002E-003   7.1542999301516390E+018
   8.8213300000000005E-003   7.3053380371212831E+018
   8.8206900000000008E-003   7.4259458608617462E+018
   8.8198700000000005E-003   7.5608610762370273E+018
   8.8190600000000001E-003   7.7260336124149760E+018
   8.8178900000000001E-003   7.8720710809451336E+018
   8.8173200000000000E-003   7.9685044729342956E+018
   8.8167499999999999E-003   8.1177275806555054E+018
   8.8155700000000000E-003   8.2682734438575503E+018
   8.8149900000000000E-003   8.3676895765596201E+018
   8.8144100000000000E-003   8.4762237688021565E+018
   8.8137300000000005E-003   8.5936623247988726E+018
   8.8130599999999993E-003   8.7432751389884754E+018
   8.8120300000000002E-003   8.9240053027011379E+018
   8.8110099999999993E-003   9.0753430267933327E+018
   8.8103100000000000E-003   9.1982265033785713E+018
   8.8096300000000006E-003   9.3211124418624287E+018
   8.8089399999999995E-003   9.5117324388200448E+018
   8.8075199999999992E-003   9.7664088291087360E+018
   8.8061300000000006E-003   1.0025729659754439E+019
   8.8046800000000005E-003   1.0223861175293309E+019
   8.8039699999999995E-003   1.0354453340260248E+019
   8.8032700000000002E-003   1.0557499963274672E+019
   8.8018000000000002E-003   1.0829761990379907E+019
   8.8003600000000001E-003   1.1106307178089171E+019
   8.7988500000000004E-003   1.1317227898619781E+019
   8.7981199999999996E-003   1.1455815193568831E+019
   8.7973900000000004E-003   1.1597888703124636E+019
   8.7966199999999998E-003   1.1743136071642886E+019
   8.7958499999999992E-003   1.1886626812780618E+019
   8.7951000000000001E-003   1.2028308658920638E+019
   8.7943599999999993E-003   1.2173327938646964E+019
   8.7935700000000006E-003   1.2321308882937858E+019
   8.7927900000000000E-003   1.2539275820879292E+019
   8.7912700000000003E-003   1.2757219218032949E+019
   8.7904599999999999E-003   1.2906609796629647E+019
   8.7896699999999994E-003   1.3053500092155333E+019
   8.7888900000000006E-003   1.3197879056122649E+019
   8.7881200000000000E-003   1.3345663429916084E+019
   8.7872999999999996E-003   1.3495155150746634E+019
   8.7864899999999992E-003   1.3641647577463810E+019
   8.7856900000000005E-003   1.3785365476380572E+019
   8.7849000000000000E-003   1.3931410218993965E+019
   8.7840599999999998E-003   1.4079312009461279E+019
   8.7832399999999995E-003   1.4223920826976999E+019
   8.7824200000000009E-003   1.4365540343336786E+019
   8.7816200000000004E-003   1.4509144943895753E+019
   8.7807700000000002E-003   1.4654334638288024E+019
   8.7799300000000000E-003   1.4795975538507375E+019
   8.7790999999999998E-003   1.4934611818392959E+019
   8.7782799999999994E-003   1.5074979277005953E+019
   8.7774099999999994E-003   1.5216991468377637E+019
   8.7765499999999993E-003   1.5355480017782919E+019
   8.7757000000000009E-003   1.5491349453529909E+019
   8.7748700000000006E-003   1.5629143598235470E+019
   8.7739800000000007E-003   1.5768918515976530E+019
   8.7731100000000006E-003   1.5905571586094496E+019
   8.7722400000000006E-003   1.6040066014358200E+019
   8.7713900000000004E-003   1.6176908873512167E+019
   8.7704900000000006E-003   1.6316195423117740E+019
   8.7696000000000007E-003   1.6452885710105367E+019
   8.7687200000000007E-003   1.6587884540620171E+019
   8.7678500000000006E-003   1.6726008352624140E+019
   8.7669299999999992E-003   1.6866362123820593E+019
   8.7660299999999993E-003   1.7002773519084747E+019
   8.7651299999999994E-003   1.7141651993502892E+019
   8.7642499999999995E-003   1.7362094903633803E+019
   8.7623900000000001E-003   1.7651930107510796E+019
   8.7605800000000005E-003   1.7867127181476663E+019
   8.7596199999999992E-003   1.8016373368615395E+019
   8.7586799999999996E-003   1.8163737899393929E+019
   8.7577599999999999E-003   1.8314269934349296E+019
   8.7568400000000001E-003   1.8555629822464852E+019
   8.7549199999999994E-003   1.8871826451809976E+019
   8.7530400000000001E-003   1.9105796758047572E+019
   8.7520500000000008E-003   1.9269331238226366E+019
   8.7510799999999996E-003   1.9515099923044303E+019
   8.7491700000000006E-003   1.9849844123124806E+019
   8.7471800000000002E-003   2.0102171562621243E+019
   8.7462000000000008E-003   2.0273393475830981E+019
   8.7452299999999997E-003   2.0548632796440211E+019
   8.7431999999999996E-003   2.0907424442932818E+019
   8.7412299999999991E-003   2.1264298425711440E+019
   8.7391599999999993E-003   2.1537006118492033E+019
   8.7381500000000001E-003   2.1718296400478179E+019
   8.7371500000000008E-003   2.2005194527233823E+019
   8.7350499999999994E-003   2.2387516373047083E+019
   8.7329999999999994E-003   2.2777646843288039E+019
   8.7308600000000000E-003   2.3175135213025145E+019
   8.7287800000000002E-003   2.3470547195126153E+019
   8.7276799999999998E-003   2.3675670279081959E+019
   8.7265999999999993E-003   2.3992137172211409E+019
   8.7244000000000002E-003   2.4408642443431821E+019
   8.7222600000000008E-003   2.4825211219185017E+019
   8.7200999999999997E-003   2.5257387079916245E+019
   8.7178399999999993E-003   2.5697706200734208E+019
   8.7156400000000002E-003   2.6024296657481482E+019
   8.7144800000000001E-003   2.6370367531096625E+019
   8.7122099999999997E-003   2.6765297120730218E+019
   8.7104999999999995E-003   2.7112270178928828E+019
   8.7087499999999995E-003   2.7522634033382633E+019
   8.7064599999999992E-003   2.7999017718911578E+019
   8.7040799999999995E-003   2.8416470367716643E+019
   8.7023199999999995E-003   2.8776390190395949E+019
   8.7005199999999998E-003   2.9152126579235201E+019
   8.6987200000000001E-003   2.9522309257419600E+019
   8.6969400000000002E-003   2.9881344522703016E+019
   8.6952200000000000E-003   3.0229263758423544E+019
   8.6935299999999997E-003   3.0538947581632811E+019
   8.6921399999999992E-003   3.0817431291114766E+019
   8.6907800000000004E-003   3.1115934356905800E+019
   8.6892199999999992E-003   3.1427381631754789E+019
   8.6876799999999997E-003   3.1737242172496921E+019
   8.6860800000000005E-003   3.2053354706598015E+019
   8.6844999999999995E-003   3.2443065649921716E+019
   8.6822500000000007E-003   3.2873193938946888E+019
   8.6800400000000000E-003   3.3218864025495220E+019
   8.6784400000000008E-003   3.3514550540025889E+019
   8.6768599999999998E-003   3.3885983852008616E+019
   8.6745499999999996E-003   3.4293185352574808E+019
   8.6722799999999992E-003   3.4619523913081131E+019
   8.6706100000000005E-003   3.4892135870945169E+019
   8.6689699999999998E-003   3.5155352504957178E+019
   8.6673199999999992E-003   3.5413797079348457E+019
   8.6656900000000002E-003   3.5726812315398959E+019
   8.6633400000000003E-003   3.6063042882219913E+019
   8.6610500000000000E-003   3.6351329026911199E+019
   8.6590000000000000E-003   3.6610979445318050E+019
   8.6569999999999998E-003   3.6854930751124902E+019
   8.6549599999999997E-003   3.7089187438853784E+019
   8.6529599999999995E-003   3.7330773287095747E+019
   8.6505699999999998E-003   3.7573726043881759E+019
   8.6482499999999997E-003   3.7799802560414351E+019
   8.6458699999999999E-003   3.8005886599283057E+019
   8.6435499999999998E-003   3.8157773482444562E+019
   8.6418599999999995E-003   3.8294392274603803E+019
   8.6402100000000006E-003   3.8494679778249138E+019
   8.6371399999999997E-003   3.8725167038854259E+019
   8.6341899999999999E-003   3.8892931315295560E+019
   8.6321400000000000E-003   3.9036441156195009E+019
   8.6301399999999997E-003   3.9185949376871891E+019
   8.6281099999999996E-003   3.9337172875888681E+019
   8.6261299999999992E-003   3.9572929309826236E+019
   8.6221500000000003E-003   3.9815957654351798E+019
   8.6201400000000001E-003   3.9989709373736206E+019
   8.6181899999999995E-003   4.0207628025075089E+019
   8.6154900000000000E-003   4.0402632102664511E+019
   8.6141800000000008E-003   4.0536398827885167E+019
   8.6128799999999998E-003   4.0753475016409416E+019
   8.6101800000000003E-003   4.0979759902839570E+019
   8.6088699999999994E-003   4.1177382188833767E+019
   8.6068900000000007E-003   4.1427856207846236E+019
   8.6048700000000006E-003   4.1645794905384477E+019
   8.6035499999999997E-003   4.1919845129804153E+019
   8.6008800000000000E-003   4.2207245166184694E+019
   8.5995299999999993E-003   4.2405519764521951E+019
   8.5982100000000002E-003   4.2663023940536074E+019
   8.5962100000000000E-003   4.2989051419292525E+019
   8.5941799999999999E-003   4.3271975779989307E+019
   8.5928399999999992E-003   4.3501093416823546E+019
   8.5915300000000000E-003   4.3865876335087116E+019
   8.5887800000000007E-003   4.4309876754364400E+019
   8.5867700000000005E-003   4.4636259182697415E+019
   8.5854099999999999E-003   4.4980698241143603E+019
   8.5833400000000001E-003   4.5476234369183613E+019
   8.5806500000000004E-003   4.5914363440634888E+019
   8.5792400000000001E-003   4.6299877756264948E+019
   8.5771600000000003E-003   4.6765327707671118E+019
   8.5751200000000003E-003   4.7334646286581539E+019
   8.5722799999999998E-003   4.7883102482779021E+019
   8.5705199999999999E-003   4.8313608964857463E+019
   8.5687899999999997E-003   4.8849022396968870E+019
   8.5662800000000008E-003   4.9483323538239316E+019
   8.5638299999999997E-003   5.0190849552759415E+019
   8.5609099999999997E-003   5.0770413003440128E+019
   8.5594799999999995E-003   5.1161561233741095E+019
   8.5580599999999993E-003   5.1832700051744424E+019
   8.5546900000000002E-003   5.2776110770330542E+019
   8.5514200000000005E-003   5.3524199397531501E+019
   8.5495299999999996E-003   5.4242100428304212E+019
   8.5465400000000000E-003   5.5208540723060466E+019
   8.5431199999999995E-003   5.6080264560263496E+019
   8.5408499999999991E-003   5.6735602488709145E+019
   8.5388900000000004E-003   5.7349944499246154E+019
   8.5369599999999997E-003   5.8113623193522127E+019
   8.5341800000000006E-003   5.8988471230221402E+019
   8.5314599999999994E-003   5.9827842097974288E+019
   8.5290499999999998E-003   6.0616770675964674E+019
   8.5266900000000000E-003   6.1295751114107281E+019
   8.5250499999999993E-003   6.1852954304842670E+019
   8.5234200000000003E-003   6.2667785543936598E+019
   8.5202999999999997E-003   6.3760136795184857E+019
   8.5172400000000006E-003   6.4573506007247077E+019
   8.5156599999999995E-003   6.5136046978802180E+019
   8.5141000000000001E-003   6.5829633981526712E+019
   8.5118599999999996E-003   6.6648385571650429E+019
   8.5096500000000005E-003   6.7705953946325541E+019
   8.5061900000000003E-003   6.9025752252277785E+019
   8.5026900000000002E-003   7.0466473434137706E+019
   8.4987499999999994E-003   7.1767902265807684E+019
   8.4960599999999997E-003   7.2854131676822422E+019
   8.4933200000000004E-003   7.4196295510033957E+019
   8.4894800000000006E-003   7.5992402084546675E+019
   8.4846399999999999E-003   7.7451215533804634E+019
   8.4825100000000004E-003   7.8353038275388097E+019
   8.4804000000000008E-003   7.9415705003140301E+019
   8.4775700000000002E-003   8.0663166304344457E+019
   8.4746500000000002E-003   8.1930633999744106E+019
   8.4717700000000000E-003   8.3219523499246862E+019
   8.4688100000000002E-003   8.4543510226497913E+019
   8.4658300000000006E-003   8.5873036341429617E+019
   8.4629000000000006E-003   8.7003784471714071E+019
   8.4608300000000008E-003   8.8397128258897625E+019
   8.4567700000000006E-003   9.0543836135135576E+019
   8.4515900000000001E-003   9.2600893385281815E+019
   8.4479499999999992E-003   9.4201683794962825E+019
   8.4447800000000007E-003   9.5724817026673410E+019
   8.4415500000000008E-003   9.7797074728943337E+019
   8.4361400000000000E-003   9.9960878701922484E+019
   8.4325700000000003E-003   1.0129462427918303E+020
   8.4306599999999995E-003   1.0281616904667960E+020
   8.4264100000000005E-003   1.0490740559403249E+020
   8.4222399999999992E-003   1.0652055134868156E+020
   8.4199400000000008E-003   1.0766878142984559E+020
   8.4176600000000004E-003   1.0936311977324007E+020
   8.4132500000000006E-003   1.1158129982176884E+020
   8.4089300000000002E-003   1.1314474527110611E+020
   8.4071300000000005E-003   1.1406652100386105E+020
   8.4053400000000007E-003   1.1563024602755339E+020
   8.4010899999999999E-003   1.1782452227115570E+020
   8.3969100000000005E-003   1.1946397162250976E+020
   8.3947499999999994E-003   1.2059754668985362E+020
   8.3926100000000000E-003   1.2220123898357647E+020
   8.3887000000000007E-003   1.2426794309338889E+020
   8.3848499999999992E-003   1.2602276759000351E+020
   8.3821399999999997E-003   1.2747274438542575E+020
   8.3794700000000000E-003   1.2912726923261200E+020
   8.3760399999999995E-003   1.3098287036219839E+020
   8.3726600000000005E-003   1.3309917389597760E+020
   8.3683400000000002E-003   1.3546880768691216E+020
   8.3640899999999994E-003   1.3764826581445375E+020
   8.3604899999999999E-003   1.4046761681915378E+020
   8.3540400000000001E-003   1.4309171762636095E+020
   8.3511799999999997E-003   1.4481546326159734E+020
   8.3479899999999996E-003   1.4663015747367977E+020
   8.3448399999999992E-003   1.4943464024550903E+020
   8.3382899999999999E-003   1.5320525728195160E+020
   8.3318999999999997E-003   1.5710764316871773E+020
   8.3250500000000005E-003   1.6113871943573996E+020
   8.3183700000000003E-003   1.6420585100059057E+020
   8.3147599999999992E-003   1.6637763891650576E+020
   8.3111999999999995E-003   1.6867863119238772E+020
   8.3072200000000006E-003   1.7110775672879448E+020
   8.3032899999999996E-003   1.7341484451375720E+020
   8.2997499999999998E-003   1.7560320739979103E+020
   8.2962499999999998E-003   1.7823344065292973E+020
   8.2913399999999995E-003   1.8129789585056095E+020
   8.2865200000000003E-003   1.8470158345867408E+020
   8.2806400000000006E-003   1.8843338214624477E+020
   8.2748700000000001E-003   1.9192527960069413E+020
   8.2698100000000007E-003   1.9519160440137125E+020
   8.2648300000000008E-003   1.9857762103111765E+020
   8.2594299999999999E-003   2.0177848729383934E+020
   8.2552100000000007E-003   2.0457713210701719E+020
   8.2510299999999995E-003   2.0835263797628047E+020
   8.2439899999999997E-003   2.1308563242063548E+020
   8.2370800000000008E-003   2.1756658936965438E+020
   8.2309299999999991E-003   2.2178252297417923E+020
   8.2248900000000003E-003   2.2571887660346871E+020
   8.2195399999999991E-003   2.3081601880119883E+020
   8.2104599999999993E-003   2.3532439920907429E+020
   8.2068499999999999E-003   2.3789789323214297E+020
   8.2032800000000003E-003   2.4173516013584954E+020
   8.1962400000000005E-003   2.4681578707661754E+020
   8.1893299999999999E-003   2.5094068305645561E+020
   8.1849999999999996E-003   2.5412655221546743E+020
   8.1807200000000007E-003   2.5787238725456259E+020
   8.1749600000000002E-003   2.6217039853255836E+020
   8.1692799999999993E-003   2.6695343034140829E+020
   8.1623400000000006E-003   2.7339095359133283E+020
   8.1524800000000001E-003   2.7990910081520347E+020
   8.1454800000000001E-003   2.8418225795211785E+020
   8.1415399999999992E-003   2.8901849995985309E+020
   8.1332499999999999E-003   2.9555398620193168E+020
   8.1251199999999996E-003   3.0052304797339563E+020
   8.1208500000000006E-003   3.0396573708511301E+020
   8.1166199999999997E-003   3.0739245029622723E+020
   8.1124400000000003E-003   3.1080551449356016E+020
   8.1082900000000006E-003   3.1611961207145424E+020
   8.0995800000000003E-003   3.2330762100674049E+020
   8.0910400000000007E-003   3.3067256531210587E+020
   8.0821199999999999E-003   3.3821289818444471E+020
   8.0733699999999999E-003   3.4395568351158298E+020
   8.0687799999999994E-003   3.4792651347219992E+020
   8.0642300000000004E-003   3.5188224004231017E+020
   8.0597199999999994E-003   3.5582324338888848E+020
   8.0552599999999999E-003   3.6196156265764323E+020
   8.0458900000000000E-003   3.7026357312175453E+020
   8.0367000000000008E-003   3.7655649024962947E+020
   8.0318799999999999E-003   3.8092913416464636E+020
   8.0271000000000006E-003   3.8528604207091371E+020
   8.0223699999999992E-003   3.8962741917548393E+020
   8.0176899999999992E-003   3.9638674769251172E+020
   8.0078500000000004E-003   4.0553549685430085E+020
   7.9982100000000004E-003   4.1489300185989048E+020
   7.9881399999999995E-003   4.2450051795494234E+020
   7.9782599999999992E-003   4.3182357764688183E+020
   7.9730700000000005E-003   4.3688673042525664E+020
   7.9679399999999997E-003   4.4193307310870587E+020
   7.9628500000000005E-003   4.4696386579710083E+020
   7.9578200000000009E-003   4.5479447130640430E+020
   7.9472499999999995E-003   4.6539736948698081E+020
   7.9368800000000003E-003   4.7343636548367811E+020
   7.9314499999999996E-003   4.7902450036616023E+020
   7.9260600000000004E-003   4.8459532622914087E+020
   7.9207300000000008E-003   4.9014901032823836E+020
   7.9154499999999992E-003   4.9879572794420796E+020
   7.9043700000000008E-003   5.1050746787150699E+020
   7.8934899999999995E-003   5.2251193143006816E+020
   7.8821499999999992E-003   5.3482619089729919E+020
   7.8710199999999994E-003   5.4421904869985786E+020
   7.8651799999999994E-003   5.5071435576063092E+020
   7.8594000000000008E-003   5.5719160066997092E+020
   7.8536700000000001E-003   5.6365206911220351E+020
   7.8480000000000008E-003   5.7370568401268638E+020
   7.8361100000000003E-003   5.8732926261015596E+020
   7.8244400000000002E-003   5.9766982777211991E+020
   7.8183300000000001E-003   6.0485457838929687E+020
   7.8122699999999996E-003   6.1558808948205447E+020
   7.8003300000000003E-003   6.3030590704989936E+020
   7.7878699999999997E-003   6.4164336946047536E+020
   7.7817299999999997E-003   6.4915968608644261E+020
   7.7756400000000003E-003   6.6086701290855504E+020
   7.7628899999999997E-003   6.7673992535083437E+020
   7.7503800000000003E-003   6.8879037399270634E+020
   7.7438300000000002E-003   6.9716744274505839E+020
   7.7373299999999997E-003   7.0773452512957969E+020
   7.7275099999999999E-003   7.2050708732441788E+020
   7.7178200000000002E-003   7.3348277315672460E+020
   7.7078800000000003E-003   7.4669533111537317E+020
   7.6980800000000004E-003   7.6028302244428920E+020
   7.6878099999999998E-003   7.7423558538138236E+020
   7.6776800000000001E-003   7.8843523385662217E+020
   7.6672900000000002E-003   8.0727202548952334E+020
   7.6508499999999998E-003   8.2766002215250742E+020
   7.6386199999999996E-003   8.4541911750652133E+020
   7.6262700000000001E-003   8.6357018659800390E+020
   7.6138200000000003E-003   8.8453821509309078E+020
   7.5980400000000003E-003   9.0593031859844547E+020
   7.5854000000000000E-003   9.2559945372931824E+020
   7.5723099999999996E-003   9.4587935564161430E+020
   7.5592100000000002E-003   9.6532111001727350E+020
   7.5475100000000003E-003   9.8343809628597243E+020
   7.5363599999999998E-003   1.0051034171825340E+021
   7.5205200000000002E-003   1.0285140093668372E+021
   7.5074800000000004E-003   1.0486992370798530E+021
   7.4958200000000003E-003   1.0693902438003907E+021
   7.4820299999999998E-003   1.0934293301717049E+021
   7.4669200000000002E-003   1.1144245575917506E+021
   7.4569800000000002E-003   1.1336151896750862E+021
   7.4430099999999999E-003   1.1579415025875549E+021
   7.4265700000000004E-003   1.1808514386086454E+021
   7.4107399999999999E-003   1.2024079592128187E+021
   7.3960800000000002E-003   1.2168356374580463E+021
   7.3820300000000004E-003   1.2270770025336346E+021
   7.3661500000000001E-003   1.2200387756722862E+021
   7.3598700000000001E-003   1.2329142910708681E+021
   7.3450299999999998E-003   1.1997715325229846E+021
   7.3255999999999998E-003   1.1909329918074814E+021
   7.3118100000000002E-003   1.1392393769696162E+021
   7.2984900000000004E-003   1.0577074437115731E+021
   7.2833600000000000E-003   1.0129547697620738E+021
   7.2694700000000001E-003   9.8587410789754090E+020
   7.2635800000000004E-003   9.4680326311059640E+020
   7.2577199999999996E-003   9.1229016339080007E+020
   7.2434200000000004E-003   8.8457363031013366E+020
   7.2376899999999997E-003   8.6986771379226201E+020
   7.2311299999999997E-003   8.4210352250119835E+020
   7.2260299999999996E-003   8.4250416646300343E+020
   7.2179399999999999E-003   8.3030865044193254E+020
   7.2127600000000004E-003   8.1426204268537460E+020
   7.2078999999999997E-003   8.0687556891174122E+020
   7.2035099999999998E-003   8.1174871230441036E+020
   7.1982599999999997E-003   8.0171511688596370E+020
   7.1924600000000003E-003   7.9762209961395225E+020
   7.1866999999999999E-003   7.9966053024248693E+020
   7.1831999999999998E-003   8.0196605686477790E+020
   7.1784300000000004E-003   8.0311334176033577E+020
   7.1760599999999997E-003   8.0460357727125714E+020
   7.1742799999999999E-003   8.0733433913945856E+020
   7.1701200000000003E-003   8.1081314575020458E+020
   7.1677299999999998E-003   8.1410723138783425E+020
   7.1644200000000003E-003   8.1808580618357624E+020
   7.1617100000000000E-003   8.2516532744984016E+020
   7.1556700000000003E-003   8.3531031295500563E+020
   7.1511400000000003E-003   8.4341065871230462E+020
   7.1460200000000003E-003   8.5753532216653146E+020
   7.1400300000000003E-003   8.7060779140365130E+020
   7.1353199999999997E-003   8.8225032178377871E+020
   7.1308200000000004E-003   8.9543665324082397E+020
   7.1264700000000002E-003   9.0675152379280897E+020
   7.1225100000000003E-003   9.2060565664595575E+020
   7.1174799999999998E-003   9.3181627770657898E+020
   7.1154100000000000E-003   9.4160114004231494E+020
   7.1112800000000002E-003   9.5344215034037784E+020
   7.1085400000000000E-003   9.6471238188245674E+020
   7.1044300000000001E-003   9.7525087069037868E+020
   7.1023900000000001E-003   9.8568762664105817E+020
   7.0984000000000004E-003   9.9952667580176466E+020
   7.0945200000000000E-003   1.0099504079509337E+021
   7.0925800000000002E-003   1.0180960292600288E+021
   7.0900700000000004E-003   1.0318267809302855E+021
   7.0850499999999999E-003   1.0502550131391188E+021
   7.0800600000000000E-003   1.0688660338996216E+021
   7.0750900000000000E-003   1.0829224387133382E+021
   7.0726100000000000E-003   1.0909465078679129E+021
   7.0707599999999997E-003   1.1014868704670404E+021
   7.0670600000000000E-003   1.1155196447902037E+021
   7.0634199999999999E-003   1.1293341395620920E+021
   7.0598400000000004E-003   1.1428949028531115E+021
   7.0563199999999996E-003   1.1561944668370631E+021
   7.0528600000000002E-003   1.1715539091368810E+021
   7.0483400000000002E-003   1.1856388307895255E+021
   7.0455600000000002E-003   1.1962755666011895E+021
   7.0427800000000002E-003   1.2101282334436056E+021
   7.0382099999999996E-003   1.2255174892214079E+021
   7.0346300000000000E-003   1.2383154629929987E+021
   7.0314599999999998E-003   1.2494584888177575E+021
   7.0287199999999996E-003   1.2635834464807695E+021
   7.0241200000000000E-003   1.2811103507222081E+021
   7.0193199999999999E-003   1.3026788794921512E+021
   7.0131300000000002E-003   1.3192837425036046E+021
   7.0102000000000003E-003   1.3313293085370899E+021
   7.0072900000000002E-003   1.3478816545036430E+021
   7.0029300000000001E-003   1.3595329513099394E+021
   6.9971399999999998E-003   1.3882206839814787E+021
   6.9942499999999996E-003   1.3901339783937138E+021
   6.9913700000000002E-003   1.4005696555841974E+021
   6.9869099999999998E-003   1.4193822903545032E+021
   6.9806599999999996E-003   1.4438641534920848E+021
   6.9770400000000003E-003   1.4575830709032908E+021
   6.9709100000000003E-003   1.4834949995221046E+021
   6.9648799999999997E-003   1.4885498072910709E+021
   6.9614500000000001E-003   1.5006569362254542E+021
   6.9592500000000002E-003   1.5211003744389237E+021
   6.9548500000000003E-003   1.5284133685546632E+021
   6.9495299999999998E-003   1.5707884679074197E+021
   6.9464000000000001E-003   1.5661963402954712E+021
   6.9413900000000004E-003   1.5712811146149626E+021
   6.9388899999999996E-003   1.5787049172773222E+021
   6.9340199999999999E-003   1.6204060330056525E+021
   6.9269300000000004E-003   1.6264073720667575E+021
   6.9220599999999998E-003   1.6494472192025244E+021
   6.9172200000000000E-003   1.6646744258533149E+021
   6.9089099999999999E-003   1.6814047052184842E+021
   6.9044800000000002E-003   1.7016201047544100E+021
   6.9008000000000003E-003   1.7171371308698782E+021
   6.8971400000000004E-003   1.7348944429138934E+021
   6.8944499999999999E-003   1.7367098075753179E+021
   6.8924299999999997E-003   1.7512813031356671E+021
   6.8887699999999998E-003   1.7675696165974505E+021
   6.8871899999999996E-003   1.7814048735668769E+021
   6.8846500000000000E-003   1.7929816769079537E+021
   6.8826099999999999E-003   1.8086036842241518E+021
   6.8810399999999997E-003   1.8123671485431682E+021
   6.8794599999999996E-003   1.8212476492928078E+021
   6.8781700000000003E-003   1.8278300417040578E+021
   6.8768700000000002E-003   1.8340177095186278E+021
   6.8755900000000000E-003   1.8420974024442136E+021
   6.8743199999999997E-003   1.8571242923438587E+021
   6.8717200000000004E-003   1.8648940187038940E+021
   6.8691300000000002E-003   1.8707989819140129E+021
   6.8680000000000000E-003   1.8736065607959878E+021
   6.8668699999999997E-003   1.8917335974542157E+021
   6.8650600000000001E-003   1.8962641084964452E+021
   6.8632600000000004E-003   1.9007961113677304E+021
   6.8614599999999998E-003   1.9053296081036522E+021
   6.8596600000000001E-003   1.9193918248729672E+021
   6.8556199999999998E-003   1.9335751987622065E+021
   6.8515900000000003E-003   1.9552059594462690E+021
   6.8426199999999998E-003   1.9878911827753273E+021
   6.8226399999999996E-003   2.0346610593734242E+021
   6.8047400000000001E-003   2.0757942926060036E+021
   6.7903499999999997E-003   2.1154589363807789E+021
   6.7769500000000003E-003   2.1631902871367721E+021
   6.7572200000000004E-003   2.2183467444579811E+021
   6.7387200000000001E-003   2.2680389316350488E+021
   6.7222999999999996E-003   2.3155582643770370E+021
   6.7059499999999996E-003   2.3640639234660190E+021
   6.6897800000000002E-003   2.4165132871776810E+021
   6.6710399999999996E-003   2.4684725099318645E+021
   6.6554400000000003E-003   2.5172096531799867E+021
   6.6394599999999998E-003   2.5692531216406382E+021
   6.6220699999999999E-003   2.6261267479870356E+021
   6.6035000000000000E-003   2.6919607707078141E+021
   6.5810900000000004E-003   2.7557653994661935E+021
   6.5645000000000000E-003   2.8165620633701806E+021
   6.5445900000000003E-003   2.8837144803677312E+021
   6.5249300000000000E-003   2.9454550497900647E+021
   6.5086299999999996E-003   2.9928583712449207E+021
   6.4979800000000004E-003   3.0441079323571918E+021
   6.4795399999999998E-003   3.0973615125633895E+021
   6.4682500000000000E-003   3.1581829682949715E+021
   6.4458900000000001E-003   3.2288482409514921E+021
   6.4296300000000004E-003   3.2894259289567197E+021
   6.4135299999999998E-003   3.3450028764177624E+021
   6.4003999999999997E-003   3.3952667482093325E+021
   6.3873699999999999E-003   3.4792108306308682E+021
   6.3571699999999997E-003   3.5980496136898462E+021
   6.3274799999999999E-003   3.6861417243810280E+021
   6.3139299999999997E-003   3.7629637543916386E+021
   6.2902699999999997E-003   3.8337542657192205E+021
   6.2801300000000001E-003   3.9071267703572844E+021
   6.2557300000000001E-003   4.0118666866855159E+021
   6.2316600000000000E-003   4.0960210865197028E+021
   6.2177600000000001E-003   4.1574912429660701E+021
   6.2039699999999996E-003   4.2366924486845273E+021
   6.1826399999999997E-003   4.3342716590615843E+021
   6.1615600000000000E-003   4.4169575169804395E+021
   6.1473500000000002E-003   4.4835822732585683E+021
   6.1332499999999998E-003   4.5868077514761752E+021
   6.1041799999999998E-003   4.7279146635375579E+021
   6.0755499999999999E-003   4.8456695940634756E+021
   6.0571200000000000E-003   4.9390452500093133E+021
   6.0388600000000001E-003   5.0151843928446725E+021
   6.0278099999999998E-003   5.0721041754835009E+021
   6.0168200000000000E-003   5.1697174143360167E+021
   5.9906200000000003E-003   5.3372403726925557E+021
   5.9542600000000003E-003   5.5156738156489007E+021
   5.9257399999999997E-003   5.6466872690324936E+021
   5.9077899999999996E-003   5.7641650743111697E+021
   5.8846300000000001E-003   5.8979820502558221E+021
   5.8617200000000000E-003   6.0579879868954344E+021
   5.8306000000000000E-003   6.2472049328386862E+021
   5.7992199999999999E-003   6.3940757067374264E+021
   5.7833299999999997E-003   6.4931370920749742E+021
   5.7675499999999998E-003   6.6458682169587296E+021
   5.7352499999999999E-003   6.8544960677521559E+021
   5.7033900000000000E-003   7.0703691572752239E+021
   5.6705200000000001E-003   7.2930535606521283E+021
   5.6380800000000002E-003   7.5230642267217063E+021
   5.6046300000000002E-003   7.7613444218925173E+021
   5.5716200000000002E-003   8.0066604213859831E+021
   5.5375800000000003E-003   8.2606698980677800E+021
   5.5039700000000004E-003   8.5232010033991306E+021
   5.4693199999999997E-003   8.7939874046109926E+021
   5.4351099999999999E-003   9.0026911686529489E+021
   5.4176099999999998E-003   9.1447685959450425E+021
   5.4002099999999999E-003   9.3634763155258946E+021
   5.3646299999999996E-003   9.6626560345568098E+021
   5.3294800000000002E-003   9.8927495692952734E+021
   5.3115100000000002E-003   1.0049691518777361E+022
   5.2936399999999996E-003   1.0289642409460616E+022
   5.2574700000000002E-003   1.0619736165489098E+022
   5.2209700000000001E-003   1.0960936883418110E+022
   5.1841400000000003E-003   1.1313616643619637E+022
   5.1469699999999998E-003   1.1678203847576306E+022
   5.1094599999999997E-003   1.2055116374143253E+022
   5.0716099999999998E-003   1.2444790826701613E+022
   5.0334000000000004E-003   1.2847676067591953E+022
   4.9948400000000004E-003   1.3264234368880844E+022
   4.9559199999999999E-003   1.3694970217577239E+022
   4.9166300000000000E-003   1.4027553295684273E+022
   4.8967500000000001E-003   1.4254175550901102E+022
   4.8769699999999996E-003   1.4484176008826698E+022
   4.8569099999999999E-003   1.4718543005355201E+022
   4.8369399999999996E-003   1.5025528294890401E+022
   4.8051600000000002E-003   1.5407394255932173E+022
   4.7736200000000001E-003   1.5727211437377771E+022
   4.7530599999999999E-003   1.5982388842653974E+022
   4.7325900000000001E-003   1.6242238680478979E+022
   4.7118300000000002E-003   1.6506424962624657E+022
   4.6911599999999998E-003   1.6775204536469563E+022
   4.6702000000000002E-003   1.7048578102875197E+022
   4.6493300000000001E-003   1.7326789405286733E+022
   4.6281600000000001E-003   1.7609840585316785E+022
   4.6070800000000004E-003   1.7897825178487903E+022
   4.5856999999999998E-003   1.8190938065179895E+022
   4.5644099999999996E-003   1.8489168166150233E+022
   4.5428200000000004E-003   1.8792805021993123E+022
   4.5213099999999997E-003   1.9101928687702657E+022
   4.4995100000000000E-003   1.9416585158021645E+022
   4.4777799999999998E-003   1.9736855564272064E+022
   4.4557499999999996E-003   2.0063115865560841E+022
   4.4337999999999999E-003   2.0395449628189396E+022
   4.4115500000000002E-003   2.0733904816832990E+022
   4.3893700000000001E-003   2.1078784020653193E+022
   4.3668900000000000E-003   2.1429888814081137E+022
   4.3444699999999996E-003   2.1788070071415526E+022
   4.3217500000000001E-003   2.2153104150038007E+022
   4.2991000000000001E-003   2.2525395814145111E+022
   4.2761400000000003E-003   2.2904965365183694E+022
   4.2532400000000001E-003   2.3291492925427451E+022
   4.2301300000000003E-003   2.3686661665197264E+022
   4.2068899999999996E-003   2.4090026152175702E+022
   4.1835199999999996E-003   2.4501891074225619E+022
   4.1600200000000004E-003   2.4922455929481012E+022
   4.1363900000000002E-003   2.5352373552305127E+022
   4.1126399999999999E-003   2.5791663163532806E+022
   4.0887400000000004E-003   2.6241352396380551E+022
   4.0647100000000000E-003   2.6701299778457744E+022
   4.0405500000000004E-003   2.7172088033125941E+022
   4.0162399999999999E-003   2.7654359862357757E+022
   3.9918000000000002E-003   2.8148217875622078E+022
   3.9672099999999997E-003   2.8654094521746141E+022
   3.9424700000000000E-003   2.9172642123397009E+022
   3.9175900000000003E-003   2.9704118101050516E+022
   3.8925600000000002E-003   3.0248877219595892E+022
   3.8673700000000002E-003   3.0808377101686074E+022
   3.8420300000000002E-003   3.1382583964213902E+022
   3.8165400000000002E-003   3.1973221818658288E+022
   3.7908799999999999E-003   3.2582608031242661E+022
   3.7650700000000001E-003   3.3212112700063282E+022
   3.7390800000000001E-003   3.3859473036623464E+022
   3.7129300000000001E-003   3.4521267954275370E+022
   3.6866099999999999E-003   3.5195476884884543E+022
   3.6601200000000002E-003   3.5882249613502793E+022
   3.6334499999999999E-003   3.6581750506673014E+022
   3.6066000000000002E-003   3.7294153372505876E+022
   3.5795599999999999E-003   3.8019644369665318E+022
   3.5523400000000002E-003   3.8758415590095529E+022
   3.5249299999999999E-003   3.9510670608283449E+022
   3.4973199999999999E-003   4.0276618007330335E+022
   3.4695099999999999E-003   4.1056474679173278E+022
   3.4415000000000001E-003   4.1850463641543113E+022
   3.4132799999999999E-003   4.2658813607859496E+022
   3.3848500000000000E-003   4.3481758039538319E+022
   3.3562100000000001E-003   4.4319538617415402E+022
   3.3273399999999998E-003   4.5172398209205510E+022
   3.2982400000000000E-003   4.6040587736257822E+022
   3.2689099999999999E-003   4.6924360764538852E+022
   3.2393500000000002E-003   4.7823977720630737E+022
   3.2095399999999999E-003   4.8739699457361636E+022
   3.1794800000000002E-003   4.9671795745789359E+022
   3.1491599999999998E-003   5.0620535853235430E+022
   3.1185800000000001E-003   5.1586195980178847E+022
   3.0877299999999999E-003   5.2569055764195840E+022
   3.0566100000000000E-003   5.3569396263339369E+022
   3.0251900000000001E-003   5.4587503799531616E+022
   2.9934800000000002E-003   5.5623669573976477E+022
   2.9614699999999999E-003   5.6678186352348471E+022
   2.9291500000000002E-003   5.7751347726218504E+022
   2.8965000000000002E-003   5.8843454787673085E+022
   2.8635200000000000E-003   5.9954807953630232E+022
   2.8302000000000002E-003   6.1085713916904262E+022
   2.7965199999999998E-003   6.2236476365288931E+022
   2.7624799999999999E-003   6.3407407644241287E+022
   2.7280600000000000E-003   6.4598818812082168E+022
   2.6932400000000000E-003   6.5811022646235225E+022
   2.6580100000000001E-003   6.7044334947096056E+022
   2.6223599999999998E-003   6.8299070277187575E+022
   2.5862699999999999E-003   6.9575548927267171E+022
   2.5497200000000001E-003   7.0874088476622430E+022
   2.5126900000000001E-003   7.2195006916649044E+022
   2.4751600000000001E-003   7.3538626009447474E+022
   2.4371000000000002E-003   7.4905261841936296E+022
   2.3985100000000000E-003   7.6295233306312044E+022
   2.3593400000000001E-003   7.7708858888410446E+022
   2.3195700000000000E-003   7.9146172893056513E+022
   2.2791700000000001E-003   8.0609720059771346E+022
   2.2381100000000002E-003   8.2097874008479862E+022
   2.1963500000000001E-003   8.3610938975898619E+022
   2.1538400000000002E-003   8.5149215816047661E+022
   2.1105600000000000E-003   8.6712997006887971E+022
   2.0664400000000001E-003   8.8302044708750418E+022
   2.0214299999999998E-003   8.9919275219767523E+022
   1.9754799999999999E-003   9.1563028626119602E+022
   1.9285200000000000E-003   9.3228912158099083E+022
   1.8807900000000000E-003   9.4928138746186391E+022
   1.8312500000000000E-003   9.6659183048512942E+022
   1.7807500000000000E-003   9.8412044076609360E+022
   1.7288799999999999E-003   9.9935722156164089E+022
   1.6892900000000000E-003   1.0130503083093832E+023
   1.6482199999999999E-003   1.0327632389323368E+023
   1.5708499999999999E-003   1.0519170582005291E+023
   1.5275200000000001E-003   1.0663241348730995E+023
   1.4821000000000001E-003   1.0880538397191231E+023
   1.3879500000000000E-003   1.1118000818117092E+023
   1.3229500000000000E-003   1.1313332085371215E+023
   1.2551600000000000E-003   1.1509513647256120E+023
   1.1802900000000001E-003   1.1719088259034380E+023
   1.1005600000000000E-003   1.1931089904149926E+023
   1.0087900000000001E-003   1.2169633513319022E+023
   8.9933000000000005E-004   1.2467915058836844E+023
   7.0640999999999998E-004   1.2756415826140181E+023
   5.6782000000000002E-004   1.2936251904368674E+023
   4.8414999999999998E-004   1.3044037726350967E+023
   3.8298000000000000E-004   1.3120996335143479E+023
   3.1386000000000001E-004   1.3185318720545056E+023
   2.5071000000000002E-004   1.3203305114472819E+023
   2.0164000000000000E-004   1.3245255164356793E+023
   1.6417000000000000E-004   1.3253168827085924E+023
   1.3642999999999999E-004   1.3270666216615110E+023
   1.1689000000000000E-004   1.3272836775045453E+023
   1.0404999999999999E-004   1.3281023698575283E+023
   8.6870000000000000E-005   1.3286000345904389E+023
   6.8949999999999995E-005   1.3288885983271204E+023
   5.4719999999999998E-005   1.3293241705742254E+023
   4.3430000000000003E-005   1.3294630280863676E+023
   3.4470000000000000E-005   1.3295395081508062E+023
   2.7359999999999999E-005   1.3296969112090845E+023
   2.1719999999999999E-005   1.3297302105120901E+023
   1.7240000000000001E-005   1.3298018614778460E+023
   1.3679999999999999E-005   1.3298702877068266E+023
