   9.0153799999999999E-003   275709378296079.38     
   9.0152500000000007E-003   428308071924709.75     
   9.0151999999999993E-003   529097628757882.06     
   9.0151599999999995E-003   609546215222413.00     
   9.0151299999999997E-003   678408447520806.88     
   9.0151099999999998E-003   739503257412784.75     
   9.0150899999999999E-003   795014896799952.25     
   9.0150700000000000E-003   846119597029332.88     
   9.0150500000000001E-003   893747281343100.62     
   9.0150400000000002E-003   938516899785424.62     
   9.0150200000000003E-003   980823716168294.88     
   9.0150100000000004E-003   1021031824441422.9     
   9.0150000000000004E-003   1059457260440944.4     
   9.0149900000000005E-003   1096314002661044.8     
   9.0149800000000006E-003   1131752931342804.0     
   9.0149700000000006E-003   1165916423129409.2     
   9.0149600000000007E-003   1198946415301508.5     
   9.0149500000000007E-003   1230964217382833.0     
   9.0149400000000008E-003   1262072612675941.5     
   9.0149300000000009E-003   1292351871649280.5     
   9.0149300000000009E-003   1329131173132228.8     
   9.0149099999999992E-003   1371801136087511.0     
   9.0148999999999993E-003   1413027342996514.0     
   9.0148899999999994E-003   1452961642237994.5     
   9.0148799999999994E-003   1485348141985009.2     
   9.0148799999999994E-003   1510728522305752.0     
   9.0148699999999995E-003   1535662967419066.8     
   9.0148599999999995E-003   1560169491442463.0     
   9.0148599999999995E-003   1590227989698944.5     
   9.0148499999999996E-003   1625486830291015.5     
   9.0148399999999997E-003   1659915239615337.8     
   9.0148299999999997E-003   1693574988408366.8     
   9.0148199999999998E-003   1721075867570379.2     
   9.0148199999999998E-003   1742742765923770.8     
   9.0148099999999998E-003   1764127465421559.2     
   9.0148099999999998E-003   1785242024473578.2     
   9.0147999999999999E-003   1816433684561333.8     
   9.0147900000000000E-003   1847064239531558.2     
   9.0147900000000000E-003   1867192057047650.2     
   9.0147800000000000E-003   1896959812062679.0     
   9.0147800000000000E-003   1935882796493167.5     
   9.0147700000000001E-003   1973973121166865.0     
   9.0147600000000001E-003   2011273661198364.5     
   9.0147500000000002E-003   2038753825415062.8     
   9.0147500000000002E-003   2056849724852484.8     
   9.0147400000000003E-003   2074771272809527.2     
   9.0147400000000003E-003   2092522075756115.0     
   9.0147300000000003E-003   2118843825356510.5     
   9.0147300000000003E-003   2153390419860269.2     
   9.0147200000000004E-003   2187345798242015.2     
   9.0147100000000004E-003   2220743886266615.5     
   9.0147000000000005E-003   2259044762731253.0     
   9.0146900000000005E-003   2301984212200914.5     
   9.0146900000000005E-003   2344080031965548.0     
   9.0146800000000006E-003   2385370787492918.5     
   9.0146700000000007E-003   2425893718160443.5     
   9.0146600000000007E-003   2465683408976201.0     
   9.0146500000000008E-003   2504773684954184.5     
   9.0146400000000008E-003   2543196672343807.0     
   9.0146299999999992E-003   2585662164318578.0     
   9.0146199999999992E-003   2631947371899694.5     
   9.0146099999999993E-003   2677343987955312.0     
   9.0146099999999993E-003   2710840658958035.5     
   9.0145999999999993E-003   2732922086934413.5     
   9.0145999999999993E-003   2765685397229521.0     
   9.0145899999999994E-003   2808724233970453.5     
   9.0145799999999995E-003   2851061503443925.0     
   9.0145699999999995E-003   2892731118051815.5     
   9.0145599999999996E-003   2933762611106482.5     
   9.0145499999999996E-003   2974184080794625.0     
   9.0145399999999997E-003   3014022167552322.0     
   9.0145399999999997E-003   3053298572169169.5     
   9.0145299999999998E-003   3092032710262031.5     
   9.0145199999999998E-003   3130242391346645.5     
   9.0145099999999999E-003   3186613134883891.0     
   9.0144999999999999E-003   3251001252965940.5     
   9.0144900000000000E-003   3305084116253222.5     
   9.0144800000000001E-003   3358204180522754.5     
   9.0144700000000001E-003   3397441163666390.0     
   9.0144600000000002E-003   3423325749896639.0     
   9.0144600000000002E-003   3461756763405922.5     
   9.0144500000000002E-003   3512285688658873.0     
   9.0144400000000003E-003   3586653170382964.0     
   9.0144200000000004E-003   3659414889462014.5     
   9.0144100000000005E-003   3707102915547652.0     
   9.0144000000000005E-003   3754167390982530.0     
   9.0143900000000006E-003   3800634723851812.0     
   9.0143800000000007E-003   3846527190354003.5     
   9.0143700000000007E-003   3891868947893185.5     
   9.0143600000000008E-003   3936679355552255.0     
   9.0143500000000008E-003   3980974824583820.5     
   9.0143500000000008E-003   4032019528308072.5     
   9.0143299999999992E-003   4089541004773693.5     
   9.0143199999999993E-003   4174260234742233.0     
   9.0142999999999994E-003   4257144707925201.0     
   9.0142899999999995E-003   4311448208991818.0     
   9.0142799999999995E-003   4365018524664630.0     
   9.0142699999999996E-003   4417884131205076.5     
   9.0142599999999996E-003   4476551170985014.0     
   9.0142499999999997E-003   4540774618763352.0     
   9.0142399999999998E-003   4604035911809162.0     
   9.0142299999999998E-003   4666381171175246.0     
   9.0142099999999999E-003   4727851262028579.0     
   9.0142000000000000E-003   4788485160191063.0     
   9.0141900000000000E-003   4877968975950404.0     
   9.0141700000000002E-003   4971556105624215.0     
   9.0141600000000002E-003   5040587230517104.0     
   9.0141400000000003E-003   5108669771699149.0     
   9.0141300000000004E-003   5175839420449631.0     
   9.0141200000000005E-003   5242123701249878.0     
   9.0141100000000005E-003   5307550706058386.0     
   9.0140900000000006E-003   5372146410853689.0     
   9.0140800000000007E-003   5435937635416819.0     
   9.0140700000000008E-003   5498950219025428.0     
   9.0140600000000008E-003   5561211187696387.0     
   9.0140499999999991E-003   5622747449357884.0     
   9.0140399999999992E-003   5683584943748848.0     
   9.0140299999999993E-003   5773603127734593.0     
   9.0139999999999994E-003   5891383990463743.0     
   9.0139799999999996E-003   6006790176179110.0     
   9.0139599999999997E-003   6119973980647209.0     
   9.0139399999999998E-003   6231067822958529.0     
   9.0139199999999999E-003   6340183182664998.0     
   9.0139000000000000E-003   6447421088874673.0     
   9.0138800000000002E-003   6552872002971493.0     
   9.0138700000000002E-003   6656619741942959.0     
   9.0138500000000003E-003   6758743818161535.0     
   9.0138300000000005E-003   6859317082258101.0     
   9.0138100000000006E-003   6958404172481849.0     
   9.0137900000000007E-003   7056066523884972.0     
   9.0137800000000007E-003   7152359165910233.0     
   9.0137599999999991E-003   7247336631595938.0     
   9.0137399999999993E-003   7341052610824891.0     
   9.0137299999999993E-003   7479427915630234.0     
   9.0136999999999995E-003   7659939491899875.0     
   9.0136599999999997E-003   7792533437984341.0     
   9.0136499999999998E-003   7879728269593523.0     
   9.0136299999999999E-003   7965977420665647.0     
   9.0136200000000000E-003   8051311670917747.0     
   9.0136000000000001E-003   8163746726531381.0     
   9.0135800000000002E-003   8302146715360404.0     
   9.0135600000000003E-003   8438313693046401.0     
   9.0135300000000005E-003   8538999967546755.0     
   9.0135200000000006E-003   8605489752476359.0     
   9.0135100000000006E-003   8704294735858090.0     
   9.0134900000000007E-003   8834262516493723.0     
   9.0134700000000009E-003   8962316546846990.0     
   9.0134499999999992E-003   9088530342050754.0     
   9.0134199999999994E-003   9212970053834750.0     
   9.0133999999999995E-003   9335696860296764.0     
   9.0133799999999997E-003   9516786480872910.0     
   9.0133399999999999E-003   9694170901416144.0     
   9.0133200000000000E-003   9810643309037598.0     
   9.0133000000000001E-003   9925715438142736.0     
   9.0132800000000002E-003   10039444027382148.     
   9.0132700000000003E-003   10207705208957152.     
   9.0132300000000005E-003   10427686549123980.     
   9.0131900000000008E-003   10643117379983568.     
   9.0131599999999992E-003   10854312783705646.     
   9.0131199999999995E-003   11035803747294024.     
   9.0130999999999996E-003   11189097140586270.     
   9.0130699999999998E-003   11340363459080506.     
   9.0130499999999999E-003   11489690481920630.     
   9.0130200000000001E-003   11710337192729462.     
   9.0129800000000003E-003   11926702351564730.     
   9.0129500000000005E-003   12068880846088120.     
   9.0129300000000006E-003   12209396986863020.     
   9.0129100000000007E-003   12348304141940056.     
   9.0128900000000008E-003   12553893013612874.     
   9.0128399999999994E-003   12822750781029130.     
   9.0127999999999996E-003   13086088489510334.     
   9.0127599999999999E-003   13344226085648518.     
   9.0127200000000001E-003   13597488375791660.     
   9.0126800000000003E-003   13846179472675252.     
   9.0126400000000006E-003   14090570329933786.     
   9.0126000000000008E-003   14330891900634928.     
   9.0125599999999993E-003   14567362700764166.     
   9.0125299999999995E-003   14800190878283552.     
   9.0124899999999997E-003   15029552626852946.     
   9.0124599999999999E-003   15293019743012532.     
   9.0124100000000002E-003   15588757580460382.     
   9.0123600000000005E-003   15879143619639916.     
   9.0123200000000007E-003   16164500663417696.     
   9.0122799999999992E-003   16445122926225038.     
   9.0122299999999995E-003   16652531259904640.     
   9.0122099999999997E-003   16789510657352620.     
   9.0121899999999998E-003   16993094922483984.     
   9.0121500000000000E-003   17260828470108742.     
   9.0121100000000003E-003   17524627675497274.     
   9.0120700000000005E-003   17784659224137430.     
   9.0120300000000007E-003   18104782607304348.     
   9.0119799999999993E-003   18481726752159904.     
   9.0119199999999997E-003   18759502988830808.     
   9.0118899999999998E-003   19033768135666104.     
   9.0118400000000001E-003   19304001722997112.     
   9.0118100000000003E-003   19511875505875540.     
   9.0117800000000005E-003   19746823830333172.     
   9.0117400000000007E-003   19979103557575700.     
   9.0117099999999992E-003   20208796268360400.     
   9.0116799999999993E-003   20548923551914156.     
   9.0116099999999998E-003   20883256353967700.     
   9.0115799999999999E-003   21103480162000220.     
   9.0115500000000001E-003   21375802033037892.     
   9.0115000000000004E-003   21698168844852908.     
   9.0114500000000007E-003   22173819399677528.     
   9.0113599999999995E-003   22639202894975104.     
   9.0113199999999997E-003   22944846163793328.     
   9.0112800000000000E-003   23246759936289552.     
   9.0112300000000003E-003   23545078802104336.     
   9.0111900000000005E-003   23986474428109720.     
   9.0111099999999993E-003   24563116028410680.     
   9.0110299999999997E-003   25034049953215388.     
   9.0109800000000000E-003   25405174348401108.     
   9.0109200000000004E-003   25816876799075052.     
   9.0108600000000007E-003   26267185888012460.     
   9.0107999999999994E-003   26710462988779776.     
   9.0107399999999997E-003   27147041700147600.     
   9.0106800000000001E-003   27684076154034896.     
   9.0105900000000006E-003   28158620054075604.     
   9.0105500000000009E-003   28471174907304900.     
   9.0105099999999994E-003   28780619667138908.     
   9.0104699999999996E-003   29087069226295616.     
   9.0104199999999999E-003   29541699197887752.     
   9.0103400000000004E-003   30137800984450840.     
   9.0102600000000008E-003   30723417379060824.     
   9.0101899999999995E-003   31299067979328312.     
   9.0101100000000000E-003   31865253797811532.     
   9.0100400000000004E-003   32514752212430020.     
   9.0099399999999993E-003   33242608580664240.     
   9.0098499999999998E-003   33867606441715892.     
   9.0097800000000002E-003   34395338298333968.     
   9.0097100000000006E-003   34915814676652656.     
   9.0096399999999993E-003   35429302014293984.     
   9.0095799999999997E-003   36020096517429164.     
   9.0094900000000002E-003   36684408287889312.     
   9.0094100000000007E-003   37337998344545816.     
   9.0093199999999995E-003   37981441494387608.     
   9.0092400000000000E-003   38615235451818800.     
   9.0091600000000004E-003   39239826683563176.     
   9.0090799999999992E-003   39855644065563648.     
   9.0090099999999996E-003   40463101359423696.     
   9.0089300000000001E-003   41062548943570216.     
   9.0088600000000005E-003   41654267541937192.     
   9.0087899999999992E-003   42383849423084128.     
   9.0086799999999998E-003   43244137602039824.     
   9.0085700000000005E-003   43949013125698928.     
   9.0084999999999991E-003   44505949192109536.     
   9.0084399999999995E-003   45056689311379256.     
   9.0083699999999999E-003   45601452250630000.     
   9.0083000000000003E-003   46408618254932616.     
   9.0081699999999994E-003   47464738542840072.     
   9.0080500000000001E-003   48242607228948696.     
   9.0079900000000004E-003   48755503355687784.     
   9.0079300000000008E-003   49390219030626376.     
   9.0078399999999996E-003   50142091665641768.     
   9.0077500000000001E-003   50884073035097920.     
   9.0076600000000007E-003   51616599826393440.     
   9.0075699999999995E-003   52460140844932424.     
   9.0074600000000001E-003   53409374959267896.     
   9.0073500000000008E-003   54111054041454920.     
   9.0072999999999993E-003   54574705653625056.     
   9.0072399999999997E-003   55264137768750616.     
   9.0071400000000003E-003   56170925461954000.     
   9.0070299999999992E-003   57064851886378872.     
   9.0069299999999998E-003   57946534930354664.     
   9.0068300000000004E-003   59248973373343200.     
   9.0066399999999998E-003   60945167348866184.     
   9.0064499999999992E-003   62189030289211248.     
   9.0063499999999998E-003   63007138565697256.     
   9.0062600000000003E-003   63815976794002248.     
   9.0061700000000008E-003   64615897606929184.     
   9.0060799999999996E-003   65604306466183376.     
   9.0059500000000004E-003   66772930703493328.     
   9.0058199999999995E-003   67732885663294600.     
   9.0057399999999999E-003   68492752985485320.     
   9.0056600000000004E-003   69432747543852032.     
   9.0055299999999994E-003   70545559503331792.     
   9.0054100000000002E-003   71643020525235632.     
   9.0053000000000008E-003   72725813753062448.     
   9.0051799999999998E-003   73794590830961088.     
   9.0050600000000005E-003   74849940498888944.     
   9.0049499999999994E-003   75892398386919840.     
   9.0048400000000001E-003   76922467387970944.     
   9.0047300000000007E-003   77940623084843328.     
   9.0046199999999996E-003   78947311546989920.     
   9.0045200000000002E-003   80108279164165696.     
   9.0043799999999993E-003   81416940810527296.     
   9.0042400000000002E-003   82385873203537216.     
   9.0041700000000006E-003   83026833921742912.     
   9.0041099999999992E-003   84122151581177968.     
   9.0039500000000001E-003   85654577116510192.     
   9.0037899999999994E-003   86856164946564048.     
   9.0036999999999999E-003   87740250096938512.     
   9.0036100000000004E-003   88835108595579728.     
   9.0034699999999995E-003   90133041666802384.     
   9.0033400000000003E-003   91414889631878704.     
   9.0032099999999993E-003   92681273017031616.     
   9.0030800000000001E-003   94140580485113488.     
   9.0029099999999994E-003   95783956485953856.     
   9.0027500000000003E-003   96999594935443088.     
   9.0026700000000008E-003   97803342391027056.     
   9.0025899999999996E-003   98999221689590416.     
   9.0024300000000005E-003   1.0057319721433562E+017
   9.0022699999999997E-003   1.0212598106299264E+017
   9.0021200000000006E-003   1.0365842475300829E+017
   9.0019699999999998E-003   1.0517137552774302E+017
   9.0018200000000007E-003   1.0666570657545910E+017
   9.0016699999999998E-003   1.0814224137056694E+017
   9.0015300000000006E-003   1.0960173969950704E+017
   9.0013899999999997E-003   1.1104487641924664E+017
   9.0012500000000006E-003   1.1247217660988352E+017
   9.0011099999999997E-003   1.1423582357320838E+017
   9.0009100000000009E-003   1.1632054464448986E+017
   9.0007100000000003E-003   1.1803263609202240E+017
   9.0005799999999993E-003   1.1938790327901707E+017
   9.0004500000000001E-003   1.2073012326396438E+017
   9.0003199999999992E-003   1.2205967210891339E+017
   9.0001999999999999E-003   1.2370517181536696E+017
   9.0000099999999993E-003   1.2565412053666838E+017
   8.9998300000000003E-003   1.2757725591248610E+017
   8.9996499999999997E-003   1.2945859138288406E+017
   8.9994700000000007E-003   1.3129474070021643E+017
   8.9993000000000000E-003   1.3308966683535518E+017
   8.9991299999999993E-003   1.3455469768949282E+017
   8.9990199999999999E-003   1.3571026948877032E+017
   8.9989100000000006E-003   1.3741916121377069E+017
   8.9986900000000002E-003   1.3964415644794698E+017
   8.9984699999999997E-003   1.4154705295477174E+017
   8.9983200000000006E-003   1.4315024641272387E+017
   8.9981599999999998E-003   1.4472799285590413E+017
   8.9980100000000007E-003   1.4628164484247885E+017
   8.9978599999999999E-003   1.4806661075172707E+017
   8.9976599999999993E-003   1.5006925486582765E+017
   8.9974700000000005E-003   1.5203582164083642E+017
   8.9972799999999999E-003   1.5396837824322512E+017
   8.9970899999999993E-003   1.5586880169757197E+017
   8.9969100000000003E-003   1.5773881620044032E+017
   8.9967299999999997E-003   1.5958000709191248E+017
   8.9965500000000007E-003   1.6139382418860282E+017
   8.9963800000000000E-003   1.6318159933000445E+017
   8.9962099999999993E-003   1.6494456626698944E+017
   8.9960400000000003E-003   1.6668386016508938E+017
   8.9958699999999996E-003   1.6840052549433222E+017
   8.9957100000000005E-003   1.7051747422144067E+017
   8.9954700000000002E-003   1.7301357311397254E+017
   8.9952299999999999E-003   1.7505882151899315E+017
   8.9950800000000008E-003   1.7667511375684566E+017
   8.9949299999999999E-003   1.7827346078369392E+017
   8.9947800000000008E-003   1.7985445578835466E+017
   8.9946300000000000E-003   1.8219719310985203E+017
   8.9943400000000000E-003   1.8526157317004442E+017
   8.9940599999999999E-003   1.8751802880781750E+017
   8.9939200000000007E-003   1.8900580966146797E+017
   8.9937799999999998E-003   1.9121352929488122E+017
   8.9935199999999996E-003   1.9410801721257299E+017
   8.9932599999999994E-003   1.9624401290259101E+017
   8.9931300000000002E-003   1.9765410313203754E+017
   8.9929999999999993E-003   1.9974903838822979E+017
   8.9927500000000007E-003   2.0250088634904086E+017
   8.9925000000000005E-003   2.0521006224972378E+017
   8.9922700000000001E-003   2.0787861085957258E+017
   8.9920299999999998E-003   2.1064110563302656E+017
   8.9917799999999996E-003   2.1426635627086803E+017
   8.9914000000000001E-003   2.1794526149789584E+017
   8.9911300000000000E-003   2.2019421440933792E+017
   8.9910100000000007E-003   2.2242019543168349E+017
   8.9907500000000005E-003   2.2534728591961894E+017
   8.9905000000000002E-003   2.2823171303759152E+017
   8.9902599999999999E-003   2.3107532742439386E+017
   8.9900199999999996E-003   2.3457703663517910E+017
   8.9896700000000000E-003   2.3870059755790416E+017
   8.9893400000000002E-003   2.4341520103238989E+017
   8.9888999999999993E-003   2.4867918192717299E+017
   8.9884700000000001E-003   2.5254412428456867E+017
   8.9882699999999996E-003   2.5508699598718195E+017
   8.9880600000000008E-003   2.5760207171161805E+017
   8.9878600000000003E-003   2.6009020153587747E+017
   8.9876699999999997E-003   2.6285869690407853E+017
   8.9874199999999994E-003   2.6589681772598362E+017
   8.9871900000000008E-003   2.6889706215870653E+017
   8.9869500000000005E-003   2.7186086989559725E+017
   8.9867200000000001E-003   2.7566349531160550E+017
   8.9863700000000005E-003   2.8026392528997728E+017
   8.9860200000000008E-003   2.8534462867403718E+017
   8.9855899999999999E-003   2.9087562857290080E+017
   8.9851800000000006E-003   2.9687660144860602E+017
   8.9847000000000000E-003   3.0331408101901792E+017
   8.9842299999999993E-003   3.0804377578075021E+017
   8.9840000000000007E-003   3.1115616615597299E+017
   8.9837800000000002E-003   3.1627465713683277E+017
   8.9832699999999998E-003   3.2328716226154918E+017
   8.9827699999999993E-003   3.2965438548375834E+017
   8.9823600000000000E-003   3.3541892766979571E+017
   8.9819600000000006E-003   3.4201684936670477E+017
   8.9814500000000002E-003   3.4939411984509664E+017
   8.9809499999999997E-003   3.5661131304258323E+017
   8.9804700000000008E-003   3.6367872491397907E+017
   8.9800000000000001E-003   3.6888371797302419E+017
   8.9797799999999997E-003   3.7231363024460614E+017
   8.9795499999999993E-003   3.7655647680075245E+017
   8.9792199999999996E-003   3.8158178925819418E+017
   8.9788999999999997E-003   3.8818020863997779E+017
   8.9783699999999994E-003   3.9626360520848211E+017
   8.9778600000000007E-003   4.0381328717438534E+017
   8.9774099999999999E-003   4.1086181198937933E+017
   8.9769800000000007E-003   4.1783968346980013E+017
   8.9765499999999998E-003   4.2475076584646368E+017
   8.9761300000000006E-003   4.3267377278299590E+017
   8.9755800000000004E-003   4.4154953556314534E+017
   8.9750600000000000E-003   4.5024819475112230E+017
   8.9745499999999995E-003   4.5878035994919021E+017
   8.9740500000000008E-003   4.6715567064614861E+017
   8.9735700000000002E-003   4.7538291366433818E+017
   8.9730999999999995E-003   4.8196219173790688E+017
   8.9728099999999995E-003   4.8696413596848966E+017
   8.9725299999999994E-003   4.9191531035554010E+017
   8.9722499999999993E-003   4.9681729956181491E+017
   8.9719799999999992E-003   5.0408429833298592E+017
   8.9714500000000006E-003   5.1361095324878010E+017
   8.9709300000000002E-003   5.2389389825467085E+017
   8.9703200000000004E-003   5.3488811459834995E+017
   8.9697400000000004E-003   5.4517818797034566E+017
   8.9692200000000000E-003   5.5480435234719302E+017
   8.9687199999999995E-003   5.6544368289158656E+017
   8.9681099999999996E-003   5.7703788561547597E+017
   8.9675199999999997E-003   5.8840783494811264E+017
   8.9669399999999996E-003   5.9956660641094413E+017
   8.9663899999999994E-003   6.0783177105472448E+017
   8.9661099999999994E-003   6.1605220004043238E+017
   8.9655700000000008E-003   6.2416355034120243E+017
   8.9653100000000006E-003   6.3060919875855616E+017
   8.9649399999999994E-003   6.3807108003426726E+017
   8.9645799999999998E-003   6.4545016005501978E+017
   8.9642200000000002E-003   6.5274928546958707E+017
   8.9638700000000005E-003   6.6253427284331763E+017
   8.9632900000000005E-003   6.7469804938472166E+017
   8.9627200000000004E-003   6.8676393727032422E+017
   8.9621600000000003E-003   6.9873760695248371E+017
   8.9616100000000001E-003   7.1246909885483738E+017
   8.9609000000000008E-003   7.2786246455701530E+017
   8.9602199999999996E-003   7.3924209528752397E+017
   8.9598799999999999E-003   7.4678509510543322E+017
   8.9595400000000002E-003   7.5803711051080077E+017
   8.9588900000000006E-003   7.7284324116547635E+017
   8.9582499999999992E-003   7.8742392986570266E+017
   8.9576199999999995E-003   8.0179141928928512E+017
   8.9570199999999996E-003   8.1779543966559386E+017
   8.9562700000000006E-003   8.3534826817474918E+017
   8.9555499999999996E-003   8.5266278033963059E+017
   8.9548400000000004E-003   8.6975390941098970E+017
   8.9541499999999993E-003   8.8660569193749504E+017
   8.9534699999999998E-003   9.0323183325154522E+017
   8.9528200000000002E-003   9.1642404961459904E+017
   8.9524300000000008E-003   9.2631711627459507E+017
   8.9520399999999997E-003   9.3611643222961562E+017
   8.9516600000000002E-003   9.4582485659155456E+017
   8.9512900000000006E-003   9.6033890267405414E+017
   8.9505499999999998E-003   9.7946579047753408E+017
   8.9498300000000006E-003   9.9996996778591667E+017
   8.9490100000000003E-003   1.0217809749210650E+018
   8.9482099999999998E-003   1.0433581206196262E+018
   8.9474199999999993E-003   1.0647175389899643E+018
   8.9466600000000004E-003   1.0813210904643764E+018
   8.9462299999999995E-003   1.0933573029378598E+018
   8.9458000000000003E-003   1.1053347377732829E+018
   8.9453799999999993E-003   1.1172554011501167E+018
   8.9449600000000001E-003   1.1320844754487534E+018
   8.9443500000000002E-003   1.1497266993128531E+018
   8.9437400000000004E-003   1.1702853269984676E+018
   8.9429399999999999E-003   1.1936356329495660E+018
   8.9421599999999993E-003   1.2167653779776722E+018
   8.9414000000000004E-003   1.2396873576672394E+018
   8.9406499999999996E-003   1.2567014448757069E+018
   8.9402800000000001E-003   1.2680051986084856E+018
   8.9399100000000006E-003   1.2807807488096397E+018
   8.9394499999999998E-003   1.2949924526086687E+018
   8.9390000000000008E-003   1.3161969807029980E+018
   8.9381100000000008E-003   1.3441261553287398E+018
   8.9372400000000008E-003   1.3648324266320824E+018
   8.9368199999999998E-003   1.3785793581452467E+018
   8.9363900000000007E-003   1.3937860790340667E+018
   8.9358800000000002E-003   1.4104176538026317E+018
   8.9353799999999997E-003   1.4268996365476047E+018
   8.9348899999999992E-003   1.4432371820939325E+018
   8.9344000000000003E-003   1.4596783543600678E+018
   8.9339099999999998E-003   1.4762214795931136E+018
   8.9334299999999991E-003   1.5009698569973847E+018
   8.9324699999999996E-003   1.5336289943408484E+018
   8.9315400000000000E-003   1.5578829488506493E+018
   8.9310799999999992E-003   1.5740217757834527E+018
   8.9306200000000002E-003   1.5916649278651451E+018
   8.9300899999999999E-003   1.6107777142368113E+018
   8.9295599999999996E-003   1.6297261478581179E+018
   8.9290399999999992E-003   1.6581371950641687E+018
   8.9280100000000001E-003   1.6864925243079721E+018
   8.9274999999999997E-003   1.7053925632354460E+018
   8.9269899999999992E-003   1.7241426785007555E+018
   8.9265000000000004E-003   1.7497884428308997E+018
   8.9256400000000003E-003   1.7821203072748119E+018
   8.9248100000000000E-003   1.8145598735820237E+018
   8.9239699999999998E-003   1.8471059773347968E+018
   8.9231499999999995E-003   1.8782455563559747E+018
   8.9224000000000005E-003   1.9080302178869363E+018
   8.9216599999999997E-003   1.9322749916770079E+018
   8.9212000000000007E-003   1.9511249791470651E+018
   8.9207399999999999E-003   1.9810876132497610E+018
   8.9197500000000006E-003   2.0218249966346895E+018
   8.9187799999999994E-003   2.0537537131283564E+018
   8.9182199999999993E-003   2.0771541149576637E+018
   8.9176800000000007E-003   2.1112924709101187E+018
   8.9166300000000000E-003   2.1558267678963681E+018
   8.9156200000000008E-003   2.2031120325285466E+018
   8.9144900000000006E-003   2.2530419220635738E+018
   8.9133800000000003E-003   2.2919413449159045E+018
   8.9127600000000005E-003   2.3201815951295124E+018
   8.9121400000000007E-003   2.3484553508756741E+018
   8.9115300000000008E-003   2.3767638607519529E+018
   8.9109199999999993E-003   2.4157380784726528E+018
   8.9098700000000003E-003   2.4650565932532982E+018
   8.9088399999999995E-003   2.5082506224908104E+018
   8.9080600000000006E-003   2.5455250484010844E+018
   8.9072999999999999E-003   2.5799924032074373E+018
   8.9066500000000003E-003   2.6274827524331177E+018
   8.9053799999999992E-003   2.6929957463750630E+018
   8.9040300000000003E-003   2.7437292353183232E+018
   8.9033800000000007E-003   2.7772085305331722E+018
   8.9027299999999993E-003   2.8270034113429714E+018
   8.9014599999999999E-003   2.8919308019283267E+018
   8.9002200000000004E-003   2.9524280593440860E+018
   8.8990900000000001E-003   3.0011330721699599E+018
   8.8982899999999997E-003   3.0409082271422986E+018
   8.8975100000000008E-003   3.0985349585553541E+018
   8.8960199999999993E-003   3.1741957131439355E+018
   8.8945799999999992E-003   3.2528072337079020E+018
   8.8930899999999993E-003   3.3348312239314678E+018
   8.8916599999999991E-003   3.4088147616875320E+018
   8.8905300000000007E-003   3.4741650226182497E+018
   8.8894200000000003E-003   3.5541442611404739E+018
   8.8878399999999993E-003   3.6248829422003348E+018
   8.8870600000000004E-003   3.6715794940920760E+018
   8.8862999999999998E-003   3.7366959193289605E+018
   8.8849500000000008E-003   3.8197299186545608E+018
   8.8836300000000000E-003   3.8843075378858644E+018
   8.8829000000000009E-003   3.9309239841973181E+018
   8.8821700000000000E-003   3.9901975501663124E+018
   8.8810499999999997E-003   4.0618366689723735E+018
   8.8799599999999992E-003   4.1528729532373437E+018
   8.8782900000000005E-003   4.2376671008630815E+018
   8.8774000000000006E-003   4.3054414472409211E+018
   8.8762800000000003E-003   4.3813427792530970E+018
   8.8751799999999999E-003   4.4743761876411254E+018
   8.8735900000000006E-003   4.5567661011594214E+018
   8.8728100000000001E-003   4.6112195052049664E+018
   8.8720399999999994E-003   4.6955567167996037E+018
   8.8704500000000002E-003   4.7807829760403876E+018
   8.8696699999999996E-003   4.8371177608202342E+018
   8.8689000000000007E-003   4.8986735197257318E+018
   8.8679899999999992E-003   4.9653496296275087E+018
   8.8670899999999993E-003   5.0503802177410898E+018
   8.8657100000000006E-003   5.1532723604520069E+018
   8.8643599999999999E-003   5.2395772620574495E+018
   8.8634400000000002E-003   5.3097379338622669E+018
   8.8625400000000003E-003   5.3799868192199823E+018
   8.8616300000000005E-003   5.4890877402433597E+018
   8.8597699999999995E-003   5.6352112530390149E+018
   8.8579599999999998E-003   5.7843914096814500E+018
   8.8560700000000006E-003   5.8986943961100370E+018
   8.8551499999999991E-003   5.9741542906245038E+018
   8.8542399999999993E-003   6.0916710444305674E+018
   8.8523400000000002E-003   6.2497726312293960E+018
   8.8504900000000008E-003   6.4109544447310653E+018
   8.8485600000000001E-003   6.5343348357792276E+018
   8.8476200000000005E-003   6.6156335690560543E+018
   8.8466900000000008E-003   6.6991616098861425E+018
   8.8457099999999997E-003   6.7847937406830326E+018
   8.8447400000000002E-003   6.8696184532658780E+018
   8.8437800000000007E-003   6.9536198613769421E+018
   8.8428399999999994E-003   7.0398437465259121E+018
   8.8418500000000001E-003   7.1281402672279552E+018
   8.8408700000000007E-003   7.2587610586687785E+018
   8.8389499999999999E-003   7.3902637787740344E+018
   8.8379500000000007E-003   7.4808112609695293E+018
   8.8369499999999997E-003   7.5702546810526638E+018
   8.8359800000000002E-003   7.6585925012425585E+018
   8.8350100000000008E-003   7.7492756464634757E+018
   8.8339899999999999E-003   7.8416573985066240E+018
   8.8329900000000006E-003   7.9327331344506071E+018
   8.8319899999999996E-003   8.0225885994812518E+018
   8.8310200000000002E-003   8.1144323070054574E+018
   8.8299799999999994E-003   8.2080723567423273E+018
   8.8289700000000002E-003   8.3002749282927002E+018
   8.8279599999999993E-003   8.3911549967489905E+018
   8.8269700000000000E-003   8.4839364391770071E+018
   8.8259199999999993E-003   8.5784499299307100E+018
   8.8248900000000002E-003   8.6714019909344420E+018
   8.8238799999999992E-003   8.7629988399712420E+018
   8.8228700000000000E-003   8.8564380133485199E+018
   8.8218099999999994E-003   8.9516658463585946E+018
   8.8207700000000003E-003   9.0453093918886595E+018
   8.8197399999999995E-003   9.1377145812699034E+018
   8.8187200000000004E-003   9.2320709309752013E+018
   8.8176499999999998E-003   9.3283780159362519E+018
   8.8165899999999991E-003   9.4232219077544509E+018
   8.8155400000000002E-003   9.5169760565637366E+018
   8.8145199999999993E-003   9.6128820341020262E+018
   8.8134300000000006E-003   9.7109545447523922E+018
   8.8123600000000000E-003   9.8077380526263378E+018
   8.8112999999999993E-003   9.9035890759357665E+018
   8.8102600000000003E-003   1.0001937870185923E+019
   8.8091599999999999E-003   1.0102410802137629E+019
   8.8080699999999994E-003   1.0201035972668520E+019
   8.8070000000000006E-003   1.0300350786543909E+019
   8.8059499999999999E-003   1.0456750628447742E+019
   8.8037299999999992E-003   1.0664783233026028E+019
   8.8015799999999998E-003   1.0820846371763825E+019
   8.8004499999999996E-003   1.0928984062865066E+019
   8.7993399999999992E-003   1.1036052742872728E+019
   8.7982400000000006E-003   1.1144103066735946E+019
   8.7971600000000000E-003   1.1315282201059807E+019
   8.7948899999999997E-003   1.1542452454049819E+019
   8.7926900000000006E-003   1.1712508335562013E+019
   8.7915300000000005E-003   1.1830869587934849E+019
   8.7903900000000004E-003   1.2007969530343072E+019
   8.7881599999999997E-003   1.2249553223753046E+019
   8.7858399999999996E-003   1.2433108576634722E+019
   8.7846999999999995E-003   1.2556301080285276E+019
   8.7835799999999992E-003   1.2751854736610931E+019
   8.7812199999999993E-003   1.3010477027944190E+019
   8.7789400000000007E-003   1.3270751685307316E+019
   8.7765499999999993E-003   1.3470024340787988E+019
   8.7753799999999993E-003   1.3602188809848984E+019
   8.7742299999999992E-003   1.3810047223420883E+019
   8.7718199999999996E-003   1.4088452931848098E+019
   8.7694699999999997E-003   1.4372812964109920E+019
   8.7670200000000004E-003   1.4662865323839285E+019
   8.7646400000000006E-003   1.4880379684388051E+019
   8.7633899999999994E-003   1.5031211619077501E+019
   8.7621599999999997E-003   1.5262706214028177E+019
   8.7596600000000007E-003   1.5569112283505220E+019
   8.7572299999999995E-003   1.5876153952296296E+019
   8.7547800000000002E-003   1.6195119235946400E+019
   8.7522299999999997E-003   1.6520540884651633E+019
   8.7497500000000006E-003   1.6764308253781686E+019
   8.7484399999999997E-003   1.7020352546930026E+019
   8.7458899999999992E-003   1.7315266054772630E+019
   8.7439700000000002E-003   1.7574576706872504E+019
   8.7420099999999997E-003   1.7881168728513524E+019
   8.7394499999999993E-003   1.8238334374086556E+019
   8.7367799999999995E-003   1.8554041670644789E+019
   8.7348200000000008E-003   1.8827096893584581E+019
   8.7328100000000006E-003   1.9110219951223083E+019
   8.7308000000000004E-003   1.9391080689208664E+019
   8.7288299999999999E-003   1.9665252436052074E+019
   8.7269200000000009E-003   1.9932775084153324E+019
   8.7250499999999998E-003   2.0172903833538028E+019
   8.7235100000000003E-003   2.0389101154271089E+019
   8.7220000000000006E-003   2.0621019907203027E+019
   8.7202700000000005E-003   2.0865229209895612E+019
   8.7185700000000001E-003   2.1110720759583564E+019
   8.7168100000000002E-003   2.1361145487390433E+019
   8.7150700000000001E-003   2.1668636420399559E+019
   8.7125899999999992E-003   2.2016903472471626E+019
   8.7101599999999998E-003   2.2305185597972845E+019
   8.7083999999999998E-003   2.2550429032445247E+019
   8.7066699999999997E-003   2.2856668098337243E+019
   8.7041299999999992E-003   2.3203970358377300E+019
   8.7016600000000000E-003   2.3492224290210951E+019
   8.6998300000000004E-003   2.3735097396303720E+019
   8.6980400000000006E-003   2.3973849650622071E+019
   8.6962399999999992E-003   2.4210711183187378E+019
   8.6944699999999993E-003   2.4499197209240560E+019
   8.6919100000000006E-003   2.4822935161481474E+019
   8.6894199999999998E-003   2.5114263850589360E+019
   8.6872000000000008E-003   2.5382984351999230E+019
   8.6850299999999998E-003   2.5645092364148740E+019
   8.6828099999999991E-003   2.5903454876566471E+019
   8.6806499999999998E-003   2.6179110702125466E+019
   8.6780799999999995E-003   2.6468220536249680E+019
   8.6755800000000004E-003   2.6750517555717329E+019
   8.6730100000000001E-003   2.7023950291570201E+019
   8.6705199999999993E-003   2.7245573019473883E+019
   8.6686999999999997E-003   2.7436986849917792E+019
   8.6669299999999998E-003   2.7713650193548612E+019
   8.6636400000000002E-003   2.8054299188691911E+019
   8.6604899999999999E-003   2.8326040993450562E+019
   8.6583000000000007E-003   2.8552007031788614E+019
   8.6561699999999995E-003   2.8781956410504028E+019
   8.6540100000000002E-003   2.9013450639171633E+019
   8.6519000000000006E-003   2.9367143404313514E+019
   8.6476699999999997E-003   2.9725518944336663E+019
   8.6455500000000001E-003   2.9972058000052142E+019
   8.6434900000000002E-003   3.0271805800305426E+019
   8.6406299999999998E-003   3.0534805417846395E+019
   8.6392399999999994E-003   3.0710766695977058E+019
   8.6378800000000006E-003   3.0988825207639106E+019
   8.6350300000000001E-003   3.1272900317803004E+019
   8.6336399999999997E-003   3.1514568541979083E+019
   8.6315599999999999E-003   3.1814730182637707E+019
   8.6294300000000004E-003   3.2070996355838878E+019
   8.6280500000000000E-003   3.2386907379098960E+019
   8.6252499999999992E-003   3.2711589859769782E+019
   8.6238400000000007E-003   3.2932686984513901E+019
   8.6224500000000003E-003   3.3214975718443114E+019
   8.6203600000000005E-003   3.3566310471308427E+019
   8.6182299999999993E-003   3.3866557670942831E+019
   8.6168300000000007E-003   3.4107082111752352E+019
   8.6154600000000001E-003   3.4485555308261851E+019
   8.6125899999999998E-003   3.4938643779839517E+019
   8.6105000000000001E-003   3.5267416927295357E+019
   8.6090799999999999E-003   3.5610722179891798E+019
   8.6069200000000005E-003   3.6098682207387521E+019
   8.6041099999999999E-003   3.6525622522153279E+019
   8.6026399999999999E-003   3.6897878173261816E+019
   8.6004800000000006E-003   3.7343672077470343E+019
   8.5983599999999993E-003   3.7883881862280143E+019
   8.5954099999999995E-003   3.8400275759973482E+019
   8.5935899999999999E-003   3.8801770343776403E+019
   8.5917900000000002E-003   3.9298036455037846E+019
   8.5891900000000000E-003   3.9883252685334495E+019
   8.5866599999999994E-003   4.0530659217064575E+019
   8.5836300000000001E-003   4.1059145495958094E+019
   8.5821500000000002E-003   4.1413105169673003E+019
   8.5806800000000003E-003   4.2017833927307117E+019
   8.5772000000000001E-003   4.2863644471626228E+019
   8.5738199999999994E-003   4.3530329071764349E+019
   8.5718700000000005E-003   4.4168660237755761E+019
   8.5687899999999997E-003   4.5022993498901299E+019
   8.5652499999999999E-003   4.5790201564892422E+019
   8.5629199999999999E-003   4.6365600509590569E+019
   8.5608899999999998E-003   4.6903034388922941E+019
   8.5588999999999995E-003   4.7567380369275724E+019
   8.5560400000000009E-003   4.8331264359192297E+019
   8.5532400000000001E-003   4.9059904741888500E+019
   8.5507699999999992E-003   4.9743559802112025E+019
   8.5483399999999998E-003   5.0329199127517938E+019
   8.5466499999999994E-003   5.0809394325299585E+019
   8.5449800000000006E-003   5.1511084458775126E+019
   8.5417700000000006E-003   5.2446641360889954E+019
   8.5386200000000002E-003   5.3144318130798141E+019
   8.5370099999999994E-003   5.3625119429416567E+019
   8.5354000000000003E-003   5.4216432155933712E+019
   8.5331000000000001E-003   5.4913708392021221E+019
   8.5308299999999997E-003   5.5812834848824697E+019
   8.5272799999999999E-003   5.6931994896062964E+019
   8.5237000000000004E-003   5.8150390062670078E+019
   8.5196600000000001E-003   5.9249012404729840E+019
   8.5169000000000009E-003   6.0164045975214580E+019
   8.5141000000000001E-003   6.1292308893233766E+019
   8.5101599999999993E-003   6.2799968706291974E+019
   8.5052099999999992E-003   6.4022374972277654E+019
   8.5030300000000000E-003   6.4777014191859024E+019
   8.5008700000000006E-003   6.5665375067139973E+019
   8.4979700000000005E-003   6.6707330169909232E+019
   8.4949899999999991E-003   6.7765067523630260E+019
   8.4920499999999993E-003   6.8839748604905701E+019
   8.4890199999999999E-003   6.9942779104026903E+019
   8.4859800000000006E-003   7.1049547455300125E+019
   8.4829799999999993E-003   7.1990260870201901E+019
   8.4808699999999997E-003   7.3149139853616669E+019
   8.4767100000000001E-003   7.4930638971695497E+019
   8.4714300000000003E-003   7.6636809273948733E+019
   8.4677199999999998E-003   7.7963786924717949E+019
   8.4644799999999999E-003   7.9224741358029144E+019
   8.4611800000000004E-003   8.0939304954959069E+019
   8.4556600000000003E-003   8.2727989417709208E+019
   8.4520299999999993E-003   8.3829149504823198E+019
   8.4500800000000004E-003   8.5083915710619910E+019
   8.4457400000000002E-003   8.6807308584405729E+019
   8.4414899999999994E-003   8.8135880004511039E+019
   8.4391499999999994E-003   8.9080988549834392E+019
   8.4368299999999993E-003   9.0474068159068013E+019
   8.4323400000000000E-003   9.2297122305765327E+019
   8.4279400000000001E-003   9.3580962054886277E+019
   8.4261000000000006E-003   9.4337466438796182E+019
   8.4242899999999992E-003   9.5620097149224042E+019
   8.4199500000000007E-003   9.7418306645175501E+019
   8.4156999999999999E-003   9.8762744711645774E+019
   8.4135000000000008E-003   9.9690298761894543E+019
   8.4113199999999999E-003   1.0100170226865121E+020
   8.4073399999999993E-003   1.0269014785825744E+020
   8.4034299999999999E-003   1.0412260042559150E+020
   8.4006800000000006E-003   1.0530531985798116E+020
   8.3979599999999995E-003   1.0665390361408147E+020
   8.3944699999999994E-003   1.0816513689283623E+020
   8.3910400000000007E-003   1.0988697660933420E+020
   8.3866400000000008E-003   1.1181301514073750E+020
   8.3823200000000004E-003   1.1358319294787890E+020
   8.3786599999999996E-003   1.1587037417246622E+020
   8.3721100000000003E-003   1.1799613035199409E+020
   8.3692000000000003E-003   1.1939086378293764E+020
   8.3659700000000004E-003   1.2085790249233727E+020
   8.3627700000000003E-003   1.2312262905486169E+020
   8.3561199999999999E-003   1.2616279832738438E+020
   8.3496300000000002E-003   1.2930348796523663E+020
   8.3426799999999999E-003   1.3254164460920735E+020
   8.3359000000000003E-003   1.3500352909984213E+020
   8.3322399999999994E-003   1.3674306932140428E+020
   8.3286300000000001E-003   1.3858405731501013E+020
   8.3245899999999998E-003   1.4052539785126175E+020
   8.3205999999999992E-003   1.4236717964173761E+020
   8.3170099999999997E-003   1.4411232436036565E+020
   8.3134599999999999E-003   1.4620745918859225E+020
   8.3084900000000000E-003   1.4864519345880528E+020
   8.3035899999999996E-003   1.5134845040676664E+020
   8.2976400000000002E-003   1.5430754600600158E+020
   8.2917900000000003E-003   1.5707229109754678E+020
   8.2866699999999995E-003   1.5965416324206412E+020
   8.2816200000000000E-003   1.6232841219467274E+020
   8.2761499999999995E-003   1.6484898682747834E+020
   8.2718700000000006E-003   1.6705094485993439E+020
   8.2676399999999997E-003   1.7001695438762823E+020
   8.2605100000000004E-003   1.7372780013037460E+020
   8.2535100000000004E-003   1.7723268951293818E+020
   8.2472899999999991E-003   1.8052445324786008E+020
   8.2411800000000007E-003   1.8359526374687687E+020
   8.2357600000000000E-003   1.8755939624983006E+020
   8.2265700000000008E-003   1.9105749005736817E+020
   8.2229199999999999E-003   1.9305131125815037E+020
   8.2193100000000005E-003   1.9601992251644684E+020
   8.2121899999999994E-003   1.9994246073137630E+020
   8.2051899999999994E-003   2.0312047929153185E+020
   8.2008199999999993E-003   2.0557098896997060E+020
   8.1964900000000007E-003   2.0844773216003188E+020
   8.1906600000000006E-003   2.1174258049539513E+020
   8.1849100000000001E-003   2.1540181766989267E+020
   8.1779000000000001E-003   2.2031454483142446E+020
   8.1679300000000003E-003   2.2527449945412603E+020
   8.1608600000000007E-003   2.2851840537771668E+020
   8.1568700000000001E-003   2.3218217624663320E+020
   8.1484999999999995E-003   2.3712133738628697E+020
   8.1402799999999997E-003   2.4086775251372353E+020
   8.1359699999999993E-003   2.4345816258175232E+020
   8.1317000000000004E-003   2.4603285943445743E+020
   8.1274699999999995E-003   2.4859352494499244E+020
   8.1232800000000001E-003   2.5257301463690618E+020
   8.1144900000000002E-003   2.5794138797492283E+020
   8.1058699999999994E-003   2.6342491534264707E+020
   8.0968600000000009E-003   2.6902136654599874E+020
   8.0880199999999996E-003   2.7327176185674151E+020
   8.0833799999999994E-003   2.7620473796909220E+020
   8.0787900000000006E-003   2.7912173651918121E+020
   8.0742399999999999E-003   2.8202311711170593E+020
   8.0697400000000006E-003   2.8653270895527248E+020
   8.0602799999999995E-003   2.9261394465489994E+020
   8.0510100000000008E-003   2.9721181919437704E+020
   8.0461400000000002E-003   3.0039831854028633E+020
   8.0413199999999994E-003   3.0356773426306200E+020
   8.0365499999999999E-003   3.0672031373253699E+020
   8.0318200000000003E-003   3.1161784004843897E+020
   8.0219000000000002E-003   3.1822552407592750E+020
   8.0121700000000007E-003   3.2496055209110936E+020
   8.0020100000000004E-003   3.3184830316861928E+020
   7.9920400000000006E-003   3.3708083567938771E+020
   7.9868200000000004E-003   3.4068990870798428E+020
   7.9816399999999999E-003   3.4427995926836983E+020
   7.9765099999999992E-003   3.4785195935934428E+020
   7.9714299999999998E-003   3.5339840149759446E+020
   7.9607800000000006E-003   3.6088202427044181E+020
   7.9503300000000002E-003   3.6653858831080849E+020
   7.9448499999999998E-003   3.7045878649148618E+020
   7.9394200000000009E-003   3.7435867778224790E+020
   7.9340399999999998E-003   3.7823851947045552E+020
   7.9287200000000002E-003   3.8426335010732730E+020
   7.9175500000000006E-003   3.9239317017826656E+020
   7.9065899999999998E-003   4.0069070414655429E+020
   7.8951600000000000E-003   4.0916439759467872E+020
   7.8839400000000007E-003   4.1560252228136934E+020
   7.8780599999999992E-003   4.2004193532333176E+020
   7.8722400000000008E-003   4.2445882329322068E+020
   7.8664700000000004E-003   4.2885420319941860E+020
   7.8607599999999996E-003   4.3567488877394107E+020
   7.8487799999999996E-003   4.4487932415525080E+020
   7.8370300000000000E-003   4.5183968130927329E+020
   7.8308700000000002E-003   4.5665942615959490E+020
   7.8247700000000000E-003   4.6383827424787005E+020
   7.8127400000000003E-003   4.7363849450338891E+020
   7.8001900000000002E-003   4.8115476874356661E+020
   7.7940099999999997E-003   4.8612366506204968E+020
   7.7878799999999996E-003   4.9383792320696091E+020
   7.7750400000000004E-003   5.0424974778567747E+020
   7.7624499999999997E-003   5.1212190453184699E+020
   7.7558499999999999E-003   5.1757402173624392E+020
   7.7493099999999997E-003   5.2443110052688108E+020
   7.7394200000000003E-003   5.3268695589776123E+020
   7.7296700000000001E-003   5.4104105755332621E+020
   7.7196599999999997E-003   5.4951200397649006E+020
   7.7098000000000002E-003   5.5818640134411151E+020
   7.6994600000000000E-003   5.6705719063165613E+020
   7.6892699999999998E-003   5.7604652709753389E+020
   7.6788100000000003E-003   5.8791246356397503E+020
   7.6622699999999997E-003   6.0068310249159852E+020
   7.6499699999999999E-003   6.1173961695942148E+020
   7.6375499999999999E-003   6.2298446929748165E+020
   7.6250099999999998E-003   6.3590173573559733E+020
   7.6091500000000003E-003   6.4900138381833627E+020
   7.5964300000000004E-003   6.6097698224063788E+020
   7.5832599999999997E-003   6.7325656371802931E+020
   7.5700899999999998E-003   6.8496542332874418E+020
   7.5583100000000004E-003   6.9582171243993157E+020
   7.5471000000000002E-003   7.0873581460035496E+020
   7.5311800000000002E-003   7.2260888688390426E+020
   7.5180600000000000E-003   7.3450615869908936E+020
   7.5063300000000003E-003   7.4664489911600467E+020
   7.4924700000000002E-003   7.6066311537647629E+020
   7.4772800000000002E-003   7.7283994066135731E+020
   7.4672899999999997E-003   7.8393777050513166E+020
   7.4532399999999999E-003   7.9794407025906470E+020
   7.4367200000000000E-003   8.1113487122475529E+020
   7.4208000000000000E-003   8.2349014858507328E+020
   7.4060699999999998E-003   8.3188106378355789E+020
   7.3919399999999996E-003   8.3798139935588260E+020
   7.3759799999999999E-003   8.3449833771106527E+020
   7.3696800000000000E-003   8.4187649143306650E+020
   7.3547600000000001E-003   8.2390294583047343E+020
   7.3352299999999999E-003   8.1907701188968553E+020
   7.3213799999999997E-003   7.8922550148872431E+020
   7.3080000000000003E-003   7.3975012068245884E+020
   7.2927900000000004E-003   7.1076916240109194E+020
   7.2788400000000000E-003   6.9239498147965882E+020
   7.2729200000000004E-003   6.6553637270603340E+020
   7.2670399999999998E-003   6.4003769737748388E+020
   7.2526900000000000E-003   6.1797663777992829E+020
   7.2469300000000004E-003   6.0543424592180727E+020
   7.2403399999999996E-003   5.8138577805780189E+020
   7.2352199999999997E-003   5.7984252169074023E+020
   7.2271000000000002E-003   5.6671588111340365E+020
   7.2218999999999998E-003   5.4893200636400042E+020
   7.2170200000000002E-003   5.3834264916934643E+020
   7.2126100000000004E-003   5.4112109945828488E+020
   7.2073399999999996E-003   5.2417168523151442E+020
   7.2015200000000003E-003   5.1078828422209457E+020
   7.1957300000000000E-003   5.0754505243174496E+020
   7.1922300000000000E-003   5.0494076789753656E+020
   7.1874399999999998E-003   4.9746086030061188E+020
   7.1850600000000001E-003   4.9399566042381713E+020
   7.1832700000000003E-003   4.9062662550914118E+020
   7.1790999999999999E-003   4.8876410090639013E+020
   7.1767100000000002E-003   4.8671847935036981E+020
   7.1733900000000000E-003   4.8416054327687964E+020
   7.1706599999999997E-003   4.7934051557486422E+020
   7.1646000000000001E-003   4.7385037643245945E+020
   7.1600600000000002E-003   4.7225536237224532E+020
   7.1549200000000004E-003   4.6657400457062357E+020
   7.1489099999999996E-003   4.6326933749539360E+020
   7.1441899999999999E-003   4.6095436130487317E+020
   7.1396799999999998E-003   4.5805731140674788E+020
   7.1353099999999997E-003   4.5650034078599656E+020
   7.1313399999999999E-003   4.5434282160785418E+020
   7.1262900000000004E-003   4.5281707171591225E+020
   7.1242199999999997E-003   4.5166989045019378E+020
   7.1200800000000000E-003   4.5016515878770803E+020
   7.1173199999999999E-003   4.4902280690589742E+020
   7.1132100000000000E-003   4.4801550598592410E+020
   7.1111600000000001E-003   4.4709731161011205E+020
   7.1071600000000004E-003   4.4598336759722567E+020
   7.1032600000000001E-003   4.4521091930481636E+020
   7.1013200000000004E-003   4.4463442947068631E+020
   7.0987999999999997E-003   4.4376300923765254E+020
   7.0937700000000001E-003   4.4273560887656101E+020
   7.0887600000000004E-003   4.4184270137678515E+020
   7.0837799999999996E-003   4.4126098045206469E+020
   7.0812899999999996E-003   4.4098448983720670E+020
   7.0794300000000003E-003   4.4063003865397677E+020
   7.0757299999999997E-003   4.4021412389023934E+020
   7.0720799999999997E-003   4.3986632925018725E+020
   7.0684900000000002E-003   4.3957511731579126E+020
   7.0649600000000003E-003   4.3934258222274170E+020
   7.0614900000000001E-003   4.3912109702817087E+020
   7.0569600000000001E-003   4.3896655156366508E+020
   7.0541700000000002E-003   4.3888888828243142E+020
   7.0513800000000003E-003   4.3884023212700572E+020
   7.0467999999999998E-003   4.3883830475057267E+020
   7.0432100000000003E-003   4.3888027523796841E+020
   7.0400400000000000E-003   4.3895805066892424E+020
   7.0372899999999999E-003   4.3908740218316259E+020
   7.0326800000000004E-003   4.3936321403702025E+020
   7.0278600000000004E-003   4.3958845063668217E+020
   7.0216499999999999E-003   4.4038400661844020E+020
   7.0187200000000000E-003   4.4038361405505936E+020
   7.0158000000000000E-003   4.4046754506566232E+020
   7.0114299999999999E-003   4.4167920091117748E+020
   7.0056199999999997E-003   4.4198768353920477E+020
   7.0027300000000004E-003   4.4204771543791206E+020
   6.9998500000000002E-003   4.4320342396090240E+020
   6.9953699999999999E-003   4.4383843813295489E+020
   6.9890999999999998E-003   4.4469611379558561E+020
   6.9854799999999996E-003   4.4557212478174993E+020
   6.9793399999999997E-003   4.4672153851082342E+020
   6.9732900000000000E-003   4.4743968919877072E+020
   6.9698499999999997E-003   4.4879052063532614E+020
   6.9676399999999998E-003   4.4909180564550667E+020
   6.9632399999999999E-003   4.5021331922413126E+020
   6.9579000000000004E-003   4.5122404041842950E+020
   6.9547599999999999E-003   4.5221066898991310E+020
   6.9497400000000003E-003   4.5315939941069042E+020
   6.9472400000000004E-003   4.5411990247781610E+020
   6.9423599999999999E-003   4.5572850179964450E+020
   6.9352499999999996E-003   4.5739133026149538E+020
   6.9303699999999999E-003   4.5878445452757860E+020
   6.9255200000000001E-003   4.6074171544804852E+020
   6.9171900000000001E-003   4.6267545851843563E+020
   6.9127499999999996E-003   4.6444039716416861E+020
   6.9053900000000000E-003   4.6648905402364926E+020
   6.9020200000000000E-003   4.6710560221714055E+020
   6.8999999999999999E-003   4.6792522080546213E+020
   6.8973200000000002E-003   4.6938094142200041E+020
   6.8914099999999997E-003   4.7141757681950012E+020
   6.8854399999999996E-003   4.7358769725286777E+020
   6.8786100000000003E-003   4.7598328811640822E+020
   6.8729200000000002E-003   4.7770917922231537E+020
   6.8686199999999998E-003   4.7974399327067223E+020
   6.8620900000000004E-003   4.8201614688091308E+020
   6.8567400000000001E-003   4.8366534250089415E+020
   6.8535599999999999E-003   4.8535194547262285E+020
   6.8475699999999999E-003   4.8758209453099588E+020
   6.8433100000000000E-003   4.8916578947844486E+020
   6.8390600000000001E-003   4.9150791859204896E+020
   6.8316599999999998E-003   4.9402277585116162E+020
   6.8274499999999997E-003   4.9616495423600086E+020
   6.8211599999999997E-003   4.9912055645141873E+020
   6.8135499999999998E-003   5.0205333799731541E+020
   6.8075799999999997E-003   5.0441163133574690E+020
   6.8028300000000002E-003   5.0674024944000926E+020
   6.7969099999999998E-003   5.0971564947621911E+020
   6.7900699999999996E-003   5.1278677595312233E+020
   6.7832700000000001E-003   5.1602874574188419E+020
   6.7761399999999999E-003   5.1926430010490139E+020
   6.7695000000000003E-003   5.2290035756030322E+020
   6.7609200000000001E-003   5.2678786861235012E+020
   6.7532900000000003E-003   5.3090388793250664E+020
   6.7444799999999997E-003   5.3518730094875574E+020
   6.7357199999999997E-003   5.4030512516840672E+020
   6.7247399999999999E-003   5.4587639780755957E+020
   6.7138400000000004E-003   5.5298139828337397E+020
   6.6976500000000003E-003   5.6230466136793855E+020
   6.6788799999999999E-003   5.7166313064972688E+020
   6.6632499999999999E-003   5.8039207374561201E+020
   6.6472500000000004E-003   5.8981471711274382E+020
   6.6298299999999998E-003   6.0003565509751210E+020
   6.6112300000000001E-003   6.1188226455413771E+020
   6.5887899999999998E-003   6.2328037300724354E+020
   6.5721699999999996E-003   6.3410730950981779E+020
   6.5522300000000000E-003   6.4594857616260556E+020
   6.5325399999999999E-003   6.5683801920103514E+020
   6.5162199999999997E-003   6.6507733304531983E+020
   6.5055499999999997E-003   6.7404819665294616E+020
   6.4870900000000000E-003   6.8329523713290286E+020
   6.4757800000000004E-003   6.9386713038935006E+020
   6.4533899999999998E-003   7.0612588784254163E+020
   6.4371100000000002E-003   7.1651253971446320E+020
   6.4209799999999997E-003   7.2598320881832991E+020
   6.4078299999999998E-003   7.3453084606744730E+020
   6.3947900000000000E-003   7.4880983933851048E+020
   6.3645400000000001E-003   7.6889467099720738E+020
   6.3348099999999997E-003   7.8361894694580113E+020
   6.3212399999999997E-003   7.9644556862618128E+020
   6.2975499999999998E-003   8.0821941458820766E+020
   6.2873900000000003E-003   8.2037405698411043E+020
   6.2629499999999998E-003   8.3763541075527821E+020
   6.2388499999999998E-003   8.5132638787182408E+020
   6.2249300000000000E-003   8.6140314100607903E+020
   6.2111199999999997E-003   8.7430143476923865E+020
   6.1897699999999998E-003   8.9004575042393486E+020
   6.1686500000000003E-003   9.0328701134279043E+020
   6.1544199999999999E-003   9.1400359682293655E+020
   6.1402999999999996E-003   9.3050909615214756E+020
   6.1111999999999998E-003   9.5287529773223025E+020
   6.0825200000000001E-003   9.7137848038735846E+020
   6.0640700000000004E-003   9.8596193700852715E+020
   6.0457799999999997E-003   9.9771585340838812E+020
   6.0347200000000004E-003   1.0066142185325482E+021
   6.0237099999999998E-003   1.0217478822245800E+021
   5.9974700000000004E-003   1.0475379640406852E+021
   5.9610699999999997E-003   1.0747377463710514E+021
   5.9325000000000003E-003   1.0945028891080030E+021
   5.9145300000000003E-003   1.1121786951234931E+021
   5.8913400000000001E-003   1.1322157185149639E+021
   5.8684000000000002E-003   1.1560087394246567E+021
   5.8372399999999996E-003   1.1839419072568558E+021
   5.8058099999999998E-003   1.2053704213789401E+021
   5.7898999999999997E-003   1.2198597316203229E+021
   5.7740999999999999E-003   1.2420695296748038E+021
   5.7417600000000003E-003   1.2721346740220105E+021
   5.7098499999999998E-003   1.3029448452277304E+021
   5.6769400000000001E-003   1.3345210799281634E+021
   5.6444599999999996E-003   1.3668834331494866E+021
   5.6109699999999998E-003   1.4000496365249534E+021
   5.5779100000000002E-003   1.4340400938423660E+021
   5.5438199999999997E-003   1.4688793248226277E+021
   5.5101700000000000E-003   1.5045885284406117E+021
   5.4754699999999996E-003   1.5411882919768181E+021
   5.4412100000000001E-003   1.5690748837027997E+021
   5.4236900000000001E-003   1.5880628383145911E+021
   5.4062700000000003E-003   1.6171508218419216E+021
   5.3706500000000003E-003   1.6565642073242075E+021
   5.3354500000000003E-003   1.6866030036581346E+021
   5.3174499999999996E-003   1.7070531929421348E+021
   5.2995500000000001E-003   1.7381572193796240E+021
   5.2633400000000000E-003   1.7806034602806949E+021
   5.2267900000000003E-003   1.8241158929948300E+021
   5.1899099999999998E-003   1.8687224407010404E+021
   5.1526999999999996E-003   1.9144413768877301E+021
   5.1151399999999998E-003   1.9613240021127594E+021
   5.0772300000000003E-003   2.0093788964267774E+021
   5.0389800000000002E-003   2.0586481356902582E+021
   5.0003699999999996E-003   2.1091585742453258E+021
   4.9613900000000004E-003   2.1609447118401868E+021
   4.9220599999999998E-003   2.2007188892330067E+021
   4.9021500000000001E-003   2.2276013903689797E+021
   4.8823499999999997E-003   2.2548209989519121E+021
   4.8622600000000002E-003   2.2823833105598843E+021
   4.8422600000000001E-003   2.3182933917488322E+021
   4.8104400000000000E-003   2.3627587134720123E+021
   4.7788600000000002E-003   2.3997828856159493E+021
   4.7582700000000002E-003   2.4291593592876727E+021
   4.7377799999999996E-003   2.4588986960030010E+021
   4.7169899999999999E-003   2.4890057701616748E+021
   4.6962999999999996E-003   2.5194852022576784E+021
   4.6753100000000002E-003   2.5503396845261129E+021
   4.6544100000000003E-003   2.5815752971679517E+021
   4.6332200000000004E-003   2.6131919795610148E+021
   4.6121100000000000E-003   2.6451913355567227E+021
   4.5907099999999996E-003   2.6775951155852146E+021
   4.5693900000000004E-003   2.7104003963143413E+021
   4.5477699999999996E-003   2.7436265908854299E+021
   4.5262400000000000E-003   2.7772699887017567E+021
   4.5044000000000004E-003   2.8113565398721946E+021
   4.4826500000000003E-003   2.8458776938285226E+021
   4.4605900000000004E-003   2.8808728283232427E+021
   4.4386199999999999E-003   2.9163313813788956E+021
   4.4163400000000004E-003   2.9522873182308684E+021
   4.3941300000000004E-003   2.9887307563277442E+021
   4.3716199999999997E-003   3.0256982370143715E+021
   4.3491700000000003E-003   3.0632742908988484E+021
   4.3264300000000000E-003   3.1011161296130115E+021
   4.3037400000000003E-003   3.1392512806512991E+021
   4.2807599999999998E-003   3.1779583968897867E+021
   4.2578299999999998E-003   3.2121403165085868E+021
   4.2346900000000002E-003   3.2524386356318993E+021
   4.2114199999999996E-003   3.2932491194959932E+021
   4.1880299999999997E-003   3.3345781095963097E+021
   4.1644999999999998E-003   3.3764319837460444E+021
   4.1408499999999997E-003   3.4188171539747166E+021
   4.1170599999999996E-003   3.4617400773627515E+021
   4.0931400000000003E-003   3.5052072089947330E+021
   4.0690900000000000E-003   3.5492250100222127E+021
   4.0448899999999998E-003   3.5937999444030563E+021
   4.0205600000000003E-003   3.6389384743072013E+021
   3.9960799999999999E-003   3.6846470559262200E+021
   3.9714599999999996E-003   3.7309322277786223E+021
   3.9466900000000001E-003   3.7778007496400075E+021
   3.9217799999999997E-003   3.8252598724427262E+021
   3.8967099999999998E-003   3.8733178236819142E+021
   3.8714900000000000E-003   3.9219845698728661E+021
   3.8461200000000002E-003   3.9712726891801729E+021
   3.8205900000000000E-003   4.0211980745778250E+021
   3.7948999999999999E-003   4.0717797530029743E+021
   3.7690499999999999E-003   4.1230378821757693E+021
   3.7430300000000001E-003   4.1752984603816247E+021
   3.7168399999999999E-003   4.2279595496206516E+021
   3.6904899999999998E-003   4.2813294716877716E+021
   3.6639600000000000E-003   4.3353441463605705E+021
   3.6372499999999999E-003   4.3900598497974273E+021
   3.6103600000000000E-003   4.4454748412980175E+021
   3.5832799999999999E-003   4.5015903452435301E+021
   3.5560200000000000E-003   4.5584104188362170E+021
   3.5285700000000000E-003   4.6100189649769411E+021
   3.5009300000000002E-003   4.6689915314364445E+021
   3.4730899999999999E-003   4.7291655873418242E+021
   3.4450499999999998E-003   4.7901890446378182E+021
   3.4167999999999998E-003   4.8520721303697055E+021
   3.3883400000000001E-003   4.9148254621189915E+021
   3.3596600000000000E-003   4.9784600046528480E+021
   3.3307599999999999E-003   5.0429870683848274E+021
   3.3016299999999998E-003   5.1084182957823770E+021
   3.2722699999999999E-003   5.1747656474879056E+021
   3.2426700000000000E-003   5.2420414226815013E+021
   3.2128299999999999E-003   5.3102582185252230E+021
   3.1827399999999999E-003   5.3794289510034367E+021
   3.1523900000000001E-003   5.4495668236941850E+021
   3.1217800000000002E-003   5.5206853473232780E+021
   3.0908899999999998E-003   5.5927983546372624E+021
   3.0597300000000001E-003   5.6659200767683430E+021
   3.0282799999999999E-003   5.7400659084267099E+021
   2.9965399999999998E-003   5.8152502426433172E+021
   2.9644900000000002E-003   5.8914881435815777E+021
   2.9321400000000002E-003   5.9687949707225533E+021
   2.8994500000000000E-003   6.0471863809812097E+021
   2.8664400000000000E-003   6.1266784079958801E+021
   2.8330800000000000E-003   6.2072877437940557E+021
   2.7993699999999998E-003   6.2890300866887313E+021
   2.7652900000000001E-003   6.3719227793559739E+021
   2.7308300000000001E-003   6.4559830506773099E+021
   2.6959800000000002E-003   6.5412284793235628E+021
   2.6607100000000002E-003   6.6276769501059754E+021
   2.6250200000000000E-003   6.7153466519343837E+021
   2.5888899999999999E-003   6.8042561336006421E+021
   2.5523000000000000E-003   6.8944243058200354E+021
   2.5152299999999998E-003   6.9858703585019272E+021
   2.4776600000000000E-003   7.0786138952699918E+021
   2.4395699999999998E-003   7.1726748356921021E+021
   2.4009399999999998E-003   7.2680734514841974E+021
   2.3617299999999998E-003   7.3648303775389896E+021
   2.3219199999999999E-003   7.4629655347782694E+021
   2.2814799999999998E-003   7.5625091795403659E+021
   2.2403700000000002E-003   7.6634753870720412E+021
   2.1985600000000000E-003   7.7658862344716660E+021
   2.1560199999999998E-003   7.8697642098086925E+021
   2.1126900000000000E-003   7.9751321841051642E+021
   2.0685199999999999E-003   8.0820112964887312E+021
   2.0234699999999999E-003   8.1904357987365526E+021
   1.9774699999999998E-003   8.3004219228489117E+021
   1.9304599999999999E-003   8.4116350080983803E+021
   1.8826800000000001E-003   8.5248029654657563E+021
   1.8330899999999999E-003   8.6400090043939291E+021
   1.7825499999999999E-003   8.7564915553211651E+021
   1.7306200000000000E-003   8.8597194467292175E+021
   1.6909900000000001E-003   8.9493735317243565E+021
   1.6498699999999999E-003   9.0771857203848723E+021
   1.5724300000000001E-003   9.2084163636060624E+021
   1.5290499999999999E-003   9.3018954857814793E+021
   1.4835800000000000E-003   9.4424309706425400E+021
   1.3893400000000000E-003   9.6032107794386943E+021
   1.3242799999999999E-003   9.7308526784485586E+021
   1.2564200000000001E-003   9.8624530224654162E+021
   1.1814700000000000E-003   9.9992898950264489E+021
   1.1016699999999999E-003   1.0142118365299363E+022
   1.0097999999999999E-003   1.0298017056241712E+022
   9.0023000000000002E-004   1.0496674631432255E+022
   7.0711000000000005E-004   1.0704506278210051E+022
   5.6839000000000000E-004   1.0821067863068852E+022
   4.8463000000000000E-004   1.0894292403226690E+022
   3.8336000000000002E-004   1.0954476763532315E+022
   3.1418000000000000E-004   1.0991349359908353E+022
   2.5096000000000000E-004   1.1016304381136833E+022
   2.0185000000000000E-004   1.1033042158874708E+022
   1.6432999999999999E-004   1.1042615121227834E+022
   1.3657000000000000E-004   1.1048879971350415E+022
   1.1701000000000001E-004   1.1052217538668120E+022
   1.0415000000000000E-004   1.1054977223248667E+022
   8.6959999999999994E-005   1.1057648873077043E+022
   6.9020000000000000E-005   1.1059683425023821E+022
   5.4780000000000001E-005   1.1061065645416706E+022
   4.3479999999999997E-005   1.1061882748392530E+022
   3.4510000000000000E-005   1.1062393169262055E+022
   2.7390000000000000E-005   1.1062757922304543E+022
   2.1739999999999999E-005   1.1062961644918509E+022
   1.7249999999999999E-005   1.1063110041013135E+022
   1.3689999999999999E-005   1.1063237962457288E+022
