   8.9706700000000000E-003   253584388843485.94     
   8.9705800000000006E-003   407081577136240.81     
   8.9705300000000009E-003   509512188845149.00     
   8.9704999999999993E-003   591786543847086.38     
   8.9704799999999994E-003   662476774857651.88     
   8.9704599999999995E-003   725427813938614.38     
   8.9704399999999997E-003   782739668561295.38     
   8.9704299999999997E-003   835725639637590.88     
   8.9704199999999998E-003   885182310709066.25     
   8.9703999999999999E-003   931744666249873.25     
   8.9703900000000000E-003   975835885382291.88     
   8.9703800000000000E-003   1017766799000760.0     
   8.9703700000000001E-003   1057815196620586.1     
   8.9703600000000001E-003   1096229974891467.2     
   8.9703600000000001E-003   1133202193575496.5     
   8.9703500000000002E-003   1168876164691508.8     
   8.9703400000000003E-003   1203375184005326.5     
   8.9703300000000003E-003   1236815643505918.8     
   8.9703300000000003E-003   1269306817287851.2     
   8.9703200000000004E-003   1300940577517201.8     
   8.9703100000000004E-003   1339377773662274.0     
   8.9703000000000005E-003   1384041564670664.2     
   8.9702900000000006E-003   1427251174178739.0     
   8.9702900000000006E-003   1469143554381881.2     
   8.9702800000000006E-003   1503145743731553.0     
   8.9702700000000007E-003   1529794399385216.8     
   8.9702700000000007E-003   1555990354122705.8     
   8.9702600000000007E-003   1581758689717365.5     
   8.9702600000000007E-003   1613394091414562.2     
   8.9702500000000008E-003   1650568462537991.0     
   8.9702400000000009E-003   1686918033093682.2     
   8.9702400000000009E-003   1722486348715719.8     
   8.9702299999999992E-003   1751566138808792.5     
   8.9702299999999992E-003   1774473466052661.0     
   8.9702199999999992E-003   1797080954838468.8     
   8.9702199999999992E-003   1819399678718269.2     
   8.9702199999999992E-003   1852350016428631.2     
   8.9702099999999993E-003   1884731445672574.0     
   8.9701999999999994E-003   1906000648343963.2     
   8.9701999999999994E-003   1937449983154108.8     
   8.9701899999999994E-003   1978609875590604.2     
   8.9701899999999994E-003   2018921977277276.0     
   8.9701799999999995E-003   2058436127943572.5     
   8.9701699999999995E-003   2087578378129303.0     
   8.9701699999999995E-003   2106769668651482.2     
   8.9701699999999995E-003   2125780864422650.0     
   8.9701599999999996E-003   2144615051484592.5     
   8.9701599999999996E-003   2172536296556649.0     
   8.9701499999999997E-003   2209192432004159.8     
   8.9701499999999997E-003   2245209620183182.5     
   8.9701399999999997E-003   2280616236331971.0     
   8.9701399999999997E-003   2321179538283945.5     
   8.9701299999999998E-003   2366621181696785.0     
   8.9701199999999998E-003   2411123896840254.0     
   8.9701199999999998E-003   2454733690044913.5     
   8.9701099999999999E-003   2497497228723089.5     
   8.9700999999999999E-003   2539457717570161.0     
   8.9700999999999999E-003   2580656727460499.5     
   8.9700900000000000E-003   2621133154636570.5     
   8.9700800000000001E-003   2665841745497690.0     
   8.9700800000000001E-003   2714561165954205.5     
   8.9700700000000001E-003   2762319963861663.5     
   8.9700600000000002E-003   2797554567719885.0     
   8.9700600000000002E-003   2820762463461121.0     
   8.9700500000000002E-003   2855165948373449.0     
   8.9700500000000002E-003   2900341363922755.5     
   8.9700400000000003E-003   2944733407596414.5     
   8.9700300000000004E-003   2988374040466200.0     
   8.9700300000000004E-003   3031291806281938.0     
   8.9700200000000004E-003   3073516003731394.5     
   8.9700100000000005E-003   3115076268826139.0     
   8.9700100000000005E-003   3156002759236669.0     
   8.9700000000000005E-003   3196323627156129.0     
   8.9700000000000005E-003   3236064286564478.0     
   8.9699900000000006E-003   3294602022344176.0     
   8.9699800000000007E-003   3361475014565452.5     
   8.9699700000000007E-003   3417581526235310.5     
   8.9699600000000008E-003   3472649256094344.0     
   8.9699500000000008E-003   3513318837901359.0     
   8.9699500000000008E-003   3540125846702232.5     
   8.9699500000000008E-003   3579889967797056.0     
   8.9699399999999992E-003   3632147775303702.0     
   8.9699299999999992E-003   3708863868304596.5     
   8.9699199999999993E-003   3783853250300843.0     
   8.9699099999999993E-003   3832835343085060.5     
   8.9698999999999994E-003   3881083384767239.0     
   8.9698999999999994E-003   3928634331675163.0     
   8.9698899999999995E-003   3975519929592092.5     
   8.9698799999999995E-003   4021770371734373.0     
   8.9698799999999995E-003   4067411430347196.0     
   8.9698699999999996E-003   4112469485091433.5     
   8.9698599999999996E-003   4164323749010931.5     
   8.9698499999999997E-003   4222718129973496.0     
   8.9698499999999997E-003   4308592274230625.0     
   8.9698299999999998E-003   4392744276112988.5     
   8.9698199999999999E-003   4447824430270742.0     
   8.9698099999999999E-003   4502142174909283.5     
   8.9698099999999999E-003   4555717063649659.0     
   8.9698000000000000E-003   4615118168324834.0     
   8.9697900000000001E-003   4680095378295065.0     
   8.9697800000000001E-003   4744019150605345.0     
   8.9697700000000002E-003   4806921626867934.0     
   8.9697600000000002E-003   4868831060251691.0     
   8.9697600000000002E-003   4929772443826727.0     
   8.9697500000000003E-003   5019370012296162.0     
   8.9697300000000004E-003   5112903648322953.0     
   8.9697200000000005E-003   5181668388191699.0     
   8.9697100000000005E-003   5249356833592947.0     
   8.9697000000000006E-003   5316031115009116.0     
   8.9696900000000006E-003   5381747463541902.0     
   8.9696800000000007E-003   5446560070843624.0     
   8.9696700000000008E-003   5510519544643426.0     
   8.9696700000000008E-003   5573674582527878.0     
   8.9696600000000008E-003   5636071581185029.0     
   8.9696499999999992E-003   5697742456714328.0     
   8.9696399999999992E-003   5758699986175949.0     
   8.9696299999999993E-003   5818957083762811.0     
   8.9696199999999993E-003   5908009650061822.0     
   8.9696099999999994E-003   6024464320377403.0     
   8.9695899999999995E-003   6138353271280295.0     
   8.9695799999999996E-003   6249816703132889.0     
   8.9695599999999997E-003   6358980968496525.0     
   8.9695499999999997E-003   6465961014096616.0     
   8.9695299999999999E-003   6570893789583005.0     
   8.9695199999999999E-003   6673913872351081.0     
   8.9695000000000000E-003   6775144987055587.0     
   8.9694900000000001E-003   6874696678353129.0     
   8.9694800000000002E-003   6972656108995765.0     
   8.9694600000000003E-003   7069102917848150.0     
   8.9694500000000003E-003   7164112047085148.0     
   8.9694400000000004E-003   7257753699016769.0     
   8.9694200000000005E-003   7350081157580897.0     
   8.9694100000000006E-003   7441135722295639.0     
   8.9694000000000006E-003   7575341391818691.0     
   8.9693700000000008E-003   7750225054053089.0     
   8.9693499999999992E-003   7878498886528457.0     
   8.9693399999999993E-003   7962666092894403.0     
   8.9693299999999993E-003   8045827966206069.0     
   8.9693199999999994E-003   8128020840672851.0     
   8.9693099999999994E-003   8236139182700655.0     
   8.9692899999999996E-003   8369105225710648.0     
   8.9692699999999997E-003   8499769047530835.0     
   8.9692499999999998E-003   8596371554206957.0     
   8.9692399999999999E-003   8660119256493528.0     
   8.9692399999999999E-003   8754798689993956.0     
   8.9692200000000000E-003   8879382820098307.0     
   8.9692000000000001E-003   9002096577341310.0     
   8.9691900000000001E-003   9123001857854748.0     
   8.9691700000000003E-003   9242166382436376.0     
   8.9691500000000004E-003   9359659727356230.0     
   8.9691400000000004E-003   9532842349907840.0     
   8.9691100000000006E-003   9702688973662484.0     
   8.9690900000000007E-003   9814034147340810.0     
   8.9690800000000008E-003   9923955108023914.0     
   8.9690599999999992E-003   10032510107871368.     
   8.9690499999999992E-003   10192861362126358.     
   8.9690199999999994E-003   10402401688937572.     
   8.9689899999999996E-003   10607341612709932.     
   8.9689699999999997E-003   10808076817465636.     
   8.9689399999999999E-003   10980565155730442.     
   8.9689200000000000E-003   11126210259163856.     
   8.9689000000000001E-003   11269925777098272.     
   8.9688800000000003E-003   11411785075839294.     
   8.9688600000000004E-003   11621236301662964.     
   8.9688300000000006E-003   11827024999254210.     
   8.9688100000000007E-003   11962210651991266.     
   8.9687900000000008E-003   12095841550921134.     
   8.9687800000000008E-003   12227943949640940.     
   8.9687599999999992E-003   12423274148176626.     
   8.9687299999999994E-003   12678730335376634.     
   8.9686899999999996E-003   12928842124784768.     
   8.9686599999999998E-003   13173955544974568.     
   8.9686300000000000E-003   13414348890684688.     
   8.9686000000000002E-003   13650321316428966.     
   8.9685700000000004E-003   13882158855556644.     
   8.9685400000000005E-003   14110118682313978.     
   8.9685100000000007E-003   14334402265923054.     
   8.9684799999999992E-003   14555179684934066.     
   8.9684499999999993E-003   14772620618208188.     
   8.9684299999999995E-003   15022290641417142.     
   8.9683899999999997E-003   15302567954830404.     
   8.9683599999999999E-003   15577670443670318.     
   8.9683200000000001E-003   15847833645494234.     
   8.9682900000000003E-003   16113321222134096.     
   8.9682500000000005E-003   16309534785698308.     
   8.9682400000000006E-003   16439024400639442.     
   8.9682200000000007E-003   16631350369500628.     
   8.9681899999999991E-003   16884325228574854.     
   8.9681599999999993E-003   17133535907313098.     
   8.9681299999999995E-003   17379190716955128.     
   8.9680999999999997E-003   17681578042567202.     
   8.9680500000000000E-003   18038002978632428.     
   8.9680100000000002E-003   18300911672285656.     
   8.9679900000000003E-003   18560216295223140.     
   8.9679500000000006E-003   18815940978816128.     
   8.9679300000000007E-003   19012479391950696.     
   8.9678999999999991E-003   19234612828830608.     
   8.9678699999999993E-003   19454185687293760.     
   8.9678399999999995E-003   19671277630397632.     
   8.9678199999999996E-003   19992473420254268.     
   8.9677699999999999E-003   20308432265181904.     
   8.9677400000000001E-003   20516369168889852.     
   8.9677200000000002E-003   20773369186458584.     
   8.9676800000000004E-003   21077605321972928.     
   8.9676400000000007E-003   21525964787914924.     
   8.9675699999999994E-003   21965015866997484.     
   8.9675399999999995E-003   22253057081975032.     
   8.9674999999999998E-003   22537553775982804.     
   8.9674700000000000E-003   22818687201299868.     
   8.9674400000000001E-003   23234422127798104.     
   8.9673700000000005E-003   23777758611404196.     
   8.9673099999999992E-003   24221444725695660.     
   8.9672699999999994E-003   24570813726814636.     
   8.9672299999999996E-003   24958149148387800.     
   8.9671799999999999E-003   25381653986363704.     
   8.9671300000000002E-003   25798261793304948.     
   8.9670800000000005E-003   26208329930280188.     
   8.9670300000000008E-003   26712367467449072.     
   8.9669599999999995E-003   27158099424578484.     
   8.9669299999999997E-003   27451466629597928.     
   8.9668999999999999E-003   27741864907671892.     
   8.9668600000000001E-003   28029391271227044.     
   8.9668300000000003E-003   28455599471017708.     
   8.9667700000000006E-003   29014544584699852.     
   8.9666999999999993E-003   29563558739899268.     
   8.9666399999999997E-003   30103146746855116.     
   8.9665800000000000E-003   30633755609764268.     
   8.9665200000000004E-003   31242081928613520.     
   8.9664500000000008E-003   31923654706928060.     
   8.9663699999999995E-003   32508702451203280.     
   8.9663199999999998E-003   33002324873751944.     
   8.9662600000000002E-003   33489016250664716.     
   8.9662100000000005E-003   33969106211826888.     
   8.9661600000000008E-003   34521317338575524.     
   8.9660899999999995E-003   35142274404028672.     
   8.9660199999999999E-003   35753005907147204.     
   8.9659600000000002E-003   36354034312076336.     
   8.9658900000000007E-003   36945867173348096.     
   8.9658299999999993E-003   37528967001710000.     
   8.9657699999999996E-003   38103703228553224.     
   8.9657100000000000E-003   38670406577456328.     
   8.9656500000000004E-003   39229382157029464.     
   8.9655900000000007E-003   39780907515130688.     
   8.9655299999999993E-003   40460373961543960.     
   8.9654399999999999E-003   41261377412646400.     
   8.9653600000000003E-003   41917499693308720.     
   8.9653000000000007E-003   42435524203359488.     
   8.9652499999999993E-003   42947608668440416.     
   8.9651999999999996E-003   43453967201945312.     
   8.9651399999999999E-003   44203490994439600.     
   8.9650400000000005E-003   45184014849134560.     
   8.9649399999999994E-003   45906103901029936.     
   8.9648899999999997E-003   46381836357947320.     
   8.9648400000000000E-003   46970330438583248.     
   8.9647700000000004E-003   47667560053860064.     
   8.9647000000000008E-003   48355551374970824.     
   8.9646299999999995E-003   49034665228983048.     
   8.9645599999999999E-003   49816331316017384.     
   8.9644700000000004E-003   50695889454969328.     
   8.9643799999999992E-003   51346186058404896.     
   8.9643399999999995E-003   51775661227179672.     
   8.9642999999999997E-003   52413986897843080.     
   8.9642100000000002E-003   53253818539849456.     
   8.9641300000000007E-003   54081658803104536.     
   8.9640499999999994E-003   54898006977048400.     
   8.9639699999999999E-003   56102666562861520.     
   8.9638099999999991E-003   57671311488812408.     
   8.9636600000000000E-003   58821518172594080.     
   8.9635800000000005E-003   59577351953669136.     
   8.9635099999999992E-003   60324433793445648.     
   8.9634399999999996E-003   61063069353466160.     
   8.9633700000000000E-003   61975190212163480.     
   8.9632600000000007E-003   63053395926673384.     
   8.9631599999999995E-003   63938923817552912.     
   8.9630899999999999E-003   64639546079699160.     
   8.9630300000000003E-003   65505901990148264.     
   8.9629299999999992E-003   66531627845601664.     
   8.9628299999999998E-003   67543071421994640.     
   8.9627300000000003E-003   68540837279185152.     
   8.9626399999999991E-003   69525489217637944.     
   8.9625499999999997E-003   70497530396688112.     
   8.9624600000000002E-003   71457416566854192.     
   8.9623700000000008E-003   72405560088340144.     
   8.9622799999999996E-003   73342363681109232.     
   8.9621900000000001E-003   74268249050216688.     
   8.9621100000000006E-003   75335414632542800.     
   8.9619999999999995E-003   76537981594012384.     
   8.9618900000000001E-003   77428242893331536.     
   8.9618300000000005E-003   78016801117927984.     
   8.9617800000000008E-003   79021826748170816.     
   8.9616499999999998E-003   80427896468481200.     
   8.9615200000000006E-003   81530278503765744.     
   8.9614499999999993E-003   82340975683390720.     
   8.9613699999999998E-003   83344576657116608.     
   8.9612700000000003E-003   84534267372396704.     
   8.9611599999999993E-003   85708871984156624.     
   8.9610499999999999E-003   86868943246791872.     
   8.9609500000000005E-003   88205059475613392.     
   8.9608199999999995E-003   89709510185891888.     
   8.9606800000000004E-003   90822500352802192.     
   8.9606200000000007E-003   91558019385118032.     
   8.9605499999999994E-003   92651868681317696.     
   8.9604200000000002E-003   94091760694676640.     
   8.9602999999999992E-003   95512012937660816.     
   8.9601699999999999E-003   96913466267974288.     
   8.9600500000000007E-003   98296882788266080.     
   8.9599299999999996E-003   99662963753523104.     
   8.9598100000000003E-003   1.0101239138371046E+017
   8.9596999999999993E-003   1.0234581823574989E+017
   8.9595800000000000E-003   1.0366385899607552E+017
   8.9594700000000006E-003   1.0496708220031928E+017
   8.9593599999999995E-003   1.0657664129903517E+017
   8.9592000000000005E-003   1.0847908682367464E+017
   8.9590399999999997E-003   1.1004132453328077E+017
   8.9589300000000004E-003   1.1127738679120160E+017
   8.9588299999999992E-003   1.1250131721817675E+017
   8.9587199999999999E-003   1.1371352391035944E+017
   8.9586200000000005E-003   1.1521335348539181E+017
   8.9584699999999996E-003   1.1699008157957362E+017
   8.9583200000000005E-003   1.1874327804223485E+017
   8.9581799999999996E-003   1.2047390129680038E+017
   8.9580400000000004E-003   1.2218279941817662E+017
   8.9578999999999995E-003   1.2387074677063011E+017
   8.9577600000000004E-003   1.2526147844732378E+017
   8.9576699999999992E-003   1.2636450383129126E+017
   8.9575799999999997E-003   1.2800395263956754E+017
   8.9574000000000008E-003   1.3015995808948246E+017
   8.9572200000000001E-003   1.3202024909489480E+017
   8.9570899999999991E-003   1.3359691507361010E+017
   8.9569699999999999E-003   1.3515731615985242E+017
   8.9568400000000006E-003   1.3670196418692866E+017
   8.9567199999999996E-003   1.3848521458019013E+017
   8.9565600000000006E-003   1.4049820961074448E+017
   8.9563999999999998E-003   1.4248613626451699E+017
   8.9562400000000007E-003   1.4445006648179069E+017
   8.9560799999999999E-003   1.4639087882665398E+017
   8.9559300000000008E-003   1.4829458711920842E+017
   8.9557800000000000E-003   1.5016351995184509E+017
   8.9556299999999991E-003   1.5199994126639878E+017
   8.9554900000000000E-003   1.5380586626803146E+017
   8.9553399999999991E-003   1.5558315508197491E+017
   8.9552000000000000E-003   1.5733348199911082E+017
   8.9550600000000008E-003   1.5905833225468592E+017
   8.9549199999999999E-003   1.6118224118846640E+017
   8.9547199999999993E-003   1.6368232250995200E+017
   8.9545200000000005E-003   1.6572794567118096E+017
   8.9543899999999996E-003   1.6734298505363424E+017
   8.9542600000000003E-003   1.6893885983108368E+017
   8.9541299999999994E-003   1.7051632982235034E+017
   8.9540100000000001E-003   1.7285207320091382E+017
   8.9537599999999998E-003   1.7590474716217210E+017
   8.9535199999999995E-003   1.7815112725130957E+017
   8.9534100000000002E-003   1.7963156353074250E+017
   8.9532899999999992E-003   1.8182743930700102E+017
   8.9530600000000005E-003   1.8470536445847382E+017
   8.9528400000000001E-003   1.8682849371636640E+017
   8.9527300000000008E-003   1.8822958218838618E+017
   8.9526199999999997E-003   1.9031038757199846E+017
   8.9523999999999992E-003   1.9304296330192736E+017
   8.9521900000000005E-003   1.9573207008194224E+017
   8.9519899999999999E-003   1.9837986984778406E+017
   8.9517899999999994E-003   2.0111995078505558E+017
   8.9515700000000007E-003   2.0471442822929923E+017
   8.9512399999999992E-003   2.0836248211760698E+017
   8.9510100000000006E-003   2.1059263304950086E+017
   8.9508999999999995E-003   2.1279955651855613E+017
   8.9506900000000007E-003   2.1570232500536285E+017
   8.9504700000000003E-003   2.1856320211306576E+017
   8.9502599999999998E-003   2.2138399501797584E+017
   8.9500599999999993E-003   2.2485758857328163E+017
   8.9497599999999993E-003   2.2894898897386307E+017
   8.9494599999999994E-003   2.3362634732695344E+017
   8.9490799999999999E-003   2.3884938377711005E+017
   8.9487200000000003E-003   2.4268523948255869E+017
   8.9485399999999996E-003   2.4520852308553936E+017
   8.9483600000000007E-003   2.4770449812017642E+017
   8.9481900000000000E-003   2.5017413948433350E+017
   8.9480199999999992E-003   2.5292254296897165E+017
   8.9478100000000005E-003   2.5593970725087270E+017
   8.9476099999999999E-003   2.5892028690708339E+017
   8.9473999999999995E-003   2.6186569564527558E+017
   8.9472100000000006E-003   2.6564552189579978E+017
   8.9469000000000007E-003   2.7022100140041526E+017
   8.9465900000000008E-003   2.7527538748276134E+017
   8.9462299999999995E-003   2.8077981051930742E+017
   8.9458699999999999E-003   2.8675297674223699E+017
   8.9454500000000006E-003   2.9316402491661344E+017
   8.9450499999999995E-003   2.9787817130231226E+017
   8.9448500000000007E-003   3.0098097172144730E+017
   8.9446500000000002E-003   3.0608487525280166E+017
   8.9442099999999993E-003   3.1308617883103578E+017
   8.9437800000000001E-003   3.1944892267988704E+017
   8.9434300000000005E-003   3.2521231445172422E+017
   8.9430900000000008E-003   3.3181146186825715E+017
   8.9426400000000000E-003   3.3919605388756173E+017
   8.9422100000000008E-003   3.4642566835627251E+017
   8.9417899999999998E-003   3.5351039125041555E+017
   8.9413900000000004E-003   3.5873273121590541E+017
   8.9411899999999999E-003   3.6217462121295533E+017
   8.9409899999999994E-003   3.6643343955135091E+017
   8.9407099999999993E-003   3.7148094290915014E+017
   8.9404299999999992E-003   3.7811164230382208E+017
   8.9399700000000002E-003   3.8624462004655725E+017
   8.9395299999999994E-003   3.9384879176445216E+017
   8.9391399999999999E-003   4.0095387876496019E+017
   8.9387600000000005E-003   4.0799266477750592E+017
   8.9383899999999992E-003   4.1496827574447616E+017
   8.9380299999999996E-003   4.2296855538276218E+017
   8.9375600000000006E-003   4.3193761844006605E+017
   8.9370999999999999E-003   4.4073352005306406E+017
   8.9366600000000008E-003   4.4936716089767296E+017
   8.9362299999999999E-003   4.5784823881236774E+017
   8.9358100000000006E-003   4.6618525083071053E+017
   8.9354099999999995E-003   4.7285752986333856E+017
   8.9351599999999993E-003   4.7793163905402765E+017
   8.9349100000000008E-003   4.8295622115379622E+017
   8.9346700000000005E-003   4.8793282476544390E+017
   8.9344400000000001E-003   4.9531207000152102E+017
   8.9339699999999994E-003   5.0499525797870554E+017
   8.9335200000000003E-003   5.1545490937898803E+017
   8.9330000000000000E-003   5.2664902219970451E+017
   8.9324899999999995E-003   5.3713551136100627E+017
   8.9320500000000004E-003   5.4695261680309536E+017
   8.9316099999999995E-003   5.5781102768921830E+017
   8.9310799999999992E-003   5.6965743424719840E+017
   8.9305700000000005E-003   5.8128752749357043E+017
   8.9300800000000000E-003   5.9271328240111142E+017
   8.9295999999999993E-003   6.0118504954146227E+017
   8.9293600000000008E-003   6.0961267195752128E+017
   8.9288900000000001E-003   6.1793830697859917E+017
   8.9286599999999997E-003   6.2455653043120870E+017
   8.9283399999999999E-003   6.3222414395631450E+017
   8.9280300000000000E-003   6.3981245150243891E+017
   8.9277200000000001E-003   6.4732437058185766E+017
   8.9274200000000001E-003   6.5740154852290010E+017
   8.9269199999999996E-003   6.6994470403852211E+017
   8.9264300000000008E-003   6.8240033214607680E+017
   8.9259400000000003E-003   6.9477317497270554E+017
   8.9254699999999996E-003   7.0897499947180237E+017
   8.9248499999999998E-003   7.2491761037499482E+017
   8.9242599999999998E-003   7.3672094407786406E+017
   8.9239699999999998E-003   7.4454986955594970E+017
   8.9236799999999998E-003   7.5623611058565146E+017
   8.9231099999999997E-003   7.7163722390139622E+017
   8.9225599999999995E-003   7.8682471089773619E+017
   8.9220199999999993E-003   8.0181008012464218E+017
   8.9215000000000006E-003   8.1852406527309862E+017
   8.9208499999999993E-003   8.3688758421915866E+017
   8.9202299999999995E-003   8.5503318429130112E+017
   8.9196199999999996E-003   8.7297512410914586E+017
   8.9190199999999997E-003   8.9069445756540966E+017
   8.9184399999999997E-003   9.0820380412942669E+017
   8.9178799999999996E-003   9.2211827317497536E+017
   8.9175399999999998E-003   9.3256234091297485E+017
   8.9172100000000001E-003   9.4291708052318374E+017
   8.9168800000000003E-003   9.5318538586957722E+017
   8.9165600000000005E-003   9.6855058838037171E+017
   8.9159200000000008E-003   9.8883808896591398E+017
   8.9152999999999993E-003   1.0106268624610994E+018
   8.9145900000000000E-003   1.0338520305615205E+018
   8.9139100000000006E-003   1.0568716686640509E+018
   8.9132299999999994E-003   1.0797002428848911E+018
   8.9125699999999999E-003   1.0974774069380700E+018
   8.9122000000000003E-003   1.1103775251783439E+018
   8.9118400000000007E-003   1.1232278817276549E+018
   8.9114699999999995E-003   1.1360305773563597E+018
   8.9111199999999998E-003   1.1519732196043885E+018
   8.9105799999999995E-003   1.1709688141864950E+018
   8.9100700000000008E-003   1.1931373519157179E+018
   8.9093799999999997E-003   1.2183661179465454E+018
   8.9087100000000002E-003   1.2434068571818378E+018
   8.9080500000000007E-003   1.2682742700082903E+018
   8.9074099999999993E-003   1.2867697570108626E+018
   8.9070899999999995E-003   1.2990712935936950E+018
   8.9067799999999996E-003   1.3129891364964628E+018
   8.9063800000000002E-003   1.3284915843917740E+018
   8.9059900000000008E-003   1.3516541242195169E+018
   8.9052300000000001E-003   1.3822361679976471E+018
   8.9044799999999993E-003   1.4049585577355382E+018
   8.9041099999999998E-003   1.4200597892394273E+018
   8.9037500000000002E-003   1.4367801234453768E+018
   8.9033099999999993E-003   1.4550862868432801E+018
   8.9028800000000002E-003   1.4732456915411361E+018
   8.9024599999999992E-003   1.4912630824273830E+018
   8.9020400000000000E-003   1.5094115581685996E+018
   8.9016200000000007E-003   1.5276895810178606E+018
   8.9011999999999997E-003   1.5550584641376819E+018
   8.9003799999999994E-003   1.5912386230912837E+018
   8.8995800000000007E-003   1.6181517713075507E+018
   8.8991899999999995E-003   1.6360743024717768E+018
   8.8988000000000001E-003   1.6556819906358180E+018
   8.8983399999999994E-003   1.6769411164342843E+018
   8.8978800000000004E-003   1.6980002590264051E+018
   8.8974399999999995E-003   1.7297131515620221E+018
   8.8965499999999996E-003   1.7614131064614774E+018
   8.8961100000000005E-003   1.7825592474378086E+018
   8.8956799999999996E-003   1.8035541751418701E+018
   8.8952500000000004E-003   1.8322936279194168E+018
   8.8945199999999995E-003   1.8685757927535839E+018
   8.8938000000000003E-003   1.9050312905796611E+018
   8.8930799999999994E-003   1.9416617349217144E+018
   8.8923700000000001E-003   1.9767622812520538E+018
   8.8917300000000005E-003   2.0103836164915617E+018
   8.8910900000000008E-003   2.0377882082632648E+018
   8.8906899999999997E-003   2.0591150068137418E+018
   8.8903000000000003E-003   2.0930484306810450E+018
   8.8894400000000002E-003   2.1392645602397780E+018
   8.8886099999999999E-003   2.1755499753199060E+018
   8.8881299999999993E-003   2.2021747008413834E+018
   8.8876600000000004E-003   2.2410638769343626E+018
   8.8867600000000005E-003   2.2918885680019932E+018
   8.8858800000000005E-003   2.3459555492185037E+018
   8.8848999999999994E-003   2.4031562109465236E+018
   8.8839499999999998E-003   2.4477963013406889E+018
   8.8834099999999996E-003   2.4802426586594243E+018
   8.8828799999999992E-003   2.5127608481706737E+018
   8.8823400000000007E-003   2.5453517760678820E+018
   8.8818200000000003E-003   2.5902722107263918E+018
   8.8809000000000006E-003   2.6471966697802404E+018
   8.8800100000000007E-003   2.6971213654738335E+018
   8.8793399999999995E-003   2.7401426397414441E+018
   8.8786799999999999E-003   2.7796054517236777E+018
   8.8781099999999998E-003   2.8332794234916828E+018
   8.8770099999999994E-003   2.9061198140040986E+018
   8.8758399999999994E-003   2.9619652987959081E+018
   8.8752599999999994E-003   2.9987750954888090E+018
   8.8746999999999993E-003   3.0538279884560410E+018
   8.8735800000000007E-003   3.1273426209247601E+018
   8.8725000000000002E-003   3.1991781041762355E+018
   8.8715100000000009E-003   3.2592353553684541E+018
   8.8708099999999998E-003   3.3091190403038495E+018
   8.8701200000000004E-003   3.3818096434430469E+018
   8.8688199999999995E-003   3.4765893363155620E+018
   8.8675600000000000E-003   3.5727434733060081E+018
   8.8662600000000008E-003   3.6702408826242811E+018
   8.8649999999999996E-003   3.7572467634018412E+018
   8.8640200000000002E-003   3.8341379225444106E+018
   8.8630500000000008E-003   3.9282974061644298E+018
   8.8616600000000004E-003   4.0116086159172844E+018
   8.8609799999999992E-003   4.0666271686789140E+018
   8.8603099999999997E-003   4.1433759688233354E+018
   8.8591199999999998E-003   4.2412692398176123E+018
   8.8579599999999998E-003   4.3174201303820790E+018
   8.8573100000000002E-003   4.3724048836409610E+018
   8.8566700000000005E-003   4.4423333488418908E+018
   8.8556799999999995E-003   4.5268598634215465E+018
   8.8547200000000000E-003   4.6342991474174761E+018
   8.8532400000000001E-003   4.7343672354871388E+018
   8.8524599999999995E-003   4.8143665313642424E+018
   8.8514600000000002E-003   4.9039598503657011E+018
   8.8504800000000008E-003   5.0137859362811945E+018
   8.8490700000000005E-003   5.1110293325915116E+018
   8.8483799999999994E-003   5.1753044587623670E+018
   8.8477000000000000E-003   5.2748602711389338E+018
   8.8462799999999998E-003   5.3754345948288614E+018
   8.8455900000000004E-003   5.4419154936515983E+018
   8.8448999999999993E-003   5.5145528912587438E+018
   8.8440900000000006E-003   5.5932222135560980E+018
   8.8432900000000002E-003   5.6935400851104614E+018
   8.8420600000000005E-003   5.8148940181729915E+018
   8.8408500000000008E-003   5.9166521247069860E+018
   8.8400300000000005E-003   5.9993614382386749E+018
   8.8392200000000001E-003   6.0821563263549481E+018
   8.8383999999999997E-003   6.2107235014454354E+018
   8.8367299999999992E-003   6.3828140686769910E+018
   8.8351000000000002E-003   6.5584038885198111E+018
   8.8333999999999999E-003   6.6928404183853763E+018
   8.8325699999999997E-003   6.7815645339468667E+018
   8.8317499999999993E-003   6.9196942360608020E+018
   8.8300300000000009E-003   7.1053558043427830E+018
   8.8283600000000004E-003   7.2944568802197832E+018
   8.8266200000000003E-003   7.4390567461020129E+018
   8.8257600000000002E-003   7.5342772718131579E+018
   8.8249200000000000E-003   7.6320518921757000E+018
   8.8240300000000001E-003   7.7322196776252570E+018
   8.8231500000000001E-003   7.8313745066508524E+018
   8.8222800000000001E-003   7.9294951432759716E+018
   8.8214299999999999E-003   8.0301392385405276E+018
   8.8205200000000001E-003   8.1331146982773197E+018
   8.8196300000000002E-003   8.2853074645250488E+018
   8.8178800000000002E-003   8.4382624807776737E+018
   8.8169600000000004E-003   8.5434743263355126E+018
   8.8160600000000006E-003   8.6472950452160123E+018
   8.8151600000000007E-003   8.7497228671786363E+018
   8.8142800000000007E-003   8.8547878599902863E+018
   8.8133499999999993E-003   8.9616691549946368E+018
   8.8124299999999996E-003   9.0669066672235602E+018
   8.8115199999999998E-003   9.1706100723122104E+018
   8.8106199999999999E-003   9.2764792036453192E+018
   8.8096800000000003E-003   9.3842713639755387E+018
   8.8087400000000007E-003   9.4902595199405486E+018
   8.8078199999999992E-003   9.5945910908668989E+018
   8.8069099999999994E-003   9.7009618683949916E+018
   8.8059499999999999E-003   9.8091592106217513E+018
   8.8050000000000003E-003   9.9154045378713416E+018
   8.8040600000000007E-003   1.0019961350366925E+019
   8.8031399999999992E-003   1.0126467802983969E+019
   8.8021599999999998E-003   1.0234859551076794E+019
   8.8011900000000004E-003   1.0341281310689188E+019
   8.8002400000000008E-003   1.0446173835974236E+019
   8.7992999999999995E-003   1.0553140554017778E+019
   8.7983100000000002E-003   1.0662185621028624E+019
   8.7973300000000008E-003   1.0769425955381848E+019
   8.7963699999999995E-003   1.0875336333301758E+019
   8.7954100000000000E-003   1.0983561509740237E+019
   8.7944000000000008E-003   1.1094125290102653E+019
   8.7934099999999998E-003   1.1203116027425702E+019
   8.7924300000000004E-003   1.1310985825702474E+019
   8.7914599999999992E-003   1.1421593755665672E+019
   8.7904400000000001E-003   1.1534471435769594E+019
   8.7894300000000009E-003   1.1645077942906348E+019
   8.7884399999999998E-003   1.1756626352522629E+019
   8.7874500000000005E-003   1.1932475565956407E+019
   8.7853900000000006E-003   1.2165872152582832E+019
   8.7833900000000003E-003   1.2340622784875158E+019
   8.7823299999999997E-003   1.2461701894539385E+019
   8.7812900000000006E-003   1.2581511539432071E+019
   8.7802699999999997E-003   1.2702640999835083E+019
   8.7792600000000005E-003   1.2894896052311085E+019
   8.7771399999999992E-003   1.3149438930019551E+019
   8.7750699999999994E-003   1.3339584705978229E+019
   8.7739900000000006E-003   1.3472005707823778E+019
   8.7729200000000000E-003   1.3670269099589212E+019
   8.7708300000000003E-003   1.3940619740765690E+019
   8.7686399999999994E-003   1.4145735744548372E+019
   8.7675700000000006E-003   1.4283649772632472E+019
   8.7665199999999999E-003   1.4503048754362409E+019
   8.7642999999999992E-003   1.4792479440793346E+019
   8.7621499999999998E-003   1.5083172066555527E+019
   8.7598999999999993E-003   1.5305666080006132E+019
   8.7588000000000006E-003   1.5453295186478950E+019
   8.7577100000000001E-003   1.5685737795633754E+019
   8.7554299999999998E-003   1.5996818178953757E+019
   8.7532100000000009E-003   1.6314526231565058E+019
   8.7508900000000008E-003   1.6638554856379101E+019
   8.7486400000000002E-003   1.6881171031805553E+019
   8.7474600000000003E-003   1.7049453573300326E+019
   8.7462900000000003E-003   1.7307978736371139E+019
   8.7439200000000005E-003   1.7649803294398349E+019
   8.7416100000000004E-003   1.7992199958543684E+019
   8.7392800000000003E-003   1.8347774903180655E+019
   8.7368600000000008E-003   1.8710405950941135E+019
   8.7344899999999993E-003   1.8981502796170961E+019
   8.7332499999999997E-003   1.9266695909493694E+019
   8.7308200000000002E-003   1.9594539271013581E+019
   8.7289900000000007E-003   1.9882711733432906E+019
   8.7271099999999997E-003   2.0223385608396468E+019
   8.7246700000000003E-003   2.0619890786052252E+019
   8.7221199999999999E-003   2.0969696799272624E+019
   8.7202500000000006E-003   2.1272002154748404E+019
   8.7183299999999998E-003   2.1585792764775436E+019
   8.7164100000000008E-003   2.1896607234251420E+019
   8.7145199999999999E-003   2.2199584525690954E+019
   8.7126900000000004E-003   2.2494768472566383E+019
   8.7109000000000006E-003   2.2759247800614027E+019
   8.7094200000000007E-003   2.2997278390661087E+019
   8.7079800000000006E-003   2.3252541515326194E+019
   8.7063200000000000E-003   2.3520815598129123E+019
   8.7046899999999993E-003   2.3789918708270871E+019
   8.7029900000000007E-003   2.4064390960512299E+019
   8.7013300000000002E-003   2.4401618962885816E+019
   8.6989400000000005E-003   2.4781606465680511E+019
   8.6966100000000005E-003   2.5094326725268087E+019
   8.6949200000000001E-003   2.5360589647584813E+019
   8.6932499999999996E-003   2.5693398523593884E+019
   8.6908100000000002E-003   2.6068373430897713E+019
   8.6884200000000005E-003   2.6377537897578303E+019
   8.6866600000000006E-003   2.6637570597887697E+019
   8.6849400000000004E-003   2.6892319385535095E+019
   8.6831900000000004E-003   2.7144541991670481E+019
   8.6814800000000001E-003   2.7451374622444204E+019
   8.6790099999999992E-003   2.7792992929560662E+019
   8.6766099999999995E-003   2.8097822473096487E+019
   8.6744600000000002E-003   2.8377793808470376E+019
   8.6723600000000005E-003   2.8649142043156677E+019
   8.6702199999999993E-003   2.8915404622122361E+019
   8.6681299999999996E-003   2.9197896079597388E+019
   8.6656400000000005E-003   2.9492137918372770E+019
   8.6632099999999993E-003   2.9777291059674808E+019
   8.6607200000000002E-003   3.0050920386749477E+019
   8.6583100000000007E-003   3.0269741932359897E+019
   8.6565400000000008E-003   3.0459620590160343E+019
   8.6548200000000006E-003   3.0734473176552780E+019
   8.6516300000000004E-003   3.1069381559055692E+019
   8.6485599999999996E-003   3.1333094521993130E+019
   8.6464300000000001E-003   3.1552904844096500E+019
   8.6443600000000002E-003   3.1776998375305159E+019
   8.6422500000000006E-003   3.2002450594867421E+019
   8.6402000000000007E-003   3.2347291484818899E+019
   8.6360800000000008E-003   3.2696724031244136E+019
   8.6339999999999993E-003   3.2938031025572184E+019
   8.6319900000000008E-003   3.3232331780765110E+019
   8.6292000000000001E-003   3.3490892480122814E+019
   8.6278399999999995E-003   3.3664356630636065E+019
   8.6265000000000005E-003   3.3939322884285624E+019
   8.6237199999999996E-003   3.4220730809605571E+019
   8.6223600000000008E-003   3.4460897873944343E+019
   8.6203200000000008E-003   3.4759841040452690E+019
   8.6182399999999992E-003   3.5015580807624442E+019
   8.6168900000000003E-003   3.5331591390334202E+019
   8.6141399999999993E-003   3.5657139056434450E+019
   8.6127600000000006E-003   3.5879108797771629E+019
   8.6114000000000000E-003   3.6163190572940849E+019
   8.6093500000000000E-003   3.6517520000224121E+019
   8.6072600000000003E-003   3.6820890756598694E+019
   8.6058899999999997E-003   3.7064231935647785E+019
   8.6045400000000008E-003   3.7447694905649660E+019
   8.6017200000000002E-003   3.7907731015257055E+019
   8.5996600000000003E-003   3.8242089214362042E+019
   8.5982699999999999E-003   3.8591724675398410E+019
   8.5961500000000003E-003   3.9089472026628211E+019
   8.5933899999999994E-003   3.9525458504657756E+019
   8.5919499999999992E-003   3.9906046552526987E+019
   8.5898199999999997E-003   4.0362239240803533E+019
   8.5877300000000000E-003   4.0915676034353496E+019
   8.5848299999999999E-003   4.1445068911065391E+019
   8.5830300000000002E-003   4.1857313831614374E+019
   8.5812700000000002E-003   4.2367198892118491E+019
   8.5787099999999998E-003   4.2968527469007372E+019
   8.5762100000000008E-003   4.3634603343485780E+019
   8.5732199999999995E-003   4.4178166438677021E+019
   8.5717599999999994E-003   4.4542799801228272E+019
   8.5703199999999993E-003   4.5165899554090951E+019
   8.5668900000000006E-003   4.6037903470467883E+019
   8.5635499999999996E-003   4.6726022437854159E+019
   8.5616300000000006E-003   4.7384588792815690E+019
   8.5585799999999997E-003   4.8266817310183727E+019
   8.5550999999999995E-003   4.9059451780351042E+019
   8.5527899999999994E-003   4.9654075587033743E+019
   8.5507900000000008E-003   5.0209825748973068E+019
   8.5488200000000004E-003   5.0897734725533622E+019
   8.5459999999999998E-003   5.1687205851068817E+019
   8.5432300000000006E-003   5.2441560270166475E+019
   8.5407899999999995E-003   5.3149347517465805E+019
   8.5383899999999999E-003   5.3756627403349418E+019
   8.5367199999999994E-003   5.4254472330404512E+019
   8.5350600000000006E-003   5.4981676415499903E+019
   8.5318900000000003E-003   5.5953306123810554E+019
   8.5287799999999997E-003   5.6677390752192463E+019
   8.5271800000000005E-003   5.7176827318590448E+019
   8.5255999999999995E-003   5.7791491385134916E+019
   8.5233199999999992E-003   5.8516524419523928E+019
   8.5210800000000003E-003   5.9451966417523671E+019
   8.5175700000000003E-003   6.0617107817657672E+019
   8.5140200000000006E-003   6.1886566869989892E+019
   8.5100200000000001E-003   6.3031815230619484E+019
   8.5072900000000007E-003   6.3986259273183216E+019
   8.5045199999999998E-003   6.5163841555188785E+019
   8.5006200000000004E-003   6.6737993980895699E+019
   8.4957100000000001E-003   6.8014755069083238E+019
   8.4935500000000008E-003   6.8803222246960775E+019
   8.4914199999999995E-003   6.9731599182021992E+019
   8.4885499999999992E-003   7.0820600661825323E+019
   8.4855899999999995E-003   7.1926188282297385E+019
   8.4826799999999994E-003   7.3049557710700143E+019
   8.4796799999999999E-003   7.4202593432898404E+019
   8.4766600000000004E-003   7.5359532147844383E+019
   8.4736900000000007E-003   7.6342810498808463E+019
   8.4715999999999993E-003   7.7553359706163315E+019
   8.4674799999999995E-003   7.9416216196485792E+019
   8.4622399999999993E-003   8.1199637502323343E+019
   8.4585600000000004E-003   8.2586063673556320E+019
   8.4553500000000004E-003   8.3903666500942234E+019
   8.4520800000000007E-003   8.5694681934742503E+019
   8.4466100000000002E-003   8.7562787497152365E+019
   8.4430000000000009E-003   8.8712851677568631E+019
   8.4410700000000002E-003   9.0023311253862466E+019
   8.4367699999999997E-003   9.1822911062293774E+019
   8.4325500000000005E-003   9.3209848634096140E+019
   8.4302200000000004E-003   9.4196326799949234E+019
   8.4279200000000002E-003   9.5650405187383362E+019
   8.4234700000000006E-003   9.7552578952053604E+019
   8.4191000000000005E-003   9.8891880009967157E+019
   8.4172799999999992E-003   9.9680976510118756E+019
   8.4154799999999995E-003   1.0101871886178740E+020
   8.4111800000000007E-003   1.0289389406140565E+020
   8.4069599999999998E-003   1.0429467987310884E+020
   8.4047700000000006E-003   1.0526164941484805E+020
   8.4026099999999996E-003   1.0662862459600863E+020
   8.3986600000000005E-003   1.0838840467856161E+020
   8.3947699999999993E-003   1.0988110409810505E+020
   8.3920399999999999E-003   1.1111341505163921E+020
   8.3893400000000003E-003   1.1251837960921729E+020
   8.3858800000000001E-003   1.1409258007778047E+020
   8.3824699999999995E-003   1.1588594983266288E+020
   8.3780999999999994E-003   1.1789161588957037E+020
   8.3738100000000006E-003   1.1973439550874581E+020
   8.3701799999999996E-003   1.2211501086906180E+020
   8.3636700000000001E-003   1.2432730058091166E+020
   8.3607799999999999E-003   1.2577872434291114E+020
   8.3575600000000000E-003   1.2730524691466104E+020
   8.3543899999999997E-003   1.2966149276773596E+020
   8.3477800000000008E-003   1.3282387601053706E+020
   8.3413299999999992E-003   1.3609011772277493E+020
   8.3344300000000003E-003   1.3945699807606127E+020
   8.3276800000000005E-003   1.4201520380288839E+020
   8.3240499999999995E-003   1.4382330200407373E+020
   8.3204600000000000E-003   1.4573671505906000E+020
   8.3164399999999996E-003   1.4775412486804777E+020
   8.3124800000000006E-003   1.4966788335785732E+020
   8.3089099999999992E-003   1.5148104801068057E+020
   8.3053799999999994E-003   1.5365762397377371E+020
   8.3004399999999992E-003   1.5618980538151014E+020
   8.2955700000000004E-003   1.5899753809096308E+020
   8.2896500000000008E-003   1.6207044542592906E+020
   8.2838300000000007E-003   1.6494085192311384E+020
   8.2787399999999997E-003   1.6762115655000539E+020
   8.2737200000000000E-003   1.7039609450492648E+020
   8.2682799999999994E-003   1.7301300990357022E+020
   8.2640200000000004E-003   1.7529832617278331E+020
   8.2598199999999993E-003   1.7837632133462629E+020
   8.2527199999999998E-003   1.8222676640225090E+020
   8.2457599999999995E-003   1.8586344802928008E+020
   8.2395699999999999E-003   1.8927820471046013E+020
   8.2334899999999996E-003   1.9246186422424817E+020
   8.2281000000000003E-003   1.9657324379672360E+020
   8.2189600000000008E-003   2.0020099727696052E+020
   8.2153199999999999E-003   2.0226847172256327E+020
   8.2117300000000004E-003   2.0534655614739608E+020
   8.2046399999999992E-003   2.0941335834691777E+020
   8.1976800000000006E-003   2.1270795711977724E+020
   8.1933300000000004E-003   2.1524820234744775E+020
   8.1890200000000000E-003   2.1823011592523091E+020
   8.1832199999999997E-003   2.2164518713882909E+020
   8.1775000000000007E-003   2.2543768143820007E+020
   8.1705200000000006E-003   2.3052891217549548E+020
   8.1606000000000005E-003   2.3566855516383153E+020
   8.1535600000000007E-003   2.3902977774270556E+020
   8.1495900000000000E-003   2.4282599629847550E+020
   8.1412499999999992E-003   2.4794320534287624E+020
   8.1330699999999992E-003   2.5182418213715401E+020
   8.1287700000000004E-003   2.5450780521073993E+020
   8.1245199999999997E-003   2.5717499652345437E+020
   8.1203100000000004E-003   2.5982758000328321E+020
   8.1161400000000009E-003   2.6394980820008380E+020
   8.1073800000000008E-003   2.6951047180585760E+020
   8.0987999999999997E-003   2.7519017546453690E+020
   8.0898199999999993E-003   2.8098662336205033E+020
   8.0810199999999995E-003   2.8538876886025270E+020
   8.0763999999999992E-003   2.8842642095631679E+020
   8.0718300000000003E-003   2.9144748813634529E+020
   8.0672999999999995E-003   2.9445234821492988E+020
   8.0628100000000001E-003   2.9912283612430467E+020
   8.0533900000000005E-003   3.0542078892318674E+020
   8.0441499999999999E-003   3.1018139263733039E+020
   8.0393099999999992E-003   3.1348140910086462E+020
   8.0345099999999999E-003   3.1676373601241655E+020
   8.0297500000000004E-003   3.2002862742842448E+020
   8.0250400000000006E-003   3.2510067531427263E+020
   8.0151600000000003E-003   3.3194385487202681E+020
   8.0054600000000007E-003   3.3891834648345634E+020
   7.9953400000000001E-003   3.4605186348662961E+020
   7.9854100000000001E-003   3.5147126500117034E+020
   7.9801999999999998E-003   3.5520930581950189E+020
   7.9750399999999992E-003   3.5892771696869402E+020
   7.9699400000000000E-003   3.6262753660395769E+020
   7.9648700000000006E-003   3.6837257917962387E+020
   7.9542599999999995E-003   3.7612446727764351E+020
   7.9438400000000006E-003   3.8198274653063007E+020
   7.9383800000000001E-003   3.8604381930524908E+020
   7.9329699999999993E-003   3.9008399446842160E+020
   7.9276099999999999E-003   3.9410353276537032E+020
   7.9223100000000001E-003   4.0034560771298329E+020
   7.9111700000000004E-003   4.0876912772337572E+020
   7.9002499999999993E-003   4.1736691440642464E+020
   7.8888599999999993E-003   4.2614831774382142E+020
   7.8776799999999998E-003   4.3282085429224165E+020
   7.8718199999999999E-003   4.3742223410460203E+020
   7.8660099999999997E-003   4.4200052637991961E+020
   7.8602600000000009E-003   4.4655681108627731E+020
   7.8545700000000000E-003   4.5362761796054922E+020
   7.8426199999999998E-003   4.6317060029425182E+020
   7.8309100000000000E-003   4.7038638217600100E+020
   7.8247700000000000E-003   4.7538438320767363E+020
   7.8186799999999997E-003   4.8282942765638006E+020
   7.8066899999999998E-003   4.9299458480948530E+020
   7.7941800000000004E-003   5.0079180838228820E+020
   7.7880199999999997E-003   5.0594667064081030E+020
   7.7819100000000004E-003   5.1395062768554299E+020
   7.7691100000000001E-003   5.2475511190341963E+020
   7.7565500000000001E-003   5.3292387097344475E+020
   7.7499700000000001E-003   5.3858320788739182E+020
   7.7434499999999998E-003   5.4570162665807335E+020
   7.7335900000000003E-003   5.5427378298327505E+020
   7.7238599999999999E-003   5.6294893669341875E+020
   7.7138900000000002E-003   5.7174726108974154E+020
   7.7040499999999996E-003   5.8075877983467012E+020
   7.6937400000000001E-003   5.8997557746508818E+020
   7.6835799999999998E-003   5.9931724332736997E+020
   7.6731500000000001E-003   6.1165095244482714E+020
   7.6566500000000001E-003   6.2492718540933287E+020
   7.6443800000000001E-003   6.3642662973377610E+020
   7.6319900000000000E-003   6.4812346229955219E+020
   7.6194899999999996E-003   6.6156353672262844E+020
   7.6036599999999999E-003   6.7519714533303124E+020
   7.5909799999999998E-003   6.8766438208526785E+020
   7.5778399999999997E-003   7.0045135298228335E+020
   7.5646999999999997E-003   7.1264705301436734E+020
   7.5529600000000001E-003   7.2395718677036073E+020
   7.5417699999999997E-003   7.3741449301810728E+020
   7.5258800000000004E-003   7.5187420225528804E+020
   7.5128000000000000E-003   7.6427616308089114E+020
   7.5011000000000001E-003   7.7692625413540492E+020
   7.4872699999999999E-003   7.9154427366712384E+020
   7.4721099999999997E-003   8.0424455419362974E+020
   7.4621499999999999E-003   8.1580261982824471E+020
   7.4481299999999999E-003   8.3038795599044726E+020
   7.4316399999999998E-003   8.4406964151971362E+020
   7.4157600000000004E-003   8.5688413825085669E+020
   7.4010600000000001E-003   8.6546836303952124E+020
   7.3869699999999996E-003   8.7158162949879077E+020
   7.3710499999999997E-003   8.6753396462247490E+020
   7.3647499999999998E-003   8.7515856306003522E+020
   7.3498699999999997E-003   8.5549473643739415E+020
   7.3303800000000001E-003   8.4997907625295911E+020
   7.3165599999999997E-003   8.1795387742488284E+020
   7.3032100000000001E-003   7.6537238321766361E+020
   7.2880300000000000E-003   7.3473055000985521E+020
   7.2741100000000003E-003   7.1541111495343302E+020
   7.2681999999999998E-003   6.8733868741997730E+020
   7.2623300000000000E-003   6.6085533586524262E+020
   7.2480000000000001E-003   6.3812574629369020E+020
   7.2422500000000004E-003   6.2529898431847426E+020
   7.2356800000000004E-003   6.0082013115000291E+020
   7.2305700000000004E-003   5.9938879038577928E+020
   7.2224500000000001E-003   5.8627931070664212E+020
   7.2172599999999996E-003   5.6862245682907244E+020
   7.2123999999999999E-003   5.5831219741175172E+020
   7.2079900000000001E-003   5.6124959642394998E+020
   7.2027300000000001E-003   5.4497059865644650E+020
   7.1969199999999999E-003   5.3252329753169986E+020
   7.1911500000000003E-003   5.2979895203552965E+020
   7.1876500000000003E-003   5.2768369815046586E+020
   7.1828700000000001E-003   5.2111572136115280E+020
   7.1804900000000003E-003   5.1817703213963215E+020
   7.1786999999999997E-003   5.1545701408746059E+020
   7.1745300000000001E-003   5.1415558158995790E+020
   7.1721500000000004E-003   5.1268015734733662E+020
   7.1688300000000002E-003   5.1082727243591071E+020
   7.1661099999999998E-003   5.0731228171954913E+020
   7.1600600000000002E-003   5.0355854219208281E+020
   7.1555200000000003E-003   5.0302762665765503E+020
   7.1503900000000004E-003   4.9958418181932076E+020
   7.1443899999999996E-003   4.9813136136389499E+020
   7.1396799999999998E-003   4.9739755260587259E+020
   7.1351699999999997E-003   4.9633763196015627E+020
   7.1308099999999996E-003   4.9623264922501395E+020
   7.1268499999999997E-003   4.9590419921423211E+020
   7.1218000000000002E-003   4.9583298719193720E+020
   7.1197300000000003E-003   4.9593307825542490E+020
   7.1155899999999998E-003   4.9595400979446025E+020
   7.1128500000000004E-003   4.9622912066688647E+020
   7.1087399999999997E-003   4.9653636070599007E+020
   7.1066899999999997E-003   4.9690993045912066E+020
   7.1026900000000000E-003   4.9749354734964657E+020
   7.0987999999999997E-003   4.9798880920044962E+020
   7.0968600000000000E-003   4.9839742572640770E+020
   7.0943400000000002E-003   4.9917234913069020E+020
   7.0893199999999996E-003   5.0033026146473738E+020
   7.0843199999999999E-003   5.0161657237922152E+020
   7.0793399999999999E-003   5.0266191846323388E+020
   7.0768599999999999E-003   5.0330669495372481E+020
   7.0749999999999997E-003   5.0415614453437838E+020
   7.0713000000000000E-003   5.0532983033897602E+020
   7.0676599999999999E-003   5.0653415511126757E+020
   7.0640700000000004E-003   5.0775669587657884E+020
   7.0605499999999996E-003   5.0899806223753039E+020
   7.0570800000000003E-003   5.1046439875229155E+020
   7.0525600000000003E-003   5.1184546396971611E+020
   7.0497700000000003E-003   5.1292048002332276E+020
   7.0469900000000004E-003   5.1436541146614845E+020
   7.0424099999999998E-003   5.1600930079466540E+020
   7.0388200000000003E-003   5.1740714801007179E+020
   7.0356500000000001E-003   5.1865644047292033E+020
   7.0329099999999999E-003   5.2025442183201908E+020
   7.0283000000000003E-003   5.2233831621634792E+020
   7.0234900000000003E-003   5.2478107949283390E+020
   7.0172899999999998E-003   5.2704853713919200E+020
   7.0143599999999999E-003   5.2834085894963927E+020
   7.0114399999999999E-003   5.2998923497310270E+020
   7.0070699999999998E-003   5.3265892361709532E+020
   7.0012800000000004E-003   5.3470244041048359E+020
   6.9983900000000002E-003   5.3600856863394903E+020
   6.9955099999999999E-003   5.3805824598555007E+020
   6.9910399999999996E-003   5.4069958682462434E+020
   6.9847800000000003E-003   5.4323747664249933E+020
   6.9811600000000001E-003   5.4577508962678237E+020
   6.9750200000000002E-003   5.4897500725015465E+020
   6.9689799999999996E-003   5.5140261861548930E+020
   6.9655400000000001E-003   5.5318241524680720E+020
   6.9633400000000002E-003   5.5481058760666140E+020
   6.9589400000000003E-003   5.5746628751218318E+020
   6.9535999999999999E-003   5.5979708307984187E+020
   6.9504700000000003E-003   5.6205714169114552E+020
   6.9454599999999997E-003   5.6415834756050538E+020
   6.9429499999999998E-003   5.6623431638082322E+020
   6.9380800000000001E-003   5.6963581376196857E+020
   6.9309699999999998E-003   5.7306902450348347E+020
   6.9261100000000001E-003   5.7588118907980363E+020
   6.9212600000000003E-003   5.7972946591428628E+020
   6.9129400000000002E-003   5.8348924481534650E+020
   6.9084999999999997E-003   5.8696662745461811E+020
   6.9011500000000000E-003   5.9030585878424938E+020
   6.8977800000000001E-003   5.9182826748976457E+020
   6.8957699999999999E-003   5.9326812301968907E+020
   6.8930900000000002E-003   5.9588556849620163E+020
   6.8871799999999997E-003   5.9952630197447452E+020
   6.8812200000000004E-003   6.0345701869362492E+020
   6.8743900000000002E-003   6.0742033888233954E+020
   6.8687100000000001E-003   6.1051970460070301E+020
   6.8644099999999996E-003   6.1395402599186131E+020
   6.8578900000000002E-003   6.1774444437909379E+020
   6.8525499999999998E-003   6.2048400094678339E+020
   6.8493699999999996E-003   6.2340523242223777E+020
   6.8433900000000004E-003   6.2681868977398835E+020
   6.8391299999999997E-003   6.2955108811820551E+020
   6.8348799999999998E-003   6.3336845300659218E+020
   6.8274900000000003E-003   6.3725764716315895E+020
   6.8232800000000001E-003   6.4073430775892266E+020
   6.8170000000000001E-003   6.4540388012780959E+020
   6.8094000000000002E-003   6.5000273650732918E+020
   6.8034400000000000E-003   6.5366159806278140E+020
   6.7986899999999996E-003   6.5730589581167991E+020
   6.7927800000000000E-003   6.6175656742657013E+020
   6.7859399999999999E-003   6.6648844608970857E+020
   6.7791400000000003E-003   6.7138144325091669E+020
   6.7720200000000001E-003   6.7625238117018082E+020
   6.7653799999999997E-003   6.8168120937760752E+020
   6.7568200000000002E-003   6.8749180642722723E+020
   6.7491900000000004E-003   6.9348696746494814E+020
   6.7403899999999997E-003   6.9986818776030839E+020
   6.7316399999999997E-003   7.0720750618476413E+020
   6.7206699999999998E-003   7.1533905161048149E+020
   6.7097800000000003E-003   7.2555846387217505E+020
   6.6936000000000001E-003   7.3891187018270035E+020
   6.6748500000000004E-003   7.5253203923827334E+020
   6.6592300000000004E-003   7.6508272193243945E+020
   6.6432399999999999E-003   7.7849178641689372E+020
   6.6258400000000000E-003   7.9311244541903556E+020
   6.6072600000000002E-003   8.0999083647335517E+020
   6.5848299999999998E-003   8.2626609490806676E+020
   6.5682300000000004E-003   8.4169705558399005E+020
   6.5483000000000000E-003   8.5863502788653849E+020
   6.5286299999999997E-003   8.7421635597633507E+020
   6.5123200000000003E-003   8.8601491806234188E+020
   6.5016600000000003E-003   8.9887248262379353E+020
   6.4832099999999997E-003   9.1213496052130998E+020
   6.4719000000000000E-003   9.2730710520384809E+020
   6.4495300000000002E-003   9.4491535120049897E+020
   6.4332599999999997E-003   9.5984367321018977E+020
   6.4171499999999999E-003   9.7346025175593320E+020
   6.4040099999999999E-003   9.8575339232761466E+020
   6.3909700000000002E-003   1.0063057443950903E+021
   6.3607400000000001E-003   1.0352343568262761E+021
   6.3310299999999996E-003   1.0564556330240825E+021
   6.3174700000000004E-003   1.0749558084620701E+021
   6.2937899999999996E-003   1.0919427001045657E+021
   6.2836400000000001E-003   1.1094933291056794E+021
   6.2592200000000002E-003   1.1344329460986999E+021
   6.2351300000000002E-003   1.1542277231566464E+021
   6.2212200000000004E-003   1.1688085970188072E+021
   6.2074200000000000E-003   1.1874818120675238E+021
   6.1860800000000001E-003   1.2103001329226704E+021
   6.1649699999999997E-003   1.2295113704659901E+021
   6.1507500000000000E-003   1.2450685091243481E+021
   6.1366399999999996E-003   1.2690461404642004E+021
   6.1075499999999998E-003   1.3015833895826964E+021
   6.0788900000000000E-003   1.3285382014447185E+021
   6.0604400000000003E-003   1.3498085954535482E+021
   6.0421700000000004E-003   1.3669670114465895E+021
   6.0311100000000001E-003   1.3799657590995461E+021
   6.0201100000000004E-003   1.4020906749556682E+021
   5.9938900000000000E-003   1.4398478721733579E+021
   5.9575000000000001E-003   1.4797398241169960E+021
   5.9289499999999997E-003   1.5087736934484389E+021
   5.9109899999999996E-003   1.5347709210696302E+021
   5.8878100000000003E-003   1.5642761029351752E+021
   5.8648700000000003E-003   1.5993608634273046E+021
   5.8337299999999996E-003   1.6406200822996887E+021
   5.8023099999999998E-003   1.6723188517350932E+021
   5.7864099999999996E-003   1.6937767040720626E+021
   5.7706199999999997E-003   1.7267046501710467E+021
   5.7382900000000001E-003   1.7713504948075771E+021
   5.7064000000000004E-003   1.8171873839241605E+021
   5.6734999999999997E-003   1.8642489522861795E+021
   5.6410300000000000E-003   1.9125711399336110E+021
   5.6075500000000002E-003   1.9621947215469433E+021
   5.5744999999999996E-003   2.0131633275892390E+021
   5.5404299999999998E-003   2.0656968812416338E+021
   5.5067900000000001E-003   2.1194930509830978E+021
   5.4721099999999996E-003   2.1747578454276624E+021
   5.4378600000000001E-003   2.2169457970626015E+021
   5.4203500000000000E-003   2.2457083887667268E+021
   5.4029400000000002E-003   2.2898276415075288E+021
   5.3673300000000000E-003   2.3370106056305192E+021
   5.3321499999999999E-003   2.3824383277058254E+021
   5.3141600000000001E-003   2.4132321659243872E+021
   5.2962800000000004E-003   2.4600766536025396E+021
   5.2600900000000003E-003   2.5243081125550940E+021
   5.2235600000000004E-003   2.5903081679907827E+021
   5.1867099999999998E-003   2.6581230539624494E+021
   5.1495200000000003E-003   2.7278131657730572E+021
   5.1119800000000003E-003   2.7994338183892954E+021
   5.0740999999999998E-003   2.8730418098445636E+021
   5.0358699999999996E-003   2.9486992394125034E+021
   4.9972899999999997E-003   3.0264702070852404E+021
   4.9583400000000003E-003   3.1064094967688630E+021
   4.9190299999999996E-003   3.1681608848677604E+021
   4.8991399999999997E-003   3.2097600728249632E+021
   4.8793500000000002E-003   3.2520660680177903E+021
   4.8592699999999997E-003   3.2948466224607485E+021
   4.8392900000000004E-003   3.3506580587299141E+021
   4.8074900000000002E-003   3.4200524130159192E+021
   4.7759300000000003E-003   3.4779651509908805E+021
   4.7553500000000002E-003   3.5239848383462423E+021
   4.7348700000000004E-003   3.5706084314900306E+021
   4.7140999999999997E-003   3.6179087451896294E+021
   4.6934200000000002E-003   3.6658691107897606E+021
   4.6724499999999999E-003   3.7145148172672067E+021
   4.6515599999999999E-003   3.7638369448577975E+021
   4.6303799999999999E-003   3.8138614164088013E+021
   4.6092900000000003E-003   3.8645942326275610E+021
   4.5878999999999998E-003   3.9160460592461607E+021
   4.5665999999999997E-003   3.9682313089852228E+021
   4.5450000000000004E-003   4.0211571512870243E+021
   4.5234699999999999E-003   4.0748337296262179E+021
   4.5016600000000002E-003   4.1292836257631049E+021
   4.4799200000000001E-003   4.1845154594234030E+021
   4.4578800000000000E-003   4.2405388538279373E+021
   4.4359100000000004E-003   4.2973650172674232E+021
   4.4136499999999999E-003   4.3550176899952337E+021
   4.3914499999999999E-003   4.4135010206808654E+021
   4.3689599999999999E-003   4.4728450321583838E+021
   4.3465300000000004E-003   4.5330429739958172E+021
   4.3238000000000000E-003   4.5941270987232410E+021
   4.3011300000000002E-003   4.6561034246820588E+021
   4.2781599999999996E-003   4.7189986705945479E+021
   4.2552500000000004E-003   4.7826941783196429E+021
   4.2321199999999998E-003   4.8474660561770764E+021
   4.2088700000000000E-003   4.9132052849972237E+021
   4.1854900000000000E-003   4.9799310471427114E+021
   4.1619800000000000E-003   5.0476635855284056E+021
   4.1383399999999999E-003   5.1164228996687106E+021
   4.1145699999999997E-003   5.1862309628010624E+021
   4.0906600000000003E-003   5.2571112259158068E+021
   4.0666200000000000E-003   5.3290865937286934E+021
   4.0424399999999996E-003   5.4021815232478744E+021
   4.0181200000000000E-003   5.4764224007861877E+021
   3.9936599999999996E-003   5.5518328317536014E+021
   3.9690599999999999E-003   5.6284383563797475E+021
   3.9443100000000004E-003   5.7062669090205645E+021
   3.9194199999999998E-003   5.7853433936748437E+021
   3.8943699999999999E-003   5.8656933713444067E+021
   3.8691699999999999E-003   5.9473557501291371E+021
   3.8438200000000000E-003   6.0303531961986539E+021
   3.8183100000000001E-003   6.1147307915305634E+021
   3.7926399999999999E-003   6.2005450500429400E+021
   3.7668100000000002E-003   6.2878422438889862E+021
   3.7408200000000002E-003   6.3766139044750562E+021
   3.7146499999999999E-003   6.4668269913148521E+021
   3.6883200000000001E-003   6.5584646181621177E+021
   3.6618100000000002E-003   6.6515431260807800E+021
   3.6351299999999999E-003   6.7460801455845582E+021
   3.6082599999999999E-003   6.8420944787590181E+021
   3.5812100000000000E-003   6.9396059512098846E+021
   3.5539800000000000E-003   7.0386353369997388E+021
   3.5265499999999998E-003   7.1392043064855489E+021
   3.4989299999999999E-003   7.2413354304954968E+021
   3.4711099999999999E-003   7.3450519699672405E+021
   3.4430799999999998E-003   7.4503780177243003E+021
   3.4148500000000001E-003   7.5573384223723094E+021
   3.3864099999999999E-003   7.6659587114063888E+021
   3.3577400000000001E-003   7.7762651109528059E+021
   3.3288599999999999E-003   7.8882845185591141E+021
   3.2997500000000002E-003   8.0020445740495222E+021
   3.2704100000000001E-003   8.1175734975251475E+021
   3.2408300000000001E-003   8.2349002232013185E+021
   3.2110099999999998E-003   8.3540542880246735E+021
   3.1809300000000002E-003   8.4750660126047564E+021
   3.1505999999999999E-003   8.5979662294125946E+021
   3.1200099999999999E-003   8.7227864749323248E+021
   3.0891400000000002E-003   8.8495590761519099E+021
   3.0580000000000000E-003   8.9783168368825000E+021
   3.0265700000000001E-003   9.1090932880588344E+021
   2.9948399999999999E-003   9.2419228062673189E+021
   2.9628200000000001E-003   9.3768402312668308E+021
   2.9304800000000001E-003   9.5138811979070219E+021
   2.8978200000000002E-003   9.6530820567227118E+021
   2.8648200000000001E-003   9.7944798768638292E+021
   2.8314799999999999E-003   9.9381123920322206E+021
   2.7977900000000001E-003   1.0084018029866099E+022
   2.7637299999999998E-003   1.0232236172821987E+022
   2.7292900000000001E-003   1.0382806677526965E+022
   2.6944600000000001E-003   1.0535770348743549E+022
   2.6592100000000000E-003   1.0691168720125782E+022
   2.6235400000000002E-003   1.0849044000590858E+022
   2.5874299999999999E-003   1.1009439305319068E+022
   2.5508699999999998E-003   1.1172398559230899E+022
   2.5138199999999999E-003   1.1337966398149635E+022
   2.4762700000000000E-003   1.1506188372931720E+022
   2.4382000000000002E-003   1.1677110856525629E+022
   2.3995900000000001E-003   1.1850780965431497E+022
   2.3603999999999999E-003   1.2027246712022301E+022
   2.3206099999999999E-003   1.2206552399117503E+022
   2.2802000000000000E-003   1.2388785149650288E+022
   2.2391099999999999E-003   1.2573963070515033E+022
   2.1973299999999999E-003   1.2762137460824372E+022
   2.1548100000000001E-003   1.2953360742239548E+022
   2.1115000000000001E-003   1.3147686182794109E+022
   2.0673599999999999E-003   1.3345159311728254E+022
   2.0223400000000001E-003   1.3545878398612472E+022
   1.9763699999999999E-003   1.3749867536516420E+022
   1.9293800000000001E-003   1.3956522432313214E+022
   1.8816300000000000E-003   1.4167211028643945E+022
   1.8320599999999999E-003   1.4382078887642683E+022
   1.7815500000000000E-003   1.4599732576439526E+022
   1.7296600000000001E-003   1.4792664537530932E+022
   1.6900500000000000E-003   1.4960889306657310E+022
   1.6489499999999999E-003   1.5201268752263099E+022
   1.5715499999999999E-003   1.5447560667722613E+022
   1.5282000000000000E-003   1.5623974242040316E+022
   1.4827600000000001E-003   1.5889695729659677E+022
   1.3885700000000000E-003   1.6193351652635616E+022
   1.3235400000000000E-003   1.6435511723265698E+022
   1.2557200000000001E-003   1.6685172911593442E+022
   1.1808100000000000E-003   1.6945732047643141E+022
   1.1010499999999999E-003   1.7217628990199403E+022
   1.0092300000000001E-003   1.7515615909715733E+022
   8.9972999999999995E-004   1.7895729945883319E+022
   7.0671999999999998E-004   1.8292438873241595E+022
   5.6808000000000000E-004   1.8516932365847108E+022
   4.8435999999999998E-004   1.8657688549721605E+022
   3.8315000000000002E-004   1.8772490166204547E+022
   3.1399999999999999E-004   1.8844321659111795E+022
   2.5083000000000001E-004   1.8890793038941725E+022
   2.0173000000000001E-004   1.8924499728702609E+022
   1.6424000000000001E-004   1.8942420722551028E+022
   1.3648999999999999E-004   1.8955191092030338E+022
   1.1695000000000000E-004   1.8961390594299997E+022
   1.0409000000000000E-004   1.8967056663400927E+022
   8.6910000000000006E-005   1.8972293115056807E+022
   6.8979999999999993E-005   1.8976204670606682E+022
   5.4750000000000003E-005   1.8979064192640603E+022
   4.3449999999999999E-005   1.8980654566744030E+022
   3.4489999999999997E-005   1.8981639344144817E+022
   2.7370000000000001E-005   1.8982429765844645E+022
   2.1719999999999999E-005   1.8982825192278609E+022
   1.7240000000000001E-005   1.8983153210375969E+022
   1.3689999999999999E-005   1.8983441562607704E+022
