   8.9182500000000008E-003   363161514469232.00     
   8.9182299999999992E-003   576115259455658.38     
   8.9182199999999993E-003   733396534317590.62     
   8.9182099999999993E-003   862318314615911.00     
   8.9181999999999994E-003   973652610362796.88     
   8.9181899999999995E-003   1072364859495285.0     
   8.9181899999999995E-003   1161655546833462.5     
   8.9181799999999995E-003   1243880120615586.8     
   8.9181699999999996E-003   1320651171283546.8     
   8.9181699999999996E-003   1393075286267376.5     
   8.9181699999999996E-003   1461794046626475.0     
   8.9181599999999996E-003   1527226280033760.5     
   8.9181599999999996E-003   1589768428196210.2     
   8.9181599999999996E-003   1649765517198359.2     
   8.9181499999999997E-003   1707506259530109.8     
   8.9181499999999997E-003   1763242092008147.0     
   8.9181499999999997E-003   1817185457897073.5     
   8.9181399999999997E-003   1869521310513627.2     
   8.9181399999999997E-003   1920416172539813.8     
   8.9181399999999997E-003   1970016975945369.2     
   8.9181299999999998E-003   2030209016081595.0     
   8.9181299999999998E-003   2100475335335208.0     
   8.9181299999999998E-003   2168610502732333.0     
   8.9181199999999999E-003   2234829978493382.8     
   8.9181199999999999E-003   2288802149296058.0     
   8.9181199999999999E-003   2331073997533656.5     
   8.9181199999999999E-003   2372672056978885.0     
   8.9181099999999999E-003   2413629306302408.5     
   8.9181099999999999E-003   2463866054057959.5     
   8.9181099999999999E-003   2523076072586149.0     
   8.9181099999999999E-003   2581045132501378.0     
   8.9181000000000000E-003   2637844332871888.5     
   8.9181000000000000E-003   2684408827898707.5     
   8.9181000000000000E-003   2721076070711425.0     
   8.9181000000000000E-003   2757296805959764.0     
   8.9181000000000000E-003   2793088922455494.5     
   8.9180900000000000E-003   2845867841500171.0     
   8.9180900000000000E-003   2898074826181120.0     
   8.9180900000000000E-003   2932342132309345.0     
   8.9180900000000000E-003   2982992542241030.0     
   8.9180900000000000E-003   3049614552755294.5     
   8.9180800000000001E-003   3115107590818468.0     
   8.9180800000000001E-003   3179559836220011.5     
   8.9180800000000001E-003   3227357225720174.0     
   8.9180800000000001E-003   3258861473169042.0     
   8.9180700000000002E-003   3290139458175428.5     
   8.9180700000000002E-003   3321195140325658.0     
   8.9180700000000002E-003   3367283246373919.5     
   8.9180700000000002E-003   3428115300389380.5     
   8.9180700000000002E-003   3488113474985152.5     
   8.9180600000000002E-003   3547281206161520.5     
   8.9180600000000002E-003   3615186270002083.0     
   8.9180600000000002E-003   3691487206856440.5     
   8.9180600000000002E-003   3766311153341307.5     
   8.9180500000000003E-003   3839696992236699.5     
   8.9180500000000003E-003   3911789441273087.0     
   8.9180500000000003E-003   3982775723701084.5     
   8.9180400000000003E-003   4052853770645535.5     
   8.9180400000000003E-003   4122219987960572.0     
   8.9180400000000003E-003   4199589174924044.0     
   8.9180400000000003E-003   4285157854828418.5     
   8.9180300000000004E-003   4370499202370220.5     
   8.9180300000000004E-003   4434577720544664.5     
   8.9180300000000004E-003   4477256119089361.5     
   8.9180300000000004E-003   4541263767915473.0     
   8.9180200000000005E-003   4626958380576463.0     
   8.9180200000000005E-003   4712986023451931.0     
   8.9180200000000005E-003   4799395741955645.0     
   8.9180200000000005E-003   4886191532765925.0     
   8.9180100000000005E-003   4973298993046295.0     
   8.9180100000000005E-003   5060598323497428.0     
   8.9180100000000005E-003   5147940409663172.0     
   8.9180100000000005E-003   5235153212103830.0     
   8.9180000000000006E-003   5322051756326616.0     
   8.9180000000000006E-003   5451267506355726.0     
   8.9180000000000006E-003   5600030107177701.0     
   8.9179900000000006E-003   5725125807193827.0     
   8.9179900000000006E-003   5847746649362867.0     
   8.9179900000000006E-003   5938002227274664.0     
   8.9179900000000006E-003   5997300726173639.0     
   8.9179900000000006E-003   6084918220263256.0     
   8.9179800000000007E-003   6199266565927907.0     
   8.9179800000000007E-003   6365413506029773.0     
   8.9179700000000008E-003   6525241912991892.0     
   8.9179700000000008E-003   6628452247488578.0     
   8.9179700000000008E-003   6729145052915610.0     
   8.9179700000000008E-003   6827465267268680.0     
   8.9179600000000008E-003   6923558950184079.0     
   8.9179600000000008E-003   7017572044890758.0     
   8.9179600000000008E-003   7109649449800948.0     
   8.9179600000000008E-003   7199934178278143.0     
   8.9179600000000008E-003   7303148560496963.0     
   8.9179499999999991E-003   7418480542068369.0     
   8.9179499999999991E-003   7586315809941049.0     
   8.9179399999999992E-003   7748777517629713.0     
   8.9179399999999992E-003   7853906753331755.0     
   8.9179399999999992E-003   7956678804754713.0     
   8.9179399999999992E-003   8057168812620202.0     
   8.9179299999999993E-003   8167543052697135.0     
   8.9179299999999993E-003   8287071802974710.0     
   8.9179299999999993E-003   8403393361546259.0     
   8.9179199999999993E-003   8516612194373565.0     
   8.9179199999999993E-003   8626835770208221.0     
   8.9179199999999993E-003   8734233998527980.0     
   8.9179199999999993E-003   8890140512817436.0     
   8.9179099999999994E-003   9050981325722806.0     
   8.9179099999999994E-003   9167473997971026.0     
   8.9178999999999994E-003   9281396529202010.0     
   8.9178999999999994E-003   9392575444482606.0     
   8.9178999999999994E-003   9501179635514052.0     
   8.9178899999999995E-003   9607378916279088.0     
   8.9178899999999995E-003   9711342898552016.0     
   8.9178899999999995E-003   9813240532277972.0     
   8.9178799999999996E-003   9913212738847604.0     
   8.9178799999999996E-003   10011333210409328.     
   8.9178799999999996E-003   10107658203725488.     
   8.9178799999999996E-003   10202239158017474.     
   8.9178699999999996E-003   10340640912269644.     
   8.9178699999999996E-003   10519908884533656.     
   8.9178599999999997E-003   10693123941775780.     
   8.9178599999999997E-003   10860796646945978.     
   8.9178499999999997E-003   11023286590570200.     
   8.9178499999999997E-003   11180846492111540.     
   8.9178399999999998E-003   11333841343960914.     
   8.9178399999999998E-003   11482690360246382.     
   8.9178299999999999E-003   11627758420967340.     
   8.9178299999999999E-003   11769363943711004.     
   8.9178199999999999E-003   11907786819915608.     
   8.9178199999999999E-003   12043299894173656.     
   8.9178100000000000E-003   12176187104875014.     
   8.9178100000000000E-003   12306738379499186.     
   8.9178000000000000E-003   12435242862580126.     
   8.9178000000000000E-003   12561873201455208.     
   8.9177900000000001E-003   12747886862075940.     
   8.9177900000000001E-003   12989943616072430.     
   8.9177800000000002E-003   13167107010879296.     
   8.9177700000000002E-003   13282784530820796.     
   8.9177700000000002E-003   13396805255843194.     
   8.9177700000000002E-003   13509219416986764.     
   8.9177600000000003E-003   13656449776947272.     
   8.9177600000000003E-003   13836964967781384.     
   8.9177500000000003E-003   14013434150554820.     
   8.9177400000000004E-003   14143575413632846.     
   8.9177400000000004E-003   14229079808992444.     
   8.9177400000000004E-003   14355549252036568.     
   8.9177300000000004E-003   14521710853693756.     
   8.9177300000000004E-003   14684877360925186.     
   8.9177200000000005E-003   14845244468442740.     
   8.9177100000000006E-003   15002997276915502.     
   8.9177100000000006E-003   15158300413688392.     
   8.9177000000000006E-003   15386376042948112.     
   8.9176900000000007E-003   15610639626837852.     
   8.9176900000000007E-003   15757039595829208.     
   8.9176800000000007E-003   15901226858566652.     
   8.9176800000000007E-003   16043213878564850.     
   8.9176700000000008E-003   16251725390036968.     
   8.9176600000000009E-003   16522887137566716.     
   8.9176499999999992E-003   16785888349683814.     
   8.9176399999999992E-003   17041042816305994.     
   8.9176299999999993E-003   17258356132317522.     
   8.9176199999999994E-003   17440215167527510.     
   8.9176199999999994E-003   17618394166115738.     
   8.9176099999999994E-003   17793092806770096.     
   8.9175999999999995E-003   18048391523715308.     
   8.9175899999999995E-003   18298444784617876.     
   8.9175799999999996E-003   18461505119539580.     
   8.9175799999999996E-003   18622223331697236.     
   8.9175699999999997E-003   18780758320060980.     
   8.9175599999999997E-003   19014240882213116.     
   8.9175499999999998E-003   19319718576880864.     
   8.9175399999999998E-003   19618523213217736.     
   8.9175299999999999E-003   19911399948255956.     
   8.9175100000000000E-003   20198715382683960.     
   8.9175000000000001E-003   20480766713263700.     
   8.9174900000000001E-003   20757941468291776.     
   8.9174800000000002E-003   21030534548874336.     
   8.9174700000000003E-003   21298630447066428.     
   8.9174600000000003E-003   21562308847425264.     
   8.9174500000000004E-003   21821678111593572.     
   8.9174400000000004E-003   22118729992503868.     
   8.9174200000000006E-003   22451842042323756.     
   8.9174100000000006E-003   22777954661492500.     
   8.9174000000000007E-003   23097183633739360.     
   8.9173800000000008E-003   23409839421754228.     
   8.9173700000000009E-003   23640597740313188.     
   8.9173599999999992E-003   23792303591163004.     
   8.9173599999999992E-003   24016769511648988.     
   8.9173399999999993E-003   24311465697966068.     
   8.9173299999999994E-003   24600580849031156.     
   8.9173199999999994E-003   24884300683130748.     
   8.9173099999999995E-003   25231269910419836.     
   8.9172899999999996E-003   25637842775682932.     
   8.9172699999999997E-003   25936215322200784.     
   8.9172599999999998E-003   26228175369540020.     
   8.9172499999999998E-003   26515573035547828.     
   8.9172399999999999E-003   26735277548268432.     
   8.9172299999999999E-003   26983005693410160.     
   8.9172200000000000E-003   27228305703009600.     
   8.9172100000000001E-003   27469371422823812.     
   8.9172000000000001E-003   27824716997886756.     
   8.9171800000000002E-003   28174978522975356.     
   8.9171700000000003E-003   28404870851138696.     
   8.9171600000000004E-003   28688625615238892.     
   8.9171400000000005E-003   29024771524668128.     
   8.9171300000000005E-003   29518908290463596.     
   8.9171000000000007E-003   30005155518763364.     
   8.9170800000000008E-003   30323158565098920.     
   8.9170699999999992E-003   30636971520272480.     
   8.9170599999999992E-003   30946748236783856.     
   8.9170399999999993E-003   31403283854417524.     
   8.9170199999999995E-003   31999991635707404.     
   8.9169899999999996E-003   32486671268827328.     
   8.9169699999999998E-003   32868619025337548.     
   8.9169599999999998E-003   33291029116285400.     
   8.9169300000000000E-003   33752173067498788.     
   8.9169100000000001E-003   34204780139840368.     
   8.9168900000000002E-003   34649172058890072.     
   8.9168700000000004E-003   35193215356444128.     
   8.9168500000000005E-003   35674313282416016.     
   8.9168300000000006E-003   35989813219006492.     
   8.9168200000000006E-003   36301675716405256.     
   8.9168000000000008E-003   36610015875706536.     
   8.9167900000000008E-003   37065597371666160.     
   8.9167599999999993E-003   37662520376728888.     
   8.9167399999999994E-003   38247315667986168.     
   8.9167099999999996E-003   38820702122040400.     
   8.9166799999999997E-003   39383312721566672.     
   8.9166599999999999E-003   40026434765409568.     
   8.9166300000000000E-003   40746204387995688.     
   8.9165900000000003E-003   41363577585428824.     
   8.9165700000000004E-003   41883473716541992.     
   8.9165500000000005E-003   42395603151480568.     
   8.9165200000000007E-003   42900382502016552.     
   8.9165000000000008E-003   43480130854183712.     
   8.9164699999999993E-003   44132119446768352.     
   8.9164399999999994E-003   44772968806077992.     
   8.9164099999999996E-003   45403187016883000.     
   8.9163899999999997E-003   46023201119679024.     
   8.9163599999999999E-003   46633382197360824.     
   8.9163300000000001E-003   47234125247238168.     
   8.9163000000000003E-003   47825820241677392.     
   8.9162800000000004E-003   48408828146202120.     
   8.9162500000000006E-003   48983477333799208.     
   8.9162300000000007E-003   49689954806816904.     
   8.9161899999999992E-003   50522591583475760.     
   8.9161499999999994E-003   51204368461446232.     
   8.9161299999999995E-003   51741537714000456.     
   8.9160999999999997E-003   52271995948610264.     
   8.9160799999999998E-003   52796012375069088.     
   8.9160600000000000E-003   53569601338889240.     
   8.9160100000000003E-003   54582300631425416.     
   8.9159700000000005E-003   55328499683122440.     
   8.9159400000000007E-003   55818939717214968.     
   8.9159200000000008E-003   56424683740934568.     
   8.9158899999999992E-003   57142167199490712.     
   8.9158599999999994E-003   57849389232512904.     
   8.9158299999999996E-003   58546773660367504.     
   8.9157999999999998E-003   59348065456819272.     
   8.9157500000000001E-003   60249223731737824.     
   8.9157200000000002E-003   60915603884166992.     
   8.9157000000000004E-003   61354830934287736.     
   8.9156800000000005E-003   62006386630648272.     
   8.9156400000000007E-003   62863664644482584.     
   8.9155999999999992E-003   63707403874867408.     
   8.9155599999999995E-003   64538071390477680.     
   8.9155299999999996E-003   65759013375313232.     
   8.9154500000000001E-003   67348606574940824.     
   8.9153900000000005E-003   68514050557406992.     
   8.9153500000000007E-003   69277412729884648.     
   8.9153199999999991E-003   70031190283116056.     
   8.9152799999999994E-003   70775780895531888.     
   8.9152499999999996E-003   71693619712162200.     
   8.9151999999999999E-003   72778483377341040.     
   8.9151600000000001E-003   73669408087074080.     
   8.9151200000000003E-003   74373176242387728.     
   8.9150900000000005E-003   75242030211302480.     
   8.9150500000000008E-003   76270511075077584.     
   8.9149999999999993E-003   77283538616122960.     
   8.9149599999999996E-003   78281787114852544.     
   8.9149199999999998E-003   79265904418533248.     
   8.9148700000000001E-003   80236397687286240.     
   8.9148300000000003E-003   81193646840032992.     
   8.9147900000000006E-003   82137958068852288.     
   8.9147500000000008E-003   83069735899698464.     
   8.9147099999999993E-003   83989544156247136.     
   8.9146699999999995E-003   85047833276676368.     
   8.9146199999999998E-003   86239763225549600.     
   8.9145600000000002E-003   87122317143085760.     
   8.9145400000000003E-003   87704691179691296.     
   8.9145100000000005E-003   88696755642303600.     
   8.9144500000000008E-003   90085295628212544.     
   8.9143899999999995E-003   91173726097370880.     
   8.9143599999999996E-003   91972570969849136.     
   8.9143199999999999E-003   92959988683070176.     
   8.9142700000000002E-003   94130411849875120.     
   8.9142200000000005E-003   95285117023364816.     
   8.9141700000000008E-003   96424804295172480.     
   8.9141299999999993E-003   97735761142532592.     
   8.9140599999999997E-003   99211777683060608.     
   8.9140000000000000E-003   1.0030423753907510E+017
   8.9139700000000002E-003   1.0102485635297355E+017
   8.9139400000000004E-003   1.0209457685390896E+017
   8.9138800000000008E-003   1.0350306070113083E+017
   8.9138199999999994E-003   1.0489093940221765E+017
   8.9137599999999997E-003   1.0625919887959086E+017
   8.9137000000000001E-003   1.0760872261032930E+017
   8.9136400000000005E-003   1.0894025259112342E+017
   8.9135900000000007E-003   1.1025444412663795E+017
   8.9135299999999994E-003   1.1155197317609293E+017
   8.9134799999999997E-003   1.1283354755801912E+017
   8.9134200000000000E-003   1.1409989693191176E+017
   8.9133700000000003E-003   1.1566160788760986E+017
   8.9132900000000008E-003   1.1750795979025664E+017
   8.9132099999999995E-003   1.1902442644025026E+017
   8.9131599999999998E-003   1.2022260870916194E+017
   8.9131100000000001E-003   1.2140841122554421E+017
   8.9130700000000004E-003   1.2258225471813357E+017
   8.9130200000000007E-003   1.2403273411572045E+017
   8.9129399999999994E-003   1.2575126322338085E+017
   8.9128699999999998E-003   1.2744596632210051E+017
   8.9128000000000002E-003   1.2911774590741083E+017
   8.9127400000000006E-003   1.3076736659576342E+017
   8.9126699999999993E-003   1.3239558665610848E+017
   8.9125999999999997E-003   1.3373709162864750E+017
   8.9125599999999999E-003   1.3479988722123330E+017
   8.9125100000000002E-003   1.3637681424146462E+017
   8.9124300000000007E-003   1.3845155472094931E+017
   8.9123399999999995E-003   1.4024117356039864E+017
   8.9122799999999999E-003   1.4175585113182523E+017
   8.9122200000000002E-003   1.4325381242389419E+017
   8.9121600000000006E-003   1.4473569536550221E+017
   8.9120999999999992E-003   1.4644455002905786E+017
   8.9120199999999997E-003   1.4837345652606250E+017
   8.9119400000000001E-003   1.5027721473056618E+017
   8.9118700000000006E-003   1.5215688208981613E+017
   8.9117899999999993E-003   1.5401341297870205E+017
   8.9117199999999997E-003   1.5584772931275056E+017
   8.9116500000000001E-003   1.5766072151191792E+017
   8.9115700000000006E-003   1.5945324779193069E+017
   8.9114999999999993E-003   1.6122604648207542E+017
   8.9114299999999997E-003   1.6297971697128474E+017
   8.9113600000000001E-003   1.6471479459600998E+017
   8.9112900000000005E-003   1.6643176587544157E+017
   8.9112299999999992E-003   1.6855229571212598E+017
   8.9111299999999997E-003   1.7106275214948070E+017
   8.9110300000000003E-003   1.7312725479516205E+017
   8.9109600000000008E-003   1.7476030675239459E+017
   8.9108999999999994E-003   1.7637793641674323E+017
   8.9108399999999997E-003   1.7798059149174470E+017
   8.9107800000000001E-003   1.8035576258481299E+017
   8.9106500000000009E-003   1.8347601652060061E+017
   8.9105299999999998E-003   1.8578238385832064E+017
   8.9104700000000002E-003   1.8730269654026474E+017
   8.9104100000000006E-003   1.8955803287662006E+017
   8.9102999999999995E-003   1.9252426380940934E+017
   8.9101900000000001E-003   1.9471947547568170E+017
   8.9101300000000005E-003   1.9616800195461171E+017
   8.9100700000000008E-003   1.9831912510086301E+017
   8.9099599999999998E-003   2.0115208767140349E+017
   8.9098600000000003E-003   2.0394481177293408E+017
   8.9097499999999993E-003   2.0669925516391523E+017
   8.9096499999999999E-003   2.0955379792788013E+017
   8.9095300000000006E-003   2.1330164506729258E+017
   8.9093599999999998E-003   2.1712060610349066E+017
   8.9092400000000006E-003   2.1945843698939917E+017
   8.9091900000000009E-003   2.2176887913368957E+017
   8.9090699999999998E-003   2.2481383114209901E+017
   8.9089600000000005E-003   2.2781779192296864E+017
   8.9088499999999994E-003   2.3078235380520346E+017
   8.9087400000000001E-003   2.3443297786673136E+017
   8.9085699999999993E-003   2.3874041911943613E+017
   8.9084200000000002E-003   2.4366478974940077E+017
   8.9082099999999997E-003   2.4917392257020726E+017
   8.9080099999999992E-003   2.5323012502308771E+017
   8.9079099999999998E-003   2.5589687164374742E+017
   8.9078100000000004E-003   2.5853622903393917E+017
   8.9077199999999992E-003   2.6114891978391488E+017
   8.9076199999999998E-003   2.6405673180094256E+017
   8.9075000000000005E-003   2.6725090124130416E+017
   8.9073899999999994E-003   2.7040718610190374E+017
   8.9072800000000001E-003   2.7352694863505523E+017
   8.9071600000000008E-003   2.7752829627383270E+017
   8.9069900000000000E-003   2.8237720711550029E+017
   8.9068099999999994E-003   2.8773300090371075E+017
   8.9066000000000006E-003   2.9357148665169274E+017
   8.9063900000000001E-003   2.9990752275042048E+017
   8.9061499999999998E-003   3.0671263501582112E+017
   8.9059099999999995E-003   3.1172145638838816E+017
   8.9057900000000002E-003   3.1501372272658330E+017
   8.9056799999999992E-003   3.2042071557195686E+017
   8.9054100000000008E-003   3.2784791542607386E+017
   8.9051600000000005E-003   3.3459954176621466E+017
   8.9049400000000001E-003   3.3919725420223526E+017
   8.9048400000000007E-003   3.4222655102512096E+017
   8.9047299999999996E-003   3.4572673836850400E+017
   8.9045900000000004E-003   3.4968511328744211E+017
   8.9044599999999995E-003   3.5553685407963789E+017
   8.9041899999999993E-003   3.6320055026918605E+017
   8.9039299999999991E-003   3.7070977021536806E+017
   8.9036800000000006E-003   3.7624975621999462E+017
   8.9035499999999997E-003   3.7989709369942931E+017
   8.9034300000000004E-003   3.8440739863460864E+017
   8.9032399999999998E-003   3.8975403318400934E+017
   8.9030700000000008E-003   3.9676965996652845E+017
   8.9027700000000008E-003   4.0537809441198976E+017
   8.9024900000000007E-003   4.1343248278357747E+017
   8.9022300000000006E-003   4.2099953747770035E+017
   8.9019800000000003E-003   4.2853410223016832E+017
   8.9017400000000000E-003   4.3603668111402227E+017
   8.9014999999999997E-003   4.4467571303362029E+017
   8.9011799999999999E-003   4.5441830522628160E+017
   8.9008799999999999E-003   4.6402098645130854E+017
   8.9005799999999999E-003   4.7348982125992832E+017
   8.9002899999999999E-003   4.8282977851252141E+017
   8.8999999999999999E-003   4.9204559070089370E+017
   8.8997299999999998E-003   4.9944992341517216E+017
   8.8995600000000008E-003   5.0508979692602362E+017
   8.8993900000000001E-003   5.1068552340517696E+017
   8.8992199999999994E-003   5.1623827742533203E+017
   8.8990600000000003E-003   5.2448181000752800E+017
   8.8987400000000005E-003   5.3534294444769229E+017
   8.8984300000000006E-003   5.4711037463287853E+017
   8.8980599999999993E-003   5.5975248341663162E+017
   8.8977099999999996E-003   5.7163724792815910E+017
   8.8973899999999998E-003   5.8279541697518285E+017
   8.8970799999999999E-003   5.9516965583951040E+017
   8.8967100000000004E-003   6.0870474583333581E+017
   8.8963500000000008E-003   6.2206661046789350E+017
   8.8959999999999994E-003   6.3523727245468403E+017
   8.8956499999999997E-003   6.4503731413891341E+017
   8.8954800000000007E-003   6.5479495513789939E+017
   8.8951499999999992E-003   6.6446819837344000E+017
   8.8949800000000002E-003   6.7216459755718694E+017
   8.8947499999999999E-003   6.8109831363897229E+017
   8.8945299999999995E-003   6.8995456380923661E+017
   8.8943100000000008E-003   6.9873587094667110E+017
   8.8940900000000003E-003   7.1053157724342003E+017
   8.8937200000000008E-003   7.2525702372445632E+017
   8.8933699999999994E-003   7.3991872023988262E+017
   8.8930099999999998E-003   7.5452171234345485E+017
   8.8926700000000001E-003   7.7132314026824397E+017
   8.8922199999999993E-003   7.9024355218368448E+017
   8.8917900000000001E-003   8.0429267443446080E+017
   8.8915699999999997E-003   8.1362061801028710E+017
   8.8913599999999992E-003   8.2755854820256499E+017
   8.8909400000000000E-003   8.4597751139872998E+017
   8.8905400000000006E-003   8.6418741335948403E+017
   8.8901399999999995E-003   8.8220009543347059E+017
   8.8897500000000001E-003   9.0233612510421286E+017
   8.8892699999999995E-003   9.2451999075275290E+017
   8.8888100000000005E-003   9.4649382428843469E+017
   8.8883499999999997E-003   9.6827228601811341E+017
   8.8879100000000006E-003   9.8983025945630566E+017
   8.8874699999999997E-003   1.0111807917370176E+018
   8.8870500000000005E-003   1.0281852919506996E+018
   8.8868000000000003E-003   1.0409641207881414E+018
   8.8865500000000000E-003   1.0536488858007692E+018
   8.8862999999999998E-003   1.0662423401644913E+018
   8.8860599999999994E-003   1.0851067675787985E+018
   8.8855800000000006E-003   1.1100689325467780E+018
   8.8851099999999999E-003   1.1369308201637727E+018
   8.8845699999999996E-003   1.1656256793948989E+018
   8.8840499999999992E-003   1.1941229054148861E+018
   8.8835300000000006E-003   1.2224365757223268E+018
   8.8830300000000001E-003   1.2445240056750098E+018
   8.8827500000000000E-003   1.2605669765472466E+018
   8.8824699999999999E-003   1.2765626055717435E+018
   8.8821899999999999E-003   1.2925129338658130E+018
   8.8819099999999998E-003   1.3123918790011141E+018
   8.8815000000000005E-003   1.3361063501810104E+018
   8.8811099999999994E-003   1.3638131256671567E+018
   8.8805700000000008E-003   1.3953878349542835E+018
   8.8800600000000004E-003   1.4267633018930629E+018
   8.8795400000000000E-003   1.4579508034857129E+018
   8.8790499999999994E-003   1.4811657176466990E+018
   8.8787999999999992E-003   1.4966111353152722E+018
   8.8785500000000007E-003   1.5140915833095593E+018
   8.8782500000000007E-003   1.5335702627637036E+018
   8.8779400000000008E-003   1.5626843006327124E+018
   8.8773399999999992E-003   1.6011522324848822E+018
   8.8767599999999992E-003   1.6297529080094554E+018
   8.8764699999999992E-003   1.6487666198471821E+018
   8.8761900000000008E-003   1.6698247174061076E+018
   8.8758399999999994E-003   1.6928871384885220E+018
   8.8754999999999997E-003   1.7157709617257142E+018
   8.8751699999999999E-003   1.7384813363916547E+018
   8.8748400000000002E-003   1.7613618647767347E+018
   8.8745000000000004E-003   1.7844102318723180E+018
   8.8741700000000007E-003   1.8189277412825385E+018
   8.8735199999999993E-003   1.8645704259908401E+018
   8.8728799999999997E-003   1.8985291478543322E+018
   8.8725699999999998E-003   1.9211450966660872E+018
   8.8722499999999999E-003   1.9458887986130993E+018
   8.8718900000000003E-003   1.9727176703618586E+018
   8.8715200000000008E-003   1.9993381271333030E+018
   8.8711599999999995E-003   2.0392832099984553E+018
   8.8704500000000002E-003   2.0792072049854272E+018
   8.8701000000000006E-003   2.1058360636032883E+018
   8.8697499999999992E-003   2.1322711031313464E+018
   8.8693999999999995E-003   2.1684521474669289E+018
   8.8688099999999995E-003   2.2141173066520353E+018
   8.8682299999999995E-003   2.2599866543353981E+018
   8.8676399999999996E-003   2.3060574248022287E+018
   8.8670599999999995E-003   2.3501805522055178E+018
   8.8665299999999992E-003   2.3924185402476170E+018
   8.8660200000000005E-003   2.4268247718996480E+018
   8.8656900000000007E-003   2.4535871426503905E+018
   8.8653599999999992E-003   2.4961464938626729E+018
   8.8646599999999999E-003   2.5540603347474248E+018
   8.8639700000000005E-003   2.5994900673599800E+018
   8.8635799999999994E-003   2.6328043463395692E+018
   8.8631900000000000E-003   2.6814346052207898E+018
   8.8624399999999992E-003   2.7449294803553500E+018
   8.8617200000000000E-003   2.8122765492727849E+018
   8.8608999999999997E-003   2.8824937545055401E+018
   8.8600999999999992E-003   2.9363005045199360E+018
   8.8596500000000002E-003   2.9749257751331953E+018
   8.8591999999999994E-003   3.0133244625743954E+018
   8.8587500000000003E-003   3.0516017691672468E+018
   8.8583099999999994E-003   3.1042283728627584E+018
   8.8575400000000006E-003   3.1711037244327071E+018
   8.8567799999999999E-003   3.2302886419336699E+018
   8.8562099999999998E-003   3.2820075749604618E+018
   8.8556399999999997E-003   3.3304062372857313E+018
   8.8551600000000008E-003   3.3978455428170962E+018
   8.8542199999999995E-003   3.4913934303575291E+018
   8.8532100000000002E-003   3.5638901985674266E+018
   8.8527199999999997E-003   3.6117537902495299E+018
   8.8522400000000008E-003   3.6830640948773396E+018
   8.8512799999999996E-003   3.7771258245433472E+018
   8.8503499999999999E-003   3.8673475901708933E+018
   8.8494899999999998E-003   3.9417237667655572E+018
   8.8488899999999999E-003   4.0032550586318976E+018
   8.8482999999999999E-003   4.0928695473334426E+018
   8.8471699999999997E-003   4.2096351004939105E+018
   8.8460799999999992E-003   4.3280031317303076E+018
   8.8449500000000007E-003   4.4479347852114468E+018
   8.8438500000000003E-003   4.5548867427293711E+018
   8.8429900000000002E-003   4.6493487608745277E+018
   8.8421400000000001E-003   4.7649553045374228E+018
   8.8409200000000004E-003   4.8671816311593411E+018
   8.8403300000000004E-003   4.9346590357919171E+018
   8.8397400000000004E-003   5.0287469348521851E+018
   8.8386899999999997E-003   5.1486876221170657E+018
   8.8376700000000006E-003   5.2419371040073462E+018
   8.8370900000000006E-003   5.3092408674501673E+018
   8.8365200000000005E-003   5.3948044718437478E+018
   8.8356500000000004E-003   5.4981812114477588E+018
   8.8347900000000004E-003   5.6295075033492623E+018
   8.8334799999999995E-003   5.7517482528228393E+018
   8.8327900000000001E-003   5.8494261662661827E+018
   8.8319000000000002E-003   5.9587668017961093E+018
   8.8310200000000002E-003   6.0927297271036037E+018
   8.8297600000000007E-003   6.2112765457327360E+018
   8.8291399999999992E-003   6.2896016068948419E+018
   8.8285299999999994E-003   6.4108720868256655E+018
   8.8272600000000000E-003   6.5333180728395612E+018
   8.8266300000000002E-003   6.6142248912711496E+018
   8.8260200000000004E-003   6.7025955191137403E+018
   8.8252899999999995E-003   6.7982699139939553E+018
   8.8245700000000003E-003   6.9202262811227750E+018
   8.8234500000000000E-003   7.0676760013648527E+018
   8.8223599999999996E-003   7.1912510197090990E+018
   8.8216200000000005E-003   7.2916544536345467E+018
   8.8208899999999996E-003   7.3921235695788083E+018
   8.8201500000000006E-003   7.5480740728178196E+018
   8.8186299999999992E-003   7.7566764181006367E+018
   8.8171499999999993E-003   7.9693634637250058E+018
   8.8156099999999998E-003   8.1320840829132820E+018
   8.8148500000000008E-003   8.2394268983430697E+018
   8.8141000000000001E-003   8.4064687193409946E+018
   8.8125300000000007E-003   8.6308096032563210E+018
   8.8109999999999994E-003   8.8590978722956462E+018
   8.8094100000000002E-003   9.0335191026286817E+018
   8.8086199999999996E-003   9.1482911967804570E+018
   8.8078500000000007E-003   9.2660794445184307E+018
   8.8070300000000004E-003   9.3866669155414528E+018
   8.8062300000000000E-003   9.5059560542959329E+018
   8.8054299999999995E-003   9.6239143929370563E+018
   8.8046400000000007E-003   9.7448218753413243E+018
   8.8038100000000005E-003   9.8684178393662239E+018
   8.8029900000000001E-003   1.0050875409148234E+019
   8.8013699999999993E-003   1.0233923974647841E+019
   8.8005300000000009E-003   1.0359684618702121E+019
   8.7996900000000006E-003   1.0483627633571052E+019
   8.7988600000000004E-003   1.0605746746854644E+019
   8.7980500000000000E-003   1.0730919501492529E+019
   8.7971799999999999E-003   1.0857997220187726E+019
   8.7963299999999998E-003   1.0982905724144568E+019
   8.7954899999999996E-003   1.1105795784717851E+019
   8.7946599999999993E-003   1.1231041893064487E+019
   8.7937799999999993E-003   1.1358312219587144E+019
   8.7929099999999993E-003   1.1483192717191621E+019
   8.7920600000000008E-003   1.1605887405249587E+019
   8.7912100000000007E-003   1.1730727146340895E+019
   8.7903200000000008E-003   1.1857423450963667E+019
   8.7894300000000009E-003   1.1981529118477640E+019
   8.7885600000000008E-003   1.2103411637133681E+019
   8.7877000000000007E-003   1.2227281679726201E+019
   8.7867899999999992E-003   1.2353060362819678E+019
   8.7858899999999993E-003   1.2476234069852402E+019
   8.7849999999999994E-003   1.2597418348255678E+019
   8.7841199999999994E-003   1.2720734526354239E+019
   8.7831999999999997E-003   1.2846200320887382E+019
   8.7822799999999999E-003   1.2969305474639634E+019
   8.7813800000000001E-003   1.3090711118010296E+019
   8.7804900000000002E-003   1.3214554436276728E+019
   8.7795400000000006E-003   1.3340880642597655E+019
   8.7786099999999992E-003   1.3465182496598309E+019
   8.7776899999999995E-003   1.3588086950159432E+019
   8.7767899999999996E-003   1.3713986263445989E+019
   8.7758300000000001E-003   1.3842240688312848E+019
   8.7748800000000005E-003   1.3967514254916463E+019
   8.7739500000000008E-003   1.4094264126282336E+019
   8.7730299999999994E-003   1.4294544212680090E+019
   8.7710900000000005E-003   1.4559339069897642E+019
   8.7691999999999996E-003   1.4756909650203003E+019
   8.7682100000000002E-003   1.4893816891042329E+019
   8.7672300000000009E-003   1.5029152083191767E+019
   8.7662599999999997E-003   1.5166478906892825E+019
   8.7653100000000001E-003   1.5385241012435732E+019
   8.7633099999999998E-003   1.5673622752039279E+019
   8.7613599999999993E-003   1.5888200571969989E+019
   8.7603400000000001E-003   1.6037812921810467E+019
   8.7593199999999993E-003   1.6262095563210525E+019
   8.7573400000000006E-003   1.6567691849372340E+019
   8.7552800000000007E-003   1.6798893009780697E+019
   8.7542599999999998E-003   1.6954870031828087E+019
   8.7532600000000006E-003   1.7203980206529800E+019
   8.7511599999999991E-003   1.7530984476922018E+019
   8.7491099999999992E-003   1.7858075974102634E+019
   8.7469799999999997E-003   1.8108192836284873E+019
   8.7459300000000007E-003   1.8274247200762114E+019
   8.7448999999999999E-003   1.8536186646174138E+019
   8.7427200000000007E-003   1.8886053722595889E+019
   8.7406099999999994E-003   1.9243154447958143E+019
   8.7384000000000003E-003   1.9607112143947035E+019
   8.7362499999999992E-003   1.9878746067423285E+019
   8.7351200000000007E-003   2.0067208491873235E+019
   8.7340000000000004E-003   2.0357189694214771E+019
   8.7317400000000000E-003   2.0739796778731418E+019
   8.7295299999999992E-003   2.1122713434636304E+019
   8.7273000000000003E-003   2.1520112483497628E+019
   8.7249800000000002E-003   2.1925137738907951E+019
   8.7227099999999998E-003   2.2226890021505520E+019
   8.7215200000000000E-003   2.2545228238360306E+019
   8.7191899999999999E-003   2.2910005147360776E+019
   8.7174300000000000E-003   2.3230523327950795E+019
   8.7156300000000003E-003   2.3609440201899938E+019
   8.7132900000000003E-003   2.4049900663078588E+019
   8.7108299999999993E-003   2.4437330305109631E+019
   8.7090399999999995E-003   2.4771774393098494E+019
   8.7071900000000001E-003   2.5119695496778232E+019
   8.7053400000000006E-003   2.5463510944084283E+019
   8.7035199999999993E-003   2.5797918700768563E+019
   8.7017499999999994E-003   2.6122962508051808E+019
   8.7000199999999993E-003   2.6413370572398633E+019
   8.6986000000000008E-003   2.6674623962233889E+019
   8.6972000000000004E-003   2.6954710052097954E+019
   8.6955999999999995E-003   2.7248165828778873E+019
   8.6940300000000002E-003   2.7541507056259809E+019
   8.6923899999999995E-003   2.7840704586104119E+019
   8.6907800000000004E-003   2.8208792047366652E+019
   8.6884700000000002E-003   2.8620002619709342E+019
   8.6862199999999997E-003   2.8955124122494153E+019
   8.6845800000000008E-003   2.9240968798246199E+019
   8.6829699999999999E-003   2.9598943113237258E+019
   8.6806000000000001E-003   2.9997801026054943E+019
   8.6782900000000000E-003   3.0322918978733158E+019
   8.6765899999999997E-003   3.0595592885525103E+019
   8.6749099999999992E-003   3.0861167663262110E+019
   8.6732200000000006E-003   3.1123224118509691E+019
   8.6715600000000000E-003   3.1441423189127508E+019
   8.6691600000000004E-003   3.1790761018224923E+019
   8.6668300000000004E-003   3.2097735469110272E+019
   8.6647400000000006E-003   3.2377539209925632E+019
   8.6627000000000006E-003   3.2645559609885528E+019
   8.6606200000000008E-003   3.2906397425244910E+019
   8.6585900000000007E-003   3.3180224124864094E+019
   8.6561499999999996E-003   3.3461759033405911E+019
   8.6537999999999997E-003   3.3730628463095562E+019
   8.6513700000000002E-003   3.3983956587652051E+019
   8.6490100000000004E-003   3.4181044588993040E+019
   8.6472900000000002E-003   3.4353883811328188E+019
   8.6456099999999998E-003   3.4604904764220363E+019
   8.6424899999999992E-003   3.4904555850283319E+019
   8.6394999999999996E-003   3.5134251661578834E+019
   8.6374199999999998E-003   3.5326891511464419E+019
   8.6353899999999997E-003   3.5524273144404435E+019
   8.6333299999999998E-003   3.5722799187012882E+019
   8.6313199999999996E-003   3.6027572684598772E+019
   8.6272799999999993E-003   3.6337134353081876E+019
   8.6252499999999992E-003   3.6552902774318797E+019
   8.6232800000000005E-003   3.6818054684360794E+019
   8.6205399999999995E-003   3.7051973603058713E+019
   8.6192100000000004E-003   3.7209918003803914E+019
   8.6178999999999995E-003   3.7462059610443244E+019
   8.6151600000000002E-003   3.7721350287142207E+019
   8.6138299999999994E-003   3.7944228555783234E+019
   8.6118299999999991E-003   3.8223119311956566E+019
   8.6097799999999992E-003   3.8462890960877904E+019
   8.6084500000000001E-003   3.8760771893961507E+019
   8.6057500000000006E-003   3.9069338239758950E+019
   8.6043900000000000E-003   3.9280433055880225E+019
   8.6030499999999992E-003   3.9551955428549231E+019
   8.6010300000000008E-003   3.9892293434197819E+019
   8.5989699999999992E-003   4.0184966017232126E+019
   8.5976300000000002E-003   4.0420427591017415E+019
   8.5962999999999994E-003   4.0792672317676405E+019
   8.5935300000000003E-003   4.1241497097096438E+019
   8.5915000000000002E-003   4.1568937520745153E+019
   8.5901199999999997E-003   4.1912387360433594E+019
   8.5880300000000000E-003   4.2403100041532957E+019
   8.5853100000000005E-003   4.2834258555916296E+019
   8.5838900000000003E-003   4.3211601590295249E+019
   8.5817900000000006E-003   4.3665002771344253E+019
   8.5797300000000007E-003   4.4216545982333477E+019
   8.5768700000000003E-003   4.4745244048409821E+019
   8.5750900000000005E-003   4.5158286206254047E+019
   8.5733500000000004E-003   4.5669976561678713E+019
   8.5708199999999998E-003   4.6274232735417049E+019
   8.5683500000000006E-003   4.6945633165779436E+019
   8.5654000000000008E-003   4.7493733351272415E+019
   8.5639600000000007E-003   4.7862445067243315E+019
   8.5625300000000005E-003   4.8492909534641046E+019
   8.5591399999999998E-003   4.9377135429297766E+019
   8.5558400000000003E-003   5.0076874819480060E+019
   8.5539399999999995E-003   5.0746552576338674E+019
   8.5509300000000000E-003   5.1645443942632808E+019
   8.5474799999999997E-003   5.2454224522035741E+019
   8.5451999999999993E-003   5.3061627973212725E+019
   8.5432200000000007E-003   5.3630039542327738E+019
   8.5412700000000001E-003   5.4335080177748287E+019
   8.5384799999999993E-003   5.5142927274371678E+019
   8.5357400000000000E-003   5.5916928028227510E+019
   8.5333200000000005E-003   5.6643501405146866E+019
   8.5309400000000007E-003   5.7268363437515555E+019
   8.5292800000000002E-003   5.7780643584236061E+019
   8.5276499999999995E-003   5.8528833861062197E+019
   8.5245000000000008E-003   5.9531466204936716E+019
   8.5214300000000000E-003   6.0278443017772409E+019
   8.5198400000000007E-003   6.0794286782207787E+019
   8.5182699999999997E-003   6.1429781635541295E+019
   8.5160099999999992E-003   6.2179858649244672E+019
   8.5137900000000002E-003   6.3148521210644546E+019
   8.5103100000000001E-003   6.4356353695442100E+019
   8.5067900000000002E-003   6.5673949391151251E+019
   8.5028299999999994E-003   6.6863689104812720E+019
   8.5001199999999999E-003   6.7856106020911628E+019
   8.4973700000000006E-003   6.9081631194772603E+019
   8.4934999999999993E-003   7.0721001104185467E+019
   8.4886400000000004E-003   7.2051527689984541E+019
   8.4864999999999993E-003   7.2873639680612606E+019
   8.4843799999999997E-003   7.3841981643244470E+019
   8.4815299999999993E-003   7.4978176810506846E+019
   8.4785899999999994E-003   7.6131979437540590E+019
   8.4757099999999991E-003   7.7304619218812551E+019
   8.4727299999999995E-003   7.8508469487875555E+019
   8.4697300000000000E-003   7.9716597820069380E+019
   8.4667900000000001E-003   8.0743463991461659E+019
   8.4647100000000003E-003   8.2007092161573437E+019
   8.4606200000000003E-003   8.3954010606687732E+019
   8.4554199999999999E-003   8.5817698086203605E+019
   8.4517700000000008E-003   8.7266197626917683E+019
   8.4485800000000007E-003   8.8643205686735831E+019
   8.4453299999999992E-003   9.0514777266498388E+019
   8.4399000000000002E-003   9.2467058666098590E+019
   8.4363200000000006E-003   9.3669198930533728E+019
   8.4343999999999999E-003   9.5039190925725368E+019
   8.4301299999999992E-003   9.6920640494621557E+019
   8.4259299999999999E-003   9.8370587746971861E+019
   8.4236199999999997E-003   9.9401891765198340E+019
   8.4213399999999994E-003   1.0092231100297894E+020
   8.4169099999999997E-003   1.0291101105886878E+020
   8.4125699999999994E-003   1.0431128864323695E+020
   8.4107599999999998E-003   1.0513633638844131E+020
   8.4089700000000000E-003   1.0653507102409220E+020
   8.4046999999999993E-003   1.0849587254251615E+020
   8.4005000000000000E-003   1.0995977748922773E+020
   8.3983300000000007E-003   1.1097100073831065E+020
   8.3961799999999996E-003   1.1240059946407725E+020
   8.3922500000000004E-003   1.1424117209593795E+020
   8.3883900000000008E-003   1.1580247337165893E+020
   8.3856699999999996E-003   1.1709149926001562E+020
   8.3829899999999999E-003   1.1856121599753950E+020
   8.3795499999999995E-003   1.2020808454725019E+020
   8.3761600000000005E-003   1.2208444347176369E+020
   8.3718200000000003E-003   1.2418307408894963E+020
   8.3675499999999996E-003   1.2611119806121080E+020
   8.3639300000000003E-003   1.2860238122022935E+020
   8.3574600000000006E-003   1.3091783984932599E+020
   8.3545900000000003E-003   1.3243721847004756E+020
   8.3513900000000002E-003   1.3403538102197754E+020
   8.3482299999999999E-003   1.3650251717612844E+020
   8.3416600000000007E-003   1.3981431195391225E+020
   8.3352400000000007E-003   1.4323561455534809E+020
   8.3283799999999998E-003   1.4676314823147995E+020
   8.3216699999999998E-003   1.4944302742638648E+020
   8.3180500000000004E-003   1.5133808974826720E+020
   8.3144800000000008E-003   1.5334382607891536E+020
   8.3104800000000003E-003   1.5545894243987073E+020
   8.3065399999999994E-003   1.5746564766926681E+020
   8.3029899999999997E-003   1.5936715164574784E+020
   8.2994699999999998E-003   1.6165013718985979E+020
   8.2945499999999995E-003   1.6430661415209707E+020
   8.2897100000000005E-003   1.6725289576855457E+020
   8.2838200000000008E-003   1.7047813146014001E+020
   8.2780300000000005E-003   1.7349133679883882E+020
   8.2729599999999993E-003   1.7630572838444479E+020
   8.2679599999999995E-003   1.7921935958053795E+020
   8.2625400000000005E-003   1.8196922300573322E+020
   8.2582999999999997E-003   1.8437065608534285E+020
   8.2541200000000002E-003   1.8760582891128082E+020
   8.2470500000000006E-003   1.9165416328598349E+020
   8.2401300000000000E-003   1.9547941867760317E+020
   8.2339600000000002E-003   1.9907208962582440E+020
   8.2279099999999997E-003   2.0242136104441735E+020
   8.2225400000000004E-003   2.0674979542456805E+020
   8.2134300000000007E-003   2.1057062696702391E+020
   8.2098199999999996E-003   2.1274865067346140E+020
   8.2062300000000001E-003   2.1599213950334131E+020
   8.1991800000000004E-003   2.2027896904834662E+020
   8.1922499999999999E-003   2.2375307557583074E+020
   8.1879099999999996E-003   2.2643250437838045E+020
   8.1836200000000008E-003   2.2957867149780687E+020
   8.1778400000000005E-003   2.3318301043928780E+020
   8.1721399999999996E-003   2.3718714779659053E+020
   8.1651799999999993E-003   2.4256492679110849E+020
   8.1553000000000007E-003   2.4799671510376894E+020
   8.1482900000000007E-003   2.5155052307235481E+020
   8.1443300000000000E-003   2.5556583934468879E+020
   8.1360200000000008E-003   2.6098073953133445E+020
   8.1278700000000006E-003   2.6508921930590890E+020
   8.1235900000000000E-003   2.6793133422481496E+020
   8.1193600000000008E-003   2.7075678457278018E+020
   8.1151599999999997E-003   2.7356754705484454E+020
   8.1110100000000001E-003   2.7793715884618590E+020
   8.1022799999999999E-003   2.8383454304416829E+020
   8.0937200000000004E-003   2.8986177395446596E+020
   8.0847799999999997E-003   2.9601665624304321E+020
   8.0760099999999998E-003   3.0069356292896529E+020
   8.0713999999999994E-003   3.0392210137346133E+020
   8.0668400000000005E-003   3.0713405762879272E+020
   8.0623299999999995E-003   3.1032981853428358E+020
   8.0578600000000000E-003   3.1529913360031377E+020
   8.0484700000000003E-003   3.2200390975959315E+020
   8.0392599999999995E-003   3.2707428547721173E+020
   8.0344300000000004E-003   3.3059110546277623E+020
   8.0296399999999993E-003   3.3409032433510934E+020
   8.0248999999999997E-003   3.3757219053803818E+020
   8.0202099999999998E-003   3.4298376585300587E+020
   8.0103499999999994E-003   3.5028976355969978E+020
   8.0006899999999995E-003   3.5774107622004267E+020
   7.9906000000000005E-003   3.6536865874512957E+020
   7.9807000000000003E-003   3.7116740268219557E+020
   7.9755000000000000E-003   3.7516909506602834E+020
   7.9703599999999993E-003   3.7915139691309924E+020
   7.9652700000000000E-003   3.8311541234155363E+020
   7.9602200000000005E-003   3.8927383115069424E+020
   7.9496299999999992E-003   3.9758963181567155E+020
   7.9392500000000001E-003   4.0387786947272311E+020
   7.9337999999999995E-003   4.0823998097687105E+020
   7.9284100000000003E-003   4.1258157441091646E+020
   7.9230600000000009E-003   4.1690289650978095E+020
   7.9177699999999993E-003   4.2361739583040330E+020
   7.9066699999999993E-003   4.3268571222424610E+020
   7.8957799999999998E-003   4.4195008974067394E+020
   7.8844199999999996E-003   4.5142150970210936E+020
   7.8732600000000000E-003   4.5862447764813454E+020
   7.8674200000000000E-003   4.6359472907939316E+020
   7.8616299999999997E-003   4.6854252891402869E+020
   7.8558900000000008E-003   4.7346901677629899E+020
   7.8502099999999998E-003   4.8111908488726793E+020
   7.8382999999999994E-003   4.9145325704819140E+020
   7.8266099999999995E-003   4.9927357472958428E+020
   7.8204899999999994E-003   5.0469450233691269E+020
   7.8144200000000007E-003   5.1277495188155793E+020
   7.8024599999999998E-003   5.2381853862093829E+020
   7.7899800000000002E-003   5.3229788420918726E+020
   7.7838300000000003E-003   5.3790731428309402E+020
   7.7777400000000000E-003   5.4662350717343465E+020
   7.7649700000000004E-003   5.5840149027068956E+020
   7.7524400000000002E-003   5.6731452373980617E+020
   7.7458700000000002E-003   5.7349479665879882E+020
   7.7393699999999998E-003   5.8127376134617072E+020
   7.7295300000000001E-003   5.9064975445515082E+020
   7.7198299999999996E-003   6.0014705066530872E+020
   7.7098699999999997E-003   6.0978855081133998E+020
   7.7000500000000000E-003   6.1967350783646302E+020
   7.6897700000000003E-003   6.2979328146044302E+020
   7.6796299999999998E-003   6.4006043242377668E+020
   7.6692200000000000E-003   6.5363188448075973E+020
   7.6527599999999998E-003   6.6825962331429890E+020
   7.6405199999999996E-003   6.8094846838607525E+020
   7.6281500000000002E-003   6.9387013928612921E+020
   7.6156799999999997E-003   7.0873760499355432E+020
   7.5998899999999998E-003   7.2384098226218310E+020
   7.5872300000000004E-003   7.3767150200858935E+020
   7.5741200000000002E-003   7.5187581950841441E+020
   7.5610000000000000E-003   7.6544127402233758E+020
   7.5492800000000002E-003   7.7803739588691336E+020
   7.5381199999999997E-003   7.9304459687434125E+020
   7.5222600000000002E-003   8.0919349990034991E+020
   7.5092099999999997E-003   8.2306371602901408E+020
   7.4975299999999996E-003   8.3723024147430834E+020
   7.4837300000000001E-003   8.5362479189401915E+020
   7.4685899999999998E-003   8.6788917675270249E+020
   7.4586499999999998E-003   8.8088791353665677E+020
   7.4446599999999996E-003   8.9731417157977938E+020
   7.4282000000000003E-003   9.1275001239245541E+020
   7.4123499999999998E-003   9.2723237935427840E+020
   7.3976800000000002E-003   9.3696044070125489E+020
   7.3836099999999997E-003   9.4392188190350914E+020
   7.3677100000000004E-003   9.3941906135694390E+020
   7.3614300000000004E-003   9.4808176842918291E+020
   7.3465700000000002E-003   9.2614611147582721E+020
   7.3271200000000003E-003   9.2020883560893841E+020
   7.3133199999999999E-003   8.8478514821335967E+020
   7.2999900000000001E-003   8.2715567705207656E+020
   7.2848399999999999E-003   7.9422390348533675E+020
   7.2709400000000000E-003   7.7372708343994529E+020
   7.2650400000000004E-003   7.4389319900129513E+020
   7.2591799999999996E-003   7.1637894016362834E+020
   7.2448699999999996E-003   6.9327893966301272E+020
   7.2391299999999999E-003   6.8050577821398912E+020
   7.2325599999999999E-003   6.5615827432917356E+020
   7.2274599999999998E-003   6.5537498066151329E+020
   7.2193600000000002E-003   6.4314755083271838E+020
   7.2141799999999997E-003   6.2677538078357783E+020
   7.2093200000000000E-003   6.1782953576366093E+020
   7.2049200000000001E-003   6.2126370982238002E+020
   7.1996600000000001E-003   6.0764851653490442E+020
   7.1938599999999998E-003   5.9837825609896821E+020
   7.1880900000000003E-003   5.9729094937076420E+020
   7.1846000000000002E-003   5.9668212242212454E+020
   7.1798200000000000E-003   5.9284881508751848E+020
   7.1774500000000001E-003   5.9144666243546192E+020
   7.1756700000000003E-003   5.9058821450809528E+020
   7.1714999999999999E-003   5.9087773933448108E+020
   7.1691200000000002E-003   5.9099772758905114E+020
   7.1658099999999999E-003   5.9109311604118585E+020
   7.1630900000000004E-003   5.9111737010073436E+020
   7.1570399999999999E-003   5.9196933536149563E+020
   7.1525099999999999E-003   5.9423572441266494E+020
   7.1473900000000000E-003   5.9653403491946673E+020
   7.1413900000000001E-003   5.9976549079250790E+020
   7.1366800000000003E-003   6.0298887197203143E+020
   7.1321800000000001E-003   6.0646646234493695E+020
   7.1278299999999999E-003   6.0992910332953284E+020
   7.1238700000000000E-003   6.1404990818166374E+020
   7.1188299999999996E-003   6.1749293867348525E+020
   7.1167599999999998E-003   6.2059219558787370E+020
   7.1126300000000000E-003   6.2425621740675898E+020
   7.1098799999999998E-003   6.2790134174589085E+020
   7.1057799999999999E-003   6.3132226492158496E+020
   7.1037299999999999E-003   6.3474296535587475E+020
   7.0997400000000002E-003   6.3931452211405442E+020
   7.0958499999999999E-003   6.4277688729463056E+020
   7.0939200000000001E-003   6.4548520680688216E+020
   7.0914000000000003E-003   6.5009130868586853E+020
   7.0863799999999998E-003   6.5631397795739153E+020
   7.0813800000000000E-003   6.6263078300266542E+020
   7.0764100000000000E-003   6.6742081604649301E+020
   7.0739300000000000E-003   6.7018053615039244E+020
   7.0720799999999997E-003   6.7379069280538696E+020
   7.0683800000000000E-003   6.7860337971812866E+020
   7.0647399999999999E-003   6.8335272533901325E+020
   7.0611600000000004E-003   6.8802356970358964E+020
   7.0576399999999996E-003   6.9261518046746627E+020
   7.0541700000000002E-003   6.9791253706432853E+020
   7.0496500000000002E-003   7.0277280607807039E+020
   7.0468700000000002E-003   7.0645437366724146E+020
   7.0440900000000002E-003   7.1126897363358201E+020
   7.0395199999999996E-003   7.1662129907835181E+020
   7.0359300000000001E-003   7.2107320894585936E+020
   7.0327599999999999E-003   7.2495979098714040E+020
   7.0300199999999997E-003   7.2986898411933821E+020
   7.0254200000000001E-003   7.3602115432198727E+020
   7.0206100000000000E-003   7.4344471579752242E+020
   7.0144099999999996E-003   7.4905099637358356E+020
   7.0114900000000004E-003   7.5323964866658920E+020
   7.0085700000000004E-003   7.5839376978984816E+020
   7.0042100000000003E-003   7.6438290284529621E+020
   6.9984100000000000E-003   7.7031187629745386E+020
   6.9955299999999998E-003   7.7439332273146154E+020
   6.9926500000000004E-003   7.7849787020978841E+020
   6.9881900000000000E-003   7.8563613891408324E+020
   6.9819299999999999E-003   7.9195588782111746E+020
   6.9783099999999997E-003   7.9823775795796561E+020
   6.9721799999999997E-003   8.0605984284224638E+020
   6.9661400000000000E-003   8.1231881606636110E+020
   6.9627100000000004E-003   8.1513500261817713E+020
   6.9605099999999996E-003   8.1971905307365369E+020
   6.9561099999999997E-003   8.2584464803583872E+020
   6.9507800000000002E-003   8.3116443329824948E+020
   6.9476499999999997E-003   8.3631112114627228E+020
   6.9426399999999999E-003   8.4102754673462149E+020
   6.9401400000000000E-003   8.4563697797239105E+020
   6.9352700000000003E-003   8.5311618743842806E+020
   6.9281700000000000E-003   8.6058293569477162E+020
   6.9233000000000003E-003   8.6663362678548464E+020
   6.9184600000000004E-003   8.7480493638805488E+020
   6.9101400000000004E-003   8.8274780985651705E+020
   6.9057099999999998E-003   8.8788557280272135E+020
   6.9020300000000000E-003   8.9241374993577030E+020
   6.8983600000000001E-003   8.9616876200364514E+020
   6.8956699999999996E-003   8.9864683313534389E+020
   6.8943299999999997E-003   8.9990896192926476E+020
   6.8936600000000002E-003   9.1063135096295286E+020
   6.8929899999999999E-003   9.1119577713746012E+020
   6.8926400000000002E-003   9.1148769009954626E+020
   6.8924600000000004E-003   9.1168229784253589E+020
   6.8922799999999998E-003   9.1197419858115389E+020
   6.8919300000000001E-003   9.1236341530063051E+020
   6.8915799999999996E-003   9.1294721600906645E+020
   6.8908700000000003E-003   9.1353107051901511E+020
   6.8905199999999998E-003   9.1401758979978573E+020
   6.8899900000000004E-003   9.1460142677497191E+020
   6.8894700000000000E-003   9.1547713017505199E+020
   6.8884100000000002E-003   9.1746778907279530E+020
   6.8858699999999997E-003   9.1854626511654119E+020
   6.8838299999999996E-003   9.2299250342573926E+020
   6.8822600000000003E-003   9.2475031852987816E+020
   6.8806800000000001E-003   9.2748004331709242E+020
   6.8793800000000000E-003   9.2965922619905986E+020
   6.8780899999999999E-003   9.3175730792713565E+020
   6.8768099999999997E-003   9.3424858017678583E+020
   6.8755300000000004E-003   9.3860497640342906E+020
   6.8729400000000001E-003   9.4177326382838750E+020
   6.8703499999999999E-003   9.4410356434014280E+020
   6.8692099999999997E-003   9.4539547155985872E+020
   6.8680800000000004E-003   9.5006101414623222E+020
   6.8662699999999998E-003   9.5213198619231361E+020
   6.8644700000000001E-003   9.5420308103943999E+020
   6.8626700000000004E-003   9.5627430035040449E+020
   6.8608699999999998E-003   9.6092449837035933E+020
   6.8568300000000004E-003   9.6633947110698189E+020
   6.8528000000000000E-003   9.7483651304412453E+020
   6.8438199999999996E-003   9.9011355821645287E+020
   6.8238400000000003E-003   1.0115425437794613E+021
   6.8059200000000000E-003   1.0302812819094203E+021
   6.7915299999999996E-003   1.0474197252188165E+021
   6.7781300000000003E-003   1.0680032707950688E+021
   6.7583900000000004E-003   1.0920054909796516E+021
   6.7398900000000001E-003   1.1139444627221770E+021
   6.7234499999999997E-003   1.1348394982611824E+021
   6.7070999999999997E-003   1.1559817256807312E+021
   6.6909200000000004E-003   1.1788759969024539E+021
   6.6721799999999998E-003   1.2016467408157388E+021
   6.6565699999999997E-003   1.2228890851229347E+021
   6.6405800000000001E-003   1.2455688004083770E+021
   6.6231800000000002E-003   1.2703214700014126E+021
   6.6046100000000003E-003   1.2989117977187988E+021
   6.5821899999999999E-003   1.3265924729287722E+021
   6.5656000000000004E-003   1.3528462814149316E+021
   6.5456799999999999E-003   1.3817616760205266E+021
   6.5260099999999996E-003   1.4083631628248338E+021
   6.5097100000000001E-003   1.4286502957976629E+021
   6.4990500000000001E-003   1.4506017378635966E+021
   6.4806100000000004E-003   1.4733923977151311E+021
   6.4693099999999998E-003   1.4993443803724047E+021
   6.4469499999999999E-003   1.5295623377715525E+021
   6.4306900000000002E-003   1.5552856802637825E+021
   6.4145799999999996E-003   1.5788215715190085E+021
   6.4014500000000004E-003   1.6000715533067760E+021
   6.3884199999999997E-003   1.6354852908656883E+021
   6.3581999999999996E-003   1.6855647223038476E+021
   6.3285099999999999E-003   1.7225453106354048E+021
   6.3149499999999997E-003   1.7546832035163587E+021
   6.2912799999999998E-003   1.7843151285899045E+021
   6.2811400000000002E-003   1.8148532384596996E+021
   6.2567300000000003E-003   1.8584244174441643E+021
   6.2326500000000002E-003   1.8932540817245701E+021
   6.2187500000000003E-003   1.9187551157855734E+021
   6.2049599999999998E-003   1.9514769629852753E+021
   6.1836199999999999E-003   1.9916516290911823E+021
   6.1625300000000003E-003   2.0256106999419138E+021
   6.1483199999999997E-003   2.0530051090229890E+021
   6.1342100000000002E-003   2.0952625439345756E+021
   6.1051400000000002E-003   2.1528871113658039E+021
   6.0765000000000003E-003   2.2008277241898355E+021
   6.0580599999999997E-003   2.2387035451422810E+021
   6.0397999999999997E-003   2.2694798017218669E+021
   6.0287500000000003E-003   2.2925594691421258E+021
   6.0177599999999996E-003   2.3319667961282445E+021
   5.9915400000000001E-003   2.3994584917658142E+021
   5.9551800000000000E-003   2.4711201708331080E+021
   5.9266500000000003E-003   2.5235126054035684E+021
   5.9087000000000002E-003   2.5703847738400199E+021
   5.8855299999999999E-003   2.6237018206077557E+021
   5.8626099999999999E-003   2.6872215536162020E+021
   5.8314899999999999E-003   2.7621633529460634E+021
   5.8000899999999999E-003   2.8201208995433661E+021
   5.7841999999999998E-003   2.8592045526507025E+021
   5.7684199999999998E-003   2.9192605605176305E+021
   5.7361199999999999E-003   3.0010973798846845E+021
   5.7042400000000002E-003   3.0854399617080906E+021
   5.6713700000000002E-003   3.1722428898563205E+021
   5.6389200000000004E-003   3.2616325641085486E+021
   5.6054700000000004E-003   3.3538290543994014E+021
   5.5724399999999997E-003   3.4486454504041858E+021
   5.5383899999999998E-003   3.5464311389912396E+021
   5.5047799999999999E-003   3.6471845313399599E+021
   5.4701200000000002E-003   3.7509260770047977E+021
   5.4358999999999996E-003   3.8306511776867512E+021
   5.4184000000000003E-003   3.8848386591627757E+021
   5.4010000000000004E-003   3.9680838467893477E+021
   5.3654100000000001E-003   4.0816976370451176E+021
   5.3302499999999999E-003   4.1689381365029143E+021
   5.3122800000000000E-003   4.2283070832422111E+021
   5.2944000000000003E-003   4.3188700749043844E+021
   5.2582300000000000E-003   4.4432795137310589E+021
   5.2217200000000000E-003   4.5715537624772452E+021
   5.1848800000000002E-003   4.7038166351103368E+021
   5.1477099999999998E-003   4.8402142554071404E+021
   5.1101899999999997E-003   4.9808881330370998E+021
   5.0723299999999999E-003   5.1259851437279480E+021
   5.0341099999999996E-003   5.2756608385804235E+021
   4.9955499999999996E-003   5.4300762320125506E+021
   4.9566200000000001E-003   5.5893892413265480E+021
   4.9173200000000002E-003   5.7125808217415871E+021
   4.8974400000000003E-003   5.7960258728761481E+021
   4.8776599999999998E-003   5.8808818251341675E+021
   4.8575900000000002E-003   5.9670104592253819E+021
   4.8376100000000000E-003   6.0796429892163553E+021
   4.8058299999999997E-003   6.2198707159891276E+021
   4.7742799999999997E-003   6.3371931536630428E+021
   4.7537200000000003E-003   6.4306541218927991E+021
   4.7332399999999997E-003   6.5255993551366841E+021
   4.7124799999999998E-003   6.6220832116798306E+021
   4.6918100000000003E-003   6.7201200884796369E+021
   4.6708399999999999E-003   6.8197472318494752E+021
   4.6499699999999998E-003   6.9209860905615890E+021
   4.6287999999999998E-003   7.0238752193635334E+021
   4.6077100000000001E-003   7.1284378231266334E+021
   4.5863299999999996E-003   7.2347152379590077E+021
   4.5650400000000002E-003   7.3427299341527186E+021
   4.5434400000000002E-003   7.4525290535508603E+021
   4.5219300000000004E-003   7.5641394428399824E+021
   4.5001199999999998E-003   7.6776022375365859E+021
   4.4783899999999996E-003   7.7929430065619214E+021
   4.4563600000000004E-003   7.9102209680468775E+021
   4.4344099999999997E-003   8.0294649965597520E+021
   4.4121500000000001E-003   8.1507190686686097E+021
   4.3899600000000000E-003   8.2740254309627084E+021
   4.3674800000000000E-003   8.3994122633553767E+021
   4.3450600000000004E-003   8.5269623940668813E+021
   4.3223400000000000E-003   8.6567045520188737E+021
   4.2996800000000002E-003   8.7886933782319900E+021
   4.2767200000000003E-003   8.9229757019292162E+021
   4.2538100000000002E-003   9.0593415961230872E+021
   4.2306899999999996E-003   9.1983868097727656E+021
   4.2074499999999997E-003   9.3399035038688619E+021
   4.1840799999999997E-003   9.4839554385766882E+021
   4.1605799999999997E-003   9.6305974649097709E+021
   4.1369500000000003E-003   9.7799274908542640E+021
   4.1131900000000001E-003   9.9319859889726533E+021
   4.0892899999999998E-003   1.0086910138626725E+022
   4.0652600000000002E-003   1.0244726809531234E+022
   4.0410899999999998E-003   1.0405532932708288E+022
   4.0167800000000002E-003   1.0569433197816551E+022
   3.9923299999999997E-003   1.0736478826891414E+022
   3.9677400000000000E-003   1.0906754426542114E+022
   3.9430000000000003E-003   1.1080367644681024E+022
   3.9181099999999998E-003   1.1257386252671641E+022
   3.8930700000000002E-003   1.1437887803242286E+022
   3.8678900000000001E-003   1.1622067395485489E+022
   3.8425400000000002E-003   1.1809963120088444E+022
   3.8170399999999998E-003   1.2001800984522536E+022
   3.7913800000000000E-003   1.2197872952921156E+022
   3.7655599999999998E-003   1.2398370919916627E+022
   3.7395800000000002E-003   1.2603091855218374E+022
   3.7134199999999998E-003   1.2811702620646885E+022
   3.6871000000000000E-003   1.3024019866936521E+022
   3.6606000000000000E-003   1.3240097363633134E+022
   3.6339200000000001E-003   1.3459992246860909E+022
   3.6070700000000000E-003   1.3683764555035095E+022
   3.5800300000000001E-003   1.3911476964531940E+022
   3.5528000000000001E-003   1.4143195005921845E+022
   3.5253900000000002E-003   1.4378986468276143E+022
   3.4977699999999999E-003   1.4618921192892708E+022
   3.4699599999999998E-003   1.4863071435629831E+022
   3.4419500000000000E-003   1.5111511473842226E+022
   3.4137299999999998E-003   1.5364317432991537E+022
   3.3852900000000000E-003   1.5621567698243185E+022
   3.3566400000000001E-003   1.5883342416168765E+022
   3.3277699999999999E-003   1.6149723665550478E+022
   3.2986700000000001E-003   1.6420795290022574E+022
   3.2693399999999999E-003   1.6696643097207390E+022
   3.2397699999999999E-003   1.6977354883487748E+022
   3.2099500000000000E-003   1.7263019953902299E+022
   3.1798899999999999E-003   1.7553729890077433E+022
   3.1495700000000000E-003   1.7849577732231169E+022
   3.1189899999999999E-003   1.8150658570235633E+022
   3.0881300000000001E-003   1.8457069443380094E+022
   3.0569999999999998E-003   1.8768909072828281E+022
   3.0255799999999999E-003   1.9086278158897482E+022
   2.9938700000000000E-003   1.9409279278374762E+022
   2.9618499999999998E-003   1.9738016865846552E+022
   2.9295200000000001E-003   2.0072597511627090E+022
   2.8968700000000002E-003   2.0413129439551162E+022
   2.8638900000000000E-003   2.0759723065698297E+022
   2.8305600000000002E-003   2.1112490499744266E+022
   2.7968799999999999E-003   2.1471546072095615E+022
   2.7628300000000000E-003   2.1837006115256790E+022
   2.7284000000000002E-003   2.2208989066593185E+022
   2.6935800000000001E-003   2.2587614942328363E+022
   2.6583499999999999E-003   2.2973006331578820E+022
   2.6226900000000000E-003   2.3365287406999477E+022
   2.5866000000000001E-003   2.3764584540494511E+022
   2.5500399999999999E-003   2.4171026545658634E+022
   2.5130100000000000E-003   2.4584743787304944E+022
   2.4754700000000000E-003   2.5005868912332232E+022
   2.4374100000000001E-003   2.5434536539860293E+022
   2.3988099999999999E-003   2.5870883173909205E+022
   2.3596400000000001E-003   2.6315048008198077E+022
   2.3198600000000000E-003   2.6767143333809766E+022
   2.2794600000000001E-003   2.7227537515414188E+022
   2.2383899999999998E-003   2.7696179321824235E+022
   2.1966199999999998E-003   2.8173215306920854E+022
   2.1541199999999998E-003   2.8658793825790461E+022
   2.1108199999999998E-003   2.9153065294477620E+022
   2.0666999999999999E-003   2.9656128838851822E+022
   2.0216900000000000E-003   3.0168402785768024E+022
   1.9757300000000002E-003   3.0689848378733221E+022
   1.9287600000000001E-003   3.1218974301335996E+022
   1.8810299999999999E-003   3.1759320022907590E+022
   1.8314799999999999E-003   3.2311111979365764E+022
   1.7809799999999999E-003   3.2870878814882100E+022
   1.7290999999999999E-003   3.3365762610007829E+022
   1.6895100000000000E-003   3.3800539982960412E+022
   1.6484200000000001E-003   3.4423637090561430E+022
   1.5710500000000001E-003   3.5056089092029921E+022
   1.5277100000000000E-003   3.5514331817252064E+022
   1.4822800000000001E-003   3.6205716279108659E+022
   1.3881200000000001E-003   3.6989913635966260E+022
   1.3231199999999999E-003   3.7620328417255882E+022
   1.2553200000000001E-003   3.8267721269935337E+022
   1.1804400000000000E-003   3.8947612175411427E+022
   1.1007000000000000E-003   3.9653648217269755E+022
   1.0089100000000000E-003   4.0432815521755996E+022
   8.9944000000000005E-004   4.1424472170055510E+022
   7.0649999999999999E-004   4.2446040327914386E+022
   5.6789000000000004E-004   4.3036263581783521E+022
   4.8421000000000000E-004   4.3403284339393156E+022
   3.8301999999999998E-004   4.3695354760716423E+022
   3.1389999999999999E-004   4.3889194620601827E+022
   2.5075000000000000E-004   4.3998528765796198E+022
   2.0167000000000001E-004   4.4097556557099184E+022
   1.6419000000000001E-004   4.4140401309279838E+022
   1.3645000000000001E-004   4.4179017743518866E+022
   1.1691000000000000E-004   4.4193455155314914E+022
   1.0406000000000000E-004   4.4210878137960065E+022
   8.6879999999999995E-005   4.4225215782980506E+022
   6.8960000000000004E-005   4.4235359071747434E+022
   5.4729999999999999E-005   4.4244304505425409E+022
   4.3439999999999997E-005   4.4248575273887100E+022
   3.4480000000000002E-005   4.4251155352509605E+022
   2.7359999999999999E-005   4.4253879912533869E+022
   2.1719999999999999E-005   4.4254933685993004E+022
   1.7240000000000001E-005   4.4256107712247589E+022
   1.3679999999999999E-005   4.4257176522268328E+022
