   9.0288199999999999E-003   282351759087737.81     
   9.0286800000000007E-003   434568265884606.12     
   9.0286299999999993E-003   535166442206120.88     
   9.0285899999999995E-003   615430408153133.38     
   9.0285599999999997E-003   684086854622457.25     
   9.0285299999999999E-003   744997367049753.62     
   9.0285100000000000E-003   800285311867577.25     
   9.0284900000000001E-003   851228165274050.50     
   9.0284700000000002E-003   898642535800197.50     
   9.0284600000000003E-003   943230183504931.12     
   9.0284500000000004E-003   985396947052963.25     
   9.0284300000000005E-003   1025452098635429.0     
   9.0284200000000005E-003   1063698734568465.5     
   9.0284100000000006E-003   1100391716718535.6     
   9.0284000000000007E-003   1135708582327822.8     
   9.0283900000000007E-003   1169773176501507.8     
   9.0283800000000008E-003   1202694152035966.2     
   9.0283700000000008E-003   1234586839727566.2     
   9.0283599999999992E-003   1265561444027008.2     
   9.0283499999999992E-003   1295713186208012.5     
   9.0283399999999993E-003   1332361382927898.5     
   9.0283299999999993E-003   1374894417518351.0     
   9.0283199999999994E-003   1415993260998063.2     
   9.0283099999999995E-003   1455787311376787.0     
   9.0282899999999996E-003   1488038188915632.0     
   9.0282899999999996E-003   1513299653013129.5     
   9.0282799999999996E-003   1538109515634762.0     
   9.0282699999999997E-003   1562493155478689.5     
   9.0282699999999997E-003   1592412970730646.2     
   9.0282599999999998E-003   1627529119141728.0     
   9.0282499999999998E-003   1661843532282181.8     
   9.0282399999999999E-003   1695402709634742.0     
   9.0282299999999999E-003   1722820059213563.0     
   9.0282299999999999E-003   1744417871301834.2     
   9.0282200000000000E-003   1765727774145353.5     
   9.0282200000000000E-003   1786762139304711.0     
   9.0282100000000001E-003   1817828147254670.8     
   9.0282000000000001E-003   1848321696826658.5     
   9.0282000000000001E-003   1868361313241103.0     
   9.0281900000000002E-003   1898006411992378.0     
   9.0281800000000002E-003   1936781411966387.0     
   9.0281700000000003E-003   1974750123291308.0     
   9.0281600000000004E-003   2011951456841856.0     
   9.0281500000000004E-003   2039363388821451.0     
   9.0281500000000004E-003   2057418059242637.0     
   9.0281500000000004E-003   2075299120601411.8     
   9.0281400000000005E-003   2093010483174144.0     
   9.0281400000000005E-003   2119273193296342.0     
   9.0281300000000005E-003   2153734861305576.5     
   9.0281200000000006E-003   2187602799584873.8     
   9.0281100000000006E-003   2220912096315903.8     
   9.0281000000000007E-003   2259113685527069.0     
   9.0280900000000008E-003   2301947310728871.0     
   9.0280800000000008E-003   2343951017098952.0     
   9.0280800000000008E-003   2385166611972061.5     
   9.0280699999999992E-003   2425631537845200.5     
   9.0280599999999992E-003   2465378017512813.0     
   9.0280499999999993E-003   2504435513398623.0     
   9.0280399999999993E-003   2542831883775997.0     
   9.0280299999999994E-003   2585273894854613.5     
   9.0280199999999994E-003   2631532635421255.5     
   9.0280099999999995E-003   2676902880171223.0     
   9.0279999999999996E-003   2710378510898921.0     
   9.0279899999999996E-003   2732450483596460.0     
   9.0279899999999996E-003   2765207019873495.5     
   9.0279799999999997E-003   2808241194810778.5     
   9.0279699999999997E-003   2850588346359196.5     
   9.0279599999999998E-003   2892280181908193.0     
   9.0279499999999999E-003   2933350180127198.0     
   9.0279399999999999E-003   2973826214171417.5     
   9.0279300000000000E-003   3013735193334649.5     
   9.0279300000000000E-003   3053096696388070.5     
   9.0279200000000000E-003   3091924195405077.5     
   9.0279100000000001E-003   3130231492285970.5     
   9.0279000000000002E-003   3186757042613704.5     
   9.0278900000000002E-003   3251291449623222.5     
   9.0278700000000003E-003   3305492589041087.0     
   9.0278600000000004E-003   3358726134109228.0     
   9.0278500000000005E-003   3398044455968155.5     
   9.0278500000000005E-003   3423987572351135.5     
   9.0278400000000005E-003   3462515275312503.5     
   9.0278300000000006E-003   3513179149688856.0     
   9.0278200000000006E-003   3587805349434492.5     
   9.0278000000000008E-003   3660865038796741.5     
   9.0277900000000008E-003   3708804215559367.0     
   9.0277799999999991E-003   3756144433407733.5     
   9.0277699999999992E-003   3802899907267495.5     
   9.0277599999999993E-003   3849085983771573.0     
   9.0277499999999993E-003   3894715818818815.0     
   9.0277399999999994E-003   3939804457279906.0     
   9.0277299999999994E-003   3984366687761055.0     
   9.0277199999999995E-003   4035713455976137.5     
   9.0277099999999996E-003   4093559374649243.5     
   9.0276999999999996E-003   4178752025872185.0     
   9.0276699999999998E-003   4262033517220505.5     
   9.0276599999999999E-003   4316609255543748.0     
   9.0276499999999999E-003   4370456303762774.0     
   9.0276400000000000E-003   4423609081127548.5     
   9.0276300000000000E-003   4482618890929847.0     
   9.0276200000000001E-003   4547244113377276.0     
   9.0276100000000001E-003   4610934262553885.0     
   9.0275900000000003E-003   4673740417763942.0     
   9.0275800000000003E-003   4735710621555294.0     
   9.0275700000000004E-003   4796890929940340.0     
   9.0275600000000004E-003   4887273227768824.0     
   9.0275300000000006E-003   4981809579511849.0     
   9.0275200000000007E-003   5051545565652724.0     
   9.0275000000000008E-003   5120298699186188.0     
   9.0274900000000009E-003   5188106149007214.0     
   9.0274799999999992E-003   5255004650528536.0     
   9.0274599999999993E-003   5321025882814640.0     
   9.0274499999999994E-003   5386197387839221.0     
   9.0274399999999994E-003   5450545843395178.0     
   9.0274299999999995E-003   5514102942951911.0     
   9.0274099999999996E-003   5576906168336848.0     
   9.0273999999999997E-003   5638989335674562.0     
   9.0273899999999997E-003   5700384412791847.0     
   9.0273799999999998E-003   5791289419543734.0     
   9.0273599999999999E-003   5910279446126133.0     
   9.0273300000000001E-003   6026923250094713.0     
   9.0273100000000002E-003   6141367329459779.0     
   9.0272900000000003E-003   6253749714039615.0     
   9.0272700000000004E-003   6364164544675643.0     
   9.0272500000000006E-003   6472684738844291.0     
   9.0272300000000007E-003   6579374380484330.0     
   9.0272100000000008E-003   6684309627909298.0     
   9.0271899999999992E-003   6787581813152747.0     
   9.0271699999999993E-003   6889272948727968.0     
   9.0271499999999994E-003   6989453314427230.0     
   9.0271299999999995E-003   7088191566392284.0     
   9.0271099999999996E-003   7185559368548053.0     
   9.0270899999999998E-003   7281624627610758.0     
   9.0270799999999998E-003   7376448372647913.0     
   9.0270599999999999E-003   7516557794001987.0     
   9.0270300000000001E-003   7699370822587592.0     
   9.0269900000000004E-003   7833670680860676.0     
   9.0269800000000004E-003   7922028686642572.0     
   9.0269600000000005E-003   8009450962637401.0     
   9.0269400000000007E-003   8095963522196070.0     
   9.0269300000000007E-003   8209976965301779.0     
   9.0268999999999992E-003   8350302777457645.0     
   9.0268799999999993E-003   8488330679680120.0     
   9.0268499999999995E-003   8590360168693535.0     
   9.0268399999999995E-003   8657737608490254.0     
   9.0268299999999996E-003   8757867710293313.0     
   9.0268099999999997E-003   8889560677389614.0     
   9.0267799999999999E-003   9019307466325080.0     
   9.0267600000000000E-003   9147184961725536.0     
   9.0267400000000001E-003   9273274912281812.0     
   9.0267100000000003E-003   9397652599001332.0     
   9.0266900000000004E-003   9581288910312078.0     
   9.0266500000000006E-003   9761203864172962.0     
   9.0266300000000008E-003   9879394665140784.0     
   9.0266099999999991E-003   9996186740706242.0     
   9.0265899999999993E-003   10111634672687232.     
   9.0265699999999994E-003   10282509969637804.     
   9.0265299999999996E-003   10505955904072966.     
   9.0264899999999999E-003   10724839055641114.     
   9.0264500000000001E-003   10939435748951066.     
   9.0264200000000003E-003   11123834250249420.     
   9.0263900000000005E-003   11279585591028654.     
   9.0263600000000006E-003   11433260233906248.     
   9.0263400000000008E-003   11584935860303288.     
   9.0263099999999992E-003   11809033877953146.     
   9.0262599999999995E-003   12028714703166690.     
   9.0262399999999996E-003   12173120687187098.     
   9.0262099999999998E-003   12315875706086256.     
   9.0261899999999999E-003   12457034691789938.     
   9.0261600000000001E-003   12666029895733790.     
   9.0261200000000003E-003   12939343980903246.     
   9.0260700000000006E-003   13207099493594006.     
   9.0260300000000009E-003   13469646271542242.     
   9.0259799999999994E-003   13727295399264156.     
   9.0259399999999997E-003   13980315024279572.     
   9.0258999999999999E-003   14228950074873348.     
   9.0258600000000001E-003   14473448131095210.     
   9.0258200000000004E-003   14714035569933534.     
   9.0257800000000006E-003   14950914845512764.     
   9.0257400000000008E-003   15184269660514976.     
   9.0257099999999993E-003   15452373790064054.     
   9.0256599999999996E-003   15753396288910122.     
   9.0256099999999999E-003   16049099141650534.     
   9.0255600000000002E-003   16339753875060506.     
   9.0255200000000004E-003   16625600271525534.     
   9.0254700000000007E-003   16836846965476644.     
   9.0254500000000008E-003   16976376656244708.     
   9.0254299999999992E-003   17183780314389828.     
   9.0253799999999995E-003   17456530762580292.     
   9.0253399999999998E-003   17725295890120598.     
   9.0253000000000000E-003   17990233371695260.     
   9.0252600000000002E-003   18316422972455696.     
   9.0252000000000006E-003   18700480907080856.     
   9.0251399999999992E-003   18983457463718340.     
   9.0251099999999994E-003   19262882167063468.     
   9.0250499999999997E-003   19538129005511632.     
   9.0250299999999999E-003   19749893971735052.     
   9.0249900000000001E-003   19989266147280640.     
   9.0249500000000003E-003   20225974886123780.     
   9.0249200000000005E-003   20460115509777216.     
   9.0248800000000007E-003   20806982346461416.     
   9.0248099999999994E-003   21147949011403264.     
   9.0247799999999996E-003   21372593578938472.     
   9.0247399999999998E-003   21650418825909520.     
   9.0246900000000001E-003   21979325219427340.     
   9.0246400000000004E-003   22464785909874140.     
   9.0245499999999992E-003   22939686410810044.     
   9.0244999999999995E-003   23251617932557132.     
   9.0244599999999998E-003   23559719084108168.     
   9.0244100000000001E-003   23864138633884900.     
   9.0243700000000003E-003   24314613770537192.     
   9.0242800000000008E-003   24903047771473376.     
   9.0241999999999996E-003   25383586913156436.     
   9.0241399999999999E-003   25762340892056716.     
   9.0240900000000002E-003   26182580381484000.     
   9.0240200000000007E-003   26642306569354864.     
   9.0239499999999993E-003   27094928794450012.     
   9.0238899999999997E-003   27540757315525092.     
   9.0238300000000000E-003   28089270875449680.     
   9.0237300000000006E-003   28573929721397088.     
   9.0236899999999991E-003   28893204618865772.     
   9.0236399999999994E-003   29209305441418048.     
   9.0235999999999997E-003   29522330231428088.     
   9.0235599999999999E-003   29986697054314204.     
   9.0234700000000004E-003   30595367734684544.     
   9.0233899999999992E-003   31193282057296056.     
   9.0233099999999997E-003   31781069549538160.     
   9.0232300000000001E-003   32359293999420808.     
   9.0231500000000006E-003   33022742723917900.     
   9.0230399999999995E-003   33766300084634120.     
   9.0229500000000001E-003   34404822639561048.     
   9.0228700000000005E-003   34944034030591248.     
   9.0227999999999992E-003   35475854317164488.     
   9.0227299999999996E-003   36000561138358740.     
   9.0226600000000001E-003   36604350985020440.     
   9.0225700000000006E-003   37283336796315608.     
   9.0224799999999994E-003   37951449626858704.     
   9.0223899999999999E-003   38609249950486808.     
   9.0223100000000004E-003   39257220387389912.     
   9.0222199999999992E-003   39895789194324544.     
   9.0221399999999997E-003   40525353528156784.     
   9.0220600000000001E-003   41146276405056368.     
   9.0219800000000006E-003   41758915683885144.     
   9.0218999999999994E-003   42363632395252360.     
   9.0218199999999998E-003   43109381606198520.     
   9.0217100000000005E-003   43988994643386256.     
   9.0215999999999994E-003   44709934387701408.     
   9.0215299999999998E-003   45279710973495744.     
   9.0214600000000002E-003   45843210648481352.     
   9.0213900000000007E-003   46400634504296216.     
   9.0213199999999993E-003   47226690971257744.     
   9.0211800000000002E-003   48307418540158184.     
   9.0210499999999992E-003   49103276234835680.     
   9.0209799999999996E-003   49628041627957320.     
   9.0209200000000000E-003   50277444873721168.     
   9.0208200000000006E-003   51046683674875880.     
   9.0207299999999994E-003   51805840077815848.     
   9.0206399999999999E-003   52555365978706272.     
   9.0205500000000004E-003   53418538689336704.     
   9.0204299999999994E-003   54389853682478888.     
   9.0203100000000001E-003   55107860615682696.     
   9.0202600000000004E-003   55582389033816872.     
   9.0202000000000008E-003   56288157535485016.     
   9.0200899999999997E-003   57216582796134328.     
   9.0199800000000004E-003   58132022184066584.     
   9.0198699999999993E-003   59035023526234888.     
   9.0197599999999999E-003   60369164085977224.     
   9.0195599999999994E-003   62106422981479392.     
   9.0193600000000006E-003   63380351437820192.     
   9.0192599999999994E-003   64218435268506824.     
   9.0191600000000000E-003   65047088892262016.     
   9.0190700000000006E-003   65866637177238256.     
   9.0189699999999994E-003   66879332649395504.     
   9.0188400000000002E-003   68076466708595848.     
   9.0186999999999993E-003   69059675950119224.     
   9.0186099999999998E-003   69837993971977808.     
   9.0185300000000003E-003   70800962451128160.     
   9.0183999999999993E-003   71941184723370080.     
   9.0182700000000001E-003   73066025923774608.     
   9.0181399999999991E-003   74176067519486672.     
   9.0180199999999999E-003   75271855053156048.     
   9.0179000000000006E-003   76353933552667360.     
   9.0177799999999995E-003   77422848516938544.     
   9.0176600000000003E-003   78479148148288480.     
   9.0175499999999992E-003   79523336420601952.     
   9.0174399999999998E-003   80555859920414112.     
   9.0173200000000005E-003   81746750209029984.     
   9.0171799999999996E-003   83089128211517936.     
   9.0170300000000005E-003   84082941389614016.     
   9.0169599999999992E-003   84740391534789952.     
   9.0168899999999996E-003   85863950797737504.     
   9.0167200000000006E-003   87435607887272784.     
   9.0165499999999999E-003   88667809043201120.     
   9.0164600000000004E-003   89574492383549200.     
   9.0163599999999993E-003   90697464035284656.     
   9.0162200000000001E-003   92028845313646304.     
   9.0160799999999992E-003   93343963195464752.     
   9.0159400000000001E-003   94643400860194208.     
   9.0158100000000008E-003   96140966052664432.     
   9.0156300000000002E-003   97827384804611632.     
   9.0154599999999994E-003   99074758405319456.     
   9.0153700000000000E-003   99899545897254672.     
   9.0152900000000005E-003   1.0112684106187922E+017
   9.0151199999999997E-003   1.0274219249451595E+017
   9.0149600000000007E-003   1.0433602160007994E+017
   9.0147900000000000E-003   1.0590925737621040E+017
   9.0146400000000008E-003   1.0746275842526035E+017
   9.0144800000000001E-003   1.0899733100830294E+017
   9.0143299999999992E-003   1.1051371470187731E+017
   9.0141700000000002E-003   1.1201258844248037E+017
   9.0140199999999993E-003   1.1349457901785667E+017
   9.0138800000000002E-003   1.1496025296173438E+017
   9.0137299999999993E-003   1.1677142460957920E+017
   9.0135200000000006E-003   1.1891235477151221E+017
   9.0133100000000001E-003   1.2067067657564882E+017
   9.0131699999999992E-003   1.2206267927673341E+017
   9.0130399999999999E-003   1.2344131630637763E+017
   9.0129000000000008E-003   1.2480429166905251E+017
   9.0127699999999998E-003   1.2647438086641933E+017
   9.0125799999999992E-003   1.2842586304134883E+017
   9.0123800000000004E-003   1.3032857466879821E+017
   9.0121999999999997E-003   1.3218673979965189E+017
   9.0120100000000009E-003   1.3400393757434819E+017
   9.0118300000000002E-003   1.3578323434449214E+017
   9.0116499999999995E-003   1.3723746781689968E+017
   9.0115300000000002E-003   1.3838541204383966E+017
   9.0114199999999992E-003   1.4008423573979938E+017
   9.0111900000000005E-003   1.4229896470567477E+017
   9.0109600000000002E-003   1.4419515959973216E+017
   9.0107999999999994E-003   1.4579389067012384E+017
   9.0106400000000003E-003   1.4736828743404688E+017
   9.0104799999999995E-003   1.4891957240222627E+017
   9.0103200000000005E-003   1.5070280693560595E+017
   9.0101199999999999E-003   1.5270477319618246E+017
   9.0099099999999994E-003   1.5467180568737539E+017
   9.0097200000000006E-003   1.5660581160635590E+017
   9.0095200000000000E-003   1.5850850471476480E+017
   9.0093299999999994E-003   1.6038144432743859E+017
   9.0091400000000006E-003   1.6222607665124330E+017
   9.0089599999999999E-003   1.6404374529568496E+017
   9.0087799999999992E-003   1.6583569298851632E+017
   9.0086000000000003E-003   1.6760307495200662E+017
   9.0084199999999996E-003   1.6934696981494928E+017
   9.0082500000000006E-003   1.7106837775115168E+017
   9.0080799999999999E-003   1.7319144753181453E+017
   9.0078299999999997E-003   1.7569514428418029E+017
   9.0075899999999993E-003   1.7774691621921318E+017
   9.0074300000000003E-003   1.7936857915730630E+017
   9.0072699999999995E-003   1.8097242393017898E+017
   9.0071100000000005E-003   1.8255905386303066E+017
   9.0069599999999996E-003   1.8491057109373485E+017
   9.0066599999999997E-003   1.8798708165246394E+017
   9.0063699999999997E-003   1.9025289000463299E+017
   9.0062300000000005E-003   1.9174705989620422E+017
   9.0060799999999996E-003   1.9396453550296845E+017
   9.0058099999999995E-003   1.9687202075274714E+017
   9.0055299999999994E-003   1.9901765416915283E+017
   9.0054000000000002E-003   2.0043414868027053E+017
   9.0052699999999992E-003   2.0253860872770403E+017
   9.0050100000000008E-003   2.0530273501343635E+017
   9.0047500000000006E-003   2.0802378700224765E+017
   9.0045100000000003E-003   2.1070383838067712E+017
   9.0042600000000000E-003   2.1347810497524643E+017
   9.0039999999999999E-003   2.1711880635993226E+017
   9.0036100000000004E-003   2.2081319685091322E+017
   9.0033300000000004E-003   2.2307169766753731E+017
   9.0031999999999994E-003   2.2530736483424240E+017
   9.0029399999999992E-003   2.2824715935758266E+017
   9.0026800000000008E-003   2.3114410916335629E+017
   9.0024300000000005E-003   2.3399998204831741E+017
   9.0021800000000003E-003   2.3751667145561142E+017
   9.0018200000000007E-003   2.4165726454527382E+017
   9.0014699999999993E-003   2.4639080034675754E+017
   9.0010100000000003E-003   2.5167516278933434E+017
   9.0005799999999993E-003   2.5555474169563040E+017
   9.0003600000000007E-003   2.5810744535314106E+017
   9.0001500000000002E-003   2.6063232198001091E+017
   8.9999399999999997E-003   2.6313024813068758E+017
   8.9997400000000009E-003   2.6590979623775379E+017
   8.9994900000000006E-003   2.6896006619506758E+017
   8.9992400000000004E-003   2.7197226626791981E+017
   8.9990000000000001E-003   2.7494773072078445E+017
   8.9987599999999997E-003   2.7876509245044342E+017
   8.9983900000000002E-003   2.8338250371190237E+017
   8.9980300000000006E-003   2.8848119963449126E+017
   8.9975899999999998E-003   2.9403067944411693E+017
   8.9971600000000006E-003   3.0005101116001062E+017
   8.9966600000000001E-003   3.0650854134123130E+017
   8.9961799999999995E-003   3.1125248500155258E+017
   8.9959399999999991E-003   3.1437440261362502E+017
   8.9957100000000005E-003   3.1950900247957542E+017
   8.9951800000000002E-003   3.2654306715037030E+017
   8.9946699999999997E-003   3.3292935515206995E+017
   8.9942500000000005E-003   3.3871062014492774E+017
   8.9938299999999995E-003   3.4532701619752934E+017
   8.9932999999999992E-003   3.5272359231326118E+017
   8.9927900000000005E-003   3.5995864844833395E+017
   8.9922900000000000E-003   3.6704238474511450E+017
   8.9917999999999994E-003   3.7225814440377709E+017
   8.9915700000000008E-003   3.7569488241825254E+017
   8.9913300000000005E-003   3.7994574618376947E+017
   8.9909900000000008E-003   3.8497964639956448E+017
   8.9906599999999993E-003   3.9158872252461152E+017
   8.9901100000000008E-003   3.9968339705152090E+017
   8.9895800000000005E-003   4.0724232464608557E+017
   8.9891199999999997E-003   4.1429846336311744E+017
   8.9886700000000007E-003   4.2128278501587661E+017
   8.9882199999999999E-003   4.2819919690824237E+017
   8.9877900000000007E-003   4.3612745572043802E+017
   8.9872300000000006E-003   4.4500752550488179E+017
   8.9866800000000004E-003   4.5370916206843578E+017
   8.9861500000000000E-003   4.6224291063177734E+017
   8.9856399999999996E-003   4.7061826487919533E+017
   8.9851400000000008E-003   4.7884388916880698E+017
   8.9846600000000002E-003   4.8542038210673696E+017
   8.9843600000000003E-003   4.9041975288356166E+017
   8.9840700000000003E-003   4.9536785217508019E+017
   8.9837800000000002E-003   5.0026632909591341E+017
   8.9835000000000002E-003   5.0752781393958163E+017
   8.9829400000000000E-003   5.1704534395982157E+017
   8.9823999999999998E-003   5.2731710634189997E+017
   8.9817800000000000E-003   5.3829701158890451E+017
   8.9811700000000001E-003   5.4857132220483206E+017
   8.9806399999999998E-003   5.5818076884028378E+017
   8.9801199999999994E-003   5.6879974079043936E+017
   8.9794899999999997E-003   5.8036940850417050E+017
   8.9788799999999998E-003   5.9171386564915456E+017
   8.9782799999999999E-003   6.0284607736138522E+017
   8.9776999999999999E-003   6.1108987845341274E+017
   8.9774199999999998E-003   6.1928894137650099E+017
   8.9768599999999997E-003   6.2737726704033638E+017
   8.9765899999999996E-003   6.3380454026139546E+017
   8.9762100000000001E-003   6.4124446040721242E+017
   8.9758300000000006E-003   6.4860140124684134E+017
   8.9754699999999993E-003   6.5587827317330086E+017
   8.9750999999999997E-003   6.6563329717753920E+017
   8.9744999999999998E-003   6.7775757874116262E+017
   8.9739099999999999E-003   6.8978167206433062E+017
   8.9733299999999998E-003   7.0171060018647808E+017
   8.9727599999999998E-003   7.1538715828238387E+017
   8.9720300000000006E-003   7.3071378298786202E+017
   8.9713199999999996E-003   7.4204078853679987E+017
   8.9709700000000000E-003   7.4954843321569037E+017
   8.9706200000000003E-003   7.6074720800756928E+017
   8.9699399999999992E-003   7.7548033566933261E+017
   8.9692799999999996E-003   7.8998717240888947E+017
   8.9686300000000000E-003   8.0427986898558938E+017
   8.9680000000000003E-003   8.2019835555070029E+017
   8.9672299999999996E-003   8.3765284202160704E+017
   8.9664800000000006E-003   8.5486532528456678E+017
   8.9657499999999998E-003   8.7185009319492736E+017
   8.9650300000000006E-003   8.8859168271317542E+017
   8.9643399999999995E-003   9.0510439125450867E+017
   8.9636600000000000E-003   9.1820315993272678E+017
   8.9632500000000007E-003   9.2802517793578534E+017
   8.9628499999999996E-003   9.3775307360874074E+017
   8.9624600000000002E-003   9.4738978972362176E+017
   8.9620700000000008E-003   9.6179582061511014E+017
   8.9613100000000001E-003   9.8077582745240973E+017
   8.9605599999999994E-003   1.0011183785547162E+018
   8.9597099999999992E-003   1.0227509764584490E+018
   8.9588800000000007E-003   1.0441451188254938E+018
   8.9580700000000003E-003   1.0653166530990083E+018
   8.9572799999999998E-003   1.0817684333493947E+018
   8.9568300000000007E-003   1.0936926217938541E+018
   8.9563899999999998E-003   1.1055564497319002E+018
   8.9559500000000007E-003   1.1173619286015811E+018
   8.9555199999999998E-003   1.1320452167930239E+018
   8.9548800000000001E-003   1.1495089057978787E+018
   8.9542600000000003E-003   1.1698535703859226E+018
   8.9534300000000001E-003   1.1929527928666678E+018
   8.9526199999999997E-003   1.2158308556016328E+018
   8.9518299999999992E-003   1.2385045084613350E+018
   8.9510500000000003E-003   1.2553359208053192E+018
   8.9506700000000008E-003   1.2665208439082481E+018
   8.9502899999999996E-003   1.2791645237097800E+018
   8.9498200000000007E-003   1.2932324562676022E+018
   8.9493500000000000E-003   1.3142307028286646E+018
   8.9484200000000003E-003   1.3418965151185964E+018
   8.9475300000000004E-003   1.3624097926790188E+018
   8.9470899999999996E-003   1.3760295879671997E+018
   8.9466500000000004E-003   1.3910946157562911E+018
   8.9461200000000001E-003   1.4075680385013742E+018
   8.9455999999999997E-003   1.4238892459984904E+018
   8.9450899999999993E-003   1.4400628505519777E+018
   8.9445900000000005E-003   1.4563341078022884E+018
   8.9440800000000001E-003   1.4727009377910144E+018
   8.9435799999999996E-003   1.4971774402205228E+018
   8.9425800000000003E-003   1.5294555786131162E+018
   8.9416200000000008E-003   1.5534097049616407E+018
   8.9411500000000001E-003   1.5693421882187203E+018
   8.9406799999999995E-003   1.5867519692191255E+018
   8.9401199999999993E-003   1.6056015463759516E+018
   8.9395700000000008E-003   1.6242780319196058E+018
   8.9390400000000005E-003   1.6522618392164119E+018
   8.9379699999999999E-003   1.6801605269225157E+018
   8.9374399999999996E-003   1.6987426916854013E+018
   8.9369199999999992E-003   1.7171660193711575E+018
   8.9364100000000005E-003   1.7423477915635574E+018
   8.9355200000000006E-003   1.7740643393721234E+018
   8.9346600000000005E-003   1.8058553125294607E+018
   8.9337900000000005E-003   1.8377206369896476E+018
   8.9329400000000003E-003   1.8681819152953728E+018
   8.9321599999999998E-003   1.8972943268719706E+018
   8.9314000000000008E-003   1.9209750147211256E+018
   8.9309200000000002E-003   1.9393769280930614E+018
   8.9304399999999996E-003   1.9686112394475116E+018
   8.9294200000000004E-003   2.0083247875122972E+018
   8.9284199999999994E-003   2.0394263108418381E+018
   8.9278399999999994E-003   2.0622086428557097E+018
   8.9272699999999993E-003   2.0954290417640515E+018
   8.9261900000000005E-003   2.1387372804177428E+018
   8.9251399999999998E-003   2.1846918206820572E+018
   8.9239699999999998E-003   2.2331891178538266E+018
   8.9228199999999997E-003   2.2709560243787374E+018
   8.9221800000000000E-003   2.2983677427879060E+018
   8.9215400000000004E-003   2.3258074175789537E+018
   8.9209000000000007E-003   2.3532772528384922E+018
   8.9202699999999992E-003   2.3910926484478044E+018
   8.9191800000000005E-003   2.4389361621551201E+018
   8.9181099999999999E-003   2.4808313243959885E+018
   8.9173099999999995E-003   2.5169805584531282E+018
   8.9165200000000007E-003   2.5504035460478377E+018
   8.9158399999999995E-003   2.5964506798660019E+018
   8.9145300000000004E-003   2.6599604307013412E+018
   8.9131300000000000E-003   2.7091323072597417E+018
   8.9124500000000006E-003   2.7415780139472722E+018
   8.9117799999999994E-003   2.7898915964523039E+018
   8.9104600000000003E-003   2.8535734634756127E+018
   8.9091799999999992E-003   2.9141883596850360E+018
   8.9080099999999992E-003   2.9630650557089439E+018
   8.9071800000000007E-003   3.0026641411703526E+018
   8.9063700000000003E-003   3.0592604776132383E+018
   8.9048400000000007E-003   3.1320232709055242E+018
   8.9033399999999992E-003   3.2059893570738821E+018
   8.9018099999999996E-003   3.2827288541489951E+018
   8.9003199999999998E-003   3.3530339079183580E+018
   8.8991499999999998E-003   3.4160762682887690E+018
   8.8980099999999996E-003   3.4933060109547228E+018
   8.8963700000000007E-003   3.5615816896917233E+018
   8.8955600000000003E-003   3.6066382209137966E+018
   8.8947799999999997E-003   3.6694494699904461E+018
   8.8933799999999993E-003   3.7495140312551327E+018
   8.8920100000000005E-003   3.8117603803000371E+018
   8.8912499999999998E-003   3.8566827824425856E+018
   8.8905000000000008E-003   3.9137893743536538E+018
   8.8893400000000008E-003   3.9827910047289564E+018
   8.8882100000000006E-003   4.0704480517398323E+018
   8.8864800000000004E-003   4.1520694506886856E+018
   8.8855700000000006E-003   4.2172908070668995E+018
   8.8844000000000006E-003   4.2903167167495419E+018
   8.8832600000000005E-003   4.3798030920003082E+018
   8.8816199999999998E-003   4.4590340212717087E+018
   8.8808199999999993E-003   4.5113900190639616E+018
   8.8800200000000006E-003   4.5924644811502111E+018
   8.8783700000000000E-003   4.6743801860085279E+018
   8.8775699999999996E-003   4.7285181461869763E+018
   8.8767700000000008E-003   4.7876666073033697E+018
   8.8758299999999995E-003   4.8517278682733455E+018
   8.8749099999999997E-003   4.9334120203502705E+018
   8.8734799999999996E-003   5.0322390616186696E+018
   8.8720899999999991E-003   5.1151218096640051E+018
   8.8711399999999996E-003   5.1824920906934497E+018
   8.8702099999999999E-003   5.2499405054716508E+018
   8.8692700000000003E-003   5.3546781636591636E+018
   8.8673499999999995E-003   5.4949407509474652E+018
   8.8654800000000002E-003   5.6381172218285425E+018
   8.8635299999999997E-003   5.7478120231504568E+018
   8.8625800000000001E-003   5.8202237254078198E+018
   8.8616500000000004E-003   5.9329846050915441E+018
   8.8596800000000000E-003   6.0846839386503373E+018
   8.8577800000000009E-003   6.2393323989180682E+018
   8.8557900000000005E-003   6.3577124063467428E+018
   8.8548199999999994E-003   6.4357154257827461E+018
   8.8538699999999998E-003   6.5158579715471657E+018
   8.8528600000000006E-003   6.5980213419119790E+018
   8.8518599999999996E-003   6.6794121746500844E+018
   8.8508800000000002E-003   6.7600159596205967E+018
   8.8499100000000008E-003   6.8427554534654095E+018
   8.8488899999999999E-003   6.9274890908990556E+018
   8.8478800000000007E-003   7.0528466852196393E+018
   8.8459100000000002E-003   7.1790768084809871E+018
   8.8448699999999995E-003   7.2660014236942858E+018
   8.8438500000000003E-003   7.3518760705139558E+018
   8.8428499999999993E-003   7.4366997804731525E+018
   8.8418600000000000E-003   7.5237833245646356E+018
   8.8408099999999993E-003   7.6125141521178337E+018
   8.8397800000000002E-003   7.7000050683319603E+018
   8.8387599999999993E-003   7.7863377984992625E+018
   8.8377600000000001E-003   7.8745958499943465E+018
   8.8366899999999995E-003   7.9645981113831117E+018
   8.8356500000000004E-003   8.0532374182027387E+018
   8.8346199999999996E-003   8.1406230138437530E+018
   8.8336000000000005E-003   8.2298559091278060E+018
   8.8325299999999999E-003   8.3207764521101906E+018
   8.8314699999999993E-003   8.4102179079238810E+018
   8.8304300000000002E-003   8.4983757103864607E+018
   8.8293999999999994E-003   8.5883292856945807E+018
   8.8283100000000007E-003   8.6800284130081065E+018
   8.8272400000000001E-003   8.7702276725354148E+018
   8.8261799999999994E-003   8.8592544508278272E+018
   8.8251400000000004E-003   8.9501842725564375E+018
   8.8240400000000000E-003   9.0430172106254121E+018
   8.8229599999999995E-003   9.1344652176973875E+018
   8.8218900000000006E-003   9.2248815458349691E+018
   8.8208300000000000E-003   9.3173949838504407E+018
   8.8197199999999996E-003   9.4120198740881756E+018
   8.8186199999999992E-003   9.5054246713523323E+018
   8.8175400000000004E-003   9.5979465246559805E+018
   8.8164699999999999E-003   9.6928969519335096E+018
   8.8153399999999996E-003   9.7899233210981069E+018
   8.8142299999999993E-003   9.8852016172226376E+018
   8.8131400000000006E-003   9.9811301957667082E+018
   8.8120600000000000E-003   1.0132182482404962E+019
   8.8097999999999996E-003   1.0333214710571264E+019
   8.8076000000000005E-003   1.0484106802473071E+019
   8.8064400000000004E-003   1.0588673659785222E+019
   8.8053100000000002E-003   1.0692229291978783E+019
   8.8041899999999999E-003   1.0796711660590846E+019
   8.8030799999999996E-003   1.0962199990542846E+019
   8.8007599999999995E-003   1.1181965156963326E+019
   8.7985100000000007E-003   1.1346584355183774E+019
   8.7973300000000008E-003   1.1461165772626598E+019
   8.7961700000000007E-003   1.1632614830671747E+019
   8.7938900000000004E-003   1.1866578875309457E+019
   8.7915200000000006E-003   1.2044456773968036E+019
   8.7903600000000005E-003   1.2163818010772726E+019
   8.7892200000000004E-003   1.2353242404988256E+019
   8.7868200000000007E-003   1.2603985842016700E+019
   8.7844800000000008E-003   1.2856543144634247E+019
   8.7820499999999996E-003   1.3050006475614951E+019
   8.7808699999999996E-003   1.3178336828382949E+019
   8.7796899999999997E-003   1.3380162954633865E+019
   8.7772300000000004E-003   1.3650653076144417E+019
   8.7748400000000008E-003   1.3927044469461709E+019
   8.7723499999999999E-003   1.4209077507478202E+019
   8.7699300000000004E-003   1.4420709483558230E+019
   8.7686599999999993E-003   1.4567473015118930E+019
   8.7674099999999998E-003   1.4792697003847279E+019
   8.7648699999999993E-003   1.5090895465047398E+019
   8.7623900000000001E-003   1.5389737898152892E+019
   8.7599099999999992E-003   1.5700178151244214E+019
   8.7573100000000008E-003   1.6016869995621155E+019
   8.7547900000000001E-003   1.6254144135868492E+019
   8.7534699999999993E-003   1.6503250661184336E+019
   8.7508699999999991E-003   1.6790206106077288E+019
   8.7489300000000002E-003   1.7042478609233127E+019
   8.7469300000000000E-003   1.7340687359145531E+019
   8.7443299999999998E-003   1.7688054014550651E+019
   8.7416300000000002E-003   1.7995140526532499E+019
   8.7396399999999999E-003   1.8260737138301669E+019
   8.7376099999999998E-003   1.8536020018205913E+019
   8.7355699999999998E-003   1.8809152099322495E+019
   8.7335699999999995E-003   1.9075828872485868E+019
   8.7316300000000006E-003   1.9336096194438529E+019
   8.7297299999999998E-003   1.9569783381811552E+019
   8.7281800000000003E-003   1.9780187316294521E+019
   8.7266400000000008E-003   2.0005896759894499E+019
   8.7248900000000008E-003   2.0243654306207605E+019
   8.7231700000000006E-003   2.0482760746701939E+019
   8.7213800000000008E-003   2.0726675039321272E+019
   8.7196300000000008E-003   2.1026130188107518E+019
   8.7171100000000001E-003   2.1365655717151134E+019
   8.7146600000000008E-003   2.1647040601528185E+019
   8.7128699999999993E-003   2.1886377048960831E+019
   8.7111199999999993E-003   2.2185184642437394E+019
   8.7085500000000007E-003   2.2524525246867796E+019
   8.7060499999999999E-003   2.2806564589985444E+019
   8.7042000000000005E-003   2.3044294902925890E+019
   8.7023900000000008E-003   2.3278162762068382E+019
   8.7005599999999995E-003   2.3510282153151873E+019
   8.6987699999999998E-003   2.3793070304213123E+019
   8.6961799999999995E-003   2.4110942134464438E+019
   8.6936700000000006E-003   2.4397498145753772E+019
   8.6914200000000000E-003   2.4662060144995566E+019
   8.6892299999999992E-003   2.4920456280168251E+019
   8.6869900000000003E-003   2.5175406364386877E+019
   8.6848099999999994E-003   2.5447741260668588E+019
   8.6822099999999992E-003   2.5733781190079681E+019
   8.6796800000000004E-003   2.6013513723711144E+019
   8.6770900000000002E-003   2.6284982660588438E+019
   8.6745699999999995E-003   2.6505606399367938E+019
   8.6727400000000000E-003   2.6695995746583589E+019
   8.6709500000000002E-003   2.6971105851724460E+019
   8.6676300000000008E-003   2.7310569672928031E+019
   8.6644500000000006E-003   2.7582072209163846E+019
   8.6622499999999998E-003   2.7807749460160512E+019
   8.6601000000000004E-003   2.8037338255931109E+019
   8.6579199999999995E-003   2.8268513358527472E+019
   8.6557900000000000E-003   2.8621664040333140E+019
   8.6515299999999993E-003   2.8979530066847969E+019
   8.6493899999999999E-003   2.9225547138878210E+019
   8.6473100000000001E-003   2.9524490971922571E+019
   8.6444299999999998E-003   2.9786735590687670E+019
   8.6430299999999995E-003   2.9962102717645767E+019
   8.6416600000000007E-003   3.0239059019130065E+019
   8.6387900000000004E-003   3.0521927458694603E+019
   8.6373900000000000E-003   3.0762421304635310E+019
   8.6353000000000003E-003   3.1061008064500990E+019
   8.6331600000000008E-003   3.1315838273572864E+019
   8.6317600000000005E-003   3.1629837173915365E+019
   8.6289399999999999E-003   3.1952416274599272E+019
   8.6275199999999996E-003   3.2172032190547898E+019
   8.6261299999999992E-003   3.2452297556018205E+019
   8.6240199999999996E-003   3.2800974746492908E+019
   8.6218800000000002E-003   3.3098850400028520E+019
   8.6204799999999998E-003   3.3337416833502761E+019
   8.6190899999999994E-003   3.3712702246165819E+019
   8.6162099999999991E-003   3.4161806878765957E+019
   8.6140999999999995E-003   3.4487591623228592E+019
   8.6126699999999994E-003   3.4827680680317305E+019
   8.6105000000000001E-003   3.5310927536917443E+019
   8.6076799999999995E-003   3.5733674469521990E+019
   8.6062099999999996E-003   3.6102189102289052E+019
   8.6040300000000004E-003   3.6543437581497684E+019
   8.6019000000000009E-003   3.7078030079896781E+019
   8.5989399999999994E-003   3.7589008071146340E+019
   8.5970999999999999E-003   3.7986173935977742E+019
   8.5953000000000002E-003   3.8477029531990057E+019
   8.5926900000000001E-003   3.9055900130720432E+019
   8.5901399999999996E-003   3.9696161903753388E+019
   8.5871000000000003E-003   4.0218868432114205E+019
   8.5856100000000005E-003   4.0568842367529927E+019
   8.5841400000000005E-003   4.1166725584769425E+019
   8.5806400000000005E-003   4.2002948000038044E+019
   8.5772499999999998E-003   4.2661974859126325E+019
   8.5752899999999993E-003   4.3293048716306194E+019
   8.5721900000000004E-003   4.4137526456064295E+019
   8.5686400000000006E-003   4.4895842585999270E+019
   8.5662900000000007E-003   4.5464575171706995E+019
   8.5642600000000006E-003   4.5995714771225362E+019
   8.5622600000000004E-003   4.6652082801610858E+019
   8.5593900000000001E-003   4.7407192205658849E+019
   8.5565799999999994E-003   4.8127199206834012E+019
   8.5541000000000002E-003   4.8802774512889979E+019
   8.5516600000000009E-003   4.9381294051747234E+019
   8.5499600000000005E-003   4.9855680746122355E+019
   8.5482800000000001E-003   5.0548955068803858E+019
   8.5450600000000002E-003   5.1472864058235486E+019
   8.5419099999999998E-003   5.2162010861383590E+019
   8.5402800000000008E-003   5.2636832556786983E+019
   8.5386799999999999E-003   5.3220696963615244E+019
   8.5363699999999997E-003   5.3909159064503280E+019
   8.5340899999999994E-003   5.4796824812138299E+019
   8.5305299999999997E-003   5.5901566247275618E+019
   8.5269300000000003E-003   5.7104064006876815E+019
   8.5228800000000000E-003   5.8188250046540939E+019
   8.5201099999999991E-003   5.9091140205395116E+019
   8.5173000000000002E-003   6.0204276541275095E+019
   8.5133499999999994E-003   6.1691623095303291E+019
   8.5083799999999994E-003   6.2897481006099538E+019
   8.5061900000000003E-003   6.3641847617757618E+019
   8.5040299999999992E-003   6.4518077794856706E+019
   8.5011199999999992E-003   6.5545790692246495E+019
   8.4981299999999996E-003   6.6589060736164372E+019
   8.4951799999999997E-003   6.7649037299491299E+019
   8.4921400000000005E-003   6.8736979123397788E+019
   8.4890899999999995E-003   6.9828619776725762E+019
   8.4860800000000000E-003   7.0756502652899172E+019
   8.4839700000000004E-003   7.1899760158555177E+019
   8.4797999999999991E-003   7.3656814120175337E+019
   8.4744999999999994E-003   7.5339760433930699E+019
   8.4707800000000007E-003   7.6648839733617508E+019
   8.4675299999999992E-003   7.7892756351540052E+019
   8.4642299999999997E-003   7.9584308580674552E+019
   8.4586899999999996E-003   8.1349095459892724E+019
   8.4550500000000004E-003   8.2435549121368719E+019
   8.4530999999999999E-003   8.3673567774189765E+019
   8.4487499999999997E-003   8.5374049509046419E+019
   8.4444800000000007E-003   8.6685067499826381E+019
   8.4421300000000008E-003   8.7617731989362262E+019
   8.4398100000000007E-003   8.8992469431112598E+019
   8.4353099999999997E-003   9.0791718568422932E+019
   8.4308999999999999E-003   9.2058871202926248E+019
   8.4290600000000004E-003   9.2805568640006701E+019
   8.4272400000000008E-003   9.4071615411745718E+019
   8.4229000000000005E-003   9.5846667257659474E+019
   8.4186299999999999E-003   9.7174111788220432E+019
   8.4164300000000008E-003   9.8089807135366922E+019
   8.4142399999999999E-003   9.9384491261976297E+019
   8.4102499999999993E-003   1.0105147985609700E+020
   8.4063300000000001E-003   1.0246581116430108E+020
   8.4035700000000008E-003   1.0363361551883395E+020
   8.4008499999999996E-003   1.0496524404184234E+020
   8.3973499999999996E-003   1.0645754416701042E+020
   8.3939099999999992E-003   1.0815788141399269E+020
   8.3895099999999993E-003   1.1005998686552936E+020
   8.3851800000000008E-003   1.1180833779649190E+020
   8.3815100000000000E-003   1.1406743717366478E+020
   8.3749400000000009E-003   1.1616720238011564E+020
   8.3720300000000008E-003   1.1754491689877950E+020
   8.3687899999999992E-003   1.1899410394887306E+020
   8.3655799999999992E-003   1.2123137400940323E+020
   8.3589200000000006E-003   1.2423490054970217E+020
   8.3524099999999993E-003   1.2733797344631664E+020
   8.3454500000000008E-003   1.3053759443624093E+020
   8.3386599999999995E-003   1.3297063123292203E+020
   8.3349900000000005E-003   1.3468967485836894E+020
   8.3313699999999994E-003   1.3650904052609150E+020
   8.3273199999999992E-003   1.3842764405843616E+020
   8.3233300000000003E-003   1.4024794413708712E+020
   8.3197299999999991E-003   1.4197279968044768E+020
   8.3161799999999994E-003   1.4404365703527322E+020
   8.3111999999999995E-003   1.4645325897455118E+020
   8.3062899999999992E-003   1.4912543050583858E+020
   8.3003199999999999E-003   1.5205069113057464E+020
   8.2944700000000000E-003   1.5478405042562341E+020
   8.2893299999999993E-003   1.5733671667098373E+020
   8.2842799999999998E-003   1.5998109675323015E+020
   8.2787999999999994E-003   1.6247316852768516E+020
   8.2745100000000005E-003   1.6465047373100158E+020
   8.2702799999999996E-003   1.6758339929683758E+020
   8.2631300000000005E-003   1.7125306445264044E+020
   8.2561200000000005E-003   1.7471914839544326E+020
   8.2498899999999993E-003   1.7797474512886904E+020
   8.2437699999999992E-003   1.8101239028484620E+020
   8.2383500000000002E-003   1.8493335993370840E+020
   8.2291399999999994E-003   1.8839352096715319E+020
   8.2254800000000003E-003   1.9036582160311642E+020
   8.2218599999999992E-003   1.9330248497093601E+020
   8.2147299999999999E-003   1.9718299787712676E+020
   8.2077299999999999E-003   2.0032712057028254E+020
   8.2033399999999999E-003   2.0275157682778089E+020
   8.1990099999999996E-003   2.0559782757417674E+020
   8.1931699999999996E-003   2.0885787813792865E+020
   8.1874200000000008E-003   2.1247861729316674E+020
   8.1803899999999992E-003   2.1733989664701029E+020
   8.1704099999999995E-003   2.2224819639581039E+020
   8.1633299999999999E-003   2.2545846316158566E+020
   8.1593399999999993E-003   2.2908433030822786E+020
   8.1509500000000006E-003   2.3397266619138526E+020
   8.1427200000000009E-003   2.3768076830107537E+020
   8.1384000000000005E-003   2.4024468724925311E+020
   8.1341299999999998E-003   2.4279313847184687E+020
   8.1298900000000007E-003   2.4532776208920812E+020
   8.1256999999999996E-003   2.4926688974563469E+020
   8.1168899999999999E-003   2.5458104734965111E+020
   8.1082600000000008E-003   2.6000944614246656E+020
   8.0992400000000006E-003   2.6554988818541416E+020
   8.0903899999999994E-003   2.6975791927185093E+020
   8.0857399999999992E-003   2.7266173689674426E+020
   8.0811500000000005E-003   2.7554979957032288E+020
   8.0765899999999998E-003   2.7842246103487395E+020
   8.0720800000000006E-003   2.8288749932017287E+020
   8.0626099999999996E-003   2.8890893255845242E+020
   8.0533299999999992E-003   2.9346207200116595E+020
   8.0484600000000003E-003   2.9661743241498735E+020
   8.0436299999999995E-003   2.9975593889741157E+020
   8.0388500000000002E-003   3.0287783603095857E+020
   8.0341200000000005E-003   3.0772780706942137E+020
   8.0241900000000005E-003   3.1427156363588469E+020
   8.0144499999999994E-003   3.2094188342173578E+020
   8.0042700000000008E-003   3.2776350444365618E+020
   7.9942999999999993E-003   3.3294595478263339E+020
   7.9890599999999992E-003   3.3652056266411790E+020
   7.9838800000000005E-003   3.4007639113203483E+020
   7.9787499999999997E-003   3.4361439270483427E+020
   7.9736600000000005E-003   3.4910816602272838E+020
   7.9629999999999996E-003   3.5652095253813343E+020
   7.9525299999999993E-003   3.6212452777380413E+020
   7.9470500000000006E-003   3.6600780456180764E+020
   7.9416100000000000E-003   3.6987102326840479E+020
   7.9362300000000007E-003   3.7371443900731838E+020
   7.9308999999999994E-003   3.7968280318424383E+020
   7.9197199999999999E-003   3.8773664021568304E+020
   7.9087500000000008E-003   3.9595692007882051E+020
   7.8973099999999994E-003   4.0435186042078704E+020
   7.8860800000000002E-003   4.1073028006203995E+020
   7.8801900000000005E-003   4.1512858256839233E+020
   7.8743600000000004E-003   4.1950461915889592E+020
   7.8685900000000000E-003   4.2385938745534120E+020
   7.8628699999999992E-003   4.3061717124107482E+020
   7.8508799999999993E-003   4.3973690588902352E+020
   7.8391099999999998E-003   4.4663376408059236E+020
   7.8329500000000000E-003   4.5140930548673243E+020
   7.8268399999999998E-003   4.5852238619825517E+020
   7.8148000000000002E-003   4.6823291437627782E+020
   7.8022400000000002E-003   4.7568051145562607E+020
   7.7960499999999997E-003   4.8060413560787304E+020
   7.7899199999999997E-003   4.8824813544464358E+020
   7.7770699999999996E-003   4.9856525959443277E+020
   7.7644599999999999E-003   5.0636638844971719E+020
   7.7578600000000001E-003   5.1176900186819409E+020
   7.7513100000000000E-003   5.1856387959840847E+020
   7.7414199999999997E-003   5.2674476165257626E+020
   7.7316599999999996E-003   5.3502316071222575E+020
   7.7216400000000001E-003   5.4341725818901004E+020
   7.7117599999999998E-003   5.5201289656417708E+020
   7.7014199999999996E-003   5.6080327529614370E+020
   7.6912200000000003E-003   5.6971113669620354E+020
   7.6807500000000001E-003   5.8146952613464834E+020
   7.6642000000000004E-003   5.9412464034867406E+020
   7.6518799999999998E-003   6.0508067249274002E+020
   7.6394499999999999E-003   6.1622359054098314E+020
   7.6269099999999998E-003   6.2902369431015404E+020
   7.6110300000000004E-003   6.4200451015431723E+020
   7.5982999999999997E-003   6.5387140085026075E+020
   7.5851199999999999E-003   6.6603951218978547E+020
   7.5719400000000001E-003   6.7764209653545933E+020
   7.5601599999999998E-003   6.8839993001547176E+020
   7.5489299999999997E-003   7.0119693253443086E+020
   7.5329999999999998E-003   7.1494455906626660E+020
   7.5198699999999997E-003   7.2673505641232453E+020
   7.5081300000000000E-003   7.3876706714689405E+020
   7.4942600000000000E-003   7.5266025250968738E+020
   7.4790600000000000E-003   7.6472887912465839E+020
   7.4690599999999996E-003   7.7573510035630798E+020
   7.4549999999999998E-003   7.8962791063000331E+020
   7.4384700000000000E-003   8.0273293996784052E+020
   7.4225400000000000E-003   8.1500982238711867E+020
   7.4077900000000000E-003   8.2339170687510341E+020
   7.3936599999999998E-003   8.2953367890395215E+020
   7.3776900000000001E-003   8.2623397638023427E+020
   7.3713800000000003E-003   8.3357920382994153E+020
   7.3564499999999996E-003   8.1610737045696899E+020
   7.3369100000000003E-003   8.1151762684697929E+020
   7.3230500000000002E-003   7.8229105665915172E+020
   7.3096599999999999E-003   7.3370553939053144E+020
   7.2944400000000001E-003   7.0523490255851605E+020
   7.2804799999999998E-003   6.8716423104828408E+020
   7.2745600000000002E-003   6.6068186891720366E+020
   7.2686799999999996E-003   6.3552646893092510E+020
   7.2543099999999999E-003   6.1373423681692526E+020
   7.2485500000000003E-003   6.0132978446829342E+020
   7.2419600000000004E-003   5.7750498750255274E+020
   7.2368399999999996E-003   5.7597554236702969E+020
   7.2287100000000002E-003   5.6294253886314453E+020
   7.2234999999999999E-003   5.4525509638884183E+020
   7.2186300000000002E-003   5.3469679229712237E+020
   7.2142100000000004E-003   5.3745066208527109E+020
   7.2089399999999996E-003   5.2050905859172873E+020
   7.2031200000000004E-003   5.0707152282198416E+020
   7.1973300000000000E-003   5.0377924010991315E+020
   7.1938200000000001E-003   5.0112510408681888E+020
   7.1890299999999999E-003   4.9355286440742217E+020
   7.1866500000000002E-003   4.9002927165291640E+020
   7.1848600000000004E-003   4.8658396655749661E+020
   7.1806800000000000E-003   4.8465172583691623E+020
   7.1782900000000004E-003   4.8253413577828480E+020
   7.1749700000000001E-003   4.7988542216194091E+020
   7.1722399999999999E-003   4.7489268162068323E+020
   7.1661800000000003E-003   4.6916322722233536E+020
   7.1616400000000004E-003   4.6741583671343428E+020
   7.1564899999999997E-003   4.6140850037900024E+020
   7.1504799999999999E-003   4.5782599806493380E+020
   7.1457600000000001E-003   4.5526934837733963E+020
   7.1412500000000000E-003   4.5208724816513905E+020
   7.1368800000000000E-003   4.5030187265198916E+020
   7.1329100000000001E-003   4.4785334723490893E+020
   7.1278499999999998E-003   4.4609373696434681E+020
   7.1257800000000000E-003   4.4474444726747116E+020
   7.1216300000000003E-003   4.4299056756214832E+020
   7.1188800000000002E-003   4.4161502444823603E+020
   7.1147700000000003E-003   4.4039012402914682E+020
   7.1127100000000004E-003   4.3925685963738520E+020
   7.1087099999999999E-003   4.3785854272275612E+020
   7.1048200000000004E-003   4.3687251450305492E+020
   7.1028699999999998E-003   4.3612937438869507E+020
   7.1003500000000001E-003   4.3497814825834447E+020
   7.0953199999999996E-003   4.3357698968884655E+020
   7.0903099999999998E-003   4.3230888518665745E+020
   7.0853200000000000E-003   4.3144552676048798E+020
   7.0828400000000000E-003   4.3100900221421807E+020
   7.0809799999999997E-003   4.3044485674750516E+020
   7.0772700000000001E-003   4.2975111088630589E+020
   7.0736200000000001E-003   4.2913097813635701E+020
   7.0700299999999997E-003   4.2857313872559846E+020
   7.0664999999999999E-003   4.2808008182084089E+020
   7.0630299999999997E-003   4.2755924748059889E+020
   7.0584999999999997E-003   4.2713139677582714E+020
   7.0556999999999998E-003   4.2684797645101616E+020
   7.0529199999999998E-003   4.2653191837754045E+020
   7.0483300000000002E-003   4.2623443810704392E+020
   7.0447399999999999E-003   4.2603229886205664E+020
   7.0415599999999997E-003   4.2589870478573083E+020
   7.0388100000000004E-003   4.2576265704203092E+020
   7.0342000000000000E-003   4.2571076644228878E+020
   7.0293899999999999E-003   4.2553230872779961E+020
   7.0231699999999996E-003   4.2606109087675174E+020
   7.0202399999999996E-003   4.2582367578919561E+020
   7.0173199999999996E-003   4.2562020596773578E+020
   7.0129399999999996E-003   4.2656702121822906E+020
   7.0071400000000002E-003   4.2655552309741250E+020
   7.0042400000000001E-003   4.2638437868872565E+020
   7.0013599999999999E-003   4.2737822162327162E+020
   6.9968900000000004E-003   4.2764156443071834E+020
   6.9906100000000004E-003   4.2818830652607811E+020
   6.9869900000000002E-003   4.2875625157857654E+020
   6.9808400000000003E-003   4.2952466767934167E+020
   6.9747899999999998E-003   4.2992296362450426E+020
   6.9713500000000003E-003   4.3119896862752945E+020
   6.9691400000000004E-003   4.3125003024624144E+020
   6.9647399999999996E-003   4.3208542412973067E+020
   6.9594000000000001E-003   4.3284971480053206E+020
   6.9562599999999997E-003   4.3359833622347016E+020
   6.9512400000000000E-003   4.3433157993251917E+020
   6.9487300000000002E-003   4.3508341521737672E+020
   6.9438499999999997E-003   4.3635638942328154E+020
   6.9367400000000003E-003   4.3768754365513145E+020
   6.9318599999999998E-003   4.3881468636441412E+020
   6.9270099999999999E-003   4.4041741552302726E+020
   6.9186700000000000E-003   4.4200851266084641E+020
   6.9142300000000004E-003   4.4345117188559438E+020
   6.9068699999999998E-003   4.4526123983944542E+020
   6.9034999999999999E-003   4.4570481250441652E+020
   6.9014799999999998E-003   4.4640854040775459E+020
   6.8988000000000001E-003   4.4764643099531464E+020
   6.8928899999999996E-003   4.4938219586224534E+020
   6.8869200000000004E-003   4.5122124002384085E+020
   6.8800800000000002E-003   4.5332494510265808E+020
   6.8743900000000002E-003   4.5479222155509635E+020
   6.8700899999999997E-003   4.5656522558152429E+020
   6.8635600000000003E-003   4.5855354557776717E+020
   6.8582100000000000E-003   4.5999895828207790E+020
   6.8550299999999998E-003   4.6145332040942630E+020
   6.8490299999999999E-003   4.6346547282856896E+020
   6.8447700000000000E-003   4.6483295965025776E+020
   6.8405200000000001E-003   4.6689954945042763E+020
   6.8331199999999998E-003   4.6916019453619169E+020
   6.8289099999999997E-003   4.7105307512917715E+020
   6.8226199999999997E-003   4.7369000729833885E+020
   6.8149999999999999E-003   4.7631341711940924E+020
   6.8090299999999998E-003   4.7843065384765050E+020
   6.8042800000000002E-003   4.8051483035109753E+020
   6.7983599999999998E-003   4.8321912844381035E+020
   6.7915199999999997E-003   4.8598266247691062E+020
   6.7847100000000002E-003   4.8892034790716893E+020
   6.7775800000000001E-003   4.9185471063052032E+020
   6.7709399999999996E-003   4.9516128039524906E+020
   6.7623600000000002E-003   4.9869515946915004E+020
   6.7547199999999996E-003   5.0246843189120827E+020
   6.7459099999999999E-003   5.0636634229364149E+020
   6.7371499999999999E-003   5.1108124462754483E+020
   6.7261600000000001E-003   5.1618509051215210E+020
   6.7152699999999997E-003   5.2272444516161310E+020
   6.6990699999999997E-003   5.3131690685368173E+020
   6.6802900000000002E-003   5.3995779550943891E+020
   6.6646600000000002E-003   5.4802340733286692E+020
   6.6486499999999999E-003   5.5674778273914808E+020
   6.6312300000000001E-003   5.6620269788019294E+020
   6.6126300000000004E-003   5.7717079898637258E+020
   6.5901800000000002E-003   5.8772118399436240E+020
   6.5735600000000000E-003   5.9774359963117224E+020
   6.5536099999999996E-003   6.0869901167413664E+020
   6.5339100000000004E-003   6.1877182395719680E+020
   6.5175900000000002E-003   6.2639157867319211E+020
   6.5069200000000002E-003   6.3468591794907972E+020
   6.4884499999999998E-003   6.4323380293622838E+020
   6.4771300000000002E-003   6.5300425045030103E+020
   6.4547399999999996E-003   6.6433065523076661E+020
   6.4384500000000001E-003   6.7392512810076563E+020
   6.4223199999999996E-003   6.8267194570057659E+020
   6.4091699999999996E-003   6.9056505731122187E+020
   6.3961199999999999E-003   7.0374736374934943E+020
   6.3658600000000001E-003   7.2228404287877127E+020
   6.3361299999999997E-003   7.3586941122122233E+020
   6.3225499999999997E-003   7.4770082475525695E+020
   6.2988599999999999E-003   7.5855921180819325E+020
   6.2886900000000004E-003   7.6976605828769068E+020
   6.2642499999999999E-003   7.8567758661827481E+020
   6.2401399999999999E-003   7.9829470558600613E+020
   6.2262200000000002E-003   8.0757893733509811E+020
   6.2124099999999998E-003   8.1946058108867235E+020
   6.1910500000000000E-003   8.3395972325205882E+020
   6.1699299999999997E-003   8.4615027736644131E+020
   6.1557000000000001E-003   8.5601459218228891E+020
   6.1415699999999998E-003   8.7120402780582799E+020
   6.1124600000000001E-003   8.9177926260616318E+020
   6.0837699999999996E-003   9.0879449233227396E+020
   6.0653199999999999E-003   9.2220103479813210E+020
   6.0470300000000001E-003   9.3300387947775105E+020
   6.0359599999999999E-003   9.4118074419078916E+020
   6.0249500000000003E-003   9.5508440259590488E+020
   5.9987100000000000E-003   9.7876984320057370E+020
   5.9622900000000003E-003   1.0037386011252615E+021
   5.9337200000000000E-003   1.0218753026226890E+021
   5.9157500000000000E-003   1.0380896860562132E+021
   5.8925499999999999E-003   1.0564644840615095E+021
   5.8696000000000000E-003   1.0782760094133237E+021
   5.8384400000000003E-003   1.1038722476434023E+021
   5.8069999999999997E-003   1.1235006355015844E+021
   5.7910899999999996E-003   1.1367690451249140E+021
   5.7752899999999998E-003   1.1571017428882471E+021
   5.7429400000000002E-003   1.1846150564671772E+021
   5.7110199999999998E-003   1.2127973978432539E+021
   5.6781000000000002E-003   1.2416675878652260E+021
   5.6456099999999997E-003   1.2712433024037214E+021
   5.6121100000000000E-003   1.3015396497672590E+021
   5.5790400000000004E-003   1.3325745302443115E+021
   5.5449499999999999E-003   1.3643698358294437E+021
   5.5112900000000003E-003   1.3969441612374097E+021
   5.4765899999999999E-003   1.4303149628864756E+021
   5.4423199999999996E-003   1.4557307299068502E+021
   5.4247899999999996E-003   1.4730311697185636E+021
   5.4073699999999999E-003   1.4995260303380998E+021
   5.3717399999999998E-003   1.5354105724467528E+021
   5.3365299999999999E-003   1.5627482627838462E+021
   5.3185300000000001E-003   1.5813539056642199E+021
   5.3006299999999998E-003   1.6096434706889250E+021
   5.2644099999999997E-003   1.6482322517825487E+021
   5.2278500000000000E-003   1.6877704871208661E+021
   5.1909699999999996E-003   1.7282823792078349E+021
   5.1537400000000004E-003   1.7697818374626623E+021
   5.1161799999999997E-003   1.8123171777387312E+021
   5.0782600000000002E-003   1.8558918037675306E+021
   5.0400000000000002E-003   1.9005439851391825E+021
   5.0013799999999997E-003   1.9462958579156504E+021
   4.9623999999999996E-003   1.9931773425268105E+021
   4.9230500000000000E-003   2.0291674023901950E+021
   4.9031500000000002E-003   2.0534833487308959E+021
   4.8833399999999999E-003   2.0780971442760327E+021
   4.8632399999999996E-003   2.1030135664569475E+021
   4.8432400000000004E-003   2.1354666885530174E+021
   4.8114200000000003E-003   2.1756346923486122E+021
   4.7798199999999997E-003   2.2090668874901252E+021
   4.7592299999999997E-003   2.2355833316909344E+021
   4.7387300000000000E-003   2.2624183701342933E+021
   4.7179500000000003E-003   2.2895758056024011E+021
   4.6972500000000000E-003   2.3170597704112160E+021
   4.6762499999999999E-003   2.3448716636428876E+021
   4.6553499999999999E-003   2.3730171421520649E+021
   4.6341500000000001E-003   2.4014945696013903E+021
   4.6130399999999997E-003   2.4303047653756638E+021
   4.5916400000000001E-003   2.4594692511544262E+021
   4.5703100000000002E-003   2.4889840177578985E+021
   4.5486900000000002E-003   2.5188680833880802E+021
   4.5271499999999998E-003   2.5491165645606329E+021
   4.5053200000000002E-003   2.5797555091813344E+021
   4.4835600000000001E-003   2.6107748268593104E+021
   4.4615000000000002E-003   2.6422151778883983E+021
   4.4395199999999998E-003   2.6740643550068269E+021
   4.4172300000000003E-003   2.7063573595510407E+021
   4.3950200000000004E-003   2.7390827520580785E+021
   4.3724999999999997E-003   2.7722785019499727E+021
   4.3500600000000002E-003   2.8060369871441242E+021
   4.3273100000000000E-003   2.8399791907681416E+021
   4.3046200000000003E-003   2.8741320937117057E+021
   4.2816299999999998E-003   2.9087990778232811E+021
   4.2586999999999998E-003   2.9302010660315317E+021
   4.2355600000000002E-003   2.9663928806941267E+021
   4.2122899999999996E-003   3.0030384937896677E+021
   4.1888899999999998E-003   3.0401435405713198E+021
   4.1653699999999998E-003   3.0777137457126593E+021
   4.1417199999999998E-003   3.1157548750403205E+021
   4.1179299999999997E-003   3.1542727701139109E+021
   4.0940100000000004E-003   3.1932733395667565E+021
   4.0699500000000001E-003   3.2327625486207397E+021
   4.0457599999999998E-003   3.2727464356200186E+021
   4.0214300000000003E-003   3.3132310962803866E+021
   3.9969500000000000E-003   3.3542227057484576E+021
   3.9723299999999996E-003   3.3957274865904732E+021
   3.9475600000000001E-003   3.4377517300175020E+021
   3.9226499999999997E-003   3.4803017798271626E+021
   3.8975899999999998E-003   3.5233840543957999E+021
   3.8723700000000000E-003   3.5670050184636520E+021
   3.8470000000000002E-003   3.6111711938236268E+021
   3.8214700000000000E-003   3.6558891464301876E+021
   3.7957799999999999E-003   3.7011654918211329E+021
   3.7699299999999999E-003   3.7470068745684229E+021
   3.7439100000000000E-003   3.7934199664270398E+021
   3.7177199999999999E-003   3.8404114441006345E+021
   3.6913699999999998E-003   3.8879879914860729E+021
   3.6648399999999999E-003   3.9361562498110765E+021
   3.6381299999999998E-003   3.9849228229161569E+021
   3.6112399999999999E-003   4.0342942506098434E+021
   3.5841599999999999E-003   4.0842769857826762E+021
   3.5569000000000000E-003   4.1348774477246811E+021
   3.5294400000000000E-003   4.1861020740293645E+021
   3.5017899999999999E-003   4.2379575645882658E+021
   3.4739400000000000E-003   4.2904512664097543E+021
   3.4458900000000001E-003   4.3435919634801287E+021
   3.4176300000000001E-003   4.3973910220459632E+021
   3.3891500000000001E-003   4.4518638550850926E+021
   3.3604600000000000E-003   4.5070312170030157E+021
   3.3315500000000000E-003   4.5629190981505211E+021
   3.3024100000000000E-003   4.6195558164267197E+021
   3.2730300000000001E-003   4.6773027240441157E+021
   3.2434199999999999E-003   4.7355058992206483E+021
   3.2135599999999999E-003   4.7944996514940919E+021
   3.1834599999999999E-003   4.8541773721217909E+021
   3.1530899999999999E-003   4.9146231144044382E+021
   3.1224600000000001E-003   4.9758285509533442E+021
   3.0915600000000001E-003   5.0377899947891129E+021
   3.0603800000000001E-003   5.1005083026450106E+021
   3.0289200000000000E-003   5.1646062578480143E+021
   2.9971700000000000E-003   5.2300175351139984E+021
   2.9651100000000000E-003   5.2969020741793067E+021
   2.9327500000000000E-003   5.3646993375788154E+021
   2.9000599999999999E-003   5.4334221128838477E+021
   2.8670400000000000E-003   5.5030833522170984E+021
   2.8336799999999999E-003   5.5736962851157752E+021
   2.7999600000000002E-003   5.6452743422279732E+021
   2.7658700000000001E-003   5.7178312712659759E+021
   2.7314000000000001E-003   5.7913810442047696E+021
   2.6965399999999999E-003   5.8659378735908294E+021
   2.6612699999999999E-003   5.9415162736433703E+021
   2.6255699999999998E-003   6.0181309693029222E+021
   2.5894300000000002E-003   6.0957970063362380E+021
   2.5528299999999999E-003   6.1745296753069937E+021
   2.5157600000000001E-003   6.2543445098994975E+021
   2.4781800000000000E-003   6.3352573643629978E+021
   2.4400799999999999E-003   6.4172843163006282E+021
   2.4014300000000000E-003   6.5004417858605836E+021
   2.3622199999999999E-003   6.5847463924878321E+021
   2.3224000000000001E-003   6.6702144230690851E+021
   2.2819500000000000E-003   6.7568685825646595E+021
   2.2408400000000000E-003   6.8447217139712346E+021
   2.1990199999999999E-003   6.9337915520699943E+021
   2.1564599999999998E-003   7.0240964936421270E+021
   2.1131200000000000E-003   7.1156563695951141E+021
   2.0689500000000000E-003   7.2084885704440944E+021
   2.0238900000000000E-003   7.3026189822435011E+021
   1.9778800000000000E-003   7.3980624502379879E+021
   1.9308600000000000E-003   7.4945264966695303E+021
   1.8830699999999999E-003   7.5926401655895113E+021
   1.8334700000000000E-003   7.6924766074390729E+021
   1.7829100000000000E-003   7.7933728822701505E+021
   1.7309800000000000E-003   7.8827780966953800E+021
   1.6913399999999999E-003   7.9603576126136354E+021
   1.6502100000000000E-003   8.0708949214456007E+021
   1.5727499999999999E-003   8.1844300032567306E+021
   1.5293699999999999E-003   8.2652040724487738E+021
   1.4838900000000001E-003   8.3865816339971152E+021
   1.3896300000000000E-003   8.5254625371417393E+021
   1.3245500000000001E-003   8.6356044542356216E+021
   1.2566800000000000E-003   8.7491522095684832E+021
   1.1817100000000001E-003   8.8671163302045832E+021
   1.1018899999999999E-003   8.9902390243240465E+021
   1.0100000000000000E-003   9.1245014504614742E+021
   9.0041999999999997E-004   9.2955278402372439E+021
   7.0726000000000003E-004   9.4745077403063262E+021
   5.6851000000000004E-004   9.5746934310661637E+021
   4.8473000000000000E-004   9.6376497101622970E+021
   3.8343999999999997E-004   9.6894703403723024E+021
   3.1423999999999997E-004   9.7210842453541504E+021
   2.5102000000000002E-004   9.7426699605246728E+021
   2.0189000000000001E-004   9.7569224759273041E+021
   1.6437000000000000E-004   9.7651942479761129E+021
   1.3658999999999999E-004   9.7705152235870639E+021
   1.1704000000000000E-004   9.7734033807576767E+021
   1.0417000000000000E-004   9.7757436809066840E+021
   8.6979999999999997E-005   9.7780313111739886E+021
   6.9029999999999995E-005   9.7797801918542287E+021
   5.4790000000000002E-005   9.7809504268964573E+021
   4.3479999999999997E-005   9.7816510917197672E+021
   3.4510000000000000E-005   9.7820895382698679E+021
   2.7390000000000000E-005   9.7823951871429533E+021
   2.1739999999999999E-005   9.7825699671090953E+021
   1.7260000000000001E-005   9.7826937426623227E+021
   1.3699999999999999E-005   9.7827999468892077E+021
