   8.8742400000000003E-003   10843136970291610.     
   8.8742400000000003E-003   10962147527825448.     
   8.8742400000000003E-003   11079281303080170.     
   8.8742400000000003E-003   11194586927485594.     
   8.8742400000000003E-003   11308139733565484.     
   8.8742400000000003E-003   11420013170633524.     
   8.8742400000000003E-003   11530238822501886.     
   8.8742400000000003E-003   11638885422767162.     
   8.8742400000000003E-003   11746003286230924.     
   8.8742400000000003E-003   11851655809136958.     
   8.8742400000000003E-003   11955863707723404.     
   8.8742400000000003E-003   12058682917842886.     
   8.8742400000000003E-003   12160178637156724.     
   8.8742400000000003E-003   12260358550057132.     
   8.8742400000000003E-003   12359279313949458.     
   8.8742400000000003E-003   12456980405961072.     
   8.8742400000000003E-003   12601337103663746.     
   8.8742400000000003E-003   12789846044371382.     
   8.8742400000000003E-003   12951280769431752.     
   8.8742400000000003E-003   13087154057106512.     
   8.8742400000000003E-003   13220842872451794.     
   8.8742400000000003E-003   13352395555619534.     
   8.8742400000000003E-003   13503312554616970.     
   8.8742400000000003E-003   13672537974083642.     
   8.8742300000000003E-003   13817910083403890.     
   8.8742300000000003E-003   13940579769179542.     
   8.8742300000000003E-003   14061535926992898.     
   8.8742300000000003E-003   14180839226259686.     
   8.8742300000000003E-003   14318019898045664.     
   8.8742300000000003E-003   14472231825349826.     
   8.8742300000000003E-003   14623831994664602.     
   8.8742300000000003E-003   14772932506286224.     
   8.8742300000000003E-003   14919637737354128.     
   8.8742300000000003E-003   15064042619393894.     
   8.8742300000000003E-003   15206241969811536.     
   8.8742300000000003E-003   15346319447375944.     
   8.8742300000000003E-003   15484358046625144.     
   8.8742300000000003E-003   15620437197263002.     
   8.8742300000000003E-003   15821021221398508.     
   8.8742300000000003E-003   16017613762308790.     
   8.8742300000000003E-003   16146552031423014.     
   8.8742300000000003E-003   16294923722003688.     
   8.8742200000000004E-003   16461862270518564.     
   8.8742200000000004E-003   16626152809858118.     
   8.8742200000000004E-003   16787860649706658.     
   8.8742200000000004E-003   16947132565459004.     
   8.8742200000000004E-003   17104016328634910.     
   8.8742200000000004E-003   17258625743831220.     
   8.8742200000000004E-003   17411043726262840.     
   8.8742200000000004E-003   17579994628171752.     
   8.8742200000000004E-003   17764709387207208.     
   8.8742200000000004E-003   17946380988677604.     
   8.8742200000000004E-003   18125134380327104.     
   8.8742200000000004E-003   18301059210440908.     
   8.8742200000000004E-003   18474313376202340.     
   8.8742200000000004E-003   18644947448577760.     
   8.8742200000000004E-003   18813113026169828.     
   8.8742100000000004E-003   18978845483078596.     
   8.8742100000000004E-003   19223124222653216.     
   8.8742100000000004E-003   19462457503290760.     
   8.8742100000000004E-003   19619390963222556.     
   8.8742100000000004E-003   19774305317637252.     
   8.8742100000000004E-003   20003012608274836.     
   8.8742100000000004E-003   20264586051321244.     
   8.8742100000000004E-003   20484485814200680.     
   8.8742100000000004E-003   20700584129621544.     
   8.8742100000000004E-003   20913111637051992.     
   8.8742100000000004E-003   21122164452936840.     
   8.8742000000000005E-003   21327919030585996.     
   8.8742000000000005E-003   21630695666272740.     
   8.8742000000000005E-003   21926760952004364.     
   8.8742000000000005E-003   22120648006997816.     
   8.8742000000000005E-003   22311873073214448.     
   8.8742000000000005E-003   22500540365834272.     
   8.8742000000000005E-003   22778927459984316.     
   8.8742000000000005E-003   23052085039811456.     
   8.8742000000000005E-003   23231413699177312.     
   8.8741900000000005E-003   23437929749849744.     
   8.8741900000000005E-003   23670570608438160.     
   8.8741900000000005E-003   24013066937078340.     
   8.8741900000000005E-003   24348215722858760.     
   8.8741900000000005E-003   24567833069359324.     
   8.8741900000000005E-003   24784510611202428.     
   8.8741900000000005E-003   24998436529308348.     
   8.8741900000000005E-003   25235817889121620.     
   8.8741900000000005E-003   25495808016650304.     
   8.8741800000000006E-003   25751948157311804.     
   8.8741800000000006E-003   26004413355356000.     
   8.8741800000000006E-003   26253366606084276.     
   8.8741800000000006E-003   26499002308014212.     
   8.8741800000000006E-003   26861476207011112.     
   8.8741800000000006E-003   27240679046659984.     
   8.8741800000000006E-003   27520313607610384.     
   8.8741700000000007E-003   27796143077464640.     
   8.8741700000000007E-003   28068261609743408.     
   8.8741700000000007E-003   28336874975747444.     
   8.8741700000000007E-003   28602123652471264.     
   8.8741700000000007E-003   28864143709597476.     
   8.8741700000000007E-003   29123056037923240.     
   8.8741700000000007E-003   29378931121729436.     
   8.8741600000000007E-003   29631965132001920.     
   8.8741600000000007E-003   29882168964766428.     
   8.8741600000000007E-003   30129632163014172.     
   8.8741600000000007E-003   30496039641250772.     
   8.8741600000000007E-003   30975825841861344.     
   8.8741600000000007E-003   31446122685938376.     
   8.8741500000000008E-003   31907481655109824.     
   8.8741500000000008E-003   32360309254922196.     
   8.8741500000000008E-003   32805015318881900.     
   8.8741500000000008E-003   33241972817221700.     
   8.8741400000000008E-003   33671520637740996.     
   8.8741400000000008E-003   34093966394001052.     
   8.8741400000000008E-003   34509540419983000.     
   8.8741400000000008E-003   34918501921218176.     
   8.8741299999999992E-003   35321148038773156.     
   8.8741299999999992E-003   35717583725639856.     
   8.8741299999999992E-003   36108067076282912.     
   8.8741299999999992E-003   36492724678890168.     
   8.8741299999999992E-003   36871784638538784.     
   8.8741199999999992E-003   37430237750791232.     
   8.8741199999999992E-003   38156029283749144.     
   8.8741199999999992E-003   38686621239982968.     
   8.8741099999999993E-003   39034280031694112.     
   8.8741099999999993E-003   39377122016154456.     
   8.8741099999999993E-003   39715052265600928.     
   8.8741099999999993E-003   40158458853630640.     
   8.8741099999999993E-003   40700728815503312.     
   8.8740999999999993E-003   41230014978787280.     
   8.8740999999999993E-003   41618300697073496.     
   8.8740999999999993E-003   41873281419640920.     
   8.8740999999999993E-003   42250144546561768.     
   8.8740899999999994E-003   42740858704023104.     
   8.8740899999999994E-003   43218546382997656.     
   8.8740899999999994E-003   43682977805355840.     
   8.8740899999999994E-003   44133814994564160.     
   8.8740799999999995E-003   44570618998540744.     
   8.8740799999999995E-003   45200872735585104.     
   8.8740699999999995E-003   45790134516904792.     
   8.8740699999999995E-003   46164099531295232.     
   8.8740699999999995E-003   46519863016288520.     
   8.8740699999999995E-003   46855833695160912.     
   8.8740599999999996E-003   47324665905869432.     
   8.8740599999999996E-003   47929900128499224.     
   8.8740499999999996E-003   48525280764756840.     
   8.8740499999999996E-003   49112732076639736.     
   8.8740399999999997E-003   49621697251938120.     
   8.8740399999999997E-003   50053546341733688.     
   8.8740399999999997E-003   50481951134238704.     
   8.8740299999999998E-003   50906856146445664.     
   8.8740299999999998E-003   51535691275497096.     
   8.8740199999999998E-003   52160268597159848.     
   8.8740199999999998E-003   52570966409031232.     
   8.8740199999999998E-003   52978008615544888.     
   8.8740099999999999E-003   53381528061878064.     
   8.8740099999999999E-003   53978710049686800.     
   8.8739999999999999E-003   54764545359819656.     
   8.8739999999999999E-003   55536292932665400.     
   8.8739900000000000E-003   56294140921371168.     
   8.8739900000000000E-003   57037890724490896.     
   8.8739800000000001E-003   57767616599797976.     
   8.8739700000000001E-003   58483345170613520.     
   8.8739700000000001E-003   59185061756977264.     
   8.8739600000000002E-003   59872822759406248.     
   8.8739600000000002E-003   60546763984697368.     
   8.8739500000000002E-003   61206954408752920.     
   8.8739500000000002E-003   61959630486125488.     
   8.8739400000000003E-003   62798268267339560.     
   8.8739300000000004E-003   63614495500390944.     
   8.8739300000000004E-003   64409309791920384.     
   8.8739200000000004E-003   65184002782229288.     
   8.8739100000000005E-003   65752869836026216.     
   8.8739100000000005E-003   66126167467021848.     
   8.8739100000000005E-003   66677461502881544.     
   8.8739000000000005E-003   67398298444464720.     
   8.8738900000000006E-003   68103288011620304.     
   8.8738900000000006E-003   68793319651363552.     
   8.8738800000000007E-003   69635778252479016.     
   8.8738700000000007E-003   70620633891512208.     
   8.8738600000000008E-003   71342222162200576.     
   8.8738600000000008E-003   72048306411246208.     
   8.8738500000000008E-003   72742603548008224.     
   8.8738500000000008E-003   73273401870516912.     
   8.8738399999999992E-003   73871781716196944.     
   8.8738399999999992E-003   74461535552215296.     
   8.8738299999999992E-003   75043233616913024.     
   8.8738299999999992E-003   75900350359539968.     
   8.8738199999999993E-003   76743867851357488.     
   8.8738099999999993E-003   77297175043642048.     
   8.8738099999999993E-003   77979526764015744.     
   8.8737999999999994E-003   78786404859093712.     
   8.8737899999999995E-003   79969484314931088.     
   8.8737799999999995E-003   81128762474486560.     
   8.8737699999999996E-003   81884345420159104.     
   8.8737599999999996E-003   82627745610194448.     
   8.8737599999999996E-003   83359267444801040.     
   8.8737499999999997E-003   84433036273743920.     
   8.8737399999999998E-003   85829101258427488.     
   8.8737199999999999E-003   86962042224435360.     
   8.8737099999999999E-003   87847586110948768.     
   8.8737099999999999E-003   88823500821247680.     
   8.8736900000000000E-003   89885315514546864.     
   8.8736800000000001E-003   90924191846768576.     
   8.8736700000000002E-003   91941735634674304.     
   8.8736600000000002E-003   93183915484992128.     
   8.8736500000000003E-003   94280839624361488.     
   8.8736400000000003E-003   94998125119623392.     
   8.8736400000000003E-003   95705894195533760.     
   8.8736300000000004E-003   96404707360072016.     
   8.8736200000000005E-003   97434724463991616.     
   8.8736100000000005E-003   98782383455210944.     
   8.8736000000000006E-003   1.0009956106666856E+017
   8.8735800000000007E-003   1.0138772840012146E+017
   8.8735700000000008E-003   1.0264815992856829E+017
   8.8735600000000008E-003   1.0408422784742874E+017
   8.8735399999999992E-003   1.0568572102072864E+017
   8.8735199999999993E-003   1.0705378068345248E+017
   8.8735099999999994E-003   1.0820111708198835E+017
   8.8734999999999994E-003   1.0932682921542910E+017
   8.8734899999999995E-003   1.1043183288995742E+017
   8.8734799999999996E-003   1.1169532969959573E+017
   8.8734599999999997E-003   1.1310937449210989E+017
   8.8734499999999997E-003   1.1449240129240189E+017
   8.8734299999999999E-003   1.1584630052547746E+017
   8.8734199999999999E-003   1.1717288883381531E+017
   8.8734000000000000E-003   1.1847397895053474E+017
   8.8733900000000001E-003   1.1975130396862890E+017
   8.8733800000000002E-003   1.2100624782998026E+017
   8.8733600000000003E-003   1.2224020244839584E+017
   8.8733500000000003E-003   1.2345424395914672E+017
   8.8733400000000004E-003   1.2494375614061301E+017
   8.8733200000000005E-003   1.2669643576669270E+017
   8.8733000000000006E-003   1.2812969640591610E+017
   8.8732900000000007E-003   1.2925733244829594E+017
   8.8732800000000008E-003   1.3036990360314005E+017
   8.8732599999999991E-003   1.3146786637890443E+017
   8.8732499999999992E-003   1.3308576993535090E+017
   8.8732299999999993E-003   1.3519998161445398E+017
   8.8732099999999994E-003   1.3675462020922912E+017
   8.8731899999999995E-003   1.3777415620323798E+017
   8.8731799999999996E-003   1.3903126551418987E+017
   8.8731699999999997E-003   1.4051753343597917E+017
   8.8731499999999998E-003   1.4197938665850339E+017
   8.8731299999999999E-003   1.4341781153852960E+017
   8.8731200000000000E-003   1.4506666827544915E+017
   8.8731000000000001E-003   1.4691676891505069E+017
   8.8730800000000002E-003   1.4828208469367770E+017
   8.8730700000000003E-003   1.4918037696659933E+017
   8.8730600000000003E-003   1.5051060187085782E+017
   8.8730400000000004E-003   1.5225796912973642E+017
   8.8730200000000006E-003   1.5397459625290102E+017
   8.8730000000000007E-003   1.5566202226874454E+017
   8.8729800000000008E-003   1.5732164628163184E+017
   8.8729599999999992E-003   1.5895483400361514E+017
   8.8729399999999993E-003   1.6135400870029002E+017
   8.8729099999999995E-003   1.6370871088116208E+017
   8.8728899999999996E-003   1.6524906035875360E+017
   8.8728699999999997E-003   1.6676910742804416E+017
   8.8728499999999998E-003   1.6826987833273373E+017
   8.8728399999999999E-003   1.7011896787879414E+017
   8.8728100000000001E-003   1.7230430012659158E+017
   8.8727900000000002E-003   1.7409913887538490E+017
   8.8727700000000003E-003   1.7551728581541594E+017
   8.8727500000000004E-003   1.7726881862289619E+017
   8.8727300000000005E-003   1.7934374243739206E+017
   8.8727100000000007E-003   1.8138967793228915E+017
   8.8726800000000008E-003   1.8340823355063926E+017
   8.8726599999999992E-003   1.8540117231451898E+017
   8.8726399999999993E-003   1.8736948816019795E+017
   8.8726199999999995E-003   1.8931399125104160E+017
   8.8725899999999996E-003   1.9123558905503974E+017
   8.8725699999999998E-003   1.9313508281388960E+017
   8.8725499999999999E-003   1.9501341886040560E+017
   8.8725300000000000E-003   1.9717811961940582E+017
   8.8725000000000002E-003   1.9962027778914333E+017
   8.8724700000000004E-003   2.0143100348073325E+017
   8.8724600000000004E-003   2.0262679654228554E+017
   8.8724500000000005E-003   2.0466528314653520E+017
   8.8724200000000007E-003   2.0752177521463178E+017
   8.8723799999999992E-003   2.0976332573763021E+017
   8.8723699999999992E-003   2.1140950363153088E+017
   8.8723499999999993E-003   2.1344542918974314E+017
   8.8723199999999995E-003   2.1586035744903453E+017
   8.8722899999999997E-003   2.1824448749772810E+017
   8.8722699999999998E-003   2.2059903130359910E+017
   8.8722400000000000E-003   2.2330875916427898E+017
   8.8722100000000002E-003   2.2636136702523565E+017
   8.8721700000000004E-003   2.2862177879740262E+017
   8.8721600000000005E-003   2.3011318767537946E+017
   8.8721400000000006E-003   2.3232774354033411E+017
   8.8721100000000008E-003   2.3524497452880157E+017
   8.8720799999999992E-003   2.3812059993526186E+017
   8.8720399999999994E-003   2.4095632162956685E+017
   8.8720099999999996E-003   2.4375381741229430E+017
   8.8719799999999998E-003   2.4651448637837558E+017
   8.8719500000000000E-003   2.4923965701282582E+017
   8.8719200000000002E-003   2.5193037111172368E+017
   8.8718900000000003E-003   2.5458780679032189E+017
   8.8718600000000005E-003   2.5721299856769763E+017
   8.8718400000000006E-003   2.6044905884165523E+017
   8.8717899999999992E-003   2.6427290032107274E+017
   8.8717499999999994E-003   2.6741196961075296E+017
   8.8717199999999996E-003   2.6989138579247370E+017
   8.8716999999999997E-003   2.7234453262835818E+017
   8.8716699999999999E-003   2.7477235674713987E+017
   8.8716400000000001E-003   2.7777142406229632E+017
   8.8716100000000003E-003   2.8132362899511786E+017
   8.8715700000000005E-003   2.8482550511279110E+017
   8.8715300000000007E-003   2.8827932843533542E+017
   8.8714899999999992E-003   2.9168714003127904E+017
   8.8714499999999995E-003   2.9505077148654227E+017
   8.8714199999999997E-003   2.9782227093675366E+017
   8.8713899999999998E-003   3.0001801361549011E+017
   8.8713700000000000E-003   3.0327593001648755E+017
   8.8713200000000002E-003   3.0756278179890522E+017
   8.8712800000000005E-003   3.1126068602647418E+017
   8.8712400000000007E-003   3.1439050755653978E+017
   8.8712099999999992E-003   3.1748582158784115E+017
   8.8711799999999993E-003   3.2054768121962362E+017
   8.8711499999999995E-003   3.2407784759328614E+017
   8.8710999999999998E-003   3.2806129453133395E+017
   8.8710600000000001E-003   3.3199107921836307E+017
   8.8710200000000003E-003   3.3586947314777190E+017
   8.8709800000000005E-003   3.3969873543558694E+017
   8.8709400000000008E-003   3.4348093744064736E+017
   8.8708999999999993E-003   3.4721810180913894E+017
   8.8708599999999995E-003   3.5091215588834733E+017
   8.8708199999999997E-003   3.5456480630088621E+017
   8.8707800000000000E-003   3.5817778769519059E+017
   8.8707400000000002E-003   3.6175256286650547E+017
   8.8707000000000005E-003   3.6529064581691571E+017
   8.8706700000000006E-003   3.6966190863491328E+017
   8.8706099999999993E-003   3.7484028384061504E+017
   8.8705599999999996E-003   3.7910175763913715E+017
   8.8705199999999998E-003   3.8247456251574541E+017
   8.8704900000000000E-003   3.8581713743174400E+017
   8.8704500000000002E-003   3.8913018783833958E+017
   8.8704200000000004E-003   3.9404245377385824E+017
   8.8703500000000008E-003   4.0049976774709786E+017
   8.8702799999999995E-003   4.0527563801278842E+017
   8.8702499999999997E-003   4.0842523899727987E+017
   8.8702199999999998E-003   4.1309983467552602E+017
   8.8701500000000003E-003   4.1925129098699565E+017
   8.8700900000000006E-003   4.2380550957944666E+017
   8.8700600000000008E-003   4.2681145006707078E+017
   8.8700299999999992E-003   4.3127616131960192E+017
   8.8699699999999996E-003   4.3715542567731866E+017
   8.8699099999999999E-003   4.4294972988629197E+017
   8.8698500000000003E-003   4.4866188920867206E+017
   8.8697900000000007E-003   4.5457859579564730E+017
   8.8697299999999993E-003   4.6234301609600883E+017
   8.8696299999999999E-003   4.7024971946335437E+017
   8.8695600000000003E-003   4.7508929915414598E+017
   8.8695300000000005E-003   4.7987313611233811E+017
   8.8694700000000008E-003   4.8617834403768717E+017
   8.8693999999999995E-003   4.9240039853418746E+017
   8.8693399999999999E-003   4.9854343074232410E+017
   8.8692800000000002E-003   5.0611337739729901E+017
   8.8691900000000008E-003   5.1505554934365325E+017
   8.8690999999999996E-003   5.2529524398362330E+017
   8.8689800000000003E-003   5.3677090834572301E+017
   8.8688699999999992E-003   5.4523149259595418E+017
   8.8688099999999995E-003   5.5079780176856358E+017
   8.8687599999999998E-003   5.5631020556120474E+017
   8.8687100000000001E-003   5.6177019763008774E+017
   8.8686500000000005E-003   5.6785066750538931E+017
   8.8685900000000008E-003   5.7453437357027258E+017
   8.8685199999999995E-003   5.8114279218801677E+017
   8.8684599999999999E-003   5.8767799317444787E+017
   8.8683900000000003E-003   5.9606386875049485E+017
   8.8682899999999992E-003   6.0622939307098240E+017
   8.8681899999999998E-003   6.1746021648089267E+017
   8.8680700000000005E-003   6.2970347608157811E+017
   8.8679599999999994E-003   6.4299151103890765E+017
   8.8678200000000002E-003   6.5726844319184627E+017
   8.8676799999999993E-003   6.6778314877968179E+017
   8.8676099999999997E-003   6.7469902848259750E+017
   8.8675500000000001E-003   6.8606524809070362E+017
   8.8673999999999992E-003   7.0169230350862029E+017
   8.8672500000000001E-003   7.1591520471736896E+017
   8.8671300000000008E-003   7.2561224133692698E+017
   8.8670699999999995E-003   7.3200693872385741E+017
   8.8670099999999998E-003   7.3940173813280320E+017
   8.8669300000000003E-003   7.4777263034327309E+017
   8.8668500000000008E-003   7.6016222739418931E+017
   8.8666999999999999E-003   7.7641170852988262E+017
   8.8665500000000008E-003   7.9235300708112499E+017
   8.8664000000000000E-003   8.0412156440596941E+017
   8.8663300000000004E-003   8.1187374930773440E+017
   8.8662600000000008E-003   8.2146415327052723E+017
   8.8661499999999997E-003   8.3283702577110707E+017
   8.8660500000000003E-003   8.4776800640684518E+017
   8.8658799999999996E-003   8.6609338016573952E+017
   8.8657100000000006E-003   8.8322661726967514E+017
   8.8655699999999997E-003   8.9923091290429568E+017
   8.8654200000000006E-003   9.1508601779341427E+017
   8.8652799999999997E-003   9.3080362098428838E+017
   8.8651400000000005E-003   9.4883278804258675E+017
   8.8649599999999999E-003   9.6907231934822835E+017
   8.8647799999999992E-003   9.8894180235179853E+017
   8.8646100000000002E-003   1.0084634278785148E+018
   8.8644399999999995E-003   1.0276556200212388E+018
   8.8642700000000005E-003   1.0465341857775658E+018
   8.8641099999999997E-003   1.0616572423199315E+018
   8.8640100000000003E-003   1.0731561419264680E+018
   8.8639099999999992E-003   1.0845452417802060E+018
   8.8638099999999997E-003   1.0958273480638751E+018
   8.8637100000000003E-003   1.1125475363263451E+018
   8.8635199999999997E-003   1.1345026227234762E+018
   8.8633300000000009E-003   1.1582089675886582E+018
   8.8631200000000004E-003   1.1835751730545544E+018
   8.8628999999999999E-003   1.2073270908552579E+018
   8.8627099999999993E-003   1.2295488228631795E+018
   8.8625300000000004E-003   1.2541283486937183E+018
   8.8623000000000000E-003   1.2810684514109489E+018
   8.8620799999999996E-003   1.3076215049644104E+018
   8.8618599999999992E-003   1.3338018083232937E+018
   8.8616500000000004E-003   1.3532854841586478E+018
   8.8615399999999993E-003   1.3726792365132649E+018
   8.8613300000000006E-003   1.3919074347395136E+018
   8.8612299999999995E-003   1.4072020228894392E+018
   8.8610900000000003E-003   1.4249534921979364E+018
   8.8609499999999994E-003   1.4425475712076972E+018
   8.8608100000000002E-003   1.4599887680159629E+018
   8.8606699999999993E-003   1.4834083435481449E+018
   8.8604400000000007E-003   1.5126330296154307E+018
   8.8602200000000002E-003   1.5417143585915668E+018
   8.8599899999999999E-003   1.5706618098004969E+018
   8.8597699999999995E-003   1.6039450073322954E+018
   8.8594799999999994E-003   1.6414004167030362E+018
   8.8591999999999994E-003   1.6691955419733865E+018
   8.8590600000000002E-003   1.6876410743768330E+018
   8.8589199999999993E-003   1.7151880572442148E+018
   8.8586499999999992E-003   1.7515623175365673E+018
   8.8583800000000008E-003   1.7874864445820506E+018
   8.8581200000000006E-003   1.8229833550718060E+018
   8.8578700000000003E-003   1.8626201178053053E+018
   8.8575500000000005E-003   1.9062335778400343E+018
   8.8572400000000006E-003   1.9493767365024988E+018
   8.8569300000000007E-003   1.9920771143983544E+018
   8.8566300000000008E-003   2.0342842779764283E+018
   8.8563400000000007E-003   2.0760248001173757E+018
   8.8560500000000007E-003   2.1092255033981839E+018
   8.8558700000000001E-003   2.1341516770056440E+018
   8.8556999999999993E-003   2.1588737210975608E+018
   8.8555300000000003E-003   2.1833976130214935E+018
   8.8553699999999996E-003   2.2200966907142602E+018
   8.8550299999999998E-003   2.2685873522646687E+018
   8.8547100000000000E-003   2.3206823790634737E+018
   8.8543300000000005E-003   2.3762367619799117E+018
   8.8539599999999993E-003   2.4313162394274243E+018
   8.8535999999999997E-003   2.4859512040065736E+018
   8.8532400000000001E-003   2.5285082075230735E+018
   8.8530399999999995E-003   2.5593855243334077E+018
   8.8528400000000007E-003   2.5901428051572992E+018
   8.8526400000000002E-003   2.6207844206293089E+018
   8.8524499999999996E-003   2.6589340606238310E+018
   8.8521499999999996E-003   2.7043862825797432E+018
   8.8518699999999995E-003   2.7574135071100283E+018
   8.8514800000000001E-003   2.8177420405068964E+018
   8.8511000000000006E-003   2.8775892924231741E+018
   8.8507299999999994E-003   2.9369855393442540E+018
   8.8503699999999998E-003   2.9811413730640271E+018
   8.8501799999999992E-003   3.0104958567932406E+018
   8.8500000000000002E-003   3.0436960096854548E+018
   8.8497799999999998E-003   3.0806641114193505E+018
   8.8495499999999994E-003   3.1358698360222935E+018
   8.8491100000000003E-003   3.2087201067254159E+018
   8.8486699999999995E-003   3.2628183759904512E+018
   8.8484600000000007E-003   3.2987548558361620E+018
   8.8482400000000003E-003   3.3385297158451057E+018
   8.8479800000000001E-003   3.3820599573892905E+018
   8.8477299999999998E-003   3.4252226598740449E+018
   8.8474799999999996E-003   3.4680286040878382E+018
   8.8472299999999993E-003   3.5111256570322452E+018
   8.8469699999999991E-003   3.5545090953930102E+018
   8.8467200000000006E-003   3.6194278548440868E+018
   8.8462200000000001E-003   3.7051745297937408E+018
   8.8457399999999995E-003   3.7689048835209595E+018
   8.8454999999999992E-003   3.8113195979228186E+018
   8.8452600000000006E-003   3.8576990945720499E+018
   8.8449700000000006E-003   3.9079578862150871E+018
   8.8446900000000005E-003   3.9577979178187658E+018
   8.8444100000000005E-003   4.0325353512127816E+018
   8.8438600000000003E-003   4.1071796017021957E+018
   8.8435900000000001E-003   4.1569384345910400E+018
   8.8433100000000001E-003   4.2063137416434898E+018
   8.8430399999999999E-003   4.2738584817862016E+018
   8.8425799999999992E-003   4.3590369531805686E+018
   8.8421200000000002E-003   4.4440911635615380E+018
   8.8416599999999995E-003   4.5284535668225761E+018
   8.8412000000000004E-003   4.6081207767623777E+018
   8.8407899999999994E-003   4.6834623667579515E+018
   8.8403700000000002E-003   4.7443204236938117E+018
   8.8401100000000000E-003   4.7914375382092554E+018
   8.8398499999999998E-003   4.8661587986853734E+018
   8.8392899999999996E-003   4.9678886964290499E+018
   8.8387399999999994E-003   5.0481186215262761E+018
   8.8384199999999996E-003   5.1073615115021179E+018
   8.8380999999999998E-003   5.1946271862214728E+018
   8.8374999999999999E-003   5.3100663647870720E+018
   8.8369099999999999E-003   5.4341411195562455E+018
   8.8362400000000004E-003   5.5655808404853391E+018
   8.8355900000000008E-003   5.6680369439636347E+018
   8.8352099999999996E-003   5.7424438405640622E+018
   8.8348500000000000E-003   5.8169606132880835E+018
   8.8344800000000005E-003   5.8915895561504369E+018
   8.8341200000000009E-003   5.9943689208910336E+018
   8.8334799999999995E-003   6.1244770942852444E+018
   8.8328599999999997E-003   6.2384704293928509E+018
   8.8323800000000008E-003   6.3368722200242319E+018
   8.8319200000000000E-003   6.4278861976542085E+018
   8.8315200000000007E-003   6.5533281007732767E+018
   8.8307400000000001E-003   6.7264277176822313E+018
   8.8298999999999999E-003   6.8605088050868326E+018
   8.8294900000000006E-003   6.9490128589521633E+018
   8.8290799999999996E-003   7.0808461898636780E+018
   8.8282800000000008E-003   7.2546787144906220E+018
   8.8275000000000003E-003   7.4213612003124204E+018
   8.8267799999999993E-003   7.5587318002212137E+018
   8.8262700000000006E-003   7.6723593355999222E+018
   8.8257700000000001E-003   7.8378234527022162E+018
   8.8248200000000006E-003   8.0533623075585260E+018
   8.8238899999999992E-003   8.2718169453384622E+018
   8.8229299999999997E-003   8.4931247154855444E+018
   8.8220000000000000E-003   8.6904613674314035E+018
   8.8212599999999992E-003   8.8647486699214254E+018
   8.8205300000000000E-003   9.0780540881948129E+018
   8.8194899999999993E-003   9.2666783222692270E+018
   8.8189700000000006E-003   9.3911909951555011E+018
   8.8184700000000001E-003   9.5648236403471299E+018
   8.8175600000000003E-003   9.7861909094391706E+018
   8.8166800000000004E-003   9.9583220690564137E+018
   8.8161799999999999E-003   1.0082578123288295E+019
   8.8156899999999993E-003   1.0240573196947659E+019
   8.8149300000000003E-003   1.0431493809016769E+019
   8.8141899999999995E-003   1.0674098868748390E+019
   8.8130399999999994E-003   1.0899991717941049E+019
   8.8124399999999995E-003   1.1080553198019639E+019
   8.8116600000000007E-003   1.1282735202277216E+019
   8.8109000000000000E-003   1.1530542278730994E+019
   8.8097899999999996E-003   1.1749916341728424E+019
   8.8092499999999994E-003   1.1894908901061126E+019
   8.8087100000000008E-003   1.2119480752390799E+019
   8.8075900000000006E-003   1.2346325495254172E+019
   8.8070400000000004E-003   1.2496264898488500E+019
   8.8064900000000002E-003   1.2660089458019082E+019
   8.8058500000000005E-003   1.2837507827321053E+019
   8.8052100000000008E-003   1.3063777009725135E+019
   8.8042299999999997E-003   1.3337425033036890E+019
   8.8032600000000003E-003   1.3566840029745084E+019
   8.8026000000000007E-003   1.3753310549882343E+019
   8.8019499999999994E-003   1.3939933950163757E+019
   8.8012899999999998E-003   1.4229762138180833E+019
   8.7999399999999992E-003   1.4617552474711851E+019
   8.7986200000000001E-003   1.5013037761724406E+019
   8.7972399999999996E-003   1.5315558503162876E+019
   8.7965600000000001E-003   1.5515128142420236E+019
   8.7958900000000007E-003   1.5825680461917288E+019
   8.7944800000000004E-003   1.6242399295112378E+019
   8.7930999999999999E-003   1.6665952687733776E+019
   8.7916699999999997E-003   1.6989123769459909E+019
   8.7909600000000004E-003   1.7201407403004957E+019
   8.7902599999999994E-003   1.7419024016609524E+019
   8.7895200000000003E-003   1.7641371680914086E+019
   8.7887899999999994E-003   1.7860923884502764E+019
   8.7880700000000003E-003   1.8077537580988770E+019
   8.7873599999999993E-003   1.8299104271112251E+019
   8.7866000000000003E-003   1.8524885374580929E+019
   8.7858599999999995E-003   1.8856810881612157E+019
   8.7843899999999996E-003   1.9187590387540345E+019
   8.7836200000000007E-003   1.9413859102651449E+019
   8.7828600000000000E-003   1.9635769317891682E+019
   8.7821099999999992E-003   1.9853267172644159E+019
   8.7813700000000001E-003   2.0075749939899154E+019
   8.7805799999999996E-003   2.0299596269023470E+019
   8.7798000000000008E-003   2.0518030287229387E+019
   8.7790300000000002E-003   2.0731513759686078E+019
   8.7782699999999995E-003   2.0947574993358008E+019
   8.7774700000000008E-003   2.1165281762283057E+019
   8.7766700000000003E-003   2.1376982370697880E+019
   8.7758899999999997E-003   2.1583313171994960E+019
   8.7751099999999992E-003   2.1791440344230072E+019
   8.7742900000000006E-003   2.2000592573424288E+019
   8.7734800000000002E-003   2.2203247884362699E+019
   8.7726799999999997E-003   2.2400566541969740E+019
   8.7718899999999992E-003   2.2599112819976540E+019
   8.7710500000000007E-003   2.2798807998967878E+019
   8.7702200000000004E-003   2.2992145569039659E+019
   8.7694100000000001E-003   2.3181062633573888E+019
   8.7685999999999997E-003   2.3371627510814097E+019
   8.7677399999999996E-003   2.3564073647470658E+019
   8.7668999999999993E-003   2.3751119753552253E+019
   8.7660700000000008E-003   2.3934819244699230E+019
   8.7652400000000005E-003   2.4121080332914696E+019
   8.7643700000000005E-003   2.4310222672350724E+019
   8.7635100000000004E-003   2.4495175679842316E+019
   8.7626600000000002E-003   2.4677848685894431E+019
   8.7618200000000000E-003   2.4864740687020642E+019
   8.7609300000000001E-003   2.5054049659412275E+019
   8.7600500000000001E-003   2.5236366421473505E+019
   8.7591800000000001E-003   2.5425318432367763E+019
   8.7583299999999999E-003   2.5729460194150052E+019
   8.7565300000000002E-003   2.6126266217798894E+019
   8.7547700000000003E-003   2.6419090230998299E+019
   8.7538500000000005E-003   2.6623261868698534E+019
   8.7529300000000008E-003   2.6824912370167857E+019
   8.7520299999999992E-003   2.7034654104639664E+019
   8.7511399999999993E-003   2.7376997585947546E+019
   8.7492700000000000E-003   2.7821654118695666E+019
   8.7474500000000004E-003   2.8148344623288865E+019
   8.7464900000000009E-003   2.8378718338119213E+019
   8.7455499999999995E-003   2.8728019504864203E+019
   8.7436900000000001E-003   2.9205810056957886E+019
   8.7417499999999995E-003   2.9564980981243036E+019
   8.7408000000000000E-003   2.9812554193182781E+019
   8.7398600000000003E-003   3.0217348350236107E+019
   8.7378800000000000E-003   3.0740084263554208E+019
   8.7359599999999992E-003   3.1256839094406652E+019
   8.7339500000000007E-003   3.1653173767888572E+019
   8.7329599999999997E-003   3.1918249564802966E+019
   8.7319800000000003E-003   3.2341941407417668E+019
   8.7299400000000003E-003   3.2906750367749743E+019
   8.7279400000000000E-003   3.3486003400825438E+019
   8.7258500000000003E-003   3.4079077089143079E+019
   8.7238100000000002E-003   3.4518292233430802E+019
   8.7227399999999997E-003   3.4824771001807548E+019
   8.7216900000000007E-003   3.5301765588282311E+019
   8.7195399999999996E-003   3.5929562938746462E+019
   8.7174399999999999E-003   3.6560081324321853E+019
   8.7153300000000003E-003   3.7217384049141260E+019
   8.7131199999999995E-003   3.7890398594833793E+019
   8.7109700000000002E-003   3.8387749939835159E+019
   8.7098300000000000E-003   3.8921455265527235E+019
   8.7076099999999993E-003   3.9528664256124690E+019
   8.7059400000000006E-003   4.0064497116347679E+019
   8.7042200000000004E-003   4.0701756611774792E+019
   8.7019799999999998E-003   4.1443936879342789E+019
   8.6996399999999998E-003   4.2093512743204962E+019
   8.6979199999999996E-003   4.2655087901120078E+019
   8.6961499999999997E-003   4.3248068779400724E+019
   8.6943799999999998E-003   4.3832108824677614E+019
   8.6926399999999997E-003   4.4398586821897822E+019
   8.6909499999999994E-003   4.4947396527211078E+019
   8.6892900000000006E-003   4.5434993205449695E+019
   8.6879300000000000E-003   4.5875247313312506E+019
   8.6865899999999992E-003   4.6349151078870442E+019
   8.6850499999999997E-003   4.6842621094294389E+019
   8.6835400000000000E-003   4.7332142258919997E+019
   8.6819700000000007E-003   4.7834931687878754E+019
   8.6804199999999995E-003   4.8461084231475405E+019
   8.6782100000000004E-003   4.9144713821015638E+019
   8.6760399999999994E-003   4.9686713277131735E+019
   8.6744600000000002E-003   5.0156682458070991E+019
   8.6729100000000007E-003   5.0755095266331714E+019
   8.6706300000000004E-003   5.1403585244538356E+019
   8.6684099999999997E-003   5.1917837933507723E+019
   8.6667600000000008E-003   5.2350294277607653E+019
   8.6651499999999999E-003   5.2768147036592939E+019
   8.6635099999999993E-003   5.3181790998839198E+019
   8.6619100000000001E-003   5.3689286982133178E+019
   8.6595999999999999E-003   5.4233105164459680E+019
   8.6573399999999995E-003   5.4700231742731608E+019
   8.6553199999999993E-003   5.5127776909908738E+019
   8.6533500000000006E-003   5.5535710101045715E+019
   8.6513300000000005E-003   5.5937079573303263E+019
   8.6493600000000000E-003   5.6363994669095698E+019
   8.6470100000000001E-003   5.6809296188918915E+019
   8.6447199999999998E-003   5.7245837527304135E+019
   8.6423600000000000E-003   5.7665415114829332E+019
   8.6400799999999996E-003   5.7996265651851461E+019
   8.6384099999999991E-003   5.8308887698077819E+019
   8.6367700000000002E-003   5.8797684730376069E+019
   8.6337400000000009E-003   5.9410917974531662E+019
   8.6308300000000008E-003   5.9913380867200188E+019
   8.6288000000000007E-003   6.0368395939375030E+019
   8.6268300000000003E-003   6.0863046816052920E+019
   8.6248200000000001E-003   6.1388365018376233E+019
   8.6228599999999996E-003   6.2247219962382066E+019
   8.6189200000000004E-003   6.3180908991078572E+019
   8.6169400000000000E-003   6.3865791307159790E+019
   8.6150099999999993E-003   6.4742565489811784E+019
   8.6123299999999996E-003   6.5546456123523908E+019
   8.6110300000000004E-003   6.6102347598055621E+019
   8.6097499999999993E-003   6.7009170467940606E+019
   8.6070699999999997E-003   6.7967479918281286E+019
   8.6057700000000004E-003   6.8808330017251697E+019
   8.6038099999999999E-003   6.9881099511769694E+019
   8.6017999999999997E-003   7.0819955374146028E+019
   8.6005000000000005E-003   7.2006923305152209E+019
   8.5978500000000006E-003   7.3259284673173176E+019
   8.5965199999999999E-003   7.4127396724022936E+019
   8.5952000000000008E-003   7.5257167808161251E+019
   8.5932300000000003E-003   7.6687737779154715E+019
   8.5912000000000002E-003   7.7929221503654298E+019
   8.5898799999999994E-003   7.8939942639820849E+019
   8.5885800000000002E-003   8.0562692254962876E+019
   8.5858500000000008E-003   8.2525535782946423E+019
   8.5838600000000004E-003   8.3971991009339261E+019
   8.5825099999999998E-003   8.5508575736952275E+019
   8.5804499999999999E-003   8.7722749971432358E+019
   8.5777800000000001E-003   8.9672417938759221E+019
   8.5763699999999998E-003   9.1403406921629401E+019
   8.5743099999999999E-003   9.3492089064601027E+019
   8.5722799999999998E-003   9.6060605809467294E+019
   8.5694699999999992E-003   9.8547413389635748E+019
   8.5677199999999992E-003   1.0049091582125536E+020
   8.5660000000000007E-003   1.0293707123808023E+020
   8.5635099999999999E-003   1.0581352063975562E+020
   8.5610700000000005E-003   1.0896231752470179E+020
   8.5581700000000004E-003   1.1158737468154506E+020
   8.5567400000000002E-003   1.1335598775822511E+020
   8.5553399999999998E-003   1.1647783773022031E+020
   8.5519900000000006E-003   1.2074501947779020E+020
   8.5487400000000009E-003   1.2401537487280928E+020
   8.5468599999999999E-003   1.2721363938970114E+020
   8.5438900000000002E-003   1.3152743078926724E+020
   8.5404799999999996E-003   1.3541269795606233E+020
   8.5382300000000008E-003   1.3828249180033987E+020
   8.5362700000000003E-003   1.4098012349325250E+020
   8.5343499999999996E-003   1.4435625006153015E+020
   8.5315900000000004E-003   1.4814223090654069E+020
   8.5288800000000008E-003   1.5172906190737677E+020
   8.5264899999999994E-003   1.5509831541963994E+020
   8.5241399999999995E-003   1.5795677458363708E+020
   8.5225000000000006E-003   1.6031158624973229E+020
   8.5208799999999998E-003   1.6378608512786714E+020
   8.5177800000000008E-003   1.6834542400438344E+020
   8.5147299999999999E-003   1.7164330419479350E+020
   8.5131600000000005E-003   1.7395613935542754E+020
   8.5116099999999993E-003   1.7681629980964792E+020
   8.5093800000000004E-003   1.8015619767125587E+020
   8.5071799999999996E-003   1.8442141341726228E+020
   8.5037299999999993E-003   1.8977463314341777E+020
   8.5002500000000009E-003   1.9555107655717303E+020
   8.4963299999999999E-003   2.0072531684411906E+020
   8.4936500000000002E-003   2.0504105429665441E+020
   8.4909300000000007E-003   2.1037513288188127E+020
   8.4870999999999992E-003   2.1747110896572888E+020
   8.4822800000000000E-003   2.2324019952554400E+020
   8.4801600000000005E-003   2.2681106482474156E+020
   8.4780600000000008E-003   2.3102373299826462E+020
   8.4752400000000002E-003   2.3597357240337049E+020
   8.4723300000000001E-003   2.4101073666233424E+020
   8.4694699999999998E-003   2.4614470134096193E+020
   8.4665199999999999E-003   2.5143316551338780E+020
   8.4635500000000002E-003   2.5676091504183797E+020
   8.4606300000000002E-003   2.6130703269198168E+020
   8.4585700000000003E-003   2.6698083079330130E+020
   8.4545200000000001E-003   2.7568986387906993E+020
   8.4493699999999995E-003   2.8407084200104673E+020
   8.4457400000000002E-003   2.9065186689074708E+020
   8.4425799999999999E-003   2.9696617313586807E+020
   8.4393599999999999E-003   3.0560480182959479E+020
   8.4339700000000007E-003   3.1466870620664254E+020
   8.4304199999999992E-003   3.2030575407046033E+020
   8.4285200000000001E-003   3.2680598575964206E+020
   8.4242799999999993E-003   3.3576722007543657E+020
   8.4201199999999997E-003   3.4270919611583850E+020
   8.4178299999999994E-003   3.4767161420089682E+020
   8.4155600000000007E-003   3.5505947192599544E+020
   8.4111700000000008E-003   3.6474627145231276E+020
   8.4068600000000004E-003   3.7161316231823380E+020
   8.4050600000000007E-003   3.7567583179953576E+020
   8.4032800000000008E-003   3.8259205674446730E+020
   8.3990400000000000E-003   3.9235231804412009E+020
   8.3948800000000004E-003   3.9958592622917301E+020
   8.3927199999999993E-003   4.0467273217967017E+020
   8.3905799999999999E-003   4.1189520924307725E+020
   8.3866900000000005E-003   4.2125524974522742E+020
   8.3828500000000007E-003   4.2923828779988163E+020
   8.3801599999999993E-003   4.3586137917731183E+020
   8.3774899999999996E-003   4.4344805268776151E+020
   8.3740700000000008E-003   4.5199363533509604E+020
   8.3707000000000000E-003   4.6179220449947648E+020
   8.3663899999999996E-003   4.7281498990414076E+020
   8.3621500000000005E-003   4.8297098365927725E+020
   8.3585599999999993E-003   4.9618100984080826E+020
   8.3521299999999993E-003   5.0856536514908645E+020
   8.3492800000000006E-003   5.1675041201406994E+020
   8.3461000000000004E-003   5.2540222249905639E+020
   8.3429600000000000E-003   5.3883511144184165E+020
   8.3364300000000006E-003   5.5701312497175291E+020
   8.3300500000000003E-003   5.7596343005703058E+020
   8.3232299999999992E-003   5.9568052105208817E+020
   8.3165600000000006E-003   6.1061397115868833E+020
   8.3129599999999994E-003   6.2134403033229663E+020
   8.3094099999999997E-003   6.3276860651940138E+020
   8.3054400000000007E-003   6.4486263788295238E+020
   8.3015199999999997E-003   6.5639299808889969E+020
   8.2979899999999999E-003   6.6736793295972231E+020
   8.2944899999999998E-003   6.8060670483196163E+020
   8.2895999999999994E-003   6.9609570984112593E+020
   8.2847900000000002E-003   7.1337474422195002E+020
   8.2789300000000003E-003   7.3243465881371974E+020
   8.2731699999999998E-003   7.5028562063079086E+020
   8.2681200000000003E-003   7.6707004181525129E+020
   8.2631600000000003E-003   7.8435559715384459E+020
   8.2577599999999994E-003   8.0109817318768627E+020
   8.2535500000000001E-003   8.1567287962522590E+020
   8.2493900000000005E-003   8.3540778032798958E+020
   8.2423600000000007E-003   8.6026273838179208E+020
   8.2354600000000000E-003   8.8399909057771078E+020
   8.2293300000000000E-003   9.0634549997420623E+020
   8.2232999999999994E-003   9.2693990783666789E+020
   8.2179699999999998E-003   9.5416341541610337E+020
   8.2088999999999999E-003   9.7839201569730750E+020
   8.2053000000000004E-003   9.9223632890608366E+020
   8.2017400000000008E-003   1.0129332969232681E+021
   8.1947099999999991E-003   1.0404331852650659E+021
   8.1878100000000002E-003   1.0628378958857701E+021
   8.1834899999999999E-003   1.0801880826702531E+021
   8.1792199999999992E-003   1.1006374333628628E+021
   8.1734700000000004E-003   1.1241650678013075E+021
   8.1677999999999994E-003   1.1504247894189474E+021
   8.1608700000000006E-003   1.1858901187385963E+021
   8.1510300000000001E-003   1.2219354357998234E+021
   8.1440499999999999E-003   1.2456359852959355E+021
   8.1401100000000007E-003   1.2725633596324839E+021
   8.1318299999999996E-003   1.3089953073483953E+021
   8.1237199999999992E-003   1.3366900601336397E+021
   8.1194600000000002E-003   1.3559930888251606E+021
   8.1152399999999993E-003   1.3752121123847615E+021
   8.1110599999999998E-003   1.3943814426668926E+021
   8.1069200000000001E-003   1.4242788985314649E+021
   8.0982299999999997E-003   1.4648131836248457E+021
   8.0897000000000000E-003   1.5064494039788369E+021
   8.0807899999999992E-003   1.5491780661028499E+021
   8.0720600000000007E-003   1.5817838660524132E+021
   8.0674700000000002E-003   1.6043588985722907E+021
   8.0629299999999994E-003   1.6268710866782021E+021
   8.0584300000000001E-003   1.6493211922606971E+021
   8.0539700000000006E-003   1.6843551686578631E+021
   8.0446200000000006E-003   1.7317620694066355E+021
   8.0354399999999996E-003   1.7673105700982838E+021
   8.0306300000000004E-003   1.7923296439804937E+021
   8.0258599999999992E-003   1.8172773374508723E+021
   8.0211399999999995E-003   1.8421508971165120E+021
   8.0164599999999996E-003   1.8809071868567376E+021
   8.0066400000000006E-003   1.9334149162440927E+021
   7.9970100000000006E-003   1.9868577432625016E+021
   7.9869499999999996E-003   2.0420885654167227E+021
   7.9770799999999992E-003   2.0842281251005580E+021
   7.9719100000000005E-003   2.1133688528088688E+021
   7.9667799999999997E-003   2.1424193809345607E+021
   7.9617000000000004E-003   2.1713973606122696E+021
   7.9566700000000008E-003   2.2164754101932531E+021
   7.9461199999999992E-003   2.2775160051176225E+021
   7.9357700000000000E-003   2.3231070829394977E+021
   7.9303399999999993E-003   2.3552591795983032E+021
   7.9249600000000000E-003   2.3873091980493953E+021
   7.9196300000000004E-003   2.4192519580727053E+021
   7.9143600000000005E-003   2.4689690364743285E+021
   7.9032900000000003E-003   2.5362751427376364E+021
   7.8924300000000006E-003   2.6050608623152215E+021
   7.8811000000000003E-003   2.6757046518493217E+021
   7.8699800000000004E-003   2.7295680206669983E+021
   7.8641500000000003E-003   2.7667963934803089E+021
   7.8583799999999999E-003   2.8038977830695102E+021
   7.8526599999999992E-003   2.8408900396610471E+021
   7.8469899999999999E-003   2.8983068043896805E+021
   7.8351199999999992E-003   2.9760014885392786E+021
   7.8234600000000008E-003   3.0339612257706170E+021
   7.8173500000000007E-003   3.0747840644647721E+021
   7.8113000000000002E-003   3.1356509628012503E+021
   7.7993699999999999E-003   3.2191593003453094E+021
   7.7869200000000001E-003   3.2833674166568574E+021
   7.7807900000000001E-003   3.3255803882619860E+021
   7.7747099999999998E-003   3.3913418493100242E+021
   7.7619799999999999E-003   3.4802867778833560E+021
   7.7494800000000004E-003   3.5464546391399093E+021
   7.7429300000000003E-003   3.5931789835030936E+021
   7.7364399999999998E-003   3.6519237189814966E+021
   7.7266300000000000E-003   3.7231782078805794E+021
   7.7169500000000002E-003   3.7950814210347106E+021
   7.7070200000000002E-003   3.8684309123477070E+021
   7.6972200000000003E-003   3.9437818785980544E+021
   7.6869599999999996E-003   4.0208204543661682E+021
   7.6768499999999998E-003   4.0989957537079624E+021
   7.6664599999999999E-003   4.2023426623382560E+021
   7.6500400000000003E-003   4.3137285778533489E+021
   7.6378200000000000E-003   4.4106178140761904E+021
   7.6254900000000004E-003   4.5089054112330804E+021
   7.6130399999999997E-003   4.6219462479874454E+021
   7.5972799999999997E-003   4.7365663085696343E+021
   7.5846500000000001E-003   4.8413795000980341E+021
   7.5715699999999997E-003   4.9486723375055776E+021
   7.5584800000000002E-003   5.0506769277253027E+021
   7.5467800000000003E-003   5.1447648736193072E+021
   7.5356399999999997E-003   5.2562237984963696E+021
   7.5198200000000000E-003   5.3744493742111536E+021
   7.5067900000000002E-003   5.4732901979279285E+021
   7.4951300000000000E-003   5.5668306384251246E+021
   7.4813600000000003E-003   5.6789282894704196E+021
   7.4662499999999998E-003   5.7741705351913611E+021
   7.4563299999999997E-003   5.8395838252514992E+021
   7.4423600000000003E-003   5.9139974435599685E+021
   7.4259399999999998E-003   5.9209080785248400E+021
   7.4101200000000001E-003   5.9215731066972123E+021
   7.3954700000000003E-003   5.8003914874848354E+021
   7.3814299999999996E-003   5.5944705476535716E+021
   7.3655600000000002E-003   5.2132504032843462E+021
   7.3592900000000001E-003   5.1895678672893221E+021
   7.3444499999999998E-003   4.4331694901592452E+021
   7.3250299999999997E-003   4.1091539638925064E+021
   7.3112600000000000E-003   3.4927529549870976E+021
   7.2979500000000001E-003   2.8204420974028154E+021
   7.2828199999999997E-003   2.5002684828140139E+021
   7.2689399999999998E-003   2.3292725112603112E+021
   7.2630500000000001E-003   2.1368192856123787E+021
   7.2572000000000001E-003   1.9721346317508836E+021
   7.2429100000000000E-003   1.8494963851881714E+021
   7.2371700000000002E-003   1.7878986482110143E+021
   7.2306200000000001E-003   1.6900157338091321E+021
   7.2255200000000000E-003   1.6816451629069244E+021
   7.2174300000000004E-003   1.6375163074612421E+021
   7.2122599999999999E-003   1.5885675934356876E+021
   7.2074000000000001E-003   1.5662834980981094E+021
   7.2030100000000001E-003   1.5740430420664863E+021
   7.1977700000000000E-003   1.5493074105630652E+021
   7.1919699999999998E-003   1.5430464942763436E+021
   7.1862100000000002E-003   1.5484536758223026E+021
   7.1827200000000001E-003   1.5547564297288797E+021
   7.1779499999999998E-003   1.5645189126971395E+021
   7.1755700000000000E-003   1.5722420570957569E+021
   7.1738000000000001E-003   1.5833451886239270E+021
   7.1696399999999997E-003   1.5947427734305563E+021
   7.1672500000000000E-003   1.6064093558489549E+021
   7.1639499999999997E-003   1.6214550817649016E+021
   7.1612300000000002E-003   1.6506609309659942E+021
   7.1551899999999996E-003   1.6927507729163928E+021
   7.1506699999999996E-003   1.7209402815248088E+021
   7.1455499999999996E-003   1.7819274971006847E+021
   7.1395599999999997E-003   1.8358594469328590E+021
   7.1348599999999998E-003   1.8841146456530771E+021
   7.1303599999999996E-003   1.9425194364979863E+021
   7.1260100000000003E-003   1.9903668990130919E+021
   7.1220500000000004E-003   2.0531134906356243E+021
   7.1170199999999999E-003   2.1048697556755038E+021
   7.1149500000000001E-003   2.1505035079858077E+021
   7.1108200000000003E-003   2.2081933099716185E+021
   7.1080800000000001E-003   2.2630739998759193E+021
   7.1039800000000002E-003   2.3157940834995646E+021
   7.1019400000000002E-003   2.3689495983327402E+021
   7.0979499999999996E-003   2.4410829483677324E+021
   7.0940700000000001E-003   2.4967587971639977E+021
   7.0921300000000003E-003   2.5412021585745679E+021
   7.0896099999999997E-003   2.6173770653380704E+021
   7.0845999999999999E-003   2.7227125309370359E+021
   7.0796100000000001E-003   2.8329862864101845E+021
   7.0746400000000001E-003   2.9189462159841611E+021
   7.0721600000000001E-003   2.9686480929422107E+021
   7.0703099999999998E-003   3.0355625014916185E+021
   7.0666100000000001E-003   3.1268645552994632E+021
   7.0629800000000000E-003   3.2190865539574949E+021
   7.0594000000000004E-003   3.3118901176787869E+021
   7.0558799999999996E-003   3.4051029665528708E+021
   7.0524200000000002E-003   3.5160715642449984E+021
   7.0479100000000001E-003   3.6207846546234220E+021
   7.0451200000000002E-003   3.7014596424443987E+021
   7.0423400000000002E-003   3.8083731283380876E+021
   7.0377800000000004E-003   3.9304625415616652E+021
   7.0341900000000001E-003   4.0348651406300057E+021
   7.0310299999999997E-003   4.1275814937138844E+021
   7.0282900000000004E-003   4.2488876795646894E+021
   7.0236900000000000E-003   4.4017086581171746E+021
   7.0188899999999999E-003   4.6022908521722680E+021
   7.0127000000000002E-003   4.7503886361004469E+021
   7.0097700000000002E-003   4.8748398025804517E+021
   7.0068600000000002E-003   5.0535207837944764E+021
   7.0025000000000000E-003   5.1383457263600628E+021
   6.9967099999999997E-003   5.5047539173615227E+021
   6.9938300000000004E-003   5.4731353352022818E+021
   6.9909500000000001E-003   5.5664313681216212E+021
   6.9864899999999997E-003   5.7826186590400094E+021
   6.9802299999999996E-003   6.0891429350815323E+021
   6.9766200000000002E-003   6.2354714982434535E+021
   6.9704900000000002E-003   6.5917765643260553E+021
   6.9644599999999996E-003   6.5507347147879602E+021
   6.9610300000000000E-003   6.7195559154528687E+021
   6.9588300000000001E-003   7.0452060553394583E+021
   6.9544400000000001E-003   7.0846511244694100E+021
   6.9491099999999997E-003   7.9079925310393638E+021
   6.9459800000000000E-003   7.6618633191865430E+021
   6.9409700000000003E-003   7.6365612151793737E+021
   6.9384800000000003E-003   7.6879497971059686E+021
   6.9336099999999998E-003   8.5448096882284728E+021
   6.9265200000000002E-003   8.4399419182531834E+021
   6.9216499999999997E-003   8.8660237641127077E+021
   6.9168099999999998E-003   9.0237890143190862E+021
   6.9084999999999997E-003   9.2027157116726920E+021
   6.9040799999999999E-003   9.6266465847072250E+021
   6.9004000000000001E-003   9.9386718872122132E+021
   6.8967300000000002E-003   1.0353073283974094E+022
   6.8940399999999997E-003   1.0277517686397647E+022
   6.8920300000000004E-003   1.0641183663983258E+022
   6.8883700000000004E-003   1.1081695817729216E+022
   6.8867900000000003E-003   1.1510140320165885E+022
   6.8842499999999997E-003   1.1832397684375982E+022
   6.8822099999999997E-003   1.2419379456062653E+022
   6.8806400000000004E-003   1.2440343809910160E+022
   6.8790600000000002E-003   1.2750377422297472E+022
   6.8777600000000001E-003   1.2957893403572412E+022
   6.8764700000000000E-003   1.3147802923231926E+022
   6.8751899999999998E-003   1.3452662738491290E+022
   6.8739099999999996E-003   1.4109183637657978E+022
   6.8713200000000002E-003   1.4245661338946517E+022
   6.8687300000000000E-003   1.4366511866081702E+022
   6.8675999999999997E-003   1.4384410433945382E+022
   6.8664700000000004E-003   1.5406456277919288E+022
   6.8646599999999999E-003   1.5437521716154183E+022
   6.8628600000000001E-003   1.5468570461878719E+022
   6.8610600000000004E-003   1.5499602552069808E+022
   6.8592599999999998E-003   1.6064993587339295E+022
   6.8552200000000004E-003   1.6453843596622286E+022
   6.8512000000000000E-003   1.6990435023880817E+022
   6.8422200000000004E-003   1.6983009598793606E+022
   6.8222500000000002E-003   1.7170608651579811E+022
   6.8043499999999998E-003   1.7367580929068483E+022
   6.7899700000000002E-003   1.7820888443203113E+022
   6.7765700000000000E-003   1.8357084754665179E+022
   6.7568400000000001E-003   1.8903681725178510E+022
   6.7383499999999997E-003   1.9282573516159261E+022
   6.7219200000000002E-003   1.9652023821457636E+022
   6.7055800000000000E-003   2.0069151125845108E+022
   6.6894099999999998E-003   2.0488276131533849E+022
   6.6706800000000000E-003   2.0861065276042972E+022
   6.6550699999999999E-003   2.1226051770447215E+022
   6.6391000000000002E-003   2.1597769777252798E+022
   6.6217100000000003E-003   2.1992677199690112E+022
   6.6031400000000004E-003   2.2439681961153945E+022
   6.5807399999999999E-003   2.2860934052190985E+022
   6.5641500000000004E-003   2.3268826568171924E+022
   6.5442399999999998E-003   2.3719571326334904E+022
   6.5245800000000003E-003   2.4107341646094892E+022
   6.5082899999999999E-003   2.4431253842469784E+022
   6.4976399999999998E-003   2.4754195229297382E+022
   6.4792000000000001E-003   2.5087899768295944E+022
   6.4679100000000003E-003   2.5462229682033661E+022
   6.4455600000000004E-003   2.5864226692109949E+022
   6.4292999999999998E-003   2.6236703809758718E+022
   6.4132000000000000E-003   2.6581354571561553E+022
   6.4000799999999998E-003   2.6888768936021057E+022
   6.3870500000000000E-003   2.7387737592027737E+022
   6.3568499999999998E-003   2.8065670410661412E+022
   6.3271700000000000E-003   2.8573244213839807E+022
   6.3136099999999999E-003   2.9010051077527669E+022
   6.2899599999999998E-003   2.9394033490730710E+022
   6.2798200000000002E-003   2.9806551620866703E+022
   6.2554200000000003E-003   3.0373799271640227E+022
   6.2313500000000001E-003   3.0849798853964738E+022
   6.2174600000000002E-003   3.1163004315051510E+022
   6.2036699999999997E-003   3.1579351981791491E+022
   6.1823399999999997E-003   3.2101311202457618E+022
   6.1612600000000000E-003   3.2542706220890992E+022
   6.1470500000000003E-003   3.2872852911733552E+022
   6.1329499999999999E-003   3.3398412683549556E+022
   6.1038899999999998E-003   3.4106915521411594E+022
   6.0752599999999999E-003   3.4693514464983767E+022
   6.0568300000000000E-003   3.5162156068213487E+022
   6.0385800000000000E-003   3.5556141516741354E+022
   6.0275299999999997E-003   3.5820046901386135E+022
   6.0165399999999999E-003   3.6292299409851102E+022
   5.9903400000000002E-003   3.7086102608563550E+022
   5.9539900000000002E-003   3.7917623130522665E+022
   5.9254599999999996E-003   3.8534552690694304E+022
   5.9075200000000003E-003   3.9077635067354888E+022
   5.8843599999999999E-003   3.9681090881438351E+022
   5.8614499999999998E-003   4.0404953673306407E+022
   5.8303399999999998E-003   4.1240816003337582E+022
   5.7989499999999998E-003   4.1894648473855474E+022
   5.7830700000000004E-003   4.2314855051381493E+022
   5.7672899999999996E-003   4.2970510219328115E+022
   5.7349999999999996E-003   4.3853803534212324E+022
   5.7031299999999998E-003   4.4767157876381838E+022
   5.6702699999999998E-003   4.5683865348137942E+022
   5.6378399999999999E-003   4.6616213507526529E+022
   5.6043899999999999E-003   4.7589808680651192E+022
   5.5713799999999999E-003   4.8547660758168692E+022
   5.5373400000000000E-003   4.9542325466601768E+022
   5.5037300000000001E-003   5.0558644853461809E+022
   5.4690900000000002E-003   5.1574367661027936E+022
   5.4348699999999996E-003   5.2355862629648588E+022
   5.4173800000000003E-003   5.2879541277115361E+022
   5.3999800000000004E-003   5.3681895445947870E+022
   5.3644100000000000E-003   5.4767332619651964E+022
   5.3292599999999997E-003   5.5585045763684716E+022
   5.3112799999999998E-003   5.6141621470126389E+022
   5.2934200000000001E-003   5.6992931329359619E+022
   5.2572499999999998E-003   5.8138421697858331E+022
   5.2207499999999997E-003   5.9306904925700285E+022
   5.1839299999999998E-003   6.0499316220477701E+022
   5.1467600000000002E-003   6.1716663451548268E+022
   5.1092500000000001E-003   6.2959880181706968E+022
   5.0714000000000002E-003   6.4230087639962478E+022
   5.0331999999999998E-003   6.5527960227988938E+022
   4.9946399999999998E-003   6.6854096747203006E+022
   4.9557200000000003E-003   6.8211231705769963E+022
   4.9164300000000003E-003   6.9206688144494678E+022
   4.8965600000000003E-003   6.9920762549524173E+022
   4.8767799999999998E-003   7.0615723342882471E+022
   4.8567100000000002E-003   7.1345478692132390E+022
   4.8367400000000000E-003   7.2300649701042087E+022
   4.8049700000000004E-003   7.3448783524652548E+022
   4.7734300000000004E-003   7.4399832293445047E+022
   4.7528700000000002E-003   7.5159056032825128E+022
   4.7324000000000003E-003   7.5941326688191783E+022
   4.7116399999999996E-003   7.6728672168711014E+022
   4.6909700000000000E-003   7.7528990978613818E+022
   4.6700099999999996E-003   7.8338644529723430E+022
   4.6491400000000004E-003   7.9164111665030949E+022
   4.6279800000000003E-003   8.0001674787556761E+022
   4.6068999999999997E-003   8.0852263817663195E+022
   4.5855200000000000E-003   8.1718659220424012E+022
   4.5642299999999998E-003   8.2598210116977668E+022
   4.5426499999999996E-003   8.3496252212829101E+022
   4.5211399999999999E-003   8.4412729272078298E+022
   4.4993300000000002E-003   8.5345330149289712E+022
   4.4776099999999999E-003   8.6294196970678269E+022
   4.4555799999999998E-003   8.7266115077091937E+022
   4.4336300000000000E-003   8.8260809765943046E+022
   4.4113800000000003E-003   8.9275793637185797E+022
   4.3892000000000002E-003   9.0316522104908696E+022
   4.3667200000000002E-003   9.1374277955252925E+022
   4.3442999999999997E-003   9.2467756811216493E+022
   4.3215900000000002E-003   9.3587312893364399E+022
   4.2989300000000003E-003   9.4740088186122961E+022
   4.2759800000000004E-003   9.5922433542769978E+022
   4.2530800000000002E-003   9.7139617428395333E+022
   4.2299599999999996E-003   9.8395866539615446E+022
   4.2067199999999997E-003   9.9692429815850499E+022
   4.1833599999999997E-003   1.0103235306047748E+023
   4.1598599999999996E-003   1.0241627378640346E+023
   4.1362400000000002E-003   1.0385422591120217E+023
   4.1124800000000000E-003   1.0534275014158162E+023
   4.0885899999999996E-003   1.0689899208484654E+023
   4.0645600000000000E-003   1.0851596861890852E+023
   4.0404000000000004E-003   1.1020139175289810E+023
   4.0160899999999999E-003   1.1196388033328431E+023
   3.9916500000000002E-003   1.1380135510323072E+023
   3.9670599999999997E-003   1.1571825029020421E+023
   3.9423200000000000E-003   1.1772312965348812E+023
   3.9174400000000003E-003   1.1981696029237325E+023
   3.8924099999999998E-003   1.2200260781307716E+023
   3.8672300000000001E-003   1.2430376039937345E+023
   3.8418900000000001E-003   1.2671588565717571E+023
   3.8164000000000002E-003   1.2926762094617758E+023
   3.7907399999999999E-003   1.3199871233203136E+023
   3.7649300000000001E-003   1.3493160597487736E+023
   3.7389500000000000E-003   1.3802124678792874E+023
   3.7128000000000000E-003   1.4120068392157840E+023
   3.6864799999999998E-003   1.4442860277248097E+023
   3.6599800000000002E-003   1.4770422614657163E+023
   3.6333099999999998E-003   1.5102687961704882E+023
   3.6064600000000001E-003   1.5439595120104066E+023
   3.5794300000000002E-003   1.5781091622363511E+023
   3.5522100000000001E-003   1.6127128423725749E+023
   3.5247999999999998E-003   1.6477661891168756E+023
   3.4971899999999998E-003   1.6832652094825745E+023
   3.4693800000000002E-003   1.7192061588390636E+023
   3.4413700000000000E-003   1.7555855885542515E+023
   3.4131600000000002E-003   1.7924002200375946E+023
   3.3847299999999999E-003   1.8296468018500777E+023
   3.3560800000000000E-003   1.8673225676936620E+023
   3.3272200000000001E-003   1.9054243844171074E+023
   3.2981199999999999E-003   1.9439495377006609E+023
   3.2688000000000001E-003   1.9828951341186899E+023
   3.2392300000000001E-003   2.0222583839172566E+023
   3.2094200000000002E-003   2.0620363692607679E+023
   3.1793600000000000E-003   2.1022263665649919E+023
   3.1490500000000000E-003   2.1428253327140762E+023
   3.1184699999999999E-003   2.1838303103237169E+023
   3.0876200000000001E-003   2.2252382223678552E+023
   3.0564899999999998E-003   2.2670458119134279E+023
   3.0250799999999999E-003   2.3092497172743409E+023
   2.9933700000000000E-003   2.3518465507267439E+023
   2.9613600000000001E-003   2.3948326032833591E+023
   2.9290399999999999E-003   2.4382039921906119E+023
   2.8963999999999999E-003   2.4819566646656806E+023
   2.8634200000000002E-003   2.5260864462135603E+023
   2.8300999999999999E-003   2.5705887511791152E+023
   2.7964200000000000E-003   2.6154586588366812E+023
   2.7623800000000000E-003   2.6606913074907275E+023
   2.7279600000000002E-003   2.7062812656395535E+023
   2.6931400000000001E-003   2.7522226070769250E+023
   2.6579199999999998E-003   2.7985096061830428E+023
   2.6222699999999999E-003   2.8451353256317125E+023
   2.5861800000000000E-003   2.8920931356926731E+023
   2.5496199999999998E-003   2.9393755727477255E+023
   2.5125999999999998E-003   2.9869747091103531E+023
   2.4750699999999998E-003   3.0348822201886816E+023
   2.4370199999999998E-003   3.0830891142406972E+023
   2.3984200000000001E-003   3.1315857064398076E+023
   2.3592600000000002E-003   3.1803617682694245E+023
   2.3194900000000000E-003   3.2293572983033897E+023
   2.2790900000000001E-003   3.2789517960852453E+023
   2.2380299999999998E-003   3.3287893413001616E+023
   2.1962700000000002E-003   3.3788559087361006E+023
   2.1537700000000002E-003   3.4291369826731825E+023
   2.1104800000000001E-003   3.4796161569667963E+023
   2.0663600000000002E-003   3.5301882481817539E+023
   2.0213599999999998E-003   3.5812772775890257E+023
   1.9754099999999999E-003   3.6325354096350469E+023
   1.9284500000000000E-003   3.6839025353668763E+023
   1.8807200000000000E-003   3.7357503122014786E+023
   1.8311800000000000E-003   3.7876177479302738E+023
   1.7806899999999999E-003   3.8394006911053424E+023
   1.7288200000000001E-003   3.8794468789046910E+023
   1.6892299999999999E-003   3.9212436382615248E+023
   1.6481600000000001E-003   3.9828871001032625E+023
   1.5707900000000001E-003   4.0272368043231748E+023
   1.5274700000000000E-003   4.0705246049801815E+023
   1.4820499999999999E-003   4.1355388852141004E+023
   1.3879000000000001E-003   4.1907666228273443E+023
   1.3229100000000001E-003   4.2442762799796922E+023
   1.2551100000000000E-003   4.2904672164767340E+023
   1.1802500000000001E-003   4.3461005270178893E+023
   1.1005300000000000E-003   4.3930301853618275E+023
   1.0087500000000001E-003   4.4538644738727385E+023
   8.9930000000000001E-004   4.5215045013232143E+023
   7.0638000000000005E-004   4.5575961678225545E+023
   5.6780000000000003E-004   4.6028310736664998E+023
   4.8412999999999999E-004   4.6238064774544924E+023
   3.8296000000000001E-004   4.6250828686655473E+023
   3.1385000000000001E-004   4.6492616313302721E+023
   2.5071000000000002E-004   4.6309740771869446E+023
   2.0164000000000000E-004   4.6591254549204911E+023
   1.6416000000000000E-004   4.6534822561699301E+023
   1.3642999999999999E-004   4.6664439892847671E+023
   1.1689000000000000E-004   4.6636766344052195E+023
   1.0404000000000000E-004   4.6700362029242465E+023
   8.6870000000000000E-005   4.6722030356307708E+023
   6.8940000000000001E-005   4.6726287186597859E+023
   5.4719999999999998E-005   4.6761614994097657E+023
   4.3430000000000003E-005   4.6766432020179559E+023
   3.4470000000000000E-005   4.6768052119004996E+023
   2.7359999999999999E-005   4.6783131609401958E+023
   2.1710000000000001E-005   4.6784152517565093E+023
   1.7229999999999999E-005   4.6791324225443867E+023
   1.3679999999999999E-005   4.6798408158147910E+023
