   8.8776700000000007E-003   5715463161750359.0     
   8.8776700000000007E-003   5916832679711656.0     
   8.8776700000000007E-003   6110839515851712.0     
   8.8776700000000007E-003   6298070537260003.0     
   8.8776700000000007E-003   6478990239733371.0     
   8.8776600000000008E-003   6654010598855806.0     
   8.8776600000000008E-003   6823517229560823.0     
   8.8776600000000008E-003   6987843610586177.0     
   8.8776600000000008E-003   7147297989924600.0     
   8.8776600000000008E-003   7302147411641863.0     
   8.8776600000000008E-003   7452629338783663.0     
   8.8776600000000008E-003   7598951060861039.0     
   8.8776600000000008E-003   7741308839465557.0     
   8.8776600000000008E-003   7879891841611932.0     
   8.8776600000000008E-003   8014871585162670.0     
   8.8776600000000008E-003   8146420655902389.0     
   8.8776600000000008E-003   8274684149576329.0     
   8.8776600000000008E-003   8399792619384106.0     
   8.8776600000000008E-003   8521851192908219.0     
   8.8776600000000008E-003   8640976239539425.0     
   8.8776600000000008E-003   8785928770139742.0     
   8.8776600000000008E-003   8954232997468304.0     
   8.8776600000000008E-003   9116709489106322.0     
   8.8776500000000008E-003   9273606647240130.0     
   8.8776500000000008E-003   9400201995396880.0     
   8.8776500000000008E-003   9498908970492724.0     
   8.8776500000000008E-003   9595356666306624.0     
   8.8776500000000008E-003   9689576897662224.0     
   8.8776500000000008E-003   9804356449529614.0     
   8.8776500000000008E-003   9937609911167768.0     
   8.8776500000000008E-003   10066148030023698.     
   8.8776500000000008E-003   10190049574497794.     
   8.8776500000000008E-003   10289717213940298.     
   8.8776500000000008E-003   10367247724394220.     
   8.8776500000000008E-003   10442761160215342.     
   8.8776500000000008E-003   10516270823381536.     
   8.8776500000000008E-003   10623004307629112.     
   8.8776500000000008E-003   10724996127300492.     
   8.8776500000000008E-003   10791810299729230.     
   8.8776500000000008E-003   10890343197238352.     
   8.8776500000000008E-003   11019045924492164.     
   8.8776500000000008E-003   11144694553761192.     
   8.8776500000000008E-003   11267449190842826.     
   8.8776399999999991E-003   11357795224343102.     
   8.8776399999999991E-003   11417145602208278.     
   8.8776399999999991E-003   11504879979878232.     
   8.8776399999999991E-003   11619820949245886.     
   8.8776399999999991E-003   11732401461343644.     
   8.8776399999999991E-003   11842728584455574.     
   8.8776399999999991E-003   11950907972492680.     
   8.8776399999999991E-003   12074443104082074.     
   8.8776399999999991E-003   12212437687670546.     
   8.8776399999999991E-003   12347111038965382.     
   8.8776399999999991E-003   12478648450345350.     
   8.8776399999999991E-003   12607191700430716.     
   8.8776399999999991E-003   12732886848894936.     
   8.8776399999999991E-003   12855873402036300.     
   8.8776399999999991E-003   12976272298986978.     
   8.8776299999999992E-003   13108730768246762.     
   8.8776299999999992E-003   13252482630412620.     
   8.8776299999999992E-003   13392775107865292.     
   8.8776299999999992E-003   13495903357273690.     
   8.8776299999999992E-003   13563605044709814.     
   8.8776299999999992E-003   13663653148967366.     
   8.8776299999999992E-003   13794566424283582.     
   8.8776299999999992E-003   13922657492490324.     
   8.8776299999999992E-003   14048056225327358.     
   8.8776299999999992E-003   14170868089152506.     
   8.8776299999999992E-003   14291242227202600.     
   8.8776299999999992E-003   14409274800724932.     
   8.8776299999999992E-003   14525074409209772.     
   8.8776199999999993E-003   14638713802500968.     
   8.8776199999999993E-003   14750306909972350.     
   8.8776199999999993E-003   14913846119398376.     
   8.8776199999999993E-003   15099727931199638.     
   8.8776199999999993E-003   15254767799627784.     
   8.8776199999999993E-003   15406158327940554.     
   8.8776199999999993E-003   15517510780263296.     
   8.8776199999999993E-003   15590662015818642.     
   8.8776199999999993E-003   15698810864056820.     
   8.8776199999999993E-003   15840425497108130.     
   8.8776099999999993E-003   16047142437798846.     
   8.8776099999999993E-003   16248326187086942.     
   8.8776099999999993E-003   16379116785862648.     
   8.8776099999999993E-003   16507500655593442.     
   8.8776099999999993E-003   16633612409465912.     
   8.8776099999999993E-003   16757530812661614.     
   8.8776099999999993E-003   16879365767721292.     
   8.8776099999999993E-003   16999189520046708.     
   8.8776099999999993E-003   17117088247250900.     
   8.8775999999999994E-003   17252261695595192.     
   8.8775999999999994E-003   17403846885455488.     
   8.8775999999999994E-003   17625381122270038.     
   8.8775999999999994E-003   17841193263430686.     
   8.8775999999999994E-003   17981605170736480.     
   8.8775999999999994E-003   18119537262067232.     
   8.8775999999999994E-003   18255085819688340.     
   8.8775899999999994E-003   18404814621058268.     
   8.8775899999999994E-003   18568002977342000.     
   8.8775899999999994E-003   18727973934050060.     
   8.8775899999999994E-003   18884884672652252.     
   8.8775899999999994E-003   19038891365185088.     
   8.8775899999999994E-003   19190139458999300.     
   8.8775899999999994E-003   19411881327852292.     
   8.8775799999999995E-003   19642847755200152.     
   8.8775799999999995E-003   19812107987463188.     
   8.8775799999999995E-003   19978297696212944.     
   8.8775799999999995E-003   20141581337256012.     
   8.8775799999999995E-003   20302120232518300.     
   8.8775799999999995E-003   20460041086746876.     
   8.8775699999999996E-003   20615477792981988.     
   8.8775699999999996E-003   20768543770570960.     
   8.8775699999999996E-003   20919353403211556.     
   8.8775699999999996E-003   21068001405953048.     
   8.8775699999999996E-003   21214585970881924.     
   8.8775699999999996E-003   21359177820919900.     
   8.8775699999999996E-003   21572324874766168.     
   8.8775599999999996E-003   21850568257370500.     
   8.8775599999999996E-003   22122142450390032.     
   8.8775599999999996E-003   22387494307582372.     
   8.8775599999999996E-003   22646982838477564.     
   8.8775499999999997E-003   22900951031086060.     
   8.8775499999999997E-003   23149701163330972.     
   8.8775499999999997E-003   23393508875787600.     
   8.8775399999999997E-003   23632609871831608.     
   8.8775399999999997E-003   23867207161966576.     
   8.8775399999999997E-003   24097514355648668.     
   8.8775399999999997E-003   24323716703249380.     
   8.8775399999999997E-003   24545991423777660.     
   8.8775299999999998E-003   24764512675560036.     
   8.8775299999999998E-003   24979430114423464.     
   8.8775299999999998E-003   25190899565202396.     
   8.8775299999999998E-003   25501620726846788.     
   8.8775199999999999E-003   25905336829399520.     
   8.8775199999999999E-003   26200641949745576.     
   8.8775199999999999E-003   26393865283716912.     
   8.8775099999999999E-003   26584429681632676.     
   8.8775099999999999E-003   26772425903736324.     
   8.8775099999999999E-003   27019124901721376.     
   8.8775099999999999E-003   27321775871973292.     
   8.8775000000000000E-003   27618217040170340.     
   8.8775000000000000E-003   27836806442960160.     
   8.8775000000000000E-003   27980642060805228.     
   8.8775000000000000E-003   28193667293988844.     
   8.8774900000000000E-003   28473251469852572.     
   8.8774900000000000E-003   28747767068528088.     
   8.8774900000000000E-003   29017472582441492.     
   8.8774800000000001E-003   29282573066310748.     
   8.8774800000000001E-003   29543281425122496.     
   8.8774800000000001E-003   29925987787735504.     
   8.8774700000000002E-003   30300830154364612.     
   8.8774700000000002E-003   30545902503285440.     
   8.8774600000000002E-003   30787579242137668.     
   8.8774600000000002E-003   31026066808329720.     
   8.8774600000000002E-003   31377768954777000.     
   8.8774500000000003E-003   31837375023495336.     
   8.8774500000000003E-003   32286745899192628.     
   8.8774400000000003E-003   32726940422753972.     
   8.8774400000000003E-003   33105502894340280.     
   8.8774300000000004E-003   33425416279409432.     
   8.8774300000000004E-003   33741507728698304.     
   8.8774300000000004E-003   34053905084791640.     
   8.8774200000000004E-003   34515532353918708.     
   8.8774100000000005E-003   34970196401144112.     
   8.8774100000000005E-003   35269157663672812.     
   8.8774100000000005E-003   35565089483350732.     
   8.8774000000000006E-003   35857974508857240.     
   8.8774000000000006E-003   36291355092898104.     
   8.8773900000000006E-003   36859001036152792.     
   8.8773900000000006E-003   37414807888211432.     
   8.8773800000000007E-003   37958727977951488.     
   8.8773700000000007E-003   38490453519466512.     
   8.8773700000000007E-003   39009752670323760.     
   8.8773600000000008E-003   39516780514039768.     
   8.8773600000000008E-003   40012487648276880.     
   8.8773500000000009E-003   40497704510042320.     
   8.8773399999999992E-003   40972934951030016.     
   8.8773399999999992E-003   41438547697935304.     
   8.8773299999999992E-003   41970306489210176.     
   8.8773199999999993E-003   42565549323304576.     
   8.8773199999999993E-003   43148454099985264.     
   8.8773099999999994E-003   43720229450689496.     
   8.8772999999999994E-003   44282005868097368.     
   8.8772999999999994E-003   44697917479202976.     
   8.8772899999999995E-003   44972216442776096.     
   8.8772899999999995E-003   45379484586690288.     
   8.8772799999999995E-003   45916762615622416.     
   8.8772799999999995E-003   46447277528653968.     
   8.8772699999999996E-003   46971535278084512.     
   8.8772599999999997E-003   47618157357977216.     
   8.8772499999999997E-003   48383825133064296.     
   8.8772399999999998E-003   48951369756414520.     
   8.8772399999999998E-003   49511782947640640.     
   8.8772299999999998E-003   50067184188067768.     
   8.8772299999999998E-003   50494627558666104.     
   8.8772199999999999E-003   50978962626687608.     
   8.8772100000000000E-003   51458800793664936.     
   8.8772100000000000E-003   51934233176443888.     
   8.8772000000000000E-003   52638795835686296.     
   8.8771900000000001E-003   53334323955205016.     
   8.8771900000000001E-003   53792310638269376.     
   8.8771800000000001E-003   54358526690798352.     
   8.8771700000000002E-003   55029172954419920.     
   8.8771600000000003E-003   56016567820640664.     
   8.8771500000000003E-003   56983231631903320.     
   8.8771400000000004E-003   57615410658580200.     
   8.8771300000000004E-003   58237936778360672.     
   8.8771300000000004E-003   58850837745296136.     
   8.8771200000000005E-003   59751932270040264.     
   8.8771000000000006E-003   60920275312482336.     
   8.8770900000000007E-003   61865254917219392.     
   8.8770800000000007E-003   62602594800494488.     
   8.8770700000000008E-003   63412809016724576.     
   8.8770600000000009E-003   64290620865644856.     
   8.8770499999999992E-003   65146472556375576.     
   8.8770399999999992E-003   65982097460327672.     
   8.8770299999999993E-003   67000192870719000.     
   8.8770099999999994E-003   67895329093438856.     
   8.8770099999999994E-003   68480749430298736.     
   8.8769999999999995E-003   69058044811919112.     
   8.8769899999999995E-003   69627635401253488.     
   8.8769799999999996E-003   70467501947406816.     
   8.8769699999999997E-003   71564627710339064.     
   8.8769499999999998E-003   72636747668906624.     
   8.8769399999999998E-003   73685811996212128.     
   8.8769299999999999E-003   74713391848560752.     
   8.8769100000000000E-003   75886144592897296.     
   8.8769000000000001E-003   77195582397624272.     
   8.8768800000000002E-003   78315681200421552.     
   8.8768700000000002E-003   79256739012831728.     
   8.8768500000000004E-003   80181101549655648.     
   8.8768400000000004E-003   81089238278151984.     
   8.8768300000000005E-003   82128535011148592.     
   8.8768100000000006E-003   83291337938923824.     
   8.8768000000000007E-003   84428424025516784.     
   8.8767800000000008E-003   85541206405480256.     
   8.8767700000000008E-003   86631084000535200.     
   8.8767499999999992E-003   87699414517549440.     
   8.8767399999999993E-003   88747515645105712.     
   8.8767199999999994E-003   89776594157589344.     
   8.8767099999999995E-003   90787768351170848.     
   8.8766899999999996E-003   91782041166445904.     
   8.8766799999999996E-003   93002061346180864.     
   8.8766599999999998E-003   94436625151355056.     
   8.8766399999999999E-003   95609634369710272.     
   8.8766299999999999E-003   96533771540786432.     
   8.8766100000000001E-003   97446465692147616.     
   8.8766000000000001E-003   98348352659935392.     
   8.8765900000000002E-003   99680864433174016.     
   8.8765600000000004E-003   1.0142621901193306E+017
   8.8765400000000005E-003   1.0271354507138610E+017
   8.8765300000000005E-003   1.0356084363035110E+017
   8.8765100000000006E-003   1.0460858085485040E+017
   8.8765000000000007E-003   1.0585092285728194E+017
   8.8764800000000008E-003   1.0707711490696086E+017
   8.8764599999999992E-003   1.0828784439594602E+017
   8.8764499999999993E-003   1.0968115284860747E+017
   8.8764199999999994E-003   1.1125037617478654E+017
   8.8763999999999996E-003   1.1241207589424976E+017
   8.8763899999999996E-003   1.1317875263534181E+017
   8.8763799999999997E-003   1.1431745180432939E+017
   8.8763599999999998E-003   1.1581722612362245E+017
   8.8763399999999999E-003   1.1729563437228819E+017
   8.8763200000000000E-003   1.1875346926481146E+017
   8.8763000000000002E-003   1.2019150727405762E+017
   8.8762800000000003E-003   1.2161052645870498E+017
   8.8762600000000004E-003   1.2370330371561805E+017
   8.8762200000000006E-003   1.2576052238994755E+017
   8.8762000000000008E-003   1.2711048168938080E+017
   8.8761799999999991E-003   1.2844482740363832E+017
   8.8761599999999993E-003   1.2976416684483042E+017
   8.8761499999999993E-003   1.3139247176291630E+017
   8.8761199999999995E-003   1.3331858047174072E+017
   8.8760899999999997E-003   1.3490142900191168E+017
   8.8760699999999998E-003   1.3615299075834646E+017
   8.8760599999999999E-003   1.3769971956100941E+017
   8.8760300000000000E-003   1.3953190041526051E+017
   8.8760100000000001E-003   1.4133827624186250E+017
   8.8759800000000003E-003   1.4311973546620557E+017
   8.8759600000000004E-003   1.4487708599584182E+017
   8.8759300000000006E-003   1.4661109149447974E+017
   8.8759100000000007E-003   1.4832251214420797E+017
   8.8758900000000009E-003   1.5001205021961363E+017
   8.8758599999999993E-003   1.5168033501087072E+017
   8.8758399999999994E-003   1.5332793924349651E+017
   8.8758199999999995E-003   1.5522434146997670E+017
   8.8757899999999997E-003   1.5735984849927757E+017
   8.8757599999999999E-003   1.5894033356899811E+017
   8.8757500000000000E-003   1.5998353794319917E+017
   8.8757300000000001E-003   1.6176131925130454E+017
   8.8757000000000003E-003   1.6424766792114045E+017
   8.8756700000000004E-003   1.6619524814932893E+017
   8.8756500000000006E-003   1.6762466220364230E+017
   8.8756300000000007E-003   1.6939128827136477E+017
   8.8756000000000008E-003   1.7148384047517770E+017
   8.8755699999999993E-003   1.7354718690123635E+017
   8.8755399999999995E-003   1.7558254417509792E+017
   8.8755099999999996E-003   1.7792287021315430E+017
   8.8754799999999998E-003   1.8055570974522666E+017
   8.8754400000000001E-003   1.8250286169558269E+017
   8.8754300000000001E-003   1.8378755971873299E+017
   8.8754100000000002E-003   1.8569523810234870E+017
   8.8753700000000005E-003   1.8820647563248906E+017
   8.8753400000000007E-003   1.9068148320475619E+017
   8.8753100000000008E-003   1.9312216193161216E+017
   8.8752699999999993E-003   1.9553027624942726E+017
   8.8752399999999995E-003   1.9790739661780803E+017
   8.8752099999999997E-003   2.0025474023895466E+017
   8.8751799999999999E-003   2.0257342492479520E+017
   8.8751500000000001E-003   2.0486444416762566E+017
   8.8751200000000002E-003   2.0712876210792755E+017
   8.8750900000000004E-003   2.0992210061887718E+017
   8.8750400000000007E-003   2.1322430911464275E+017
   8.8749999999999992E-003   2.1593636358766838E+017
   8.8749699999999994E-003   2.1807986866200339E+017
   8.8749399999999996E-003   2.2020142622979430E+017
   8.8749099999999997E-003   2.2230168036457978E+017
   8.8748899999999999E-003   2.2489733905163142E+017
   8.8748500000000001E-003   2.2797203716745187E+017
   8.8748100000000003E-003   2.3100404024025373E+017
   8.8747700000000006E-003   2.3399530666518506E+017
   8.8747300000000008E-003   2.3694767022816470E+017
   8.8746899999999993E-003   2.3986272934800403E+017
   8.8746499999999996E-003   2.4226500717530778E+017
   8.8746299999999997E-003   2.4416902264052253E+017
   8.8745999999999998E-003   2.4699577849507741E+017
   8.8745500000000001E-003   2.5071590210203005E+017
   8.8745000000000004E-003   2.5392628831038893E+017
   8.8744700000000006E-003   2.5664510926095395E+017
   8.8744300000000009E-003   2.5933498200931914E+017
   8.8743999999999993E-003   2.6199675502556077E+017
   8.8743599999999995E-003   2.6506714354828944E+017
   8.8743199999999998E-003   2.6853267699330822E+017
   8.8742700000000001E-003   2.7195277875837200E+017
   8.8742300000000003E-003   2.7532905815618541E+017
   8.8741900000000005E-003   2.7866305389317235E+017
   8.8741400000000008E-003   2.8195619132231997E+017
   8.8740999999999993E-003   2.8520982761811690E+017
   8.8740599999999996E-003   2.8842531549763622E+017
   8.8740199999999998E-003   2.9160399869445331E+017
   8.8739800000000001E-003   2.9474715451976934E+017
   8.8739400000000003E-003   2.9785598249772218E+017
   8.8739000000000005E-003   3.0093162705876403E+017
   8.8738600000000008E-003   3.0473032884036352E+017
   8.8737999999999994E-003   3.0922669087175494E+017
   8.8737499999999997E-003   3.1292437876454656E+017
   8.8737099999999999E-003   3.1585055160377280E+017
   8.8736700000000002E-003   3.1874995217115053E+017
   8.8736400000000003E-003   3.2162352226320282E+017
   8.8736000000000006E-003   3.2588544711453728E+017
   8.8735299999999993E-003   3.3148662833734816E+017
   8.8734599999999997E-003   3.3562874329285587E+017
   8.8734199999999999E-003   3.3836127662714086E+017
   8.8733900000000001E-003   3.4241814639402464E+017
   8.8733200000000005E-003   3.4775648017637254E+017
   8.8732599999999991E-003   3.5170885919715482E+017
   8.8732199999999994E-003   3.5431853720367930E+017
   8.8731899999999995E-003   3.5819624848762266E+017
   8.8731299999999999E-003   3.6330370792871072E+017
   8.8730700000000003E-003   3.6833980875140000E+017
   8.8730000000000007E-003   3.7330717569329050E+017
   8.8729399999999993E-003   3.7845495433477440E+017
   8.8728799999999997E-003   3.8521389663839443E+017
   8.8727800000000003E-003   3.9209635507579059E+017
   8.8727100000000007E-003   3.9630923885515757E+017
   8.8726699999999992E-003   4.0047504300576403E+017
   8.8726099999999995E-003   4.0596467232743872E+017
   8.8725399999999999E-003   4.1138172315321126E+017
   8.8724700000000004E-003   4.1672966333547213E+017
   8.8724100000000007E-003   4.2332013989709536E+017
   8.8723099999999996E-003   4.3110190982399718E+017
   8.8722200000000001E-003   4.4001027880637146E+017
   8.8721000000000008E-003   4.4998650082855827E+017
   8.8719799999999998E-003   4.5733579940918752E+017
   8.8719200000000002E-003   4.6217110188830611E+017
   8.8718700000000005E-003   4.6695897038247546E+017
   8.8718100000000008E-003   4.7170094858166253E+017
   8.8717499999999994E-003   4.7698186150789171E+017
   8.8716799999999998E-003   4.8278612732638387E+017
   8.8716200000000002E-003   4.8852493799248819E+017
   8.8715500000000006E-003   4.9420029180684762E+017
   8.8714799999999993E-003   5.0148418467541581E+017
   8.8713799999999999E-003   5.1031551030550605E+017
   8.8712700000000005E-003   5.2007857462889914E+017
   8.8711499999999995E-003   5.3072935708632109E+017
   8.8710300000000002E-003   5.4229807978902771E+017
   8.8708799999999994E-003   5.5473322959932237E+017
   8.8707400000000002E-003   5.6389141878678733E+017
   8.8706700000000006E-003   5.6991526100221248E+017
   8.8705999999999993E-003   5.7981473729155072E+017
   8.8704400000000003E-003   5.9341383966509043E+017
   8.8702899999999994E-003   6.0577917773226022E+017
   8.8701600000000002E-003   6.1420131712258010E+017
   8.8701000000000006E-003   6.1975286208769523E+017
   8.8700399999999992E-003   6.2616937676722150E+017
   8.8699499999999997E-003   6.3342765784645888E+017
   8.8698700000000002E-003   6.4416452025837389E+017
   8.8697099999999994E-003   6.5823063483471014E+017
   8.8695600000000003E-003   6.7202152257698496E+017
   8.8693999999999995E-003   6.8219939776048358E+017
   8.8693299999999999E-003   6.8890456085567898E+017
   8.8692500000000004E-003   6.9720086932776909E+017
   8.8691499999999993E-003   7.0704037613294144E+017
   8.8690399999999999E-003   7.1996196262549094E+017
   8.8688599999999992E-003   7.3582524407311027E+017
   8.8686900000000003E-003   7.5066086034646054E+017
   8.8685399999999994E-003   7.6452132746227213E+017
   8.8683900000000003E-003   7.7825211840824896E+017
   8.8682399999999995E-003   7.9185994689831526E+017
   8.8680900000000003E-003   8.0746173678650842E+017
   8.8678999999999997E-003   8.2496016815053670E+017
   8.8677200000000008E-003   8.4212136647997555E+017
   8.8675400000000001E-003   8.5896595465002790E+017
   8.8673599999999995E-003   8.7551238507491853E+017
   8.8671900000000005E-003   8.9177658437556966E+017
   8.8670199999999998E-003   9.0479694775599181E+017
   8.8669100000000004E-003   9.1469345112686490E+017
   8.8668099999999993E-003   9.2449273549269581E+017
   8.8667099999999999E-003   9.3419807440651994E+017
   8.8666100000000005E-003   9.4858005928431232E+017
   8.8664099999999999E-003   9.6746367192779789E+017
   8.8662099999999994E-003   9.8785593741437005E+017
   8.8659900000000007E-003   1.0096799456864468E+018
   8.8657600000000003E-003   1.0302070208419361E+018
   8.8655699999999997E-003   1.0494859019155377E+018
   8.8653699999999992E-003   1.0708708324500855E+018
   8.8651400000000005E-003   1.0942904816676344E+018
   8.8649100000000002E-003   1.1173589982003529E+018
   8.8646799999999998E-003   1.1400926927572054E+018
   8.8644599999999994E-003   1.1570042309229061E+018
   8.8643500000000000E-003   1.1738366578209500E+018
   8.8641399999999995E-003   1.1905191512243512E+018
   8.8640300000000002E-003   1.2037877862077724E+018
   8.8638799999999993E-003   1.2191847860316828E+018
   8.8637400000000002E-003   1.2344427121464650E+018
   8.8635899999999993E-003   1.2495656829678812E+018
   8.8634500000000001E-003   1.2698700548038723E+018
   8.8632099999999998E-003   1.2952004899216556E+018
   8.8629799999999995E-003   1.3204007391959206E+018
   8.8627399999999992E-003   1.3454790327015700E+018
   8.8625100000000005E-003   1.3743076689333745E+018
   8.8622100000000006E-003   1.4067411847451814E+018
   8.8619200000000006E-003   1.4308035023641119E+018
   8.8617799999999997E-003   1.4467706504919255E+018
   8.8616400000000005E-003   1.4706148496846682E+018
   8.8613500000000005E-003   1.5020940102244390E+018
   8.8610800000000003E-003   1.5331797628384786E+018
   8.8608100000000002E-003   1.5638925934905802E+018
   8.8605400000000001E-003   1.5981852388996078E+018
   8.8602100000000003E-003   1.6359154068708792E+018
   8.8598900000000005E-003   1.6732370293037980E+018
   8.8595700000000006E-003   1.7101741834086239E+018
   8.8592700000000007E-003   1.7466839366299812E+018
   8.8589600000000008E-003   1.7827898755431624E+018
   8.8586600000000008E-003   1.8115076942242867E+018
   8.8584800000000002E-003   1.8330684107456919E+018
   8.8583099999999994E-003   1.8544519934516209E+018
   8.8581300000000005E-003   1.8756632467524086E+018
   8.8579599999999998E-003   1.9074041329860268E+018
   8.8576200000000001E-003   1.9493357506849096E+018
   8.8572800000000004E-003   1.9943744987125681E+018
   8.8568899999999992E-003   2.0423894044837266E+018
   8.8565099999999997E-003   2.0899792671160937E+018
   8.8561400000000002E-003   2.1371719161998868E+018
   8.8557700000000007E-003   2.1739226790857242E+018
   8.8555700000000001E-003   2.2005842360179372E+018
   8.8553599999999996E-003   2.2271392691427126E+018
   8.8551600000000008E-003   2.2535916412141018E+018
   8.8549500000000003E-003   2.2865228140182438E+018
   8.8546500000000004E-003   2.3257522654247808E+018
   8.8543600000000004E-003   2.3715147852435031E+018
   8.8539599999999993E-003   2.4235701738024607E+018
   8.8535699999999998E-003   2.4752029819201039E+018
   8.8531900000000004E-003   2.5264391213758259E+018
   8.8528099999999992E-003   2.5645220209000243E+018
   8.8526300000000002E-003   2.5898373646118528E+018
   8.8524399999999996E-003   2.6184665192430362E+018
   8.8522099999999992E-003   2.6503401101408763E+018
   8.8519800000000006E-003   2.6979294334166692E+018
   8.8515199999999999E-003   2.7607020165441311E+018
   8.8510800000000008E-003   2.8072933244196833E+018
   8.8508500000000004E-003   2.8382331592127898E+018
   8.8506399999999999E-003   2.8724670126532050E+018
   8.8503699999999998E-003   2.9099192712363894E+018
   8.8501099999999996E-003   2.9470413692597268E+018
   8.8498499999999994E-003   2.9838437254068680E+018
   8.8495899999999992E-003   3.0208842500760934E+018
   8.8493300000000007E-003   3.0581593417288955E+018
   8.8490800000000005E-003   3.1139201256689055E+018
   8.8485700000000000E-003   3.1875313948758339E+018
   8.8480699999999995E-003   3.2422138541868534E+018
   8.8478199999999993E-003   3.2785961478697605E+018
   8.8475700000000008E-003   3.3183683284698296E+018
   8.8472800000000008E-003   3.3614530476878152E+018
   8.8470000000000007E-003   3.4041646030029087E+018
   8.8467100000000007E-003   3.4681904148480906E+018
   8.8461500000000005E-003   3.5320998791686922E+018
   8.8458700000000005E-003   3.5746894158867062E+018
   8.8455900000000004E-003   3.6169391484473416E+018
   8.8453100000000003E-003   3.6747206244529546E+018
   8.8448399999999996E-003   3.7475705756945439E+018
   8.8443700000000007E-003   3.8206574133215759E+018
   8.8439000000000000E-003   3.8936795423235308E+018
   8.8434299999999993E-003   3.9627858826008852E+018
   8.8430000000000002E-003   4.0280395047454935E+018
   8.8425799999999992E-003   4.0805784491264148E+018
   8.8423200000000007E-003   4.1211209585597358E+018
   8.8420500000000006E-003   4.1851486928767560E+018
   8.8414800000000005E-003   4.2717627706551747E+018
   8.8409100000000004E-003   4.3396466650649697E+018
   8.8405900000000006E-003   4.3895716423189473E+018
   8.8402700000000008E-003   4.4628830547507302E+018
   8.8396499999999992E-003   4.5596776412214359E+018
   8.8390499999999993E-003   4.6640174082122598E+018
   8.8383699999999999E-003   4.7753680261915177E+018
   8.8377000000000004E-003   4.8622314369520773E+018
   8.8373199999999992E-003   4.9252776028699167E+018
   8.8369499999999997E-003   4.9883831254610596E+018
   8.8365800000000001E-003   5.0515496980488755E+018
   8.8362100000000006E-003   5.1384917548714732E+018
   8.8355599999999992E-003   5.2484534255381350E+018
   8.8349199999999996E-003   5.3447075183930778E+018
   8.8344400000000007E-003   5.4277339993361777E+018
   8.8339700000000000E-003   5.5044728254716344E+018
   8.8335600000000007E-003   5.6101644761763072E+018
   8.8327600000000003E-003   5.7558422804055194E+018
   8.8319100000000001E-003   5.8685450877211914E+018
   8.8315000000000008E-003   5.9428815739468933E+018
   8.8310799999999998E-003   6.0535286604129024E+018
   8.8302699999999994E-003   6.1992502027551549E+018
   8.8294800000000007E-003   6.3387996853276826E+018
   8.8287499999999998E-003   6.4536753432745329E+018
   8.8282299999999994E-003   6.5486097277677517E+018
   8.8277200000000007E-003   6.6867199391058473E+018
   8.8267499999999995E-003   6.8663570366939750E+018
   8.8258099999999999E-003   7.0481302243137874E+018
   8.8248400000000005E-003   7.2319725069332838E+018
   8.8238899999999992E-003   7.3956400584089866E+018
   8.8231400000000001E-003   7.5399937822011771E+018
   8.8223999999999993E-003   7.7164176807612836E+018
   8.8213400000000004E-003   7.8721711284981596E+018
   8.8208200000000000E-003   7.9748739380390953E+018
   8.8202999999999997E-003   8.1179426869777818E+018
   8.8193899999999999E-003   8.3000637110703852E+018
   8.8184900000000000E-003   8.4414620597566546E+018
   8.8179899999999995E-003   8.5434264570636636E+018
   8.8174900000000007E-003   8.6729461419978086E+018
   8.8167200000000001E-003   8.8292496263369830E+018
   8.8159699999999994E-003   9.0275614830171402E+018
   8.8148099999999993E-003   9.2118685523412982E+018
   8.8141899999999995E-003   9.3589843386368225E+018
   8.8134100000000007E-003   9.5234808746489283E+018
   8.8126300000000001E-003   9.7247782989058089E+018
   8.8115099999999998E-003   9.9026551624806892E+018
   8.8109599999999996E-003   1.0020074262254025E+019
   8.8104199999999994E-003   1.0201712106363697E+019
   8.8092799999999992E-003   1.0384862735065790E+019
   8.8087300000000007E-003   1.0505768392213936E+019
   8.8081800000000005E-003   1.0637724493462387E+019
   8.8075199999999992E-003   1.0780456253223512E+019
   8.8068799999999996E-003   1.0962234528933270E+019
   8.8058800000000003E-003   1.1181690299724794E+019
   8.8048999999999992E-003   1.1365350614020096E+019
   8.8042399999999996E-003   1.1514422969097499E+019
   8.8035800000000001E-003   1.1663432854312518E+019
   8.8029100000000006E-003   1.1894489100916050E+019
   8.8015500000000000E-003   1.2202932143231189E+019
   8.8002099999999993E-003   1.2516708136566565E+019
   8.7988100000000007E-003   1.2756193428586828E+019
   8.7981299999999995E-003   1.2913946539389014E+019
   8.7974500000000001E-003   1.3159069662191206E+019
   8.7960299999999998E-003   1.3487305466896024E+019
   8.7946399999999994E-003   1.3820182092778535E+019
   8.7931899999999993E-003   1.4073665285853651E+019
   8.7924700000000001E-003   1.4239992345937134E+019
   8.7917700000000008E-003   1.4410331239362658E+019
   8.7910200000000001E-003   1.4584234544067299E+019
   8.7902799999999993E-003   1.4755808840028015E+019
   8.7895600000000001E-003   1.4924969411558363E+019
   8.7888399999999992E-003   1.5097871533754941E+019
   8.7880800000000002E-003   1.5273975547958114E+019
   8.7873199999999995E-003   1.5532752701460255E+019
   8.7858499999999996E-003   1.5790553684852894E+019
   8.7850700000000007E-003   1.5966836130638719E+019
   8.7843000000000001E-003   1.6139724567925883E+019
   8.7835399999999994E-003   1.6309199314436649E+019
   8.7827900000000004E-003   1.6482440038033089E+019
   8.7819899999999999E-003   1.6656935673826284E+019
   8.7812099999999994E-003   1.6827329395526627E+019
   8.7804400000000005E-003   1.6993955277496283E+019
   8.7796699999999998E-003   1.7162709424871334E+019
   8.7788599999999994E-003   1.7332929393782245E+019
   8.7780600000000007E-003   1.7498660760547367E+019
   8.7772700000000002E-003   1.7660354157210372E+019
   8.7764799999999997E-003   1.7823655697124489E+019
   8.7756599999999994E-003   1.7988014561515143E+019
   8.7748400000000008E-003   1.8147565710804929E+019
   8.7740300000000004E-003   1.8303113676167256E+019
   8.7732299999999999E-003   1.8459893949243933E+019
   8.7723899999999997E-003   1.8617823644817031E+019
   8.7715499999999995E-003   1.8771049049313776E+019
   8.7707299999999992E-003   1.8920896691716669E+019
   8.7699200000000005E-003   1.9072263617590399E+019
   8.7690500000000005E-003   1.9225271868385190E+019
   8.7682000000000003E-003   1.9374229679914914E+019
   8.7673600000000001E-003   1.9520532164579971E+019
   8.7665299999999998E-003   1.9668969045913821E+019
   8.7656499999999998E-003   1.9819722303976448E+019
   8.7647899999999997E-003   1.9967232896227611E+019
   8.7639299999999996E-003   2.0112803332201279E+019
   8.7630799999999995E-003   2.0261616594291556E+019
   8.7621899999999996E-003   2.0412426696784368E+019
   8.7612999999999996E-003   2.0558102598970098E+019
   8.7604299999999996E-003   2.0707838705737646E+019
   8.7595699999999995E-003   2.0947251442795164E+019
   8.7577499999999999E-003   2.1260070132883218E+019
   8.7559800000000000E-003   2.1491099732823757E+019
   8.7550500000000003E-003   2.1651687814816883E+019
   8.7541400000000005E-003   2.1810143375198052E+019
   8.7532300000000007E-003   2.1973599896276972E+019
   8.7523299999999991E-003   2.2238192400518042E+019
   8.7504499999999999E-003   2.2582473217151287E+019
   8.7486200000000004E-003   2.2835719093498122E+019
   8.7476499999999992E-003   2.3013483704372748E+019
   8.7466999999999996E-003   2.3281783379760697E+019
   8.7448300000000003E-003   2.3647550398999917E+019
   8.7428799999999997E-003   2.3922366968970711E+019
   8.7419200000000002E-003   2.4110421450575868E+019
   8.7409800000000006E-003   2.4415455625315713E+019
   8.7389900000000003E-003   2.4810212279856824E+019
   8.7370499999999997E-003   2.5200754033747730E+019
   8.7350299999999995E-003   2.5499380515315364E+019
   8.7340400000000002E-003   2.5698426076013244E+019
   8.7330600000000008E-003   2.6014983553566859E+019
   8.7309999999999992E-003   2.6436261567642534E+019
   8.7289900000000007E-003   2.6866721792920666E+019
   8.7268899999999993E-003   2.7305846508159971E+019
   8.7248399999999993E-003   2.7631048031170748E+019
   8.7237700000000005E-003   2.7857305373056721E+019
   8.7226999999999999E-003   2.8207849173726081E+019
   8.7205500000000005E-003   2.8668534949939401E+019
   8.7184399999999992E-003   2.9129705271480979E+019
   8.7163199999999996E-003   2.9608761697179636E+019
   8.7141000000000007E-003   3.0097477720909152E+019
   8.7119299999999997E-003   3.0458675310629896E+019
   8.7107899999999995E-003   3.0843823210215383E+019
   8.7085600000000006E-003   3.1281946320691606E+019
   8.7068800000000002E-003   3.1667358984170541E+019
   8.7051500000000000E-003   3.2124041418699543E+019
   8.7028999999999995E-003   3.2654299286849352E+019
   8.7005499999999996E-003   3.3117829404835156E+019
   8.6988299999999994E-003   3.3517532998717829E+019
   8.6970499999999996E-003   3.3936972021395911E+019
   8.6952699999999997E-003   3.4349451891820593E+019
   8.6935199999999997E-003   3.4748861727807308E+019
   8.6918299999999993E-003   3.5135191767413686E+019
   8.6901600000000006E-003   3.5478157749971362E+019
   8.6888000000000000E-003   3.5786830273202676E+019
   8.6874499999999993E-003   3.6118037980128358E+019
   8.6859099999999998E-003   3.6462557932028588E+019
   8.6843900000000002E-003   3.6804112679162515E+019
   8.6828099999999991E-003   3.7153186576128221E+019
   8.6812599999999997E-003   3.7585215287686857E+019
   8.6790300000000008E-003   3.8057152950409822E+019
   8.6768599999999998E-003   3.8431815649792188E+019
   8.6752800000000005E-003   3.8753993110421815E+019
   8.6737199999999993E-003   3.9160903937601208E+019
   8.6714300000000008E-003   3.9601046300541428E+019
   8.6692000000000002E-003   3.9948921381544681E+019
   8.6675499999999996E-003   4.0239303189875278E+019
   8.6659300000000005E-003   4.0518129946724123E+019
   8.6642899999999998E-003   4.0791560825853985E+019
   8.6626800000000007E-003   4.1123328294538756E+019
   8.6603600000000006E-003   4.1474199943030866E+019
   8.6581000000000002E-003   4.1770042380297208E+019
   8.6560700000000001E-003   4.2035554145001259E+019
   8.6540899999999997E-003   4.2282699677059727E+019
   8.6520699999999996E-003   4.2519558181234369E+019
   8.6501000000000008E-003   4.2763059965305250E+019
   8.6477299999999993E-003   4.3007076264496226E+019
   8.6454400000000008E-003   4.3233902108508643E+019
   8.6430799999999992E-003   4.3439950196100112E+019
   8.6407800000000007E-003   4.3589697918264869E+019
   8.6391100000000002E-003   4.3730389565819568E+019
   8.6374699999999995E-003   4.3944199607461036E+019
   8.6344300000000002E-003   4.4195100679549944E+019
   8.6315100000000002E-003   4.4383092005620720E+019
   8.6294800000000001E-003   4.4551995359587697E+019
   8.6274999999999998E-003   4.4734937684440769E+019
   8.6254799999999996E-003   4.4926718463778374E+019
   8.6235200000000008E-003   4.5238592044963865E+019
   8.6195700000000000E-003   4.5575452077482639E+019
   8.6175899999999996E-003   4.5824261880989098E+019
   8.6156500000000007E-003   4.6144368785803051E+019
   8.6129699999999993E-003   4.6438088698915095E+019
   8.6116600000000001E-003   4.6642473577348866E+019
   8.6103800000000008E-003   4.6978196063332000E+019
   8.6076999999999994E-003   4.7334055233121624E+019
   8.6063900000000002E-003   4.7648227789594862E+019
   8.6044299999999997E-003   4.8050804058755416E+019
   8.6024199999999995E-003   4.8404582480409010E+019
   8.6011100000000004E-003   4.8853432868991164E+019
   8.5984600000000005E-003   4.9328471281705239E+019
   8.5971199999999998E-003   4.9658574947728015E+019
   8.5958100000000006E-003   5.0089228554048807E+019
   8.5938300000000002E-003   5.0636820891245543E+019
   8.5918000000000001E-003   5.1113871056937542E+019
   8.5904799999999993E-003   5.1502248716360081E+019
   8.5891700000000001E-003   5.2124747565088604E+019
   8.5864400000000007E-003   5.2882653325234602E+019
   8.5844400000000005E-003   5.3441854338064081E+019
   8.5830899999999998E-003   5.4034795678403092E+019
   8.5810299999999999E-003   5.4890029079677247E+019
   8.5783500000000002E-003   5.5646387497879159E+019
   8.5769499999999999E-003   5.6315466455655596E+019
   8.5748800000000000E-003   5.7124085348058989E+019
   8.5728499999999999E-003   5.8116660291596280E+019
   8.5700299999999993E-003   5.9076390035407733E+019
   8.5682799999999993E-003   5.9828136668201665E+019
   8.5665600000000008E-003   6.0768625232982475E+019
   8.5640600000000001E-003   6.1880741950468506E+019
   8.5616300000000006E-003   6.3111043715171688E+019
   8.5587200000000006E-003   6.4128415958291177E+019
   8.5572900000000004E-003   6.4813616432281387E+019
   8.5558800000000001E-003   6.6004442444855116E+019
   8.5525299999999992E-003   6.7658761400189559E+019
   8.5492699999999994E-003   6.8951190640228680E+019
   8.5473900000000002E-003   7.0203502099996975E+019
   8.5444200000000005E-003   7.1889886529708212E+019
   8.5410099999999999E-003   7.3410460697007014E+019
   8.5387499999999995E-003   7.4545946573448446E+019
   8.5367900000000007E-003   7.5611061865021391E+019
   8.5348700000000000E-003   7.6936156385162953E+019
   8.5321000000000008E-003   7.8448559003423457E+019
   8.5293899999999995E-003   7.9888887992760943E+019
   8.5269999999999999E-003   8.1243636326736069E+019
   8.5246400000000000E-003   8.2400179096284299E+019
   8.5230099999999993E-003   8.3351718020889149E+019
   8.5213900000000002E-003   8.4750165358921908E+019
   8.5182799999999996E-003   8.6602755368031502E+019
   8.5152300000000004E-003   8.7971169427205767E+019
   8.5136599999999993E-003   8.8921139149682328E+019
   8.5120999999999999E-003   9.0092426294382445E+019
   8.5098699999999992E-003   9.1469634536797897E+019
   8.5076600000000002E-003   9.3240416938994614E+019
   8.5042199999999998E-003   9.5447872109701366E+019
   8.5007299999999997E-003   9.7851567827556319E+019
   8.4968100000000005E-003   1.0001616175309960E+020
   8.4941300000000008E-003   1.0182134698162817E+020
   8.4913999999999996E-003   1.0405064779453497E+020
   8.4875699999999998E-003   1.0702861597753737E+020
   8.4827400000000008E-003   1.0944911557847851E+020
   8.4806199999999995E-003   1.1094602080067930E+020
   8.4785199999999998E-003   1.1271092507016284E+020
   8.4756899999999993E-003   1.1478469489609433E+020
   8.4727799999999992E-003   1.1689445007989403E+020
   8.4699200000000006E-003   1.1904329479211477E+020
   8.4669700000000007E-003   1.2125483674460498E+020
   8.4639999999999993E-003   1.2348042135549826E+020
   8.4610699999999994E-003   1.2537768050014108E+020
   8.4590099999999994E-003   1.2773268450068151E+020
   8.4549599999999992E-003   1.3134956023742554E+020
   8.4498000000000004E-003   1.3483029224198544E+020
   8.4461699999999994E-003   1.3755507091907740E+020
   8.4430000000000009E-003   1.4015708644709848E+020
   8.4397799999999992E-003   1.4371259007675616E+020
   8.4343800000000000E-003   1.4743980019488816E+020
   8.4308300000000003E-003   1.4974716492810568E+020
   8.4289299999999994E-003   1.5239194810505023E+020
   8.4246800000000004E-003   1.5603790780524803E+020
   8.4205200000000008E-003   1.5886118746061573E+020
   8.4182300000000005E-003   1.6087693682736510E+020
   8.4159600000000001E-003   1.6386329344423543E+020
   8.4115600000000002E-003   1.6778636101829994E+020
   8.4072499999999998E-003   1.7056288640138111E+020
   8.4054600000000000E-003   1.7220406775888268E+020
   8.4036700000000002E-003   1.7499537640210851E+020
   8.3994299999999994E-003   1.7892789860127048E+020
   8.3952599999999999E-003   1.8187262815968163E+020
   8.3931000000000006E-003   1.8391793948008127E+020
   8.3909699999999993E-003   1.8681941511681855E+020
   8.3870699999999999E-003   1.9057286681828865E+020
   8.3832300000000002E-003   1.9377182959605223E+020
   8.3805300000000006E-003   1.9642335564616260E+020
   8.3778600000000009E-003   1.9945805063214848E+020
   8.3744400000000004E-003   2.0287314183700067E+020
   8.3710699999999996E-003   2.0678309217764753E+020
   8.3667600000000009E-003   2.1117931181777030E+020
   8.3625100000000001E-003   2.1523798168339038E+020
   8.3589200000000006E-003   2.2051206854925255E+020
   8.3524900000000006E-003   2.2544647180761897E+020
   8.3496300000000002E-003   2.2870094832724741E+020
   8.3464500000000000E-003   2.3213806031493064E+020
   8.3433099999999996E-003   2.3747106216398288E+020
   8.3367800000000002E-003   2.4468231741695735E+020
   8.3303900000000000E-003   2.5219405729269141E+020
   8.3235600000000007E-003   2.6000473622410445E+020
   8.3168900000000004E-003   2.6597314533580158E+020
   8.3132899999999992E-003   2.7022299600870218E+020
   8.3097399999999995E-003   2.7474173880605354E+020
   8.3057600000000006E-003   2.7953031995287087E+020
   8.3018399999999996E-003   2.8409454954141440E+020
   8.2983099999999997E-003   2.8843878951551382E+020
   8.2948099999999997E-003   2.9367915214891319E+020
   8.2899199999999992E-003   2.9981077091656925E+020
   8.2851000000000001E-003   3.0665453292116561E+020
   8.2792300000000003E-003   3.1419594249696674E+020
   8.2734699999999998E-003   3.2128591218916111E+020
   8.2684300000000002E-003   3.2795014736603152E+020
   8.2634600000000002E-003   3.3487933169446801E+020
   8.2580599999999994E-003   3.4147909201944877E+020
   8.2538500000000001E-003   3.4726590508968372E+020
   8.2496800000000006E-003   3.5510633568815481E+020
   8.2426500000000007E-003   3.6498998678865930E+020
   8.2357500000000000E-003   3.7440811935973487E+020
   8.2296100000000001E-003   3.8331250051021380E+020
   8.2235799999999994E-003   3.9164661700981398E+020
   8.2182399999999999E-003   4.0252404352009273E+020
   8.2091700000000000E-003   4.1220388156938741E+020
   8.2055700000000006E-003   4.1775008015672135E+020
   8.2020099999999992E-003   4.2605002882340245E+020
   8.1949799999999993E-003   4.3709510949426895E+020
   8.1880800000000004E-003   4.4610854852966855E+020
   8.1837500000000001E-003   4.5309771743939304E+020
   8.1794799999999994E-003   4.6134586308965728E+020
   8.1737200000000006E-003   4.7085035533880223E+020
   8.1680499999999996E-003   4.8147733332852736E+020
   8.1611199999999991E-003   4.9586208700889976E+020
   8.1512800000000003E-003   5.1052189860548012E+020
   8.1442900000000002E-003   5.2018319003376157E+020
   8.1403499999999993E-003   5.3116775025209128E+020
   8.1320699999999999E-003   5.4608702662580620E+020
   8.1239599999999995E-003   5.5748532855065929E+020
   8.1196900000000006E-003   5.6541734874858593E+020
   8.1154699999999996E-003   5.7333516708208594E+020
   8.1112900000000002E-003   5.8124509356845905E+020
   8.1071500000000005E-003   5.9360684817167247E+020
   8.0984500000000001E-003   6.1041676857836267E+020
   8.0899300000000004E-003   6.2774416391580602E+020
   8.0810099999999996E-003   6.4559086137149489E+020
   8.0722699999999994E-003   6.5925435496829131E+020
   8.0676900000000006E-003   6.6873702798626574E+020
   8.0631399999999999E-003   6.7821202356571197E+020
   8.0586400000000006E-003   6.8767956966460791E+020
   8.0541799999999993E-003   7.0248159440009206E+020
   8.0448299999999993E-003   7.2260252334265742E+020
   8.0356500000000001E-003   7.3790006771309006E+020
   8.0308299999999992E-003   7.4859032729436226E+020
   8.0260599999999998E-003   7.5927362945129710E+020
   8.0213400000000001E-003   7.6994958800394610E+020
   8.0166600000000001E-003   7.8663149670428207E+020
   8.0068399999999994E-003   8.0932609185650665E+020
   7.9971999999999994E-003   8.3264760595065654E+020
   7.9871400000000002E-003   8.5675436436910742E+020
   7.9772699999999998E-003   8.7522197581187816E+020
   7.9720899999999994E-003   8.8803543961818484E+020
   7.9669600000000004E-003   9.0084268652924607E+020
   7.9618799999999993E-003   9.1364701518263681E+020
   7.9568499999999997E-003   9.3364369598328681E+020
   7.9462999999999999E-003   9.6085276404622216E+020
   7.9359400000000007E-003   9.8152397868498996E+020
   7.9305100000000000E-003   9.9598089734714714E+020
   7.9251300000000007E-003   1.0104327966740135E+021
   7.9197999999999994E-003   1.0248787314533924E+021
   7.9145199999999995E-003   1.0474452404240097E+021
   7.9034499999999994E-003   1.0781555376551353E+021
   7.8925899999999997E-003   1.1097868459067508E+021
   7.8812599999999993E-003   1.1424180135872264E+021
   7.8701399999999994E-003   1.1674235790970344E+021
   7.8643099999999994E-003   1.1847719325542989E+021
   7.8585300000000007E-003   1.2021166946782782E+021
   7.8528100000000000E-003   1.2194611220915091E+021
   7.8471400000000007E-003   1.2465268402907568E+021
   7.8352600000000001E-003   1.2833651541120794E+021
   7.8236000000000000E-003   1.3113577994387965E+021
   7.8174899999999999E-003   1.3309234577237242E+021
   7.8114400000000002E-003   1.3602356551964038E+021
   7.7995099999999999E-003   1.4006190621749289E+021
   7.7870600000000002E-003   1.4318572258572936E+021
   7.7809200000000002E-003   1.4525943229768972E+021
   7.7748399999999999E-003   1.4849992807233893E+021
   7.7621000000000001E-003   1.5291080469355558E+021
   7.7495999999999997E-003   1.5625988226164033E+021
   7.7430499999999996E-003   1.5860282550193878E+021
   7.7365699999999999E-003   1.6156446092633212E+021
   7.7267500000000001E-003   1.6515931176731146E+021
   7.7170700000000004E-003   1.6881943537255608E+021
   7.7071300000000004E-003   1.7256133369864376E+021
   7.6973400000000004E-003   1.7642257707396812E+021
   7.6870799999999998E-003   1.8039793232151556E+021
   7.6769600000000000E-003   1.8445556967705474E+021
   7.6665700000000002E-003   1.8985599492852655E+021
   7.6501399999999997E-003   1.9572276320175800E+021
   7.6379300000000002E-003   2.0085421087132006E+021
   7.6255899999999998E-003   2.0611046888669554E+021
   7.6131400000000000E-003   2.1220141302652241E+021
   7.5973799999999999E-003   2.1843354531322743E+021
   7.5847400000000004E-003   2.2417930893748271E+021
   7.5716600000000000E-003   2.3011572825332313E+021
   7.5585699999999997E-003   2.3581591321834747E+021
   7.5468699999999998E-003   2.4113217123882259E+021
   7.5357300000000000E-003   2.4749623406227604E+021
   7.5199000000000004E-003   2.5436743894840928E+021
   7.5068699999999997E-003   2.6026854505925444E+021
   7.4952100000000004E-003   2.6622771636797608E+021
   7.4814299999999999E-003   2.7321391307124444E+021
   7.4663300000000002E-003   2.7929244549887710E+021
   7.4564000000000002E-003   2.8454840862764994E+021
   7.4424299999999999E-003   2.9108319528446869E+021
   7.4260100000000002E-003   2.9626489518062735E+021
   7.4101799999999997E-003   3.0100846519339634E+021
   7.3955300000000000E-003   3.0210310313689345E+021
   7.3814900000000001E-003   3.0062293266194917E+021
   7.3656199999999998E-003   2.9200167114270022E+021
   7.3593499999999997E-003   2.9399330793819451E+021
   7.3445100000000003E-003   2.7138032693606739E+021
   7.3250900000000002E-003   2.6185254776495722E+021
   7.3113099999999997E-003   2.3705829376506038E+021
   7.2979999999999998E-003   2.0513222835169806E+021
   7.2828700000000003E-003   1.8868066486961882E+021
   7.2689900000000003E-003   1.7937850082180950E+021
   7.2630999999999998E-003   1.6791846145617636E+021
   7.2572499999999998E-003   1.5795252580988543E+021
   7.2429599999999997E-003   1.5031470497696907E+021
   7.2372199999999999E-003   1.4640456259735055E+021
   7.2306699999999998E-003   1.3982089705798975E+021
   7.2255699999999997E-003   1.3950385644965040E+021
   7.2174800000000001E-003   1.3659201147700304E+021
   7.2123100000000004E-003   1.3318404046895776E+021
   7.2074499999999998E-003   1.3166774807066082E+021
   7.2030599999999998E-003   1.3241155270352052E+021
   7.1978099999999998E-003   1.3065654247101555E+021
   7.1920200000000004E-003   1.3023686848464062E+021
   7.1862499999999999E-003   1.3072737407575418E+021
   7.1827599999999998E-003   1.3127262778350012E+021
   7.1780000000000004E-003   1.3197483600237528E+021
   7.1756199999999997E-003   1.3253757527239830E+021
   7.1738399999999999E-003   1.3336766420005930E+021
   7.1696800000000003E-003   1.3424926478321821E+021
   7.1672999999999997E-003   1.3513192339021074E+021
   7.1639900000000003E-003   1.3624733474018867E+021
   7.1612799999999999E-003   1.3835760840635389E+021
   7.1552400000000002E-003   1.4136972147257731E+021
   7.1507100000000002E-003   1.4346089324222048E+021
   7.1456000000000002E-003   1.4773921178872258E+021
   7.1396000000000003E-003   1.5154062787277868E+021
   7.1348999999999996E-003   1.5492532980161981E+021
   7.1304100000000002E-003   1.5894317366715128E+021
   7.1260600000000000E-003   1.6225347470692495E+021
   7.1221000000000001E-003   1.6651890294038392E+021
   7.1170699999999996E-003   1.7000987634842183E+021
   7.1149999999999998E-003   1.7307253418438545E+021
   7.1108700000000000E-003   1.7689287445391157E+021
   7.1081299999999998E-003   1.8051746766353623E+021
   7.1040200000000000E-003   1.8396693170029220E+021
   7.1019799999999999E-003   1.8742064486516974E+021
   7.0979900000000002E-003   1.9206653023453491E+021
   7.0941099999999998E-003   1.9561978142206127E+021
   7.0921700000000001E-003   1.9843437511552957E+021
   7.0896600000000002E-003   2.0322482824702688E+021
   7.0846399999999997E-003   2.0977162924472326E+021
   7.0796499999999998E-003   2.1652931419498084E+021
   7.0746799999999999E-003   2.2173118964353160E+021
   7.0722099999999998E-003   2.2471992387782653E+021
   7.0703500000000004E-003   2.2870765388042207E+021
   7.0666599999999998E-003   2.3409492992774801E+021
   7.0630199999999997E-003   2.3947801720271421E+021
   7.0594400000000002E-003   2.4483790340136181E+021
   7.0559200000000002E-003   2.5016585098794175E+021
   7.0524600000000000E-003   2.5642971823591874E+021
   7.0479499999999999E-003   2.6226803846647476E+021
   7.0451600000000000E-003   2.6672414275685030E+021
   7.0423899999999999E-003   2.7257840356243035E+021
   7.0378200000000002E-003   2.7918184059567237E+021
   7.0342299999999998E-003   2.8475920892620880E+021
   7.0310700000000004E-003   2.8966526299847708E+021
   7.0283300000000002E-003   2.9600004301863932E+021
   7.0237299999999997E-003   3.0390245640190595E+021
   7.0189299999999996E-003   3.1401655375547434E+021
   7.0127399999999999E-003   3.2151947982288501E+021
   7.0098100000000000E-003   3.2753891898718662E+021
   7.0068999999999999E-003   3.3601772733499462E+021
   7.0025399999999998E-003   3.4055793133517537E+021
   6.9967500000000004E-003   3.5692559314128606E+021
   6.9938700000000001E-003   3.5617346912849484E+021
   6.9909899999999999E-003   3.6077270294325441E+021
   6.9865300000000003E-003   3.7058298735750226E+021
   6.9802700000000002E-003   3.8400156742866127E+021
   6.9766600000000000E-003   3.9068004013739318E+021
   6.9705300000000000E-003   4.0559016852330056E+021
   6.9645000000000002E-003   4.0520982768093542E+021
   6.9610699999999998E-003   4.1220439074738012E+021
   6.9588699999999998E-003   4.2506337810866394E+021
   6.9544799999999999E-003   4.2745004241203280E+021
   6.9491500000000003E-003   4.5746047426281713E+021
   6.9460199999999998E-003   4.5009515675773981E+021
   6.9410100000000001E-003   4.5033370224208831E+021
   6.9385200000000001E-003   4.5307015568929897E+021
   6.9336500000000004E-003   4.8319051258209281E+021
   6.9265500000000001E-003   4.8170884658831808E+021
   6.9216900000000003E-003   4.9685138976555559E+021
   6.9168500000000004E-003   5.0373702134476256E+021
   6.9085400000000003E-003   5.1143219619338912E+021
   6.9041099999999998E-003   5.2562724742615888E+021
   6.9004399999999999E-003   5.3606876547347540E+021
   6.8967700000000000E-003   5.4915949863355548E+021
   6.8940800000000003E-003   5.4787768270352883E+021
   6.8920700000000001E-003   5.5903131375015507E+021
   6.8884000000000003E-003   5.7203257810218773E+021
   6.8868200000000001E-003   5.8399823288627353E+021
   6.8842900000000004E-003   5.9313435664680957E+021
   6.8822500000000003E-003   6.0817996706663912E+021
   6.8806700000000002E-003   6.0949434284159973E+021
   6.8791000000000000E-003   6.1744501011542641E+021
   6.8777999999999999E-003   6.2287265652311662E+021
   6.8765099999999997E-003   6.2784749549405581E+021
   6.8752300000000004E-003   6.3529447494915027E+021
   6.8739500000000002E-003   6.5041260764528902E+021
   6.8713600000000000E-003   6.5473879591861994E+021
   6.8687699999999997E-003   6.5830564326167093E+021
   6.8676400000000004E-003   6.5934942757526543E+021
   6.8665000000000002E-003   6.8051715863694960E+021
   6.8646999999999996E-003   6.8225502966708091E+021
   6.8628999999999999E-003   6.8399336802004700E+021
   6.8611000000000002E-003   6.8573214141290811E+021
   6.8592999999999996E-003   6.9821603324035009E+021
   6.8552600000000002E-003   7.0797697373220551E+021
   6.8512299999999998E-003   7.2194546183319920E+021
   6.8422600000000002E-003   7.3131091465759747E+021
   6.8222900000000000E-003   7.4750663756531641E+021
   6.8043899999999996E-003   7.6219918163238768E+021
   6.7900000000000000E-003   7.8037617108094047E+021
   6.7766099999999998E-003   8.0215440175058345E+021
   6.7568799999999998E-003   8.2628490170562616E+021
   6.7383800000000004E-003   8.4635604318963106E+021
   6.7219599999999999E-003   8.6569077465490559E+021
   6.7056099999999999E-003   8.8608048135415058E+021
   6.6894399999999996E-003   9.0767573863329169E+021
   6.6707099999999998E-003   9.2844138958714810E+021
   6.6551099999999997E-003   9.4818612992889135E+021
   6.6391300000000000E-003   9.6900999272368230E+021
   6.6217400000000001E-003   9.9161070271995325E+021
   6.6031800000000002E-003   1.0176353657225096E+022
   6.5807699999999997E-003   1.0426869241426076E+022
   6.5641800000000002E-003   1.0666841637702402E+022
   6.5442699999999996E-003   1.0932186603256359E+022
   6.5246100000000001E-003   1.1171771830158125E+022
   6.5083199999999997E-003   1.1360362575127665E+022
   6.4976699999999997E-003   1.1559582049480051E+022
   6.4792299999999999E-003   1.1766376327375707E+022
   6.4679400000000001E-003   1.2001372843035047E+022
   6.4455900000000002E-003   1.2268547974072136E+022
   6.4293299999999996E-003   1.2502645073288073E+022
   6.4132299999999998E-003   1.2718024288459190E+022
   6.4000999999999997E-003   1.2912058923174175E+022
   6.3870799999999998E-003   1.3233408872330857E+022
   6.3568699999999997E-003   1.3682972416559190E+022
   6.3271899999999999E-003   1.4017179877211258E+022
   6.3136399999999997E-003   1.4307387793432797E+022
   6.2899899999999996E-003   1.4571103739810928E+022
   6.2798400000000001E-003   1.4847187966809262E+022
   6.2554500000000001E-003   1.5236819588252726E+022
   6.2313799999999999E-003   1.5553964943905141E+022
   6.2174900000000000E-003   1.5778313924937758E+022
   6.2037000000000004E-003   1.6069871340970731E+022
   6.1823700000000004E-003   1.6430821714870888E+022
   6.1612899999999998E-003   1.6736365502468767E+022
   6.1470800000000001E-003   1.6976835211237972E+022
   6.1329799999999997E-003   1.7352140822535073E+022
   6.1039199999999997E-003   1.7862476863160850E+022
   6.0752799999999997E-003   1.8286836082248377E+022
   6.0568599999999998E-003   1.8623803989518117E+022
   6.0385999999999999E-003   1.8901214847350832E+022
   6.0275499999999996E-003   1.9101240559782555E+022
   6.0165599999999998E-003   1.9448598105014751E+022
   5.9903600000000001E-003   2.0039986140020107E+022
   5.9540100000000000E-003   2.0665367572797020E+022
   5.9254900000000003E-003   2.1125395915657039E+022
   5.9075400000000002E-003   2.1534792976938880E+022
   5.8843899999999998E-003   2.1996664581732100E+022
   5.8614699999999997E-003   2.2548572794430234E+022
   5.8303599999999997E-003   2.3194748477639817E+022
   5.7989799999999996E-003   2.3696788055316620E+022
   5.7830900000000003E-003   2.4029289713248963E+022
   5.7673200000000003E-003   2.4543202264226220E+022
   5.7350200000000004E-003   2.5240421093183815E+022
   5.7031599999999997E-003   2.5959918715044954E+022
   5.6702899999999997E-003   2.6693061723072269E+022
   5.6378599999999997E-003   2.7444114453550913E+022
   5.6044099999999998E-003   2.8222376596885647E+022
   5.5713999999999998E-003   2.9008194190391518E+022
   5.5373599999999999E-003   2.9820339340593850E+022
   5.5037500000000000E-003   3.0653713076384472E+022
   5.4691100000000001E-003   3.1500545276968775E+022
   5.4349000000000003E-003   3.2151114460823279E+022
   5.4174000000000002E-003   3.2590338379640102E+022
   5.4000000000000003E-003   3.3263842519104671E+022
   5.3644299999999999E-003   3.4178675371336582E+022
   5.3292799999999996E-003   3.4874662742929728E+022
   5.3112999999999997E-003   3.5347872743948657E+022
   5.2934400000000000E-003   3.6069944607103255E+022
   5.2572699999999997E-003   3.7051683881532938E+022
   5.2207699999999996E-003   3.8057524037912157E+022
   5.1839399999999997E-003   3.9088123108349624E+022
   5.1467800000000001E-003   4.0144259423653878E+022
   5.1092700000000000E-003   4.1226654715029343E+022
   5.0714200000000001E-003   4.2336121337434880E+022
   5.0332199999999997E-003   4.3473324125957283E+022
   4.9946599999999997E-003   4.4638898685297281E+022
   4.9557400000000001E-003   4.5834360160923448E+022
   4.9164500000000002E-003   4.6734095614768849E+022
   4.8965700000000003E-003   4.7359593753441359E+022
   4.8767899999999998E-003   4.7981596992740113E+022
   4.8567300000000001E-003   4.8622765816230892E+022
   4.8367599999999998E-003   4.9460703210088251E+022
   4.8049900000000003E-003   5.0484368002088392E+022
   4.7734400000000003E-003   5.1335178389898167E+022
   4.7528800000000001E-003   5.2012766886313425E+022
   4.7324200000000002E-003   5.2705311994608636E+022
   4.7116600000000003E-003   5.3404904450528943E+022
   4.6909899999999999E-003   5.4115146551361018E+022
   4.6700300000000004E-003   5.4834486002947138E+022
   4.6491600000000003E-003   5.5565960927990918E+022
   4.6279900000000002E-003   5.6307988541288504E+022
   4.6069099999999997E-003   5.7061064058317585E+022
   4.5855399999999999E-003   5.7826628962930137E+022
   4.5642499999999997E-003   5.8603506025351914E+022
   4.5426599999999996E-003   5.9394385182137571E+022
   4.5211499999999998E-003   6.0199351429771500E+022
   4.4993500000000001E-003   6.1017448354095582E+022
   4.4776199999999999E-003   6.1848825200445401E+022
   4.4555999999999997E-003   6.2696986464972435E+022
   4.4336499999999999E-003   6.3561934459839093E+022
   4.4113900000000003E-003   6.4442625496260582E+022
   4.3892100000000002E-003   6.5341917904216741E+022
   4.3667300000000001E-003   6.6255617812306229E+022
   4.3443199999999996E-003   6.7193321906065233E+022
   4.3216000000000001E-003   6.8150389490426113E+022
   4.2989500000000002E-003   6.9130640106324295E+022
   4.2759900000000003E-003   7.0132454691835264E+022
   4.2530900000000002E-003   7.1157952352244287E+022
   4.2299800000000004E-003   7.2211163700563301E+022
   4.2067399999999996E-003   7.3292208022287735E+022
   4.1833699999999996E-003   7.4402953788331588E+022
   4.1598800000000003E-003   7.5544007802723938E+022
   4.1362500000000002E-003   7.6720972815975026E+022
   4.1124899999999999E-003   7.7932319382172456E+022
   4.0886000000000004E-003   7.9187518734208082E+022
   4.0645700000000000E-003   8.0483184778362506E+022
   4.0404100000000004E-003   8.1823792162278943E+022
   4.0161099999999998E-003   8.3214335559368484E+022
   3.9916600000000002E-003   8.4654040145179189E+022
   3.9670699999999996E-003   8.6145642320082653E+022
   3.9423399999999999E-003   8.7694127004711177E+022
   3.9174600000000002E-003   8.9300349417944267E+022
   3.8924200000000002E-003   9.0966183774774863E+022
   3.8672400000000001E-003   9.2704868608304732E+022
   3.8419000000000001E-003   9.4514236443077038E+022
   3.8164100000000001E-003   9.6410226988849608E+022
   3.7907499999999998E-003   9.8414827713324858E+022
   3.7649400000000000E-003   1.0054048724658516E+023
   3.7389599999999999E-003   1.0276264121235333E+023
   3.7128100000000000E-003   1.0504481787685616E+023
   3.6864900000000002E-003   1.0736467061278832E+023
   3.6600000000000001E-003   1.0972202288432074E+023
   3.6333300000000002E-003   1.1211676538152412E+023
   3.6064800000000000E-003   1.1454882644672297E+023
   3.5794400000000001E-003   1.1701819639957518E+023
   3.5522200000000000E-003   1.1952488332569521E+023
   3.5248100000000002E-003   1.2206893162266319E+023
   3.4971999999999998E-003   1.2465041400374708E+023
   3.4693900000000001E-003   1.2726941689916513E+023
   3.4413800000000000E-003   1.2992604741615177E+023
   3.4131700000000001E-003   1.3262042337386050E+023
   3.3847399999999998E-003   1.3535267383712893E+023
   3.3560899999999999E-003   1.3812294235784439E+023
   3.3272300000000000E-003   1.4093136695276196E+023
   3.2981299999999998E-003   1.4377810074512185E+023
   3.2688100000000000E-003   1.4666329522782069E+023
   3.2392400000000000E-003   1.4958710413593655E+023
   3.2094300000000001E-003   1.5254967307413358E+023
   3.1793699999999999E-003   1.5555115786917826E+023
   3.1490600000000000E-003   1.5859170114102498E+023
   3.1184799999999999E-003   1.6167144697694525E+023
   3.0876300000000001E-003   1.6479052685119231E+023
   3.0565000000000002E-003   1.6794906954767397E+023
   3.0250899999999998E-003   1.7114718738183195E+023
   2.9933799999999999E-003   1.7438499885355515E+023
   2.9613700000000001E-003   1.7766259252234573E+023
   2.9290499999999999E-003   1.8098005635637268E+023
   2.8964099999999999E-003   1.8433745348885018E+023
   2.8634300000000001E-003   1.8773484459929816E+023
   2.8301099999999998E-003   1.9117226420293638E+023
   2.7964299999999999E-003   1.9464971848828835E+023
   2.7623900000000000E-003   1.9816722026687154E+023
   2.7279700000000001E-003   2.0172473817633678E+023
   2.6931500000000001E-003   2.0532221582489057E+023
   2.6579199999999998E-003   2.0895959453529160E+023
   2.6222699999999999E-003   2.1263675499659553E+023
   2.5861800000000000E-003   2.1635356539102704E+023
   2.5496300000000002E-003   2.2010986853914593E+023
   2.5125999999999998E-003   2.2390544444722491E+023
   2.4750800000000002E-003   2.2774007006128809E+023
   2.4370300000000002E-003   2.3161345476400763E+023
   2.3984300000000000E-003   2.3552527406251198E+023
   2.3592600000000002E-003   2.3947515270883322E+023
   2.3194999999999999E-003   2.4345989955980518E+023
   2.2791000000000000E-003   2.4750115240285916E+023
   2.2380400000000002E-003   2.5157904928360689E+023
   2.1962800000000001E-003   2.5569294539368391E+023
   2.1537700000000002E-003   2.5984216627454643E+023
   2.1104900000000000E-003   2.6402591230809329E+023
   2.0663700000000001E-003   2.6823826447867398E+023
   2.0213700000000002E-003   2.7250369989880694E+023
   1.9754199999999999E-003   2.7680239779529356E+023
   1.9284599999999999E-003   2.8112656261562876E+023
   1.8807299999999999E-003   2.8550637374548786E+023
   1.8311899999999999E-003   2.8991600498267668E+023
   1.7807000000000001E-003   2.9433975471990749E+023
   1.7288300000000000E-003   2.9792194786545976E+023
   1.6892400000000001E-003   3.0144389398037288E+023
   1.6481600000000001E-003   3.0658956795702656E+023
   1.5708000000000000E-003   3.1076341760233332E+023
   1.5274700000000000E-003   3.1442590265933444E+023
   1.4820499999999999E-003   3.1993261594594329E+023
   1.3879000000000001E-003   3.2509913351408557E+023
   1.3229100000000001E-003   3.2977606693190593E+023
   1.2551200000000000E-003   3.3406162006406822E+023
   1.1802500000000001E-003   3.3897389982787247E+023
   1.1005300000000000E-003   3.4342927684850661E+023
   1.0087500000000001E-003   3.4887215866257111E+023
   8.9930000000000001E-004   3.5520555883006236E+023
   7.0638999999999999E-004   3.5969074241601051E+023
   5.6780999999999997E-004   3.6373768395050778E+023
   4.8412999999999999E-004   3.6581907590323409E+023
   3.8296000000000001E-004   3.6653628958145975E+023
   3.1385000000000001E-004   3.6842940329911278E+023
   2.5071000000000002E-004   3.6755234787723056E+023
   2.0164000000000000E-004   3.6948286981387045E+023
   1.6417000000000000E-004   3.6923168159366729E+023
   1.3642999999999999E-004   3.7010538783286745E+023
   1.1689000000000000E-004   3.6996799806346617E+023
   1.0404000000000000E-004   3.7039333138881479E+023
   8.6870000000000000E-005   3.7055644074162244E+023
   6.8940000000000001E-005   3.7060436573840175E+023
   5.4719999999999998E-005   3.7083900883099916E+023
   4.3430000000000003E-005   3.7087761880704093E+023
   3.4470000000000000E-005   3.7089308488841828E+023
   2.7359999999999999E-005   3.7099085805357896E+023
   2.1710000000000001E-005   3.7099936284382150E+023
   1.7229999999999999E-005   3.7104559580396064E+023
   1.3679999999999999E-005   3.7109106390238103E+023
