   8.8767599999999992E-003   6601761298768070.0     
   8.8767499999999992E-003   6784607354570864.0     
   8.8767499999999992E-003   6961904634859794.0     
   8.8767499999999992E-003   7134018734252470.0     
   8.8767499999999992E-003   7301254335315498.0     
   8.8767499999999992E-003   7463894269185232.0     
   8.8767499999999992E-003   7622199939386352.0     
   8.8767499999999992E-003   7776413091665928.0     
   8.8767499999999992E-003   7926749035574497.0     
   8.8767499999999992E-003   8073399200952084.0     
   8.8767499999999992E-003   8216536289194506.0     
   8.8767499999999992E-003   8356326452026552.0     
   8.8767499999999992E-003   8492933561411844.0     
   8.8767499999999992E-003   8626512372962678.0     
   8.8767499999999992E-003   8757199509641680.0     
   8.8767499999999992E-003   8885137775913815.0     
   8.8767499999999992E-003   9010419735564836.0     
   8.8767499999999992E-003   9133173086524382.0     
   8.8767499999999992E-003   9253481985483820.0     
   8.8767499999999992E-003   9371445310139580.0     
   8.8767399999999993E-003   9515730603402844.0     
   8.8767399999999993E-003   9684428846975442.0     
   8.8767399999999993E-003   9848519619546004.0     
   8.8767399999999993E-003   10008231821243326.     
   8.8767399999999993E-003   10138151783115818.     
   8.8767399999999993E-003   10240095647182936.     
   8.8767399999999993E-003   10340332565186602.     
   8.8767399999999993E-003   10438927425321112.     
   8.8767399999999993E-003   10559926520191418.     
   8.8767399999999993E-003   10701959874830200.     
   8.8767399999999993E-003   10840676054576534.     
   8.8767399999999993E-003   10976215689304120.     
   8.8767399999999993E-003   11086834695996848.     
   8.8767399999999993E-003   11173851326240644.     
   8.8767399999999993E-003   11302040102955762.     
   8.8767399999999993E-003   11468651889074328.     
   8.8767399999999993E-003   11590521793367144.     
   8.8767399999999993E-003   11670368762573984.     
   8.8767399999999993E-003   11788128327686854.     
   8.8767399999999993E-003   11941399985099494.     
   8.8767299999999993E-003   12090597180091644.     
   8.8767299999999993E-003   12235886766189212.     
   8.8767299999999993E-003   12377403614254306.     
   8.8767299999999993E-003   12515277586985150.     
   8.8767299999999993E-003   12649629525818922.     
   8.8767299999999993E-003   12780568208858596.     
   8.8767299999999993E-003   12908169557696668.     
   8.8767299999999993E-003   13032535503303676.     
   8.8767299999999993E-003   13173677722804436.     
   8.8767299999999993E-003   13329761686240068.     
   8.8767299999999993E-003   13480455374175266.     
   8.8767299999999993E-003   13625815878440626.     
   8.8767299999999993E-003   13765926366389966.     
   8.8767299999999993E-003   13900776838984172.     
   8.8767299999999993E-003   14030373914314302.     
   8.8767199999999994E-003   14154653919090790.     
   8.8767199999999994E-003   14288330619635028.     
   8.8767199999999994E-003   14433563542238228.     
   8.8767199999999994E-003   14575435585339964.     
   8.8767199999999994E-003   14679811226296706.     
   8.8767199999999994E-003   14748384228986272.     
   8.8767199999999994E-003   14849739668288300.     
   8.8767199999999994E-003   14982482640535222.     
   8.8767199999999994E-003   15112480812388608.     
   8.8767199999999994E-003   15239851224023556.     
   8.8767199999999994E-003   15364740446436000.     
   8.8767199999999994E-003   15487230494575296.     
   8.8767199999999994E-003   15607460925728318.     
   8.8767099999999995E-003   15725496576588512.     
   8.8767099999999995E-003   15841460095967852.     
   8.8767099999999995E-003   15955413459176844.     
   8.8767099999999995E-003   16122541591965004.     
   8.8767099999999995E-003   16312767360251902.     
   8.8767099999999995E-003   16471558173805384.     
   8.8767099999999995E-003   16626735995845984.     
   8.8767099999999995E-003   16740933947969814.     
   8.8767099999999995E-003   16815970313733256.     
   8.8767099999999995E-003   16926935365547206.     
   8.8767099999999995E-003   17072309779617912.     
   8.8766999999999995E-003   17284566851525268.     
   8.8766999999999995E-003   17491250883020046.     
   8.8766999999999995E-003   17625624867938644.     
   8.8766999999999995E-003   17757545591898204.     
   8.8766999999999995E-003   17887128101358954.     
   8.8766999999999995E-003   18014478254776872.     
   8.8766999999999995E-003   18139681691509300.     
   8.8766999999999995E-003   18262832134331156.     
   8.8766999999999995E-003   18384015545998792.     
   8.8766999999999995E-003   18522952044082916.     
   8.8766899999999996E-003   18678800490319444.     
   8.8766899999999996E-003   18906571529377156.     
   8.8766899999999996E-003   19128616895317868.     
   8.8766899999999996E-003   19273123705631444.     
   8.8766899999999996E-003   19415120605999548.     
   8.8766899999999996E-003   19554727326779528.     
   8.8766899999999996E-003   19708980691020628.     
   8.8766799999999996E-003   19877208921848132.     
   8.8766799999999996E-003   20042196591631576.     
   8.8766799999999996E-003   20204116308575652.     
   8.8766799999999996E-003   20363124770930856.     
   8.8766799999999996E-003   20519379513294532.     
   8.8766799999999996E-003   20748552120269756.     
   8.8766699999999997E-003   20987492224102028.     
   8.8766699999999997E-003   21162668606549640.     
   8.8766699999999997E-003   21334755746756216.     
   8.8766699999999997E-003   21503883533769336.     
   8.8766699999999997E-003   21670224959146932.     
   8.8766699999999997E-003   21833884851291324.     
   8.8766699999999997E-003   21995011398596380.     
   8.8766599999999998E-003   22153730492328700.     
   8.8766599999999998E-003   22310128378718876.     
   8.8766599999999998E-003   22464312931366308.     
   8.8766599999999998E-003   22616397386656800.     
   8.8766599999999998E-003   22766444242539544.     
   8.8766599999999998E-003   22987668089305440.     
   8.8766499999999998E-003   23276577856892544.     
   8.8766499999999998E-003   23558684785829264.     
   8.8766499999999998E-003   23834442024494188.     
   8.8766499999999998E-003   24104272983836488.     
   8.8766399999999999E-003   24368566531813540.     
   8.8766399999999999E-003   24627658582663392.     
   8.8766399999999999E-003   24881863508584488.     
   8.8766399999999999E-003   25131462180386704.     
   8.8766299999999999E-003   25376717869945552.     
   8.8766299999999999E-003   25617852564040120.     
   8.8766299999999999E-003   25855063014932216.     
   8.8766299999999999E-003   26088539381398812.     
   8.8766299999999999E-003   26318470015471052.     
   8.8766200000000000E-003   26544955862933840.     
   8.8766200000000000E-003   26768144359817436.     
   8.8766200000000000E-003   27096640776176084.     
   8.8766100000000001E-003   27524646087464692.     
   8.8766100000000001E-003   27838521085810352.     
   8.8766100000000001E-003   28044218735316328.     
   8.8766100000000001E-003   28247346487200328.     
   8.8766000000000001E-003   28447985532371440.     
   8.8766000000000001E-003   28711646718482980.     
   8.8766000000000001E-003   29035653429701832.     
   8.8765900000000002E-003   29353629072479412.     
   8.8765900000000002E-003   29588449519403140.     
   8.8765900000000002E-003   29743181928637228.     
   8.8765900000000002E-003   29972626742322424.     
   8.8765900000000002E-003   30274160173289908.     
   8.8765800000000002E-003   30570638765306156.     
   8.8765800000000002E-003   30862231367652532.     
   8.8765800000000002E-003   31149108575949272.     
   8.8765700000000003E-003   31431430198930456.     
   8.8765700000000003E-003   31846308209322452.     
   8.8765600000000004E-003   32252591276875288.     
   8.8765600000000004E-003   32518155946563928.     
   8.8765600000000004E-003   32779853995681140.     
   8.8765600000000004E-003   33037782304358976.     
   8.8765500000000004E-003   33417461927506072.     
   8.8765500000000004E-003   33911947546344568.     
   8.8765400000000005E-003   34393312409323408.     
   8.8765400000000005E-003   34862555518719096.     
   8.8765300000000005E-003   35264012069625568.     
   8.8765300000000005E-003   35601475652753244.     
   8.8765200000000006E-003   35933233152298872.     
   8.8765200000000006E-003   36259617550503184.     
   8.8765200000000006E-003   36739230324355376.     
   8.8765100000000006E-003   37209496010481536.     
   8.8765100000000006E-003   37517254421696536.     
   8.8765000000000007E-003   37820929554855504.     
   8.8765000000000007E-003   38120755398044704.     
   8.8765000000000007E-003   38563233666398984.     
   8.8764900000000008E-003   39141942863784800.     
   8.8764800000000008E-003   39708370061960096.     
   8.8764800000000008E-003   40263666482196464.     
   8.8764699999999992E-003   40808301593502688.     
   8.8764599999999992E-003   41342554696692536.     
   8.8764599999999992E-003   41866782501298904.     
   8.8764499999999993E-003   42381371494109872.     
   8.8764499999999993E-003   42886641659153616.     
   8.8764399999999993E-003   43382818419835024.     
   8.8764299999999994E-003   43870070884589512.     
   8.8764299999999994E-003   44427186268611488.     
   8.8764199999999994E-003   45049808172484608.     
   8.8764099999999995E-003   45657760718900840.     
   8.8764099999999995E-003   46251646274450648.     
   8.8763999999999996E-003   46831968103678728.     
   8.8763899999999996E-003   47259007538991592.     
   8.8763899999999996E-003   47539569045543584.     
   8.8763899999999996E-003   47954435685179128.     
   8.8763799999999997E-003   48498022376780272.     
   8.8763699999999997E-003   49030646856983920.     
   8.8763699999999997E-003   49552864176801664.     
   8.8763599999999998E-003   50191694404166472.     
   8.8763499999999999E-003   50941347708696064.     
   8.8763399999999999E-003   51492925370329024.     
   8.8763399999999999E-003   52034210540036944.     
   8.8763300000000000E-003   52568831571670424.     
   8.8763200000000000E-003   52978816582344968.     
   8.8763200000000000E-003   53442497718946048.     
   8.8763100000000001E-003   53901125281202960.     
   8.8763100000000001E-003   54355031803647608.     
   8.8763000000000002E-003   55026728330533392.     
   8.8762900000000002E-003   55691283661595304.     
   8.8762800000000003E-003   56129094528607128.     
   8.8762800000000003E-003   56671270300848544.     
   8.8762700000000003E-003   57315901041855288.     
   8.8762600000000004E-003   58269501765429088.     
   8.8762500000000005E-003   59213072419724536.     
   8.8762400000000005E-003   59834229863054752.     
   8.8762300000000006E-003   60450109045294616.     
   8.8762300000000006E-003   61060906968154232.     
   8.8762200000000006E-003   61966691060367928.     
   8.8762000000000008E-003   63157374210491688.     
   8.8761900000000008E-003   64133504048992744.     
   8.8761799999999991E-003   64902842463169480.     
   8.8761699999999992E-003   65756120427315832.     
   8.8761599999999993E-003   66689108772544296.     
   8.8761499999999993E-003   67605763598087176.     
   8.8761399999999994E-003   68505984002520672.     
   8.8761299999999994E-003   69607661347215592.     
   8.8761099999999996E-003   70578101092442120.     
   8.8761099999999996E-003   71213277547748448.     
   8.8760999999999996E-003   71839368887676008.     
   8.8760899999999997E-003   72456418490745344.     
   8.8760799999999997E-003   73364809281902768.     
   8.8760699999999998E-003   74545909771567712.     
   8.8760599999999999E-003   75693561933610272.     
   8.8760400000000000E-003   76809442047712224.     
   8.8760300000000000E-003   77895065400231136.     
   8.8760100000000001E-003   79125375919278240.     
   8.8760000000000002E-003   80489410707506304.     
   8.8759800000000003E-003   81649919789579728.     
   8.8759700000000004E-003   82621671578181248.     
   8.8759600000000004E-003   83574366294263680.     
   8.8759400000000006E-003   84509459959987824.     
   8.8759300000000006E-003   85579388105060976.     
   8.8759200000000007E-003   86777583243894640.     
   8.8759000000000008E-003   87950944643516016.     
   8.8758900000000009E-003   89101174277847792.     
   8.8758699999999992E-003   90229823379011504.     
   8.8758599999999993E-003   91338288660509872.     
   8.8758399999999994E-003   92427776353069056.     
   8.8758299999999995E-003   93499183791037216.     
   8.8758099999999996E-003   94553231176316816.     
   8.8757999999999997E-003   95590626126855744.     
   8.8757899999999997E-003   96864374690045232.     
   8.8757699999999998E-003   98362488653426032.     
   8.8757500000000000E-003   99586848648525856.     
   8.8757300000000001E-003   1.0055058557938869E+017
   8.8757200000000001E-003   1.0150125480683474E+017
   8.8757100000000002E-003   1.0243937304004018E+017
   8.8756900000000003E-003   1.0382295969221339E+017
   8.8756700000000004E-003   1.0562978203334182E+017
   8.8756500000000006E-003   1.0695829540636722E+017
   8.8756300000000007E-003   1.0783099977456688E+017
   8.8756200000000007E-003   1.0890841154805043E+017
   8.8756000000000008E-003   1.1018360799956843E+017
   8.8755899999999992E-003   1.1144014658518246E+017
   8.8755699999999993E-003   1.1267917257533534E+017
   8.8755499999999994E-003   1.1410345857910514E+017
   8.8755299999999995E-003   1.1570627453169219E+017
   8.8755099999999996E-003   1.1689245238658848E+017
   8.8754999999999997E-003   1.1767511120860659E+017
   8.8754899999999998E-003   1.1883748138213464E+017
   8.8754699999999999E-003   1.2036911316925248E+017
   8.8754500000000000E-003   1.2187991030596400E+017
   8.8754300000000001E-003   1.2337085739125896E+017
   8.8754100000000002E-003   1.2484281377281312E+017
   8.8753900000000004E-003   1.2629665088471398E+017
   8.8753700000000005E-003   1.2844259192866482E+017
   8.8753300000000007E-003   1.3055515567185192E+017
   8.8753100000000008E-003   1.3194201440969555E+017
   8.8752899999999992E-003   1.3331311129186504E+017
   8.8752799999999993E-003   1.3466880439163573E+017
   8.8752599999999994E-003   1.3634169951758038E+017
   8.8752299999999996E-003   1.3831983747942720E+017
   8.8752099999999997E-003   1.3994458481748072E+017
   8.8751899999999998E-003   1.4122861620522192E+017
   8.8751699999999999E-003   1.4281460731179746E+017
   8.8751500000000001E-003   1.4469194018422822E+017
   8.8751200000000002E-003   1.4654154560720970E+017
   8.8751000000000003E-003   1.4836450312266240E+017
   8.8750700000000005E-003   1.5016179632468358E+017
   8.8750500000000006E-003   1.5193440622834051E+017
   8.8750300000000008E-003   1.5368325909738563E+017
   8.8749999999999992E-003   1.5540935559932480E+017
   8.8749799999999993E-003   1.5711368639884019E+017
   8.8749599999999994E-003   1.5879717259952310E+017
   8.8749399999999996E-003   1.6073560187058947E+017
   8.8749099999999997E-003   1.6291973558698733E+017
   8.8748799999999999E-003   1.6453723197841370E+017
   8.8748700000000000E-003   1.6560528109986643E+017
   8.8748500000000001E-003   1.6742612557565523E+017
   8.8748200000000003E-003   1.6997488196730125E+017
   8.8747900000000005E-003   1.7197302509775565E+017
   8.8747700000000006E-003   1.7344024845176602E+017
   8.8747500000000007E-003   1.7525434365571581E+017
   8.8747199999999991E-003   1.7740422806889261E+017
   8.8746899999999993E-003   1.7952494823780624E+017
   8.8746599999999995E-003   1.8161747129985021E+017
   8.8746399999999996E-003   1.8402376506350726E+017
   8.8745999999999998E-003   1.8673092951247078E+017
   8.8745700000000000E-003   1.8873294553406346E+017
   8.8745500000000001E-003   1.9005365446559830E+017
   8.8745300000000003E-003   1.9201442821170909E+017
   8.8745000000000004E-003   1.9459449713983437E+017
   8.8744600000000007E-003   1.9713579531459446E+017
   8.8744300000000009E-003   1.9964013745782598E+017
   8.8743999999999993E-003   2.0210925637149962E+017
   8.8743699999999995E-003   2.0454481061468467E+017
   8.8743399999999997E-003   2.0694834393632310E+017
   8.8743099999999998E-003   2.0932129442384666E+017
   8.8742700000000001E-003   2.1166498794347030E+017
   8.8742400000000003E-003   2.1398069605450883E+017
   8.8742200000000004E-003   2.1683696317012771E+017
   8.8741700000000007E-003   2.2021355009410816E+017
   8.8741299999999992E-003   2.2298710916798464E+017
   8.8740999999999993E-003   2.2517958312206547E+017
   8.8740699999999995E-003   2.2735004367916109E+017
   8.8740399999999997E-003   2.2949918399837546E+017
   8.8740199999999998E-003   2.3215595202619901E+017
   8.8739800000000001E-003   2.3530417112649811E+017
   8.8739400000000003E-003   2.3840975484232797E+017
   8.8739000000000005E-003   2.4147453388862288E+017
   8.8738600000000008E-003   2.4450012087022806E+017
   8.8738199999999993E-003   2.4748798728436208E+017
   8.8737799999999995E-003   2.4995053702682758E+017
   8.8737599999999996E-003   2.5190236685902822E+017
   8.8737299999999998E-003   2.5480009467760163E+017
   8.8736800000000001E-003   2.5861326072008269E+017
   8.8736400000000003E-003   2.6190339911750883E+017
   8.8736000000000006E-003   2.6468936933451261E+017
   8.8735700000000008E-003   2.6744538381067942E+017
   8.8735299999999993E-003   2.7017239855198931E+017
   8.8734999999999994E-003   2.7331794407797242E+017
   8.8734499999999997E-003   2.7686841720219926E+017
   8.8734100000000000E-003   2.8037268799154442E+017
   8.8733700000000002E-003   2.8383252485457200E+017
   8.8733200000000005E-003   2.8724957102710166E+017
   8.8732800000000008E-003   2.9062536921804941E+017
   8.8732399999999993E-003   2.9396139151531770E+017
   8.8731999999999995E-003   2.9725906451409466E+017
   8.8731599999999997E-003   3.0051978614724352E+017
   8.8731200000000000E-003   3.0374488388398650E+017
   8.8730800000000002E-003   3.0693558372034765E+017
   8.8730400000000004E-003   3.1009297711107693E+017
   8.8730000000000007E-003   3.1399341506541082E+017
   8.8729499999999992E-003   3.1861081716612192E+017
   8.8728899999999996E-003   3.2240786481576762E+017
   8.8728499999999998E-003   3.2541227681095539E+017
   8.8728200000000000E-003   3.2838874599081946E+017
   8.8727800000000003E-003   3.3133814814560666E+017
   8.8727400000000005E-003   3.3571157793801517E+017
   8.8726699999999992E-003   3.4145831700424294E+017
   8.8725999999999996E-003   3.4570790118946330E+017
   8.8725699999999998E-003   3.4851142314321114E+017
   8.8725399999999999E-003   3.5267396259137024E+017
   8.8724700000000004E-003   3.5815191311007718E+017
   8.8724100000000007E-003   3.6220826225975142E+017
   8.8723699999999992E-003   3.6488692453273946E+017
   8.8723399999999994E-003   3.6886773954020365E+017
   8.8722799999999998E-003   3.7411261417951456E+017
   8.8722200000000001E-003   3.7928658122291635E+017
   8.8721500000000005E-003   3.8439278723959974E+017
   8.8720899999999991E-003   3.8968765869862650E+017
   8.8720299999999995E-003   3.9664413857439046E+017
   8.8719300000000001E-003   4.0373237483830618E+017
   8.8718600000000005E-003   4.0807267247077760E+017
   8.8718300000000007E-003   4.1236483753488186E+017
   8.8717599999999994E-003   4.1802119385747834E+017
   8.8716999999999997E-003   4.2360232726292461E+017
   8.8716300000000001E-003   4.2911117033441638E+017
   8.8715700000000005E-003   4.3589782513621562E+017
   8.8714699999999994E-003   4.4390787706498246E+017
   8.8713799999999999E-003   4.5307405087522458E+017
   8.8712600000000006E-003   4.6333526127675309E+017
   8.8711399999999996E-003   4.7089228599764710E+017
   8.8710899999999999E-003   4.7586348595867942E+017
   8.8710300000000002E-003   4.8078515242480851E+017
   8.8709700000000006E-003   4.8565891890014406E+017
   8.8709199999999992E-003   4.9108598240224909E+017
   8.8708499999999996E-003   4.9705045333374707E+017
   8.8707800000000000E-003   5.0294759582605011E+017
   8.8707200000000003E-003   5.0877952218930720E+017
   8.8706500000000008E-003   5.1626468196043494E+017
   8.8705499999999996E-003   5.2533957252478317E+017
   8.8704400000000003E-003   5.3537090017934413E+017
   8.8703199999999992E-003   5.4631324138403226E+017
   8.8702000000000000E-003   5.5819983955232781E+017
   8.8700600000000008E-003   5.7098192690282765E+017
   8.8699099999999999E-003   5.8040132779742067E+017
   8.8698500000000003E-003   5.8659996085511398E+017
   8.8697800000000007E-003   5.9679207443220966E+017
   8.8696199999999999E-003   6.1080473282148762E+017
   8.8694700000000008E-003   6.2355559611574336E+017
   8.8693399999999999E-003   6.3224417788145434E+017
   8.8692800000000002E-003   6.3797242889365235E+017
   8.8692200000000006E-003   6.4459367120610381E+017
   8.8691399999999993E-003   6.5208336278419494E+017
   8.8690599999999998E-003   6.6316153529781811E+017
   8.8689000000000007E-003   6.7766813716033088E+017
   8.8687400000000000E-003   6.9188144797159270E+017
   8.8685900000000008E-003   7.0236319365523098E+017
   8.8685199999999995E-003   7.0926568024894541E+017
   8.8684499999999999E-003   7.1780281425338048E+017
   8.8683400000000006E-003   7.2792336453949478E+017
   8.8682299999999995E-003   7.4120968786384358E+017
   8.8680600000000005E-003   7.5751777932118989E+017
   8.8678899999999998E-003   7.7277085014266317E+017
   8.8677400000000007E-003   7.8702542211370253E+017
   8.8675899999999998E-003   8.0115217945727629E+017
   8.8674400000000007E-003   8.1515849068702912E+017
   8.8672999999999998E-003   8.3122414776939597E+017
   8.8671099999999992E-003   8.4925006036399885E+017
   8.8669200000000004E-003   8.6693296547725184E+017
   8.8667499999999996E-003   8.8429141950859750E+017
   8.8665700000000007E-003   9.0134302195944883E+017
   8.8664000000000000E-003   9.1810346733572570E+017
   8.8662299999999993E-003   9.3152015814757696E+017
   8.8661299999999998E-003   9.4171809743032192E+017
   8.8660200000000005E-003   9.5181523762955597E+017
   8.8659199999999994E-003   9.6181474391721101E+017
   8.8658200000000000E-003   9.7663195881823718E+017
   8.8656299999999993E-003   9.9608345328832883E+017
   8.8654300000000005E-003   1.0170860608607894E+018
   8.8652100000000001E-003   1.0396175995899757E+018
   8.8649899999999997E-003   1.0608036824096759E+018
   8.8647900000000009E-003   1.0806971388568916E+018
   8.8646000000000003E-003   1.1027609087007617E+018
   8.8643699999999999E-003   1.1269198402805514E+018
   8.8641399999999995E-003   1.1507127977097998E+018
   8.8639200000000008E-003   1.1741569667087785E+018
   8.8637000000000004E-003   1.1915943148905539E+018
   8.8635899999999993E-003   1.2089507318053880E+018
   8.8633800000000006E-003   1.2261500937641836E+018
   8.8632699999999995E-003   1.2398304329326543E+018
   8.8631200000000004E-003   1.2557047013660460E+018
   8.8629799999999995E-003   1.2714354518042509E+018
   8.8628400000000003E-003   1.2870269374189312E+018
   8.8626999999999994E-003   1.3079609048930693E+018
   8.8624600000000008E-003   1.3340750640414733E+018
   8.8622300000000005E-003   1.3600541899066107E+018
   8.8620000000000001E-003   1.3859067774047276E+018
   8.8617699999999997E-003   1.4156252867208724E+018
   8.8614699999999998E-003   1.4490575716569126E+018
   8.8611799999999998E-003   1.4738578934604685E+018
   8.8610400000000006E-003   1.4903141822773192E+018
   8.8608999999999997E-003   1.5148871348337475E+018
   8.8606199999999996E-003   1.5473201584779238E+018
   8.8603499999999995E-003   1.5793386276089713E+018
   8.8600799999999993E-003   1.6109630786469279E+018
   8.8598099999999992E-003   1.6462629158261998E+018
   8.8594899999999994E-003   1.6850884831954540E+018
   8.8591699999999995E-003   1.7234831581486474E+018
   8.8588599999999997E-003   1.7614734989245284E+018
   8.8585499999999998E-003   1.7990162003494249E+018
   8.8582499999999998E-003   1.8361358414342318E+018
   8.8579499999999999E-003   1.8656541152738775E+018
   8.8577699999999992E-003   1.8878135809028470E+018
   8.8576000000000002E-003   1.9097890481358241E+018
   8.8574199999999995E-003   1.9315858703710779E+018
   8.8572500000000005E-003   1.9642018917212774E+018
   8.8569100000000008E-003   2.0072866419958769E+018
   8.8565799999999993E-003   2.0535647520935898E+018
   8.8561899999999999E-003   2.1029030537431099E+018
   8.8558200000000004E-003   2.1518078315347292E+018
   8.8554500000000008E-003   2.2003065789490509E+018
   8.8550799999999995E-003   2.2380743357290537E+018
   8.8548800000000007E-003   2.2654742186286164E+018
   8.8546700000000002E-003   2.2927643148350845E+018
   8.8544699999999997E-003   2.3199483100556826E+018
   8.8542699999999992E-003   2.3537896830225321E+018
   8.8539699999999992E-003   2.3941006598788301E+018
   8.8536799999999992E-003   2.4411216202255882E+018
   8.8532799999999998E-003   2.4946016029171420E+018
   8.8529000000000004E-003   2.5476396335809674E+018
   8.8525199999999991E-003   2.6002616879090166E+018
   8.8521399999999997E-003   2.6393682517899151E+018
   8.8519600000000007E-003   2.6653616801743836E+018
   8.8517800000000001E-003   2.6947550561302093E+018
   8.8515399999999998E-003   2.7274759617208950E+018
   8.8513199999999993E-003   2.7763253025400166E+018
   8.8508600000000003E-003   2.8407492153499899E+018
   8.8504199999999995E-003   2.8885605118256737E+018
   8.8502000000000008E-003   2.9203096556250271E+018
   8.8499800000000003E-003   2.9554385338842557E+018
   8.8497200000000002E-003   2.9938697156270484E+018
   8.8494600000000000E-003   3.0319626384320829E+018
   8.8491999999999998E-003   3.0697280575027860E+018
   8.8489499999999995E-003   3.1077387532309565E+018
   8.8486899999999993E-003   3.1459911943415649E+018
   8.8484299999999991E-003   3.2032169919464438E+018
   8.8479200000000004E-003   3.2787648843028659E+018
   8.8474299999999999E-003   3.3348876977053189E+018
   8.8471799999999996E-003   3.3722296590882514E+018
   8.8469399999999993E-003   3.4130515315651942E+018
   8.8466499999999993E-003   3.4572732396632970E+018
   8.8463599999999993E-003   3.5011111205307566E+018
   8.8460799999999992E-003   3.5668237783697654E+018
   8.8455200000000008E-003   3.6324120404874342E+018
   8.8452400000000007E-003   3.6761192286681687E+018
   8.8449600000000007E-003   3.7194766908497347E+018
   8.8446900000000005E-003   3.7787730219781222E+018
   8.8442199999999999E-003   3.8535340948437089E+018
   8.8437499999999992E-003   3.9285123337784335E+018
   8.8432800000000002E-003   4.0032572634007987E+018
   8.8428199999999995E-003   4.0739131296075976E+018
   8.8424000000000003E-003   4.1406260260398316E+018
   8.8419799999999993E-003   4.1943655552679091E+018
   8.8417099999999992E-003   4.2358602295715528E+018
   8.8414500000000007E-003   4.3014481799585085E+018
   8.8408800000000006E-003   4.3902948163730857E+018
   8.8403200000000005E-003   4.4600281091284475E+018
   8.8399900000000007E-003   4.5113644820810435E+018
   8.8396700000000009E-003   4.5868109898872914E+018
   8.8390599999999993E-003   4.6864824562395484E+018
   8.8384599999999994E-003   4.7938731581274102E+018
   8.8377799999999999E-003   4.9082270224918804E+018
   8.8371200000000004E-003   4.9973493422606377E+018
   8.8367399999999992E-003   5.0620356169849733E+018
   8.8363699999999996E-003   5.1267831799314156E+018
   8.8360000000000001E-003   5.1915936591466865E+018
   8.8356300000000006E-003   5.2807995317886157E+018
   8.8349799999999992E-003   5.3936251492699341E+018
   8.8343499999999995E-003   5.4923873886113587E+018
   8.8338700000000006E-003   5.5775786899692503E+018
   8.8333999999999999E-003   5.6563194084463012E+018
   8.8330000000000006E-003   5.7647706654515968E+018
   8.8322000000000001E-003   5.9142554049217987E+018
   8.8313599999999999E-003   6.0299060645652511E+018
   8.8309400000000007E-003   6.1061889553843241E+018
   8.8305299999999996E-003   6.2197362216045066E+018
   8.8297199999999992E-003   6.3692818067848847E+018
   8.8289300000000005E-003   6.5124991521274092E+018
   8.8281999999999996E-003   6.6303984509873142E+018
   8.8276899999999991E-003   6.7278349053873050E+018
   8.8271800000000004E-003   6.8695909974924227E+018
   8.8262199999999992E-003   7.0539794515849759E+018
   8.8252799999999996E-003   7.2405725634151035E+018
   8.8243100000000001E-003   7.4293022630281411E+018
   8.8233600000000006E-003   7.5973320149172746E+018
   8.8226199999999998E-003   7.7455422840500972E+018
   8.8218800000000007E-003   7.9266915978891295E+018
   8.8208300000000000E-003   8.0866278135342131E+018
   8.8203099999999996E-003   8.1920945565995827E+018
   8.8197899999999992E-003   8.3390215113909453E+018
   8.8188799999999994E-003   8.5260672180270121E+018
   8.8179899999999995E-003   8.6712996570128179E+018
   8.8174800000000008E-003   8.7760346932537487E+018
   8.8169900000000002E-003   8.9090811406328136E+018
   8.8162199999999996E-003   9.0696511466846013E+018
   8.8154700000000006E-003   9.2733932334446408E+018
   8.8143200000000005E-003   9.4627644014594703E+018
   8.8137000000000007E-003   9.6139346760737669E+018
   8.8129200000000001E-003   9.7829775378234184E+018
   8.8121499999999995E-003   9.9898570229257953E+018
   8.8110299999999992E-003   1.0172683661827447E+019
   8.8104800000000007E-003   1.0293378976020470E+019
   8.8099400000000005E-003   1.0480098982255866E+019
   8.8088100000000003E-003   1.0668391440373344E+019
   8.8082600000000000E-003   1.0792700705851705E+019
   8.8077099999999998E-003   1.0928380242946275E+019
   8.8070500000000003E-003   1.1075149415315962E+019
   8.8064100000000006E-003   1.1262085859301511E+019
   8.8054199999999996E-003   1.1487789453055539E+019
   8.8044400000000002E-003   1.1676696063469081E+019
   8.8037800000000006E-003   1.1830039430564487E+019
   8.8031199999999993E-003   1.1983328514724921E+019
   8.8024599999999998E-003   1.2221042920558574E+019
   8.8010999999999992E-003   1.2538411639832506E+019
   8.7997600000000002E-003   1.2861309829630761E+019
   8.7983699999999998E-003   1.3107778102632651E+019
   8.7976900000000004E-003   1.3270145678753577E+019
   8.7970099999999992E-003   1.3522457993849883E+019
   8.7955900000000007E-003   1.3860344061439345E+019
   8.7942100000000002E-003   1.4203032021690061E+019
   8.7927600000000002E-003   1.4463999097256946E+019
   8.7920499999999992E-003   1.4635236709341309E+019
   8.7913399999999999E-003   1.4810606805781580E+019
   8.7906000000000008E-003   1.4989641971710798E+019
   8.7898600000000000E-003   1.5166275788161997E+019
   8.7891400000000008E-003   1.5340417914577420E+019
   8.7884199999999999E-003   1.5518406254007753E+019
   8.7876599999999992E-003   1.5699676201297263E+019
   8.7869100000000002E-003   1.5966014620930337E+019
   8.7854400000000003E-003   1.6231292569201148E+019
   8.7846599999999997E-003   1.6412666005667854E+019
   8.7838900000000008E-003   1.6590519021655570E+019
   8.7831400000000000E-003   1.6764829000596169E+019
   8.7823899999999993E-003   1.6943008631894950E+019
   8.7815900000000006E-003   1.7122414929975155E+019
   8.7808100000000000E-003   1.7297555901677347E+019
   8.7800399999999994E-003   1.7468782424350396E+019
   8.7792700000000005E-003   1.7642151032095132E+019
   8.7784600000000001E-003   1.7816968068786008E+019
   8.7776699999999996E-003   1.7987114431788603E+019
   8.7768800000000008E-003   1.8153063923473996E+019
   8.7761000000000002E-003   1.8320607123207176E+019
   8.7752699999999999E-003   1.8489168340185870E+019
   8.7744499999999996E-003   1.8652725808616182E+019
   8.7736499999999992E-003   1.8812126200986968E+019
   8.7728500000000004E-003   1.8972724713157190E+019
   8.7720100000000002E-003   1.9134440010490020E+019
   8.7711799999999999E-003   1.9291264313826251E+019
   8.7703499999999997E-003   1.9444594385554584E+019
   8.7695399999999993E-003   1.9599427005938270E+019
   8.7686799999999992E-003   1.9755901833808245E+019
   8.7678300000000008E-003   1.9908173613075804E+019
   8.7669900000000005E-003   2.0057716425465397E+019
   8.7661700000000002E-003   2.0209411304212427E+019
   8.7652900000000002E-003   2.0363456538644091E+019
   8.7644200000000002E-003   2.0514158649980310E+019
   8.7635700000000000E-003   2.0662887535038177E+019
   8.7627199999999999E-003   2.0814937956940300E+019
   8.7618300000000000E-003   2.0969003766908539E+019
   8.7609500000000000E-003   2.1117737803699659E+019
   8.7600700000000000E-003   2.1270819260289561E+019
   8.7592099999999999E-003   2.1515839360672494E+019
   8.7574000000000003E-003   2.1835847840059978E+019
   8.7556400000000003E-003   2.2072113409810493E+019
   8.7547100000000006E-003   2.2236416788935131E+019
   8.7537899999999991E-003   2.2398552743144026E+019
   8.7528899999999993E-003   2.2566026236101263E+019
   8.7519899999999994E-003   2.2837475781269160E+019
   8.7501200000000001E-003   2.3190515912589599E+019
   8.7482800000000006E-003   2.3450112291095720E+019
   8.7473199999999994E-003   2.3632462022493966E+019
   8.7463699999999998E-003   2.3907872477921919E+019
   8.7445000000000005E-003   2.4283492591350747E+019
   8.7425599999999999E-003   2.4565700953329844E+019
   8.7416000000000004E-003   2.4759034322744029E+019
   8.7406600000000008E-003   2.5073014724565930E+019
   8.7386700000000005E-003   2.5479157236421661E+019
   8.7367399999999998E-003   2.5880870103364739E+019
   8.7347199999999996E-003   2.6188161016976503E+019
   8.7337300000000003E-003   2.6393084716231700E+019
   8.7327499999999992E-003   2.6719236704308056E+019
   8.7306899999999993E-003   2.7153364290080543E+019
   8.7286800000000008E-003   2.7597180502982832E+019
   8.7265899999999993E-003   2.8050158146647708E+019
   8.7245399999999994E-003   2.8385602627537539E+019
   8.7234700000000005E-003   2.8619087240614330E+019
   8.7224099999999999E-003   2.8981072105681355E+019
   8.7202500000000006E-003   2.9456882886796870E+019
   8.7181499999999992E-003   2.9933416758760837E+019
   8.7160299999999996E-003   3.0428685085823349E+019
   8.7138100000000007E-003   3.0934204567050224E+019
   8.7116499999999996E-003   3.1307813867281842E+019
   8.7105099999999994E-003   3.1706564592890880E+019
   8.7082800000000005E-003   3.2160170429080457E+019
   8.7066000000000001E-003   3.2559385173160628E+019
   8.7048799999999999E-003   3.3032671949821514E+019
   8.7026299999999994E-003   3.3582447306797654E+019
   8.7002899999999994E-003   3.4063127399211459E+019
   8.6985599999999993E-003   3.4477775669779055E+019
   8.6967899999999994E-003   3.4913273696139219E+019
   8.6950099999999995E-003   3.5341635486940688E+019
   8.6932699999999995E-003   3.5756520369339806E+019
   8.6915699999999992E-003   3.6157907060386361E+019
   8.6899100000000003E-003   3.6514283136551731E+019
   8.6885399999999998E-003   3.6835163517385429E+019
   8.6872000000000008E-003   3.7179619990222856E+019
   8.6856599999999996E-003   3.7537969828635648E+019
   8.6841399999999999E-003   3.7893268999250026E+019
   8.6825700000000006E-003   3.8256621223464878E+019
   8.6810099999999994E-003   3.8706692013254844E+019
   8.6787900000000005E-003   3.9198283460962468E+019
   8.6766199999999995E-003   3.9588472353015538E+019
   8.6750400000000002E-003   3.9924362913875968E+019
   8.6734800000000008E-003   4.0349045288872788E+019
   8.6711900000000005E-003   4.0808484645349982E+019
   8.6689599999999999E-003   4.1171741292803457E+019
   8.6673199999999992E-003   4.1475258492644426E+019
   8.6657000000000001E-003   4.1766931941013062E+019
   8.6640599999999995E-003   4.2053305026815492E+019
   8.6624600000000003E-003   4.2401287834436084E+019
   8.6601300000000003E-003   4.2769931430887170E+019
   8.6578699999999998E-003   4.3081528352673006E+019
   8.6558499999999997E-003   4.3361961458207654E+019
   8.6538699999999993E-003   4.3623922089180185E+019
   8.6518500000000009E-003   4.3875971551487943E+019
   8.6498800000000004E-003   4.4136444819230122E+019
   8.6475200000000006E-003   4.4399181160456692E+019
   8.6452200000000003E-003   4.4645596988227592E+019
   8.6428600000000005E-003   4.4871791719640154E+019
   8.6405700000000002E-003   4.5038820528839467E+019
   8.6388999999999997E-003   4.5195966717902143E+019
   8.6372600000000008E-003   4.5436143214962508E+019
   8.6342299999999997E-003   4.5722359514268869E+019
   8.6313099999999997E-003   4.5941509260761842E+019
   8.6292799999999996E-003   4.6138896243627016E+019
   8.6272999999999992E-003   4.6353038922107658E+019
   8.6252900000000007E-003   4.6578440740922860E+019
   8.6233200000000003E-003   4.6945863729982972E+019
   8.6193799999999994E-003   4.7343937279920742E+019
   8.6173900000000008E-003   4.7637660238711308E+019
   8.6154600000000001E-003   4.8015292744932753E+019
   8.6127800000000004E-003   4.8361988136563925E+019
   8.6114699999999995E-003   4.8602952325518057E+019
   8.6101900000000002E-003   4.8998191553134887E+019
   8.6075100000000005E-003   4.9417036879010120E+019
   8.6061999999999996E-003   4.9786325575133708E+019
   8.6042400000000008E-003   5.0259165466225566E+019
   8.6022300000000006E-003   5.0674390062029390E+019
   8.6009299999999997E-003   5.1200808978323948E+019
   8.5982799999999998E-003   5.1757565854107017E+019
   8.5969400000000008E-003   5.2144303661787316E+019
   8.5956299999999999E-003   5.2648459884003033E+019
   8.5936399999999996E-003   5.3288880715563663E+019
   8.5916199999999995E-003   5.3846306690200584E+019
   8.5903000000000004E-003   5.4300068897146249E+019
   8.5889899999999995E-003   5.5027474984100282E+019
   8.5862600000000001E-003   5.5911764224524665E+019
   8.5842699999999997E-003   5.6563905748035789E+019
   8.5829099999999992E-003   5.7255446180433674E+019
   8.5808499999999992E-003   5.8252402970285253E+019
   8.5781799999999995E-003   5.9133236660894491E+019
   8.5767699999999992E-003   5.9912725378093031E+019
   8.5747099999999993E-003   6.0854310986002833E+019
   8.5726799999999992E-003   6.2010127049197068E+019
   8.5698600000000003E-003   6.3127749253400699E+019
   8.5681100000000003E-003   6.4002409026479604E+019
   8.5663900000000001E-003   6.5097561208194007E+019
   8.5638899999999994E-003   6.6391296776536089E+019
   8.5614599999999999E-003   6.7819427056034447E+019
   8.5585499999999998E-003   6.9002116581130109E+019
   8.5571199999999997E-003   6.9798268312936792E+019
   8.5557099999999994E-003   7.1185308609704100E+019
   8.5523700000000001E-003   7.3106721292741738E+019
   8.5491100000000004E-003   7.4602706236739715E+019
   8.5472299999999994E-003   7.6054686591845384E+019
   8.5442499999999998E-003   7.8009877763090186E+019
   8.5408399999999992E-003   7.9772337454189593E+019
   8.5385900000000004E-003   8.1086258039945363E+019
   8.5366299999999999E-003   8.2318926066467979E+019
   8.5347099999999992E-003   8.3853114566977815E+019
   8.5319500000000000E-003   8.5601245371531149E+019
   8.5292400000000004E-003   8.7263865428601815E+019
   8.5268400000000008E-003   8.8827656198235259E+019
   8.5244899999999992E-003   9.0160745386383655E+019
   8.5228500000000002E-003   9.1257969673885270E+019
   8.5212299999999994E-003   9.2871941537005453E+019
   8.5181200000000006E-003   9.5005599545533137E+019
   8.5150699999999996E-003   9.6577953287594164E+019
   8.5135100000000002E-003   9.7670752869291540E+019
   8.5119500000000008E-003   9.9018446348858589E+019
   8.5097200000000001E-003   1.0060163943565807E+020
   8.5075099999999994E-003   1.0263532157700165E+020
   8.5040700000000007E-003   1.0517027278080070E+020
   8.5005800000000006E-003   1.0792956516062398E+020
   8.4966599999999996E-003   1.1041281356171236E+020
   8.4939799999999999E-003   1.1248374323893700E+020
   8.4912500000000005E-003   1.1504145584452952E+020
   8.4874200000000007E-003   1.1845693229397659E+020
   8.4825999999999999E-003   1.2123374350047137E+020
   8.4804800000000003E-003   1.2295136661242502E+020
   8.4783800000000006E-003   1.2497691018575553E+020
   8.4755500000000001E-003   1.2735746830507114E+020
   8.4726400000000000E-003   1.2978003541306450E+020
   8.4697799999999997E-003   1.3224837514427734E+020
   8.4668299999999998E-003   1.3478976796702941E+020
   8.4638600000000001E-003   1.3734845039143767E+020
   8.4609300000000002E-003   1.3953066199716395E+020
   8.4588700000000003E-003   1.4224297624249413E+020
   8.4548200000000000E-003   1.4640764902004166E+020
   8.4496599999999995E-003   1.5041831650752227E+020
   8.4460300000000002E-003   1.5356125260615906E+020
   8.4428699999999999E-003   1.5656521138006432E+020
   8.4396499999999999E-003   1.6067297601746859E+020
   8.4342500000000008E-003   1.6498206830429481E+020
   8.4306999999999993E-003   1.6765219235296412E+020
   8.4288000000000002E-003   1.7071604466220853E+020
   8.4245499999999994E-003   1.7494176286955740E+020
   8.4203899999999998E-003   1.7821595976473310E+020
   8.4180999999999995E-003   1.8055489760965637E+020
   8.4158299999999991E-003   1.8402315214305152E+020
   8.4114299999999993E-003   1.8858106347118523E+020
   8.4071200000000006E-003   1.9180916762155663E+020
   8.4053300000000008E-003   1.9371810901303162E+020
   8.4035499999999992E-003   1.9696624645325452E+020
   8.3993000000000002E-003   2.0154548827780212E+020
   8.3951300000000006E-003   2.0497330063772202E+020
   8.3929799999999995E-003   2.0735759355682344E+020
   8.3908400000000001E-003   2.1074148445363038E+020
   8.3869400000000007E-003   2.1512187753856375E+020
   8.3830999999999992E-003   2.1885730252521662E+020
   8.3804099999999996E-003   2.2195505649981368E+020
   8.3777399999999998E-003   2.2550215972579010E+020
   8.3743199999999993E-003   2.2949601208999526E+020
   8.3709500000000003E-003   2.3407152351697116E+020
   8.3666399999999998E-003   2.3921918404548270E+020
   8.3623900000000008E-003   2.4397342550121166E+020
   8.3587999999999996E-003   2.5015562250287514E+020
   8.3523699999999996E-003   2.5594446003689629E+020
   8.3495099999999992E-003   2.5976510684013357E+020
   8.3463300000000008E-003   2.6380212505244720E+020
   8.3431900000000003E-003   2.7006957168363602E+020
   8.3366599999999992E-003   2.7855121021558545E+020
   8.3302800000000007E-003   2.8739429944680989E+020
   8.3234499999999996E-003   2.9659760406188766E+020
   8.3167799999999993E-003   3.0362975998750956E+020
   8.3131799999999999E-003   3.0864377506112838E+020
   8.3096300000000001E-003   3.1397759503868369E+020
   8.3056499999999995E-003   3.1963295861605230E+020
   8.3017300000000002E-003   3.2502558966960783E+020
   8.2982000000000004E-003   3.3016053308133232E+020
   8.2947000000000003E-003   3.3635751763292756E+020
   8.2898099999999999E-003   3.4361226077085611E+020
   8.2849900000000008E-003   3.5171489839445226E+020
   8.2791300000000009E-003   3.6064835386061908E+020
   8.2733700000000004E-003   3.6905015868083352E+020
   8.2683199999999991E-003   3.7695225847870115E+020
   8.2633499999999992E-003   3.8516587910418792E+020
   8.2579600000000000E-003   3.9300543095077221E+020
   8.2537400000000007E-003   3.9987806592609930E+020
   8.2495799999999994E-003   4.0919398984851469E+020
   8.2425399999999996E-003   4.2094446982903189E+020
   8.2356500000000006E-003   4.3215168430104910E+020
   8.2295100000000006E-003   4.4275018719729785E+020
   8.2234800000000000E-003   4.5266142234693986E+020
   8.2181400000000005E-003   4.6562082725120895E+020
   8.2090700000000006E-003   4.7716125161247729E+020
   8.2054699999999994E-003   4.8377490836954061E+020
   8.2019099999999998E-003   4.9367549746067433E+020
   8.1948799999999999E-003   5.0685634908890176E+020
   8.1879799999999992E-003   5.1761724167812507E+020
   8.1836600000000006E-003   5.2596412222994252E+020
   8.1793800000000000E-003   5.3581745984197060E+020
   8.1736299999999994E-003   5.4717535385218286E+020
   8.1679600000000002E-003   5.5987911682991587E+020
   8.1610299999999997E-003   5.7708207129518316E+020
   8.1511900000000009E-003   5.9462175351249961E+020
   8.1442000000000007E-003   6.0618500299364447E+020
   8.1402599999999999E-003   6.1933719624318884E+020
   8.1319800000000005E-003   6.3720395454377794E+020
   8.1238600000000001E-003   6.5085504122550092E+020
   8.1195999999999994E-003   6.6035994085070550E+020
   8.1153800000000002E-003   6.6984848618035020E+020
   8.1112000000000007E-003   6.7932896577856917E+020
   8.1070599999999993E-003   6.9414795068023767E+020
   8.0983700000000006E-003   7.1430427539866714E+020
   8.0898399999999992E-003   7.3508643530339176E+020
   8.0809300000000001E-003   7.5649646508977947E+020
   8.0721899999999999E-003   7.7289106483568325E+020
   8.0675999999999994E-003   7.8427061654390309E+020
   8.0630600000000004E-003   7.9564191190200903E+020
   8.0585599999999993E-003   8.0700528417826852E+020
   8.0540999999999998E-003   8.2477414966782774E+020
   8.0447399999999999E-003   8.4892881427840015E+020
   8.0355700000000006E-003   8.6727608994721314E+020
   8.0307499999999997E-003   8.8011109005607004E+020
   8.0259800000000003E-003   8.9293821892141790E+020
   8.0212500000000006E-003   9.0575686948589666E+020
   8.0165700000000006E-003   9.2578760912283238E+020
   8.0067500000000000E-003   9.5303859756736433E+020
   7.9971199999999999E-003   9.8102858970443062E+020
   7.9870600000000007E-003   1.0099743033652216E+021
   7.9771900000000003E-003   1.0321487803973113E+021
   7.9720099999999999E-003   1.0475332679489571E+021
   7.9668800000000008E-003   1.0629096720414478E+021
   7.9617999999999998E-003   1.0782823791613683E+021
   7.9567700000000002E-003   1.1022868049359975E+021
   7.9462200000000004E-003   1.1349447340909147E+021
   7.9358599999999994E-003   1.1597199657010824E+021
   7.9304300000000005E-003   1.1770666588836875E+021
   7.9250499999999995E-003   1.1944055453737744E+021
   7.9197299999999998E-003   1.2117351903513435E+021
   7.9144500000000000E-003   1.2388023723780371E+021
   7.9033799999999998E-003   1.2756286299643608E+021
   7.8925200000000001E-003   1.3135407245723831E+021
   7.8811799999999998E-003   1.3526452137412025E+021
   7.8700599999999999E-003   1.3826031017534381E+021
   7.8642299999999998E-003   1.4033826529457212E+021
   7.8584599999999994E-003   1.4241536151859304E+021
   7.8527400000000004E-003   1.4449203249754593E+021
   7.8470699999999994E-003   1.4773126517649084E+021
   7.8351900000000006E-003   1.5213819572758294E+021
   7.8235300000000004E-003   1.5548073101036484E+021
   7.8174200000000003E-003   1.5781932562265861E+021
   7.8113699999999998E-003   1.6132151927919257E+021
   7.7994400000000004E-003   1.6614538826017837E+021
   7.7869899999999997E-003   1.6987549816255359E+021
   7.7808599999999997E-003   1.7234953804259705E+021
   7.7747800000000002E-003   1.7621529585764189E+021
   7.7620400000000004E-003   1.8149301140048896E+021
   7.7495400000000001E-003   1.8548062830633225E+021
   7.7429899999999999E-003   1.8827399464583936E+021
   7.7365000000000003E-003   1.9180362505798059E+021
   7.7266899999999996E-003   1.9608863721222848E+021
   7.7170099999999998E-003   2.0044771324479259E+021
   7.7070699999999999E-003   2.0490350680832058E+021
   7.6972799999999999E-003   2.0949933800416503E+021
   7.6870200000000001E-003   2.1422725598421168E+021
   7.6769000000000004E-003   2.1904980241821490E+021
   7.6665199999999996E-003   2.2546325265741405E+021
   7.6500900000000000E-003   2.3242371350357132E+021
   7.6378699999999997E-003   2.3850768185373905E+021
   7.6255400000000001E-003   2.4473218025321535E+021
   7.6130900000000003E-003   2.5193824400180343E+021
   7.5973300000000002E-003   2.5930267372597553E+021
   7.5846999999999998E-003   2.6608507580502549E+021
   7.5716100000000003E-003   2.7308392776897675E+021
   7.5585200000000000E-003   2.7979530780444412E+021
   7.5468300000000000E-003   2.8604536891558052E+021
   7.5356900000000003E-003   2.9351654819366987E+021
   7.5198599999999997E-003   3.0156366394876908E+021
   7.5068299999999999E-003   3.0845011287147927E+021
   7.4951699999999998E-003   3.1534800049081187E+021
   7.4814000000000000E-003   3.2345217624513577E+021
   7.4662900000000004E-003   3.3047979656221253E+021
   7.4563700000000004E-003   3.3639985923945702E+021
   7.4424000000000001E-003   3.4368623787074876E+021
   7.4259800000000004E-003   3.4895605748884350E+021
   7.4101499999999999E-003   3.5367230343349215E+021
   7.3955000000000002E-003   3.5352241294042076E+021
   7.3814600000000003E-003   3.4987078766435972E+021
   7.3655900000000000E-003   3.3721265450329220E+021
   7.3593199999999999E-003   3.3882906645574126E+021
   7.3444900000000004E-003   3.0793696172691145E+021
   7.3250600000000004E-003   2.9466115785263048E+021
   7.3112899999999998E-003   2.6305500506046181E+021
   7.2979799999999999E-003   2.2396236876397444E+021
   7.2828499999999996E-003   2.0414898377283071E+021
   7.2689699999999996E-003   1.9310562725861518E+021
   7.2630799999999999E-003   1.7983752748486621E+021
   7.2572200000000000E-003   1.6833567262795490E+021
   7.2429399999999998E-003   1.5958383549964749E+021
   7.2372000000000001E-003   1.5512490370824680E+021
   7.2306499999999999E-003   1.4774115161382390E+021
   7.2255499999999999E-003   1.4730331370999379E+021
   7.2174600000000002E-003   1.4401624910313446E+021
   7.2122899999999997E-003   1.4022901115728125E+021
   7.2074299999999999E-003   1.3853192244166258E+021
   7.2030400000000000E-003   1.3929139135894979E+021
   7.1977899999999999E-003   1.3735080130455541E+021
   7.1919999999999996E-003   1.3687833480606022E+021
   7.1862300000000000E-003   1.3738553499965469E+021
   7.1827400000000000E-003   1.3795615294103659E+021
   7.1779699999999997E-003   1.3872908753088228E+021
   7.1755999999999999E-003   1.3934625930159579E+021
   7.1738200000000000E-003   1.4024998645999754E+021
   7.1696599999999996E-003   1.4120072279670545E+021
   7.1672799999999998E-003   1.4215850333444705E+021
   7.1639700000000004E-003   1.4337584374792973E+021
   7.1612600000000000E-003   1.4569596437596498E+021
   7.1552200000000003E-003   1.4901660700543274E+021
   7.1506900000000003E-003   1.5129827845004997E+021
   7.1455700000000004E-003   1.5604143075304680E+021
   7.1395800000000004E-003   1.6024933467397575E+021
   7.1348799999999997E-003   1.6400077578360395E+021
   7.1303900000000003E-003   1.6847837349885502E+021
   7.1260400000000002E-003   1.7216082120558025E+021
   7.1220800000000003E-003   1.7692915567055819E+021
   7.1170499999999998E-003   1.8083980920417008E+021
   7.1149799999999999E-003   1.8427505963772931E+021
   7.1108500000000002E-003   1.8857601143080595E+021
   7.1081099999999999E-003   1.9265890543934290E+021
   7.1040000000000001E-003   1.9655430442189649E+021
   7.1019600000000000E-003   2.0046161942010599E+021
   7.0979700000000003E-003   2.0572974750257360E+021
   7.0940899999999999E-003   2.0976855602869122E+021
   7.0921500000000002E-003   2.1297426728439573E+021
   7.0896400000000004E-003   2.1844010026635635E+021
   7.0846199999999998E-003   2.2593248347064907E+021
   7.0796300000000000E-003   2.3369418921355088E+021
   7.0746600000000000E-003   2.3968806715384849E+021
   7.0721899999999999E-003   2.4313709639852842E+021
   7.0703299999999997E-003   2.4774971488543215E+021
   7.0666399999999999E-003   2.5399679343311203E+021
   7.0629999999999998E-003   2.6025578417461086E+021
   7.0594200000000003E-003   2.6650410358491804E+021
   7.0559000000000004E-003   2.7273097927698631E+021
   7.0524500000000000E-003   2.8007444657867656E+021
   7.0479300000000000E-003   2.8693964296230645E+021
   7.0451400000000001E-003   2.9219120202564003E+021
   7.0423700000000001E-003   2.9910448003499840E+021
   7.0378000000000003E-003   3.0692550200199007E+021
   7.0342099999999999E-003   3.1355089546573691E+021
   7.0310499999999996E-003   3.1939180549256590E+021
   7.0283100000000003E-003   3.2695796591048723E+021
   7.0237099999999998E-003   3.3641633317129599E+021
   7.0189099999999997E-003   3.4859749382951435E+021
   7.0127200000000001E-003   3.5761494770138952E+021
   7.0098000000000001E-003   3.6493867329628154E+021
   7.0068800000000001E-003   3.7530257035372281E+021
   7.0025199999999999E-003   3.8066859684805665E+021
   6.9967299999999996E-003   4.0098473599160465E+021
   6.9938500000000002E-003   3.9981628507117668E+021
   6.9909700000000000E-003   4.0536465782235107E+021
   6.9865099999999996E-003   4.1746123592869085E+021
   6.9802600000000003E-003   4.3415695943087654E+021
   6.9766400000000001E-003   4.4235780928885883E+021
   6.9705200000000000E-003   4.6109126233759086E+021
   6.9644800000000003E-003   4.6014231340967542E+021
   6.9610499999999999E-003   4.6894795049768945E+021
   6.9588499999999999E-003   4.8533588895567436E+021
   6.9544600000000000E-003   4.8806792791035174E+021
   6.9491300000000004E-003   5.2704434488101464E+021
   6.9460099999999999E-003   5.1689729276881016E+021
   6.9410000000000001E-003   5.1676992005169553E+021
   6.9385000000000002E-003   5.1999467831147291E+021
   6.9336299999999997E-003   5.5938376293383626E+021
   6.9265400000000001E-003   5.5663387261589311E+021
   6.9216800000000004E-003   5.7631683044712833E+021
   6.9168299999999997E-003   5.8479081051487270E+021
   6.9085300000000004E-003   5.9429757731995480E+021
   6.9040999999999998E-003   6.1298722308675286E+021
   6.9004200000000000E-003   6.2670514157447346E+021
   6.8967500000000001E-003   6.4414529431365495E+021
   6.8940599999999996E-003   6.4202696312827622E+021
   6.8920500000000003E-003   6.5698081182750060E+021
   6.8883900000000003E-003   6.7455609807558767E+021
   6.8868100000000002E-003   6.9093317850082721E+021
   6.8842699999999996E-003   7.0335058671235383E+021
   6.8822299999999996E-003   7.2432326060030495E+021
   6.8806600000000002E-003   7.2584096400510676E+021
   6.8790800000000001E-003   7.3688324480541760E+021
   6.8777899999999999E-003   7.4436598400520301E+021
   6.8764899999999999E-003   7.5121271234578098E+021
   6.8752099999999997E-003   7.6164536349428306E+021
   6.8739400000000003E-003   7.8310352251461766E+021
   6.8713400000000001E-003   7.8874999131477083E+021
   6.8687499999999999E-003   7.9348072736389669E+021
   6.8676199999999996E-003   7.9470472032820774E+021
   6.8664900000000003E-003   8.2543352465900029E+021
   6.8646799999999997E-003   8.2748850062414001E+021
   6.8628800000000000E-003   8.2954371429888782E+021
   6.8610800000000003E-003   8.3159916458362148E+021
   6.8592799999999997E-003   8.4929193003114970E+021
   6.8552400000000003E-003   8.6264258650696560E+021
   6.8512199999999999E-003   8.8155407582326675E+021
   6.8422500000000002E-003   8.9121173411325385E+021
   6.8222700000000001E-003   9.0953379028249252E+021
   6.8043699999999997E-003   9.2636038652588185E+021
   6.7899900000000001E-003   9.4897605856714597E+021
   6.7765899999999999E-003   9.7601560556711277E+021
   6.7568599999999999E-003   1.0055730128154792E+022
   6.7383699999999996E-003   1.0295054784663250E+022
   6.7219400000000000E-003   1.0525949085065708E+022
   6.7055999999999999E-003   1.0771838515196599E+022
   6.6894299999999997E-003   1.1030254821738226E+022
   6.6706900000000000E-003   1.1276021688050230E+022
   6.6550899999999998E-003   1.1510595097233507E+022
   6.6391200000000001E-003   1.1756742126805216E+022
   6.6217300000000002E-003   1.2023039733619973E+022
   6.6031600000000003E-003   1.2328858728679493E+022
   6.5807599999999997E-003   1.2622288046318391E+022
   6.5641700000000002E-003   1.2903664409539202E+022
   6.5442599999999997E-003   1.3214654472482586E+022
   6.5246000000000002E-003   1.3493493339414776E+022
   6.5083099999999998E-003   1.3714726845082033E+022
   6.4976599999999997E-003   1.3946473864954754E+022
   6.4792199999999999E-003   1.4186809914020552E+022
   6.4679300000000002E-003   1.4459318799780440E+022
   6.4455800000000002E-003   1.4766625399278513E+022
   6.4293199999999997E-003   1.5037804252903250E+022
   6.4132199999999999E-003   1.5287414179043824E+022
   6.4000899999999998E-003   1.5511898692288485E+022
   6.3870699999999999E-003   1.5882452850517899E+022
   6.3568599999999998E-003   1.6398392173113171E+022
   6.3271800000000000E-003   1.6782070504351261E+022
   6.3136299999999998E-003   1.7114620844680661E+022
   6.2899799999999997E-003   1.7415255845324370E+022
   6.2798300000000001E-003   1.7730987510304231E+022
   6.2554400000000001E-003   1.8174665878346085E+022
   6.2313700000000000E-003   1.8537215947347707E+022
   6.2174700000000001E-003   1.8790882518544702E+022
   6.2036799999999996E-003   1.9121447768037939E+022
   6.1823599999999996E-003   1.9531231991102351E+022
   6.1612699999999999E-003   1.9877889674052515E+022
   6.1470700000000001E-003   2.0148549633818755E+022
   6.1329699999999997E-003   2.0571964983267209E+022
   6.1039099999999997E-003   2.1146573547640334E+022
   6.0752699999999998E-003   2.1623714265110252E+022
   6.0568499999999999E-003   2.2002723001033994E+022
   6.0385899999999999E-003   2.2315642151750232E+022
   6.0275399999999996E-003   2.2538650000833586E+022
   6.0165499999999998E-003   2.2927507095461227E+022
   5.9903500000000002E-003   2.3587788108066642E+022
   5.9540000000000001E-003   2.4284373046985073E+022
   5.9254800000000003E-003   2.4797078612382015E+022
   5.9075300000000002E-003   2.5252291629272260E+022
   5.8843799999999998E-003   2.5764310783300844E+022
   5.8614599999999998E-003   2.6376092807967671E+022
   5.8303499999999998E-003   2.7090216092132631E+022
   5.7989699999999996E-003   2.7645266434968722E+022
   5.7830800000000003E-003   2.8010876494994723E+022
   5.7673100000000003E-003   2.8576520641740928E+022
   5.7350099999999996E-003   2.9342472507293667E+022
   5.7031499999999997E-003   3.0132507841880759E+022
   5.6702799999999998E-003   3.0934813515269592E+022
   5.6378499999999998E-003   3.1755020132688836E+022
   5.6043999999999998E-003   3.2605373519116322E+022
   5.5713899999999998E-003   3.3459438786462383E+022
   5.5373499999999999E-003   3.4342108395793054E+022
   5.5037400000000000E-003   3.5246442296196297E+022
   5.4691000000000002E-003   3.6161938074583601E+022
   5.4348900000000004E-003   3.6864950453666849E+022
   5.4173900000000002E-003   3.7338694473569893E+022
   5.4000000000000003E-003   3.8064653093628751E+022
   5.3644200000000000E-003   3.9049329620106076E+022
   5.3292699999999997E-003   3.9796602238279793E+022
   5.3112899999999998E-003   4.0304518884479252E+022
   5.2934300000000000E-003   4.1079512227483656E+022
   5.2572599999999997E-003   4.2130472843959253E+022
   5.2207599999999996E-003   4.3205519851813735E+022
   5.1839399999999997E-003   4.4305349868861981E+022
   5.1467700000000002E-003   4.5430776880514059E+022
   5.1092600000000000E-003   4.6582553508853517E+022
   5.0714100000000002E-003   4.7761545766348167E+022
   5.0332099999999998E-003   4.8968408466609525E+022
   4.9946499999999998E-003   5.0203766047158078E+022
   4.9557300000000002E-003   5.1469377601202964E+022
   4.9164400000000002E-003   5.2416466234813381E+022
   4.8965700000000003E-003   5.3078754948491883E+022
   4.8767899999999998E-003   5.3734260765442705E+022
   4.8567200000000001E-003   5.4412298344344242E+022
   4.8367499999999999E-003   5.5298395288455027E+022
   4.8049800000000004E-003   5.6376814302363642E+022
   4.7734300000000004E-003   5.7272112076505737E+022
   4.7528800000000001E-003   5.7985233184838547E+022
   4.7324100000000003E-003   5.8715118722228991E+022
   4.7116500000000004E-003   5.9451655627544099E+022
   4.6909800000000000E-003   6.0199391027673457E+022
   4.6700200000000004E-003   6.0956313408087557E+022
   4.6491500000000003E-003   6.1726233827478635E+022
   4.6279900000000002E-003   6.2507095845597977E+022
   4.6069099999999997E-003   6.3299496903252187E+022
   4.5855300000000000E-003   6.4105184593141037E+022
   4.5642399999999998E-003   6.4922653064995623E+022
   4.5426499999999996E-003   6.5755202085971963E+022
   4.5211499999999998E-003   6.6602893842979450E+022
   4.4993400000000001E-003   6.7464467034580959E+022
   4.4776199999999999E-003   6.8340080673227746E+022
   4.4555899999999997E-003   6.9233997740586979E+022
   4.4336400000000000E-003   7.0146175459640539E+022
   4.4113900000000003E-003   7.1075243593202955E+022
   4.3892100000000002E-003   7.2024674335803688E+022
   4.3667300000000001E-003   7.2989229252770085E+022
   4.3443099999999997E-003   7.3980649592447123E+022
   4.3215900000000002E-003   7.4993137130233527E+022
   4.2989400000000002E-003   7.6031310564199152E+022
   4.2759800000000004E-003   7.7093085028864825E+022
   4.2530900000000002E-003   7.8181309441374411E+022
   4.2299700000000004E-003   7.9300150195498475E+022
   4.2067299999999997E-003   8.0449981421843315E+022
   4.1833699999999996E-003   8.1632971627752782E+022
   4.1598700000000004E-003   8.2849757369468944E+022
   4.1362500000000002E-003   8.4107029799346467E+022
   4.1124899999999999E-003   8.5402818757770183E+022
   4.0886000000000004E-003   8.6748474082977317E+022
   4.0645700000000000E-003   8.8139769920480805E+022
   4.0404000000000004E-003   8.9581989992051539E+022
   4.0160999999999999E-003   9.1081032277591734E+022
   3.9916500000000002E-003   9.2635839190844907E+022
   3.9670699999999996E-003   9.4249579805064508E+022
   3.9423300000000000E-003   9.5928138419916572E+022
   3.9174500000000003E-003   9.7672421066948615E+022
   3.8924200000000002E-003   9.9484565764521274E+022
   3.8672400000000001E-003   1.0138038817105465E+023
   3.8419000000000001E-003   1.0335715879213690E+023
   3.8164000000000002E-003   1.0543394319886527E+023
   3.7907499999999998E-003   1.0763708778488440E+023
   3.7649300000000001E-003   1.0998148715232748E+023
   3.7389500000000000E-003   1.1243755862842478E+023
   3.7128000000000000E-003   1.1496137611904961E+023
   3.6864799999999998E-003   1.1752596706000747E+023
   3.6599900000000001E-003   1.2013102393908606E+023
   3.6333200000000002E-003   1.2277630532075740E+023
   3.6064700000000001E-003   1.2546163175866050E+023
   3.5794400000000001E-003   1.2818687484124215E+023
   3.5522100000000001E-003   1.3095193432734580E+023
   3.5247999999999998E-003   1.3375675973346242E+023
   3.4971999999999998E-003   1.3660131529069466E+023
   3.4693900000000001E-003   1.3948559151789317E+023
   3.4413800000000000E-003   1.4240959928204720E+023
   3.4131600000000002E-003   1.4537336411296964E+023
   3.3847299999999999E-003   1.4837691018834034E+023
   3.3560899999999999E-003   1.5142030249999837E+023
   3.3272200000000001E-003   1.5450357303670529E+023
   3.2981299999999998E-003   1.5762678652856444E+023
   3.2688000000000001E-003   1.6078999939973909E+023
   3.2392400000000000E-003   1.6399327166557342E+023
   3.2094300000000001E-003   1.6723665616417792E+023
   3.1793699999999999E-003   1.7052020647247027E+023
   3.1490500000000000E-003   1.7384397084520231E+023
   3.1184799999999999E-003   1.7720799071936145E+023
   3.0876300000000001E-003   1.8061230985810596E+023
   3.0565000000000002E-003   1.8405693841534320E+023
   3.0250899999999998E-003   1.8754190151197329E+023
   2.9933799999999999E-003   1.9106720041011466E+023
   2.9613700000000001E-003   1.9463282001402518E+023
   2.9290499999999999E-003   1.9823873769409668E+023
   2.8963999999999999E-003   2.0188490359053128E+023
   2.8634200000000002E-003   2.0557126476381304E+023
   2.8300999999999999E-003   2.0929773750468857E+023
   2.7964299999999999E-003   2.1306420495183625E+023
   2.7623900000000000E-003   2.1687055901832075E+023
   2.7279600000000002E-003   2.2071663976651656E+023
   2.6931500000000001E-003   2.2460226341571232E+023
   2.6579199999999998E-003   2.2852723020164385E+023
   2.6222699999999999E-003   2.3249128291825108E+023
   2.5861800000000000E-003   2.3649414896035574E+023
   2.5496300000000002E-003   2.4053551852079234E+023
   2.5125999999999998E-003   2.4461503323081410E+023
   2.4750699999999998E-003   2.4873229856557710E+023
   2.4370199999999998E-003   2.5288686639974232E+023
   2.3984300000000000E-003   2.5707824191296992E+023
   2.3592600000000002E-003   2.6130587587273454E+023
   2.3194900000000000E-003   2.6556586354153960E+023
   2.2790900000000001E-003   2.6988390548407369E+023
   2.2380299999999998E-003   2.7423619039543038E+023
   2.1962700000000002E-003   2.7862187932853039E+023
   2.1537700000000002E-003   2.8304007906970746E+023
   2.1104900000000000E-003   2.8748975891043279E+023
   2.0663700000000001E-003   2.9196382234327535E+023
   2.0213599999999998E-003   2.9649122744414224E+023
   1.9754199999999999E-003   3.0104837953981960E+023
   1.9284500000000000E-003   3.0562774204901655E+023
   1.8807299999999999E-003   3.1026155698856165E+023
   1.8311800000000000E-003   3.1491886207951425E+023
   1.7806899999999999E-003   3.1958489251866614E+023
   1.7288300000000000E-003   3.2331885246856814E+023
   1.6892400000000001E-003   3.2704655195874170E+023
   1.6481600000000001E-003   3.3250616419339710E+023
   1.5708000000000000E-003   3.3680115489781558E+023
   1.5274700000000000E-003   3.4067271897656007E+023
   1.4820499999999999E-003   3.4649182444030481E+023
   1.3879000000000001E-003   3.5181394071123110E+023
   1.3229100000000001E-003   3.5671468960416336E+023
   1.2551200000000000E-003   3.6113704742654594E+023
   1.1802500000000001E-003   3.6626982269081639E+023
   1.1005300000000000E-003   3.7083989227530171E+023
   1.0087500000000001E-003   3.7650638737999148E+023
   8.9930000000000001E-004   3.8302294363069496E+023
   7.0638999999999999E-004   3.8734926274174853E+023
   5.6780999999999997E-004   3.9156045889327031E+023
   4.8412999999999999E-004   3.9367014580200468E+023
   3.8296000000000001E-004   3.9425103300212012E+023
   3.1385000000000001E-004   3.9629476429421243E+023
   2.5071000000000002E-004   3.9517372546977538E+023
   2.0164000000000000E-004   3.9734380434168605E+023
   1.6417000000000000E-004   3.9701274603550527E+023
   1.3642999999999999E-004   3.9800030675878405E+023
   1.1689000000000000E-004   3.9782708381723439E+023
   1.0404000000000000E-004   3.9830906009316195E+023
   8.6870000000000000E-005   3.9848720245354860E+023
   6.8940000000000001E-005   3.9853435690283690E+023
   5.4719999999999998E-005   3.9880084534978260E+023
   4.3430000000000003E-005   3.9884224638007920E+023
   3.4470000000000000E-005   3.9885806966140981E+023
   2.7359999999999999E-005   3.9896999379401751E+023
   2.1710000000000001E-005   3.9897901466128633E+023
   1.7229999999999999E-005   3.9903204019997846E+023
   1.3679999999999999E-005   3.9908426425750763E+023
