   8.8825999999999992E-003   2849126320945494.0     
   8.8825999999999992E-003   3120934549521492.5     
   8.8825999999999992E-003   3357809915280632.0     
   8.8825999999999992E-003   3563056290917963.0     
   8.8825999999999992E-003   3754738902337346.5     
   8.8825899999999992E-003   3935048409240064.5     
   8.8825899999999992E-003   4105592644816330.0     
   8.8825899999999992E-003   4267543037399594.0     
   8.8825899999999992E-003   4421796734533675.5     
   8.8825899999999992E-003   4569155049194351.0     
   8.8825899999999992E-003   4710310014747058.0     
   8.8825899999999992E-003   4845870802052590.0     
   8.8825899999999992E-003   4976381575124555.0     
   8.8825899999999992E-003   5102315152491585.0     
   8.8825899999999992E-003   5224066749131358.0     
   8.8825799999999993E-003   5341977772264556.0     
   8.8825799999999993E-003   5456339333152245.0     
   8.8825799999999993E-003   5567413958493755.0     
   8.8825799999999993E-003   5675425984649366.0     
   8.8825799999999993E-003   5780565715968040.0     
   8.8825799999999993E-003   5908061592673584.0     
   8.8825799999999993E-003   6056049416286812.0     
   8.8825799999999993E-003   6198796081040602.0     
   8.8825799999999993E-003   6336693794209312.0     
   8.8825799999999993E-003   6448247697819080.0     
   8.8825799999999993E-003   6535290324480504.0     
   8.8825799999999993E-003   6620536826869562.0     
   8.8825799999999993E-003   6704067524699598.0     
   8.8825699999999994E-003   6806109168821979.0     
   8.8825699999999994E-003   6925455650227675.0     
   8.8825699999999994E-003   7041522504702516.0     
   8.8825699999999994E-003   7154501200908966.0     
   8.8825699999999994E-003   7246483691343915.0     
   8.8825699999999994E-003   7318630903050132.0     
   8.8825699999999994E-003   7389595139842988.0     
   8.8825699999999994E-003   7459417238154805.0     
   8.8825699999999994E-003   7561971105714124.0     
   8.8825699999999994E-003   7662415478513126.0     
   8.8825699999999994E-003   7728051064394872.0     
   8.8825699999999994E-003   7824600657679969.0     
   8.8825699999999994E-003   7950289010334356.0     
   8.8825699999999994E-003   8072522782542580.0     
   8.8825599999999994E-003   8191502237972731.0     
   8.8825599999999994E-003   8278788922072109.0     
   8.8825599999999994E-003   8335996618432518.0     
   8.8825599999999994E-003   8392481732121325.0     
   8.8825599999999994E-003   8448266126553799.0     
   8.8825599999999994E-003   8530589422820276.0     
   8.8825599999999994E-003   8638138808760988.0     
   8.8825599999999994E-003   8743155934974215.0     
   8.8825599999999994E-003   8845755521822081.0     
   8.8825599999999994E-003   8962482569709654.0     
   8.8825599999999994E-003   9092304036853620.0     
   8.8825599999999994E-003   9218458175610162.0     
   8.8825599999999994E-003   9341160276147018.0     
   8.8825499999999995E-003   9460613865231134.0     
   8.8825499999999995E-003   9577017017501272.0     
   8.8825499999999995E-003   9690546869393636.0     
   8.8825499999999995E-003   9801362757282070.0     
   8.8825499999999995E-003   9922930754521904.0     
   8.8825499999999995E-003   10054479259030524.     
   8.8825499999999995E-003   10182491462355148.     
   8.8825499999999995E-003   10276381982869972.     
   8.8825499999999995E-003   10337923884099874.     
   8.8825499999999995E-003   10428715582159842.     
   8.8825499999999995E-003   10547283040092252.     
   8.8825399999999995E-003   10663026507321328.     
   8.8825399999999995E-003   10776091555818592.     
   8.8825399999999995E-003   10886605450669622.     
   8.8825399999999995E-003   10994689178218954.     
   8.8825399999999995E-003   11100454887957698.     
   8.8825399999999995E-003   11204003151489620.     
   8.8825399999999995E-003   11305432563592324.     
   8.8825399999999995E-003   11404833880504090.     
   8.8825399999999995E-003   11550187454395542.     
   8.8825399999999995E-003   11714923695147446.     
   8.8825299999999996E-003   11851980543813710.     
   8.8825299999999996E-003   11985533650318068.     
   8.8825299999999996E-003   12083600447350348.     
   8.8825299999999996E-003   12147956045724012.     
   8.8825299999999996E-003   12243013844736196.     
   8.8825299999999996E-003   12367330974832424.     
   8.8825299999999996E-003   12548521359919148.     
   8.8825199999999997E-003   12724482738653386.     
   8.8825199999999997E-003   12838714414272032.     
   8.8825199999999997E-003   12950724249149712.     
   8.8825199999999997E-003   13060614881463328.     
   8.8825199999999997E-003   13168481681281500.     
   8.8825199999999997E-003   13274406056170888.     
   8.8825199999999997E-003   13378461088566466.     
   8.8825199999999997E-003   13480711482369966.     
   8.8825199999999997E-003   13597760735594246.     
   8.8825099999999997E-003   13728775164144942.     
   8.8825099999999997E-003   13919722381029768.     
   8.8825099999999997E-003   14105061876257488.     
   8.8825099999999997E-003   14225279442369652.     
   8.8825099999999997E-003   14343065582709404.     
   8.8825099999999997E-003   14458527104859764.     
   8.8824999999999998E-003   14585726923728560.     
   8.8824999999999998E-003   14723950918802624.     
   8.8824999999999998E-003   14859022916259726.     
   8.8824999999999998E-003   14991089199997882.     
   8.8824999999999998E-003   15120290958595600.     
   8.8824999999999998E-003   15246756642287640.     
   8.8824899999999998E-003   15431425528729826.     
   8.8824899999999998E-003   15622932034182778.     
   8.8824899999999998E-003   15762705566239064.     
   8.8824899999999998E-003   15899485547610838.     
   8.8824899999999998E-003   16033414101756728.     
   8.8824799999999999E-003   16164627579783264.     
   8.8824799999999999E-003   16293272973072242.     
   8.8824799999999999E-003   16419511252571908.     
   8.8824799999999999E-003   16543493804724842.     
   8.8824799999999999E-003   16665370070478906.     
   8.8824799999999999E-003   16785272514921506.     
   8.8824699999999999E-003   16903329449291068.     
   8.8824699999999999E-003   17019658870512348.     
   8.8824699999999999E-003   17191077723820578.     
   8.8824699999999999E-003   17414651087216426.     
   8.8824600000000000E-003   17633090136117592.     
   8.8824600000000000E-003   17847126397182544.     
   8.8824600000000000E-003   18057479444448032.     
   8.8824600000000000E-003   18264741408016444.     
   8.8824500000000001E-003   18469341174389344.     
   8.8824500000000001E-003   18671676696530224.     
   8.8824500000000001E-003   18872117766034696.     
   8.8824400000000001E-003   19070996090769592.     
   8.8824400000000001E-003   19268491090382768.     
   8.8824400000000001E-003   19464692094231912.     
   8.8824400000000001E-003   19659704342649580.     
   8.8824300000000002E-003   19853631971958024.     
   8.8824300000000002E-003   20046580258646788.     
   8.8824300000000002E-003   20238615722881836.     
   8.8824300000000002E-003   20524442495079224.     
   8.8824200000000002E-003   20902753427756512.     
   8.8824200000000002E-003   21184097301604932.     
   8.8824100000000003E-003   21369945961732136.     
   8.8824100000000003E-003   21554613965302736.     
   8.8824100000000003E-003   21738081370350776.     
   8.8824100000000003E-003   21980598927146612.     
   8.8824000000000004E-003   22280857569714160.     
   8.8824000000000004E-003   22577531498466092.     
   8.8823900000000004E-003   22797797389587280.     
   8.8823900000000004E-003   22943362401312328.     
   8.8823900000000004E-003   23159780847463540.     
   8.8823900000000004E-003   23445103004101328.     
   8.8823800000000005E-003   23726430011946520.     
   8.8823800000000005E-003   24003692650023068.     
   8.8823800000000005E-003   24276857965992320.     
   8.8823700000000005E-003   24545896913942380.     
   8.8823700000000005E-003   24941443687432140.     
   8.8823600000000006E-003   25328356511978080.     
   8.8823600000000006E-003   25581172281896784.     
   8.8823600000000006E-003   25830082392561280.     
   8.8823500000000007E-003   26075137449035392.     
   8.8823500000000007E-003   26435488867611544.     
   8.8823500000000007E-003   26903060006461020.     
   8.8823400000000007E-003   27356185914576268.     
   8.8823300000000008E-003   27795505691367004.     
   8.8823300000000008E-003   28169070443803196.     
   8.8823200000000008E-003   28481580435694652.     
   8.8823200000000008E-003   28787246441350120.     
   8.8823200000000008E-003   29086362061393076.     
   8.8823099999999992E-003   29523681701183556.     
   8.8822999999999992E-003   29948148559481428.     
   8.8822999999999992E-003   30224861586418140.     
   8.8822999999999992E-003   30497056897461672.     
   8.8822899999999993E-003   30765179754333044.     
   8.8822899999999993E-003   31160423145126524.     
   8.8822799999999993E-003   31676932195167356.     
   8.8822699999999994E-003   32183112239455564.     
   8.8822699999999994E-003   32680603159685944.     
   8.8822599999999995E-003   33170566932253340.     
   8.8822499999999995E-003   33653945280018856.     
   8.8822499999999995E-003   34131456848719832.     
   8.8822399999999996E-003   34603476723413820.     
   8.8822299999999996E-003   35070141677964392.     
   8.8822299999999996E-003   35531509967441028.     
   8.8822199999999997E-003   35987602673610032.     
   8.8822199999999997E-003   36512768055691984.     
   8.8822099999999998E-003   37104289955405064.     
   8.8821999999999998E-003   37686161754315840.     
   8.8821899999999999E-003   38258343715026424.     
   8.8821799999999999E-003   38820860078874664.     
   8.8821799999999999E-003   39236602599909352.     
   8.8821700000000000E-003   39510679030479512.     
   8.8821700000000000E-003   39917235894937960.     
   8.8821600000000001E-003   40451302410047824.     
   8.8821600000000001E-003   40976191120188000.     
   8.8821500000000001E-003   41492078000131424.     
   8.8821400000000002E-003   42124485310460616.     
   8.8821300000000002E-003   42865805059782560.     
   8.8821200000000003E-003   43409512443558888.     
   8.8821200000000003E-003   43942800603030728.     
   8.8821100000000004E-003   44465927083752224.     
   8.8821000000000004E-003   44865874012401872.     
   8.8821000000000004E-003   45315579856707680.     
   8.8820900000000005E-003   45757464030138192.     
   8.8820800000000005E-003   46191554588131128.     
   8.8820800000000005E-003   46828347542601200.     
   8.8820700000000006E-003   47447582134098600.     
   8.8820600000000006E-003   47851117304115728.     
   8.8820600000000006E-003   48345349849577880.     
   8.8820500000000007E-003   48924019466975712.     
   8.8820400000000008E-003   49765040717238976.     
   8.8820199999999992E-003   50576267067050344.     
   8.8820099999999992E-003   51102452428019600.     
   8.8820099999999992E-003   51618363987912328.     
   8.8819999999999993E-003   52125041975963232.     
   8.8819899999999993E-003   52869048740476744.     
   8.8819799999999994E-003   53836271897502672.     
   8.8819599999999995E-003   54623211773159864.     
   8.8819499999999996E-003   55241089531398352.     
   8.8819399999999996E-003   55925176748550152.     
   8.8819299999999997E-003   56672930341623664.     
   8.8819199999999997E-003   57407847468697720.     
   8.8819099999999998E-003   58130240569120976.     
   8.8818999999999999E-003   59014939843516368.     
   8.8818800000000000E-003   59795384659382480.     
   8.8818700000000000E-003   60305848941888032.     
   8.8818600000000001E-003   60808644121759128.     
   8.8818600000000001E-003   61303767535656696.     
   8.8818500000000002E-003   62032027004550688.     
   8.8818300000000003E-003   62979003473003072.     
   8.8818200000000003E-003   63899128727068672.     
   8.8818000000000005E-003   64793768729624664.     
   8.8817900000000005E-003   65664609728906104.     
   8.8817700000000006E-003   66652463461422904.     
   8.8817500000000008E-003   67748578483835984.     
   8.8817400000000008E-003   68681784185416968.     
   8.8817199999999992E-003   69463771984565760.     
   8.8817099999999993E-003   70231019394842096.     
   8.8816999999999993E-003   70984909066335464.     
   8.8816799999999994E-003   71848868722042344.     
   8.8816699999999995E-003   72818821732164976.     
   8.8816499999999996E-003   73772165001122320.     
   8.8816299999999997E-003   74710998760684896.     
   8.8816199999999998E-003   75636464641312432.     
   8.8815999999999999E-003   76549497558009776.     
   8.8815800000000000E-003   77451024304484528.     
   8.8815700000000001E-003   78341882169828272.     
   8.8815500000000002E-003   79222625709556304.     
   8.8815400000000003E-003   80093694390738496.     
   8.8815200000000004E-003   81168884019704752.     
   8.8815000000000005E-003   82441838639504352.     
   8.8814800000000006E-003   83488838011125728.     
   8.8814700000000007E-003   84316891593674896.     
   8.8814500000000008E-003   85137136687638144.     
   8.8814400000000009E-003   85949800256731856.     
   8.8814199999999992E-003   87153880576161616.     
   8.8813999999999994E-003   88735986562268192.     
   8.8813699999999995E-003   89905318858775616.     
   8.8813599999999996E-003   90675737060714288.     
   8.8813399999999997E-003   91628966773087408.     
   8.8813199999999998E-003   92759619693184880.     
   8.8813099999999999E-003   93875764151817488.     
   8.8812900000000000E-003   94977807309519440.     
   8.8812700000000001E-003   96245904325899232.     
   8.8812500000000003E-003   97673535516486832.     
   8.8812200000000004E-003   98729836124024176.     
   8.8812100000000005E-003   99426781912540400.     
   8.8812000000000006E-003   1.0046159289029731E+017
   8.8811800000000007E-003   1.0182340259321070E+017
   8.8811500000000008E-003   1.0316463916515706E+017
   8.8811299999999992E-003   1.0448592901780043E+017
   8.8811099999999994E-003   1.0578791345859754E+017
   8.8810899999999995E-003   1.0707125040868691E+017
   8.8810699999999996E-003   1.0896165490612624E+017
   8.8810299999999998E-003   1.1081618409673016E+017
   8.8810099999999999E-003   1.1203174338668850E+017
   8.8809900000000001E-003   1.1323199365213486E+017
   8.8809700000000002E-003   1.1441751517595173E+017
   8.8809500000000003E-003   1.1587909419430600E+017
   8.8809200000000005E-003   1.1760572679265645E+017
   8.8808900000000007E-003   1.1902301643753381E+017
   8.8808700000000008E-003   1.2014272865404101E+017
   8.8808499999999992E-003   1.2152542445568421E+017
   8.8808299999999993E-003   1.2316193426833368E+017
   8.8807999999999995E-003   1.2477413538319589E+017
   8.8807699999999996E-003   1.2636305741998074E+017
   8.8807499999999998E-003   1.2792960909910267E+017
   8.8807199999999999E-003   1.2947459270217739E+017
   8.8807000000000001E-003   1.3099876159330408E+017
   8.8806700000000002E-003   1.3250285129125837E+017
   8.8806500000000003E-003   1.3398753709813595E+017
   8.8806200000000005E-003   1.3545341177427962E+017
   8.8806000000000006E-003   1.3714012972280475E+017
   8.8805700000000008E-003   1.3903849179715179E+017
   8.8805399999999993E-003   1.4044248763209642E+017
   8.8805199999999994E-003   1.4136880552035851E+017
   8.8805099999999994E-003   1.4294674270256290E+017
   8.8804699999999997E-003   1.4515196361294762E+017
   8.8804299999999999E-003   1.4687840128511779E+017
   8.8804100000000000E-003   1.4814515866480074E+017
   8.8803900000000002E-003   1.4971029971185472E+017
   8.8803600000000003E-003   1.5156354933873389E+017
   8.8803300000000005E-003   1.5339046430221123E+017
   8.8803000000000007E-003   1.5519252762415952E+017
   8.8802699999999991E-003   1.5726509449123949E+017
   8.8802299999999994E-003   1.5959876856621898E+017
   8.8801899999999996E-003   1.6132680581009875E+017
   8.8801799999999997E-003   1.6246753973436298E+017
   8.8801599999999998E-003   1.6416240568742349E+017
   8.8801200000000000E-003   1.6639705012509171E+017
   8.8800800000000003E-003   1.6860276868784851E+017
   8.8800500000000004E-003   1.7078102310011907E+017
   8.8800100000000007E-003   1.7293294028362803E+017
   8.8799800000000009E-003   1.7505945942466934E+017
   8.8799499999999993E-003   1.7716151345538944E+017
   8.8799099999999995E-003   1.7923994731031587E+017
   8.8798799999999997E-003   1.8129551174434835E+017
   8.8798499999999999E-003   1.8332887091200134E+017
   8.8798100000000001E-003   1.8583906296998291E+017
   8.8797700000000004E-003   1.8880935919536960E+017
   8.8797200000000007E-003   1.9125057367623120E+017
   8.8796900000000008E-003   1.9318062808241360E+017
   8.8796599999999993E-003   1.9509148899505914E+017
   8.8796299999999995E-003   1.9698363230170544E+017
   8.8795999999999996E-003   1.9932248858678115E+017
   8.8795599999999999E-003   2.0209353790530829E+017
   8.8795100000000002E-003   2.0482624747371949E+017
   8.8794700000000004E-003   2.0752205478995754E+017
   8.8794300000000007E-003   2.1018236245468259E+017
   8.8793899999999992E-003   2.1280835155484720E+017
   8.8793499999999994E-003   2.1497162027122778E+017
   8.8793199999999996E-003   2.1668557143798627E+017
   8.8792899999999998E-003   2.1922895605279558E+017
   8.8792400000000000E-003   2.2257327019156672E+017
   8.8791900000000003E-003   2.2545631929701187E+017
   8.8791500000000006E-003   2.2789574780670061E+017
   8.8791200000000008E-003   2.3030722672389117E+017
   8.8790799999999993E-003   2.3269164085572413E+017
   8.8790399999999995E-003   2.3543997039482778E+017
   8.8789899999999998E-003   2.3853940291446883E+017
   8.8789500000000000E-003   2.4159583094071821E+017
   8.8789000000000003E-003   2.4461108357930643E+017
   8.8788500000000006E-003   2.4758687534209574E+017
   8.8788099999999991E-003   2.5052481899809859E+017
   8.8787599999999994E-003   2.5342642938903891E+017
   8.8787199999999997E-003   2.5629314375827920E+017
   8.8786799999999999E-003   2.5912634361279894E+017
   8.8786300000000002E-003   2.6192732541112416E+017
   8.8785900000000004E-003   2.6469730065854602E+017
   8.8785500000000007E-003   2.6743741494558886E+017
   8.8785099999999992E-003   2.7082124215114659E+017
   8.8784499999999995E-003   2.7482625592354214E+017
   8.8783899999999999E-003   2.7811926707173840E+017
   8.8783500000000001E-003   2.8072431243988278E+017
   8.8783100000000004E-003   2.8330464875863904E+017
   8.8782700000000006E-003   2.8586091976862630E+017
   8.8782300000000008E-003   2.8964962271112186E+017
   8.8781599999999995E-003   2.9462502664798765E+017
   8.8780800000000000E-003   2.9830166492955917E+017
   8.8780500000000002E-003   3.0072567857193037E+017
   8.8780100000000004E-003   3.0432244779542592E+017
   8.8779400000000008E-003   3.0905255080098464E+017
   8.8778699999999995E-003   3.1255283938363430E+017
   8.8778299999999997E-003   3.1486300508852877E+017
   8.8777999999999999E-003   3.1829434111944320E+017
   8.8777300000000003E-003   3.2281280516120678E+017
   8.8776600000000008E-003   3.2726714819200499E+017
   8.8775999999999994E-003   3.3166032962162931E+017
   8.8775299999999998E-003   3.3621316558092109E+017
   8.8774600000000002E-003   3.4219151488610714E+017
   8.8773600000000008E-003   3.4828319982504019E+017
   8.8772899999999995E-003   3.5201350187948237E+017
   8.8772499999999997E-003   3.5570192476046099E+017
   8.8771800000000001E-003   3.6056410467702605E+017
   8.8771100000000006E-003   3.6536256788300499E+017
   8.8770399999999992E-003   3.7009982348303354E+017
   8.8769699999999997E-003   3.7593660381573414E+017
   8.8768700000000002E-003   3.8282798653027251E+017
   8.8767700000000008E-003   3.9071401622228019E+017
   8.8766399999999999E-003   3.9954066431409069E+017
   8.8765200000000006E-003   4.0603794009707597E+017
   8.8764599999999992E-003   4.1030890846292416E+017
   8.8763899999999996E-003   4.1453494301470061E+017
   8.8763300000000000E-003   4.1871730423085216E+017
   8.8762800000000003E-003   4.2337129346076058E+017
   8.8762000000000008E-003   4.2848254949576390E+017
   8.8761299999999994E-003   4.3353245055375866E+017
   8.8760599999999999E-003   4.3852330172470502E+017
   8.8759900000000003E-003   4.4492429540895008E+017
   8.8758799999999992E-003   4.5268050696113485E+017
   8.8757699999999998E-003   4.6124937760978822E+017
   8.8756400000000006E-003   4.7059304660710445E+017
   8.8755099999999996E-003   4.8073755257822291E+017
   8.8753500000000006E-003   4.9164128331096365E+017
   8.8751999999999998E-003   4.9967458273846650E+017
   8.8751300000000002E-003   5.0495916666121114E+017
   8.8750600000000006E-003   5.1364490110409274E+017
   8.8748899999999999E-003   5.2558339236633466E+017
   8.8747300000000008E-003   5.3644100530016045E+017
   8.8745899999999999E-003   5.4383642664000326E+017
   8.8745300000000003E-003   5.4870984066657018E+017
   8.8744600000000007E-003   5.5434100130909120E+017
   8.8743799999999994E-003   5.6070869543142483E+017
   8.8742900000000000E-003   5.7012075852715251E+017
   8.8741199999999992E-003   5.8243897736442368E+017
   8.8739600000000002E-003   5.9450068193492275E+017
   8.8737999999999994E-003   6.0339380543747251E+017
   8.8737199999999999E-003   6.0924744639254592E+017
   8.8736400000000003E-003   6.1648515858494272E+017
   8.8735199999999993E-003   6.2506450391290394E+017
   8.8734100000000000E-003   6.3632289809599053E+017
   8.8732199999999994E-003   6.5014096599518016E+017
   8.8730400000000004E-003   6.6306245604268557E+017
   8.8728799999999997E-003   6.7513540648818637E+017
   8.8727200000000006E-003   6.8709896111075942E+017
   8.8725699999999998E-003   6.9895997738942515E+017
   8.8724100000000007E-003   7.1255985980497114E+017
   8.8722100000000002E-003   7.2781101723031936E+017
   8.8720199999999996E-003   7.4275813094740800E+017
   8.8718300000000007E-003   7.5741568301050918E+017
   8.8716400000000001E-003   7.7179833379563149E+017
   8.8714599999999994E-003   7.8591970056108301E+017
   8.8712800000000005E-003   7.9721441174308134E+017
   8.8711699999999994E-003   8.0579326971404301E+017
   8.8710600000000001E-003   8.1428344089449664E+017
   8.8709500000000007E-003   8.2268808503723238E+017
   8.8708499999999996E-003   8.3513400392483251E+017
   8.8706400000000008E-003   8.5146544742749491E+017
   8.8704300000000003E-003   8.6908801792731008E+017
   8.8702000000000000E-003   8.8794253313154112E+017
   8.8699599999999997E-003   9.0560146545430054E+017
   8.8697499999999992E-003   9.2212542494714189E+017
   8.8695500000000004E-003   9.4047911353925696E+017
   8.8693000000000001E-003   9.6061223399267098E+017
   8.8690599999999998E-003   9.8047054327325197E+017
   8.8688199999999995E-003   1.0000655022776273E+018
   8.8685900000000008E-003   1.0146629146438054E+018
   8.8684799999999998E-003   1.0291943687319875E+018
   8.8682499999999994E-003   1.0436187620498056E+018
   8.8681400000000001E-003   1.0550949114639155E+018
   8.8679799999999993E-003   1.0684233638962572E+018
   8.8678300000000002E-003   1.0816415921545603E+018
   8.8676799999999993E-003   1.0947527376528772E+018
   8.8675300000000002E-003   1.1123664997716467E+018
   8.8672800000000000E-003   1.1343701697671178E+018
   8.8670299999999997E-003   1.1562866037552361E+018
   8.8667799999999995E-003   1.1781224567493356E+018
   8.8665399999999991E-003   1.2032495597136545E+018
   8.8662299999999993E-003   1.2315592381022075E+018
   8.8659199999999994E-003   1.2525903861339187E+018
   8.8657700000000002E-003   1.2665519036612764E+018
   8.8656199999999994E-003   1.2874086398059789E+018
   8.8653299999999994E-003   1.3149728522499405E+018
   8.8650399999999994E-003   1.3422146769927227E+018
   8.8647499999999994E-003   1.3691494740905787E+018
   8.8644799999999992E-003   1.3992418584515581E+018
   8.8641299999999996E-003   1.4323783616995343E+018
   8.8637999999999998E-003   1.4651789331604086E+018
   8.8634600000000001E-003   1.4976624640189535E+018
   8.8631400000000003E-003   1.5297881836565709E+018
   8.8628200000000004E-003   1.5615751425926705E+018
   8.8625100000000005E-003   1.5868727114658908E+018
   8.8623199999999999E-003   1.6058699657491722E+018
   8.8621399999999993E-003   1.6247171026327716E+018
   8.8619600000000003E-003   1.6434184286099884E+018
   8.8617799999999997E-003   1.6714102633463406E+018
   8.8614200000000001E-003   1.7084191375924288E+018
   8.8610700000000004E-003   1.7482002753982226E+018
   8.8606599999999994E-003   1.7906508673075077E+018
   8.8602700000000000E-003   1.8327639233946092E+018
   8.8598800000000005E-003   1.8745616973327258E+018
   8.8594999999999993E-003   1.9071385573489684E+018
   8.8592800000000006E-003   1.9307816724513469E+018
   8.8590700000000001E-003   1.9543400439694118E+018
   8.8588499999999997E-003   1.9778166574788001E+018
   8.8586399999999992E-003   2.0070535721312842E+018
   8.8583299999999993E-003   2.0419015382816092E+018
   8.8580199999999994E-003   2.0825720342496888E+018
   8.8576100000000001E-003   2.1288646414339369E+018
   8.8572100000000008E-003   2.1748061155805166E+018
   8.8568099999999997E-003   2.2204157499547121E+018
   8.8564200000000003E-003   2.2543316289202063E+018
   8.8562199999999997E-003   2.2768797789897469E+018
   8.8560300000000008E-003   2.3023832600506621E+018
   8.8557900000000005E-003   2.3307830876781261E+018
   8.8555500000000002E-003   2.3731917565210486E+018
   8.8550799999999995E-003   2.4291576131194399E+018
   8.8546100000000006E-003   2.4707176243392215E+018
   8.8543900000000002E-003   2.4983219930265815E+018
   8.8541599999999998E-003   2.5288723402860554E+018
   8.8538799999999997E-003   2.5623046564392279E+018
   8.8536099999999996E-003   2.5954514762577485E+018
   8.8533399999999995E-003   2.6283212113557996E+018
   8.8530799999999993E-003   2.6614115420088069E+018
   8.8528099999999992E-003   2.6947191506203894E+018
   8.8525400000000008E-003   2.7445538375179407E+018
   8.8520200000000004E-003   2.8103737003387592E+018
   8.8515000000000000E-003   2.8592918069491579E+018
   8.8512499999999997E-003   2.8918454075320136E+018
   8.8509899999999996E-003   2.9274399224338002E+018
   8.8506899999999996E-003   2.9660091094898678E+018
   8.8503999999999996E-003   3.0042532814977224E+018
   8.8500999999999996E-003   3.0615922099038264E+018
   8.8495199999999996E-003   3.1188519418582400E+018
   8.8492299999999996E-003   3.1570155328484890E+018
   8.8489399999999996E-003   3.1948814228499410E+018
   8.8486599999999995E-003   3.2466759968392177E+018
   8.8481700000000007E-003   3.3120017007181414E+018
   8.8476800000000001E-003   3.3775699176911903E+018
   8.8471999999999995E-003   3.4433818134674099E+018
   8.8467200000000006E-003   3.5063241484240236E+018
   8.8462799999999998E-003   3.5661389099225984E+018
   8.8458500000000006E-003   3.6143391766773325E+018
   8.8455700000000005E-003   3.6514704944295951E+018
   8.8453000000000004E-003   3.7098977457048653E+018
   8.8447100000000004E-003   3.7884019146501622E+018
   8.8441300000000004E-003   3.8494562408056637E+018
   8.8438000000000006E-003   3.8940979000459597E+018
   8.8434599999999992E-003   3.9592982493428035E+018
   8.8428299999999994E-003   4.0449254527544238E+018
   8.8422099999999997E-003   4.1370524572782464E+018
   8.8415100000000003E-003   4.2359540077143081E+018
   8.8408299999999992E-003   4.3139358879287542E+018
   8.8404399999999998E-003   4.3707322222623514E+018
   8.8400600000000003E-003   4.4275952505429217E+018
   8.8396800000000008E-003   4.4845234646179732E+018
   8.8392999999999996E-003   4.5628920720604349E+018
   8.8386300000000001E-003   4.6620400386620027E+018
   8.8379800000000005E-003   4.7488529598718556E+018
   8.8374800000000000E-003   4.8237508109124628E+018
   8.8369999999999994E-003   4.8929903052664791E+018
   8.8365800000000001E-003   4.9883677147703572E+018
   8.8357699999999997E-003   5.1198703892944271E+018
   8.8348899999999998E-003   5.2216398132932372E+018
   8.8344700000000005E-003   5.2887744805788826E+018
   8.8340499999999995E-003   5.3887155195734221E+018
   8.8332099999999993E-003   5.5203739038847539E+018
   8.8324000000000007E-003   5.6464881078344356E+018
   8.8316499999999999E-003   5.7503276171664783E+018
   8.8311199999999996E-003   5.8361545426573629E+018
   8.8305999999999992E-003   5.9610324676598538E+018
   8.8296099999999999E-003   6.1235025542529075E+018
   8.8286500000000004E-003   6.2879447056255519E+018
   8.8276599999999993E-003   6.4542983855126036E+018
   8.8266899999999999E-003   6.6024294424166533E+018
   8.8259199999999993E-003   6.7331013132097935E+018
   8.8251700000000002E-003   6.8928275201859809E+018
   8.8240899999999997E-003   7.0338702410664632E+018
   8.8235599999999994E-003   7.1268820396920750E+018
   8.8230300000000008E-003   7.2564622985398446E+018
   8.8220999999999994E-003   7.4214403653560719E+018
   8.8211799999999996E-003   7.5495487004052388E+018
   8.8206699999999992E-003   7.6419365856524206E+018
   8.8201600000000005E-003   7.7592999567800904E+018
   8.8193799999999999E-003   7.9009508192947282E+018
   8.8186099999999993E-003   8.0806912225141494E+018
   8.8174299999999994E-003   8.2477666253614459E+018
   8.8167999999999996E-003   8.3811373231815322E+018
   8.8159999999999992E-003   8.5302802254783816E+018
   8.8152100000000004E-003   8.7128053435160300E+018
   8.8140700000000002E-003   8.8741182345177815E+018
   8.8135200000000000E-003   8.9806090974605834E+018
   8.8129599999999999E-003   9.1453503138797998E+018
   8.8118099999999998E-003   9.3114869995088712E+018
   8.8112399999999997E-003   9.4211677060266578E+018
   8.8106799999999996E-003   9.5408795627289600E+018
   8.8100200000000000E-003   9.6703774676379484E+018
   8.8093600000000005E-003   9.8353083092098007E+018
   8.8083499999999995E-003   1.0034455744585155E+019
   8.8073600000000002E-003   1.0201144579918111E+019
   8.8066800000000008E-003   1.0336451348099215E+019
   8.8060099999999995E-003   1.0471717078212979E+019
   8.8053300000000001E-003   1.0681472730800314E+019
   8.8039399999999997E-003   1.0961546584550242E+019
   8.8025900000000008E-003   1.1246534217678070E+019
   8.8011700000000005E-003   1.1464120827714935E+019
   8.8004799999999994E-003   1.1607472696825170E+019
   8.7997900000000000E-003   1.1830257239333786E+019
   8.7983400000000000E-003   1.2128724856192803E+019
   8.7969299999999997E-003   1.2431581448625132E+019
   8.7954599999999997E-003   1.2662341924541450E+019
   8.7947400000000005E-003   1.2813839732148040E+019
   8.7940199999999996E-003   1.2969052128916341E+019
   8.7932700000000006E-003   1.3127603414118212E+019
   8.7925199999999998E-003   1.3284115596032164E+019
   8.7917800000000008E-003   1.3438522185609046E+019
   8.7910499999999999E-003   1.3596436307771511E+019
   8.7902799999999993E-003   1.3757405645859064E+019
   8.7895200000000003E-003   1.3994187594268199E+019
   8.7880200000000006E-003   1.4230467889892921E+019
   8.7872300000000000E-003   1.4392206487259722E+019
   8.7864499999999995E-003   1.4551015322250494E+019
   8.7856800000000006E-003   1.4706880195063929E+019
   8.7849199999999999E-003   1.4866295556446898E+019
   8.7841199999999994E-003   1.5027190137369659E+019
   8.7833300000000007E-003   1.5184560840882618E+019
   8.7825400000000001E-003   1.5338683403397196E+019
   8.7817699999999995E-003   1.5495019766192007E+019
   8.7809399999999992E-003   1.5653010862335754E+019
   8.7801300000000006E-003   1.5807142740496431E+019
   8.7793300000000001E-003   1.5957787013673144E+019
   8.7785399999999996E-003   1.6110219517509446E+019
   8.7776999999999994E-003   1.6263970113806053E+019
   8.7768800000000008E-003   1.6413577548868725E+019
   8.7760600000000005E-003   1.6559705598518182E+019
   8.7752500000000001E-003   1.6707309735163210E+019
   8.7743999999999999E-003   1.6856303932880085E+019
   8.7735499999999998E-003   1.7001216466615699E+019
   8.7727199999999995E-003   1.7143145129282066E+019
   8.7718999999999991E-003   1.7286783039761988E+019
   8.7710300000000008E-003   1.7432217564635638E+019
   8.7701700000000007E-003   1.7574085400750846E+019
   8.7693200000000006E-003   1.7713549596633987E+019
   8.7684800000000004E-003   1.7855230722502730E+019
   8.7675900000000005E-003   1.7999262280457703E+019
   8.7667100000000005E-003   1.8140383883403551E+019
   8.7658400000000004E-003   1.8279681920541078E+019
   8.7649900000000003E-003   1.8422120936169425E+019
   8.7640800000000005E-003   1.8566644805180051E+019
   8.7631900000000006E-003   1.8706664397423219E+019
   8.7623100000000006E-003   1.8849857179516912E+019
   8.7614400000000005E-003   1.9077910957471760E+019
   8.7595999999999993E-003   1.9376739830112039E+019
   8.7578199999999995E-003   1.9597963150819881E+019
   8.7568799999999999E-003   1.9751523251089650E+019
   8.7559500000000002E-003   1.9903067712979685E+019
   8.7550400000000004E-003   2.0058591710145176E+019
   8.7541300000000006E-003   2.0309081641482600E+019
   8.7522299999999997E-003   2.0636018510596080E+019
   8.7503800000000003E-003   2.0877140391544201E+019
   8.7494100000000009E-003   2.1045991523597517E+019
   8.7484499999999996E-003   2.1300231881352638E+019
   8.7465600000000004E-003   2.1646552093636166E+019
   8.7445900000000000E-003   2.1907086116785734E+019
   8.7436300000000005E-003   2.2084582128048464E+019
   8.7426699999999993E-003   2.2371139358749311E+019
   8.7406700000000007E-003   2.2743178553626124E+019
   8.7387200000000002E-003   2.3112070186575589E+019
   8.7366800000000001E-003   2.3393947171829395E+019
   8.7356699999999992E-003   2.3581536140333371E+019
   8.7346899999999998E-003   2.3879074284282020E+019
   8.7326100000000000E-003   2.4275151379081449E+019
   8.7305799999999999E-003   2.4679422635316855E+019
   8.7284700000000003E-003   2.5091402237301887E+019
   8.7264100000000004E-003   2.5396908282636063E+019
   8.7253200000000000E-003   2.5609199970341122E+019
   8.7242499999999994E-003   2.5937347623294276E+019
   8.7220800000000001E-003   2.6368728912865071E+019
   8.7199600000000006E-003   2.6800183536661385E+019
   8.7178199999999994E-003   2.7247894849991258E+019
   8.7155800000000005E-003   2.7704136632098619E+019
   8.7133999999999996E-003   2.8041767203333284E+019
   8.7122499999999995E-003   2.8400586224023638E+019
   8.7100000000000007E-003   2.8809211566330565E+019
   8.7083100000000004E-003   2.9168314265063145E+019
   8.7065800000000002E-003   2.9593268894233551E+019
   8.7043099999999998E-003   3.0086397451701273E+019
   8.7019500000000000E-003   3.0517744699848782E+019
   8.7002099999999999E-003   3.0889506614760755E+019
   8.6984200000000001E-003   3.1278511733211980E+019
   8.6966300000000003E-003   3.1661215133437207E+019
   8.6948700000000004E-003   3.2031900563163316E+019
   8.6931700000000001E-003   3.2390584924736868E+019
   8.6914899999999996E-003   3.2709255111135318E+019
   8.6901200000000008E-003   3.2995828541193818E+019
   8.6887600000000002E-003   3.3303049742959153E+019
   8.6872100000000008E-003   3.3622910016249344E+019
   8.6856899999999994E-003   3.3940371757201326E+019
   8.6841000000000002E-003   3.4264373673493602E+019
   8.6825400000000007E-003   3.4664427711267484E+019
   8.6803000000000002E-003   3.5103085971855696E+019
   8.6781099999999993E-003   3.5452911016636760E+019
   8.6765200000000001E-003   3.5752784259394580E+019
   8.6749600000000007E-003   3.6130315137721491E+019
   8.6726600000000004E-003   3.6540541964527415E+019
   8.6704099999999999E-003   3.6866234281490010E+019
   8.6687499999999994E-003   3.7137844602586259E+019
   8.6671200000000004E-003   3.7398903641290514E+019
   8.6654799999999997E-003   3.7654650231550280E+019
   8.6638600000000007E-003   3.7964194135577780E+019
   8.6615300000000006E-003   3.8292712354201747E+019
   8.6592600000000002E-003   3.8570536278128607E+019
   8.6572200000000002E-003   3.8819326104603492E+019
   8.6552299999999999E-003   3.9050663743298961E+019
   8.6531999999999998E-003   3.9271410878895710E+019
   8.6512199999999994E-003   3.9497088425170633E+019
   8.6488399999999997E-003   3.9721585741623706E+019
   8.6465399999999994E-003   3.9927864687844565E+019
   8.6441699999999996E-003   4.0112768345010938E+019
   8.6418599999999995E-003   4.0244829678367982E+019
   8.6401800000000008E-003   4.0366508241710514E+019
   8.6385400000000001E-003   4.0547305530474127E+019
   8.6354899999999991E-003   4.0752663762145149E+019
   8.6325599999999992E-003   4.0899231383528579E+019
   8.6305199999999992E-003   4.1027779399458275E+019
   8.6285300000000006E-003   4.1164469691375133E+019
   8.6265100000000004E-003   4.1304688823792091E+019
   8.6245400000000000E-003   4.1527980671987073E+019
   8.6205699999999993E-003   4.1763451746818564E+019
   8.6185800000000007E-003   4.1935638190349935E+019
   8.6166400000000001E-003   4.2155427020613845E+019
   8.6139500000000004E-003   4.2355042383229559E+019
   8.6126399999999995E-003   4.2493574841279209E+019
   8.6113500000000003E-003   4.2720826700177449E+019
   8.6086600000000006E-003   4.2960417182412554E+019
   8.6073499999999997E-003   4.3171743497954419E+019
   8.6053799999999993E-003   4.3441944843362206E+019
   8.6033700000000008E-003   4.3678945457523769E+019
   8.6020500000000000E-003   4.3979221387468915E+019
   8.5994000000000001E-003   4.4296526562774442E+019
   8.5980599999999994E-003   4.4516669470501495E+019
   8.5967400000000003E-003   4.4803951822962926E+019
   8.5947500000000000E-003   4.5169501818213908E+019
   8.5927199999999999E-003   4.5488156542438679E+019
   8.5913900000000008E-003   4.5747240985275425E+019
   8.5900799999999999E-003   4.6161606877879157E+019
   8.5873400000000006E-003   4.6667645460486341E+019
   8.5853400000000003E-003   4.7041010157386129E+019
   8.5839899999999997E-003   4.7436382732961546E+019
   8.5819199999999998E-003   4.8006910199443448E+019
   8.5792400000000001E-003   4.8512458239237538E+019
   8.5778299999999998E-003   4.8958763830133809E+019
   8.5757600000000000E-003   4.9498605433241403E+019
   8.5737200000000000E-003   5.0160740412696150E+019
   8.5708899999999994E-003   5.0800348225051304E+019
   8.5691399999999994E-003   5.1302701497948717E+019
   8.5674099999999993E-003   5.1929307951042953E+019
   8.5649200000000002E-003   5.2672062004083589E+019
   8.5624700000000008E-003   5.3499340459396899E+019
   8.5595600000000008E-003   5.4179734903991181E+019
   8.5581300000000006E-003   5.4638922909159416E+019
   8.5567200000000003E-003   5.5430618288670458E+019
   8.5533599999999994E-003   5.6540244409821684E+019
   8.5500999999999997E-003   5.7416578439083024E+019
   8.5482100000000005E-003   5.8260751663874294E+019
   8.5452299999999991E-003   5.9397963495742333E+019
   8.5418100000000004E-003   6.0424221585882546E+019
   8.5395499999999999E-003   6.1194396766834991E+019
   8.5375999999999994E-003   6.1916740768249799E+019
   8.5356700000000004E-003   6.2815058586269344E+019
   8.5328999999999995E-003   6.3843607458604827E+019
   8.5301800000000001E-003   6.4828167198963491E+019
   8.5277800000000004E-003   6.5754071074724905E+019
   8.5254200000000006E-003   6.6548823747189817E+019
   8.5237799999999999E-003   6.7201723161517785E+019
   8.5221600000000008E-003   6.8158313901162627E+019
   8.5190500000000002E-003   6.9435548841495634E+019
   8.5159899999999993E-003   7.0384477165997015E+019
   8.5144200000000000E-003   7.1041534034130534E+019
   8.5128600000000006E-003   7.1851626216346042E+019
   8.5106299999999999E-003   7.2806751552103358E+019
   8.5084199999999992E-003   7.4038672080876126E+019
   8.5049700000000006E-003   7.5575510451301188E+019
   8.5014700000000006E-003   7.7251735255886004E+019
   8.4975499999999995E-003   7.8764396031197037E+019
   8.4948599999999999E-003   8.0026505751251386E+019
   8.4921300000000005E-003   8.1585570800132751E+019
   8.4882900000000008E-003   8.3670695685028823E+019
   8.4834600000000000E-003   8.5364599697062167E+019
   8.4813400000000004E-003   8.6411811988345078E+019
   8.4792300000000008E-003   8.7645982260091257E+019
   8.4764000000000003E-003   8.9095206744128078E+019
   8.4734900000000002E-003   9.0568287917434077E+019
   8.4706199999999999E-003   9.2067041825031717E+019
   8.4676600000000001E-003   9.3607565394518147E+019
   8.4646900000000004E-003   9.5155639811275162E+019
   8.4617600000000005E-003   9.6473312611749708E+019
   8.4597000000000006E-003   9.8101221766938640E+019
   8.4556400000000004E-003   1.0060585783236749E+020
   8.4504699999999999E-003   1.0300961921893075E+020
   8.4468400000000006E-003   1.0488415913658298E+020
   8.4436700000000003E-003   1.0666979825658220E+020
   8.4404500000000004E-003   1.0910298523804631E+020
   8.4350399999999996E-003   1.1164719026786994E+020
   8.4314899999999998E-003   1.1321764123207157E+020
   8.4295800000000008E-003   1.1501201839416656E+020
   8.4253300000000000E-003   1.1748090211681662E+020
   8.4211600000000005E-003   1.1938804516316027E+020
   8.4188700000000002E-003   1.2074701879124741E+020
   8.4165899999999998E-003   1.2275496645271583E+020
   8.4121899999999999E-003   1.2538723481610686E+020
   8.4078799999999995E-003   1.2724529521186519E+020
   8.4060799999999998E-003   1.2834177702196024E+020
   8.4043000000000000E-003   1.3020359300251769E+020
   8.4000499999999992E-003   1.3281991288466116E+020
   8.3958799999999997E-003   1.3477711478738738E+020
   8.3937200000000003E-003   1.3613204523389696E+020
   8.3915799999999992E-003   1.3805080314776234E+020
   8.3876699999999998E-003   1.4052692876079284E+020
   8.3838300000000001E-003   1.4263230940587465E+020
   8.3811300000000005E-003   1.4437394125016772E+020
   8.3784600000000008E-003   1.4636346449604800E+020
   8.3750400000000003E-003   1.4859758160050271E+020
   8.3716599999999995E-003   1.5114917433550622E+020
   8.3673399999999992E-003   1.5401068027784181E+020
   8.3631000000000000E-003   1.5664655355814288E+020
   8.3595000000000006E-003   1.6006208654376881E+020
   8.3530600000000007E-003   1.6324720489246019E+020
   8.3502000000000003E-003   1.6534254279656201E+020
   8.3470200000000001E-003   1.6755106954259248E+020
   8.3438799999999997E-003   1.7096933732253991E+020
   8.3373400000000004E-003   1.7557524434756613E+020
   8.3309500000000002E-003   1.8035396899994042E+020
   8.3241099999999991E-003   1.8530284623006115E+020
   8.3174300000000007E-003   1.8907608919996672E+020
   8.3138299999999995E-003   1.9175268303397290E+020
   8.3102799999999998E-003   1.9459244720276577E+020
   8.3063000000000008E-003   1.9759475613870680E+020
   8.3023699999999999E-003   2.0045031330151861E+020
   8.2988400000000000E-003   2.0316260073917045E+020
   8.2953400000000000E-003   2.0642723231763726E+020
   8.2904399999999996E-003   2.1023730383835500E+020
   8.2856200000000005E-003   2.1447727189766350E+020
   8.2797500000000007E-003   2.1913558160975043E+020
   8.2739800000000002E-003   2.2350326893223313E+020
   8.2689300000000007E-003   2.2759673258032490E+020
   8.2639600000000007E-003   2.3184723166822207E+020
   8.2585599999999999E-003   2.3587439381688297E+020
   8.2543400000000006E-003   2.3940075752068638E+020
   8.2501699999999994E-003   2.4416646791277406E+020
   8.2431299999999996E-003   2.5015465892245193E+020
   8.2362300000000006E-003   2.5583843217252231E+020
   8.2300900000000007E-003   2.6119787498071153E+020
   8.2240600000000001E-003   2.6621075098920098E+020
   8.2187200000000005E-003   2.7271907799383074E+020
   8.2096400000000007E-003   2.7849027904144386E+020
   8.2060399999999995E-003   2.8179020986056524E+020
   8.2024699999999999E-003   2.8671839539429402E+020
   8.1954300000000001E-003   2.9325785274205156E+020
   8.1885299999999994E-003   2.9857910542425437E+020
   8.1842100000000008E-003   3.0269615194816781E+020
   8.1799300000000002E-003   3.0754478050499140E+020
   8.1741699999999997E-003   3.1311873220117221E+020
   8.1684900000000005E-003   3.1933476965759831E+020
   8.1615600000000000E-003   3.2772249247448256E+020
   8.1517099999999995E-003   3.3624039390027337E+020
   8.1447199999999994E-003   3.4183798856333269E+020
   8.1407800000000002E-003   3.4818605702833052E+020
   8.1324899999999992E-003   3.5678540426682552E+020
   8.1243700000000005E-003   3.6333941487278935E+020
   8.1201099999999998E-003   3.6788862632660854E+020
   8.1158800000000007E-003   3.7242313331810979E+020
   8.1116999999999995E-003   3.7694598789976542E+020
   8.1075599999999998E-003   3.8400052523839540E+020
   8.0988599999999994E-003   3.9356710078453665E+020
   8.0903299999999997E-003   4.0339765000793837E+020
   8.0814100000000007E-003   4.1349179155693830E+020
   8.0726600000000006E-003   4.2119942956358789E+020
   8.0680700000000001E-003   4.2653864407401366E+020
   8.0635299999999993E-003   4.3186549627174263E+020
   8.0590300000000000E-003   4.3718036060077844E+020
   8.0545700000000005E-003   4.4547386638860124E+020
   8.0452000000000006E-003   4.5672028926644099E+020
   8.0360199999999996E-003   4.6526465051412549E+020
   8.0312000000000005E-003   4.7121478074102068E+020
   8.0264299999999993E-003   4.7715256193173750E+020
   8.0216999999999997E-003   4.8307810404060594E+020
   8.0170199999999997E-003   4.9232129980626685E+020
   8.0071900000000008E-003   5.0486582363452808E+020
   7.9975600000000008E-003   5.1773379676811349E+020
   7.9874899999999999E-003   5.3098863181604258E+020
   7.9776199999999995E-003   5.4111932003413262E+020
   7.9724400000000008E-003   5.4813725526748732E+020
   7.9673100000000000E-003   5.5514290008505064E+020
   7.9622200000000008E-003   5.6213785747349825E+020
   7.9571899999999994E-003   5.7304658036770275E+020
   7.9466299999999997E-003   5.8785840214159373E+020
   7.9362700000000005E-003   5.9911426387548294E+020
   7.9308399999999998E-003   6.0695737683054140E+020
   7.9254600000000005E-003   6.1478868725121063E+020
   7.9201299999999992E-003   6.2260815310415633E+020
   7.9148499999999993E-003   6.3480646291341325E+020
   7.9037699999999992E-003   6.5137522185362185E+020
   7.8929099999999995E-003   6.6841100901661475E+020
   7.8815699999999992E-003   6.8594363174427925E+020
   7.8704399999999994E-003   6.9935465553285716E+020
   7.8646099999999993E-003   7.0864732331901033E+020
   7.8588300000000007E-003   7.1792917561682598E+020
   7.8531100000000000E-003   7.2720183890322116E+020
   7.8474400000000007E-003   7.4165945121565770E+020
   7.8355600000000001E-003   7.6130680016143371E+020
   7.8238900000000000E-003   7.7625325480145833E+020
   7.8177799999999999E-003   7.8666438558384023E+020
   7.8117300000000002E-003   8.0224839828300523E+020
   7.7997900000000000E-003   8.2368063022186299E+020
   7.7873400000000002E-003   8.4023761147636403E+020
   7.7812000000000003E-003   8.5123243705036020E+020
   7.7751199999999999E-003   8.6839396118823541E+020
   7.7623700000000002E-003   8.9172795286993620E+020
   7.7498699999999998E-003   9.0948059368566568E+020
   7.7433199999999997E-003   9.2185446276695694E+020
   7.7368300000000001E-003   9.3749058847799758E+020
   7.7270100000000003E-003   9.5643732580888897E+020
   7.7173299999999997E-003   9.7572840121035692E+020
   7.7073899999999997E-003   9.9542216004939271E+020
   7.6975899999999998E-003   1.0157254321950429E+021
   7.6873300000000000E-003   1.0366225096305524E+021
   7.6772100000000003E-003   1.0579409893191246E+021
   7.6668200000000004E-003   1.0862992993468790E+021
   7.6503800000000000E-003   1.1170906915009862E+021
   7.6381599999999997E-003   1.1439975322984381E+021
   7.6258200000000002E-003   1.1715690430062838E+021
   7.6133599999999996E-003   1.2035122382371915E+021
   7.5976000000000004E-003   1.2361999754685519E+021
   7.5849600000000000E-003   1.2663404211509639E+021
   7.5718799999999996E-003   1.2974982138611242E+021
   7.5587800000000002E-003   1.3274419428176222E+021
   7.5470800000000003E-003   1.3554059591363165E+021
   7.5359399999999997E-003   1.3889229804303074E+021
   7.5201100000000000E-003   1.4252189739605038E+021
   7.5070700000000002E-003   1.4565596780559097E+021
   7.4954100000000001E-003   1.4886655356965311E+021
   7.4816300000000004E-003   1.5261027237092852E+021
   7.4665199999999999E-003   1.5588436309273341E+021
   7.4565899999999999E-003   1.5885342299754649E+021
   7.4426199999999996E-003   1.6261042464948153E+021
   7.4261900000000000E-003   1.6605781339024424E+021
   7.4103700000000003E-003   1.6928833627660458E+021
   7.3957099999999998E-003   1.7123739530468763E+021
   7.3816600000000000E-003   1.7237531008321444E+021
   7.3657899999999997E-003   1.7054401133161045E+021
   7.3595199999999996E-003   1.7236661973139784E+021
   7.3446800000000001E-003   1.6562775724246305E+021
   7.3252500000000002E-003   1.6336635117192437E+021
   7.3114699999999996E-003   1.5398903370296892E+021
   7.2981599999999997E-003   1.4013983656079372E+021
   7.2830200000000003E-003   1.3268903482409634E+021
   7.2691400000000003E-003   1.2828761403898003E+021
   7.2632499999999997E-003   1.2227235311785930E+021
   7.2573899999999998E-003   1.1701505440539130E+021
   7.2430999999999997E-003   1.1288501213120566E+021
   7.2373699999999999E-003   1.1073404218669185E+021
   7.2308099999999998E-003   1.0683645273384102E+021
   7.2257199999999997E-003   1.0684286675536145E+021
   7.2176200000000001E-003   1.0517148665420144E+021
   7.2124499999999996E-003   1.0306795439564946E+021
   7.2075899999999998E-003   1.0215361347431133E+021
   7.2031999999999999E-003   1.0277549237660216E+021
   7.1979499999999998E-003   1.0165082477513592E+021
   7.1921499999999996E-003   1.0136607516399501E+021
   7.1863900000000000E-003   1.0174141351973228E+021
   7.1828999999999999E-003   1.0214511073140243E+021
   7.1781299999999996E-003   1.0255003163166405E+021
   7.1757499999999998E-003   1.0288994628164501E+021
   7.1739700000000000E-003   1.0341546746799260E+021
   7.1698100000000004E-003   1.0400356902631169E+021
   7.1674299999999998E-003   1.0457627202058491E+021
   7.1641200000000004E-003   1.0528159986588578E+021
   7.1614100000000000E-003   1.0657163666508234E+021
   7.1553700000000003E-003   1.0839512357323672E+021
   7.1508400000000003E-003   1.0973067182283143E+021
   7.1457200000000004E-003   1.1226138331135085E+021
   7.1397300000000004E-003   1.1453495605393618E+021
   7.1350299999999997E-003   1.1655065791981001E+021
   7.1305300000000004E-003   1.1888379349485892E+021
   7.1261800000000002E-003   1.2082740522200340E+021
   7.1222200000000003E-003   1.2327622256289692E+021
   7.1171899999999998E-003   1.2526407791165909E+021
   7.1151200000000000E-003   1.2699999330655941E+021
   7.1109900000000002E-003   1.2912996312780052E+021
   7.1082500000000000E-003   1.3114931536088499E+021
   7.1041500000000000E-003   1.3305099933767977E+021
   7.1021000000000001E-003   1.3494151565554984E+021
   7.0981200000000003E-003   1.3746165260217350E+021
   7.0942300000000000E-003   1.3937086368025011E+021
   7.0923000000000002E-003   1.4087086171164917E+021
   7.0897800000000004E-003   1.4340722681715084E+021
   7.0847699999999998E-003   1.4683380258710642E+021
   7.0797700000000000E-003   1.5032238002938532E+021
   7.0748100000000000E-003   1.5297561608543535E+021
   7.0723299999999999E-003   1.5449247847080796E+021
   7.0704799999999996E-003   1.5649774446834271E+021
   7.0667799999999999E-003   1.5918176980456374E+021
   7.0631399999999999E-003   1.6183789359828980E+021
   7.0595600000000003E-003   1.6445810281502485E+021
   7.0560400000000004E-003   1.6703960383860735E+021
   7.0525800000000001E-003   1.7004052505925530E+021
   7.0480700000000000E-003   1.7280811130806794E+021
   7.0452800000000001E-003   1.7490497420978886E+021
   7.0425100000000001E-003   1.7764225003424469E+021
   7.0379400000000003E-003   1.8069884374809793E+021
   7.0343500000000000E-003   1.8325432520499234E+021
   7.0311899999999997E-003   1.8548617114910715E+021
   7.0284400000000004E-003   1.8833488943594107E+021
   7.0238499999999999E-003   1.9186985272862122E+021
   7.0190499999999998E-003   1.9628983938936773E+021
   7.0128500000000002E-003   1.9961822230638444E+021
   7.0099300000000002E-003   2.0215202757576292E+021
   7.0070100000000001E-003   2.0566234444117133E+021
   7.0026500000000000E-003   2.0784575814107781E+021
   6.9968599999999997E-003   2.1421698270337140E+021
   6.9939800000000003E-003   2.1428403963915254E+021
   6.9911000000000001E-003   2.1633325799635183E+021
   6.9866399999999997E-003   2.2032214557357077E+021
   6.9803900000000004E-003   2.2559325131581080E+021
   6.9767800000000001E-003   2.2839611404131906E+021
   6.9706500000000001E-003   2.3408264255747347E+021
   6.9646200000000004E-003   2.3459657556480269E+021
   6.9611800000000000E-003   2.3725156636488788E+021
   6.9589800000000000E-003   2.4189534451690798E+021
   6.9545900000000001E-003   2.4318658896548159E+021
   6.9492599999999996E-003   2.5329047819573878E+021
   6.9461300000000000E-003   2.5152703793966917E+021
   6.9411200000000003E-003   2.5217149304360183E+021
   6.9386300000000003E-003   2.5352257767645569E+021
   6.9337599999999997E-003   2.6351007677536749E+021
   6.9266600000000003E-003   2.6400373591840019E+021
   6.9217999999999997E-003   2.6924476726306181E+021
   6.9169599999999998E-003   2.7221680874251538E+021
   6.9086499999999997E-003   2.7549064055032035E+021
   6.9042200000000000E-003   2.8020443387334455E+021
   6.9005500000000001E-003   2.8374094404512865E+021
   6.8968800000000002E-003   2.8794105411289801E+021
   6.8941899999999997E-003   2.8798202356017728E+021
   6.8921800000000004E-003   2.9148709182605833E+021
   6.8885099999999996E-003   2.9546151420578428E+021
   6.8869300000000003E-003   2.9895868266693515E+021
   6.8843899999999998E-003   3.0174832317144257E+021
   6.8823599999999997E-003   3.0587724865468372E+021
   6.8807800000000004E-003   3.0654831775805478E+021
   6.8792100000000002E-003   3.0880134013903270E+021
   6.8779100000000001E-003   3.1040343993301761E+021
   6.8766100000000000E-003   3.1188971672497737E+021
   6.8753399999999998E-003   3.1395485358987081E+021
   6.8740600000000004E-003   3.1794707047805422E+021
   6.8714700000000002E-003   3.1954806340779267E+021
   6.8688800000000000E-003   3.2080118092276024E+021
   6.8677399999999998E-003   3.2131159673383651E+021
   6.8666100000000004E-003   3.2645924831110764E+021
   6.8648099999999998E-003   3.2729048413073472E+021
   6.8630000000000002E-003   3.2812209643748668E+021
   6.8611999999999996E-003   3.2895406819748846E+021
   6.8594099999999998E-003   3.3242573729892375E+021
   6.8553700000000004E-003   3.3556705518685321E+021
   6.8513400000000000E-003   3.4023970395441893E+021
   6.8423700000000004E-003   3.4587377902732564E+021
   6.8223900000000002E-003   3.5427744806708120E+021
   6.8044899999999998E-003   3.6173056379761533E+021
   6.7901100000000002E-003   3.6942108201364724E+021
   6.7767100000000000E-003   3.7867348613803745E+021
   6.7569800000000001E-003   3.8924963622012956E+021
   6.7384799999999998E-003   3.9858562388059368E+021
   6.7220600000000002E-003   4.0754151050188764E+021
   6.7057100000000001E-003   4.1677401929166383E+021
   6.6895399999999999E-003   4.2671375566716341E+021
   6.6708100000000001E-003   4.3649523707389542E+021
   6.6552000000000000E-003   4.4571354870707163E+021
   6.6392300000000003E-003   4.5553629654668982E+021
   6.6218400000000004E-003   4.6626413734885951E+021
   6.6032699999999996E-003   4.7868137757320696E+021
   6.5808600000000000E-003   4.9071033326758317E+021
   6.5642699999999997E-003   5.0220228255835436E+021
   6.5443599999999999E-003   5.1491475092789212E+021
   6.5246999999999996E-003   5.2656230335170017E+021
   6.5084100000000001E-003   5.3557180740213513E+021
   6.4977600000000000E-003   5.4526276583079511E+021
   6.4793200000000002E-003   5.5533891356447631E+021
   6.4680299999999996E-003   5.6684334223607747E+021
   6.4456799999999996E-003   5.8015015339710197E+021
   6.4294199999999999E-003   5.9163310807660951E+021
   6.4133200000000001E-003   6.0218535229750824E+021
   6.4001900000000000E-003   6.1172698752640394E+021
   6.3871600000000002E-003   6.2764349356083228E+021
   6.3569600000000000E-003   6.5014004275010695E+021
   6.3272800000000002E-003   6.6685194847333867E+021
   6.3137200000000001E-003   6.8142520782093466E+021
   6.2900700000000000E-003   6.9481893686415322E+021
   6.2799300000000004E-003   7.0874855335983715E+021
   6.2555299999999996E-003   7.2859586269352663E+021
   6.2314600000000003E-003   7.4461339507186781E+021
   6.2175599999999996E-003   7.5622629035333764E+021
   6.2037699999999999E-003   7.7123254997422052E+021
   6.1824499999999999E-003   7.8976083425907326E+021
   6.1613600000000003E-003   8.0547133971137519E+021
   6.1471599999999996E-003   8.1806239844106188E+021
   6.1330600000000001E-003   8.3762149447734070E+021
   6.1039900000000001E-003   8.6435111846188826E+021
   6.0753600000000001E-003   8.8666095790744981E+021
   6.0569300000000003E-003   9.0437287583614543E+021
   6.0386700000000003E-003   9.1886189092932587E+021
   6.0276300000000000E-003   9.2959681766511471E+021
   6.0166400000000002E-003   9.4807595328146338E+021
   5.9904399999999997E-003   9.7975325531407374E+021
   5.9540799999999996E-003   1.0134687181267045E+022
   5.9255599999999999E-003   1.0382595176261204E+022
   5.9076099999999998E-003   1.0604602483673229E+022
   5.8844600000000002E-003   1.0857025455177322E+022
   5.8615400000000002E-003   1.1159019596146511E+022
   5.8304300000000002E-003   1.1515513643393935E+022
   5.7990500000000000E-003   1.1792520260285169E+022
   5.7831599999999999E-003   1.1978543498938242E+022
   5.7673799999999999E-003   1.2265670084870393E+022
   5.7350900000000000E-003   1.2657451378341726E+022
   5.7032200000000002E-003   1.3062846917737879E+022
   5.6703500000000002E-003   1.3479957718506947E+022
   5.6379200000000003E-003   1.3910118558865302E+022
   5.6044700000000003E-003   1.4356053376553426E+022
   5.5714600000000003E-003   1.4813014714340694E+022
   5.5374200000000004E-003   1.5286171556037775E+022
   5.5038099999999996E-003   1.5774482418283368E+022
   5.4691699999999998E-003   1.6276318944798678E+022
   5.4349600000000000E-003   1.6662913078912535E+022
   5.4174599999999998E-003   1.6925523122250062E+022
   5.4000599999999999E-003   1.7329414200465549E+022
   5.3644900000000004E-003   1.7881005410233447E+022
   5.3293400000000001E-003   1.8304072164405655E+022
   5.3113600000000002E-003   1.8592390538642525E+022
   5.2934899999999997E-003   1.9033001368888189E+022
   5.2573200000000002E-003   1.9637264105918693E+022
   5.2208300000000001E-003   2.0260375142725629E+022
   5.1840000000000002E-003   2.0902894139884488E+022
   5.1468299999999998E-003   2.1565474860470830E+022
   5.1093299999999996E-003   2.2248742545267607E+022
   5.0714699999999998E-003   2.2953357971600169E+022
   5.0332700000000003E-003   2.3679969542311210E+022
   4.9947100000000003E-003   2.4429230109793001E+022
   4.9557899999999998E-003   2.5202006405410797E+022
   4.9164999999999999E-003   2.5794188960958666E+022
   4.8966299999999999E-003   2.6199936263789149E+022
   4.8768500000000003E-003   2.6609248020985736E+022
   4.8567799999999998E-003   2.7027652446711022E+022
   4.8368100000000004E-003   2.7575243519947392E+022
   4.8050400000000000E-003   2.8252634967100558E+022
   4.7734900000000000E-003   2.8818518410388694E+022
   4.7529299999999998E-003   2.9269665785527329E+022
   4.7324600000000000E-003   2.9729479774823189E+022
   4.7117100000000000E-003   3.0195975077272226E+022
   4.6910399999999996E-003   3.0670175468844868E+022
   4.6700800000000001E-003   3.1151762782084567E+022
   4.6492100000000000E-003   3.1641643288065489E+022
   4.6280399999999999E-003   3.2139492316003778E+022
   4.6069600000000002E-003   3.2645519842309954E+022
   4.5855899999999996E-003   3.3160251916046999E+022
   4.5642900000000004E-003   3.3683429307998634E+022
   4.5427100000000002E-003   3.4215955721863647E+022
   4.5212000000000004E-003   3.4757945362189681E+022
   4.4993899999999998E-003   3.5309250020730017E+022
   4.4776699999999996E-003   3.5869994726254730E+022
   4.4556400000000003E-003   3.6441373387002512E+022
   4.4336899999999997E-003   3.7023491519171128E+022
   4.4114400000000000E-003   3.7616181599533292E+022
   4.3892599999999999E-003   3.8220423613942025E+022
   4.3667799999999998E-003   3.8835073760829146E+022
   4.3443600000000002E-003   3.9463236118631707E+022
   4.3216399999999999E-003   4.0103642278567275E+022
   4.2989899999999999E-003   4.0757618528547703E+022
   4.2760300000000001E-003   4.1424842381814454E+022
   4.2531299999999999E-003   4.2105421978267323E+022
   4.2300200000000001E-003   4.2802240896608672E+022
   4.2067800000000002E-003   4.3514823092847843E+022
   4.1834100000000003E-003   4.4243964064303052E+022
   4.1599200000000001E-003   4.4990054044643197E+022
   4.1362899999999999E-003   4.5755146811968579E+022
   4.1125299999999997E-003   4.6538942669556858E+022
   4.0886400000000002E-003   4.7344828294827891E+022
   4.0646099999999998E-003   4.8171898307346281E+022
   4.0404500000000001E-003   4.9021883290533549E+022
   4.0161399999999996E-003   4.9896713797495534E+022
   3.9916999999999999E-003   5.0796361205815183E+022
   3.9671100000000003E-003   5.1721991428203795E+022
   3.9423799999999997E-003   5.2675540963476527E+022
   3.9174900000000000E-003   5.3657536309072794E+022
   3.8924599999999999E-003   5.4668850814214797E+022
   3.8672799999999998E-003   5.5714276421548477E+022
   3.8419399999999999E-003   5.6793291559250411E+022
   3.8164499999999999E-003   5.7911627730342300E+022
   3.7907900000000000E-003   5.9077106283738087E+022
   3.7649699999999999E-003   6.0294209273005991E+022
   3.7389900000000002E-003   6.1554571725321103E+022
   3.7128399999999998E-003   6.2845725912918208E+022
   3.6865200000000000E-003   6.4160137546614645E+022
   3.6600299999999999E-003   6.5497949801740587E+022
   3.6333600000000000E-003   6.6859337924152616E+022
   3.6065099999999998E-003   6.8244500207087133E+022
   3.5794700000000000E-003   6.9653659579767381E+022
   3.5522499999999999E-003   7.1087053996474809E+022
   3.5248400000000000E-003   7.2544937287949027E+022
   3.4972300000000000E-003   7.4027583671138613E+022
   3.4694299999999999E-003   7.5535272081640554E+022
   3.4414200000000002E-003   7.7068293421658131E+022
   3.4131999999999999E-003   7.8626950612190312E+022
   3.3847700000000001E-003   8.0211552345323181E+022
   3.3561300000000001E-003   8.1822417780730547E+022
   3.3272599999999999E-003   8.3459867990558065E+022
   3.2981600000000001E-003   8.5124234076851947E+022
   3.2688399999999999E-003   8.6815849659520105E+022
   3.2392699999999998E-003   8.8535055024796463E+022
   3.2094599999999999E-003   9.0282187942524812E+022
   3.1794000000000002E-003   9.2057595490119453E+022
   3.1490899999999998E-003   9.3861626155589203E+022
   3.1185100000000001E-003   9.5694626803683242E+022
   3.0876599999999999E-003   9.7556949645673026E+022
   3.0565300000000000E-003   9.9448943827674305E+022
   3.0251200000000001E-003   1.0137096397032746E+023
   2.9934100000000002E-003   1.0332335772202804E+023
   2.9613999999999999E-003   1.0530648027099951E+023
   2.9290800000000001E-003   1.0732067682920982E+023
   2.8964300000000002E-003   1.0936629371392952E+023
   2.8634500000000000E-003   1.1144367763631713E+023
   2.8301300000000001E-003   1.1355316889438089E+023
   2.7964600000000002E-003   1.1569510032116242E+023
   2.7624099999999999E-003   1.1786980685539700E+023
   2.7279900000000000E-003   1.2007761848996753E+023
   2.6931699999999999E-003   1.2231884698723799E+023
   2.6579500000000001E-003   1.2459381694046337E+023
   2.6223000000000002E-003   1.2690281657092737E+023
   2.5862099999999998E-003   1.2924615416266108E+023
   2.5496600000000000E-003   1.3162410845072228E+023
   2.5126300000000001E-003   1.3403695233559054E+023
   2.4751000000000000E-003   1.3648494885337965E+023
   2.4370500000000001E-003   1.3896834051715414E+023
   2.3984499999999999E-003   1.4148735729302248E+023
   2.3592800000000001E-003   1.4404220883986289E+023
   2.3195199999999998E-003   1.4663210455739373E+023
   2.2791199999999999E-003   1.4926512017899550E+023
   2.2380600000000000E-003   1.5193453106279761E+023
   2.1963000000000000E-003   1.5464044459594308E+023
   2.1537900000000000E-003   1.5738296033510144E+023
   2.1105099999999999E-003   1.6016212037935204E+023
   2.0663900000000000E-003   1.6297610539769864E+023
   2.0213900000000001E-003   1.6583415070096602E+023
   1.9754400000000002E-003   1.6872940860387544E+023
   1.9284700000000001E-003   1.7165496792675042E+023
   1.8807400000000001E-003   1.7463070239219999E+023
   1.8312000000000001E-003   1.7764829588869630E+023
   1.7807100000000000E-003   1.8069265344138206E+023
   1.7288399999999999E-003   1.8327112886199882E+023
   1.6892599999999999E-003   1.8566503626711055E+023
   1.6481800000000000E-003   1.8913017246956870E+023
   1.5708100000000000E-003   1.9228312848712894E+023
   1.5274900000000001E-003   1.9478891937384329E+023
   1.4820600000000001E-003   1.9856311728396295E+023
   1.3879200000000000E-003   2.0246351417835307E+023
   1.3229200000000000E-003   2.0578198166793125E+023
   1.2551299999999999E-003   2.0900469364819651E+023
   1.1802600000000000E-003   2.1253413393298172E+023
   1.1005399999999999E-003   2.1596542325930146E+023
   1.0087600000000000E-003   2.1993883374130026E+023
   8.9930999999999995E-004   2.2477619380402498E+023
   7.0638999999999999E-004   2.2900018768029272E+023
   5.6780999999999997E-004   2.3197282544949796E+023
   4.8413999999999998E-004   2.3365869529531149E+023
   3.8297000000000000E-004   2.3464809051664445E+023
   3.1385000000000001E-004   2.3583434802717445E+023
   2.5071000000000002E-004   2.3577377574584035E+023
   2.0164000000000000E-004   2.3674176961412969E+023
   1.6417000000000000E-004   2.3675260816113102E+023
   1.3642999999999999E-004   2.3717546237726473E+023
   1.1689000000000000E-004   2.3715932173745414E+023
   1.0404000000000000E-004   2.3736177165443910E+023
   8.6870000000000000E-005   2.3745820252919329E+023
   6.8949999999999995E-005   2.3750109790987063E+023
   5.4719999999999998E-005   2.3761112781643184E+023
   4.3430000000000003E-005   2.3763610899613230E+023
   3.4470000000000000E-005   2.3764825150920374E+023
   2.7359999999999999E-005   2.3769163021831155E+023
   2.1710000000000001E-005   2.3769740486914105E+023
   1.7240000000000001E-005   2.3771763423510744E+023
   1.3679999999999999E-005   2.3773731720114428E+023
