   8.8770800000000007E-003   6268859641513699.0     
   8.8770800000000007E-003   6458476496158545.0     
   8.8770800000000007E-003   6641941659491950.0     
   8.8770800000000007E-003   6819685155767724.0     
   8.8770700000000008E-003   6992077763552916.0     
   8.8770700000000008E-003   7159461102831973.0     
   8.8770700000000008E-003   7322115379092680.0     
   8.8770700000000008E-003   7480311004329154.0     
   8.8770700000000008E-003   7634275723686415.0     
   8.8770700000000008E-003   7784255272569611.0     
   8.8770700000000008E-003   7930462942792947.0     
   8.8770700000000008E-003   8073072757746551.0     
   8.8770700000000008E-003   8212256383612283.0     
   8.8770700000000008E-003   8348155902698287.0     
   8.8770700000000008E-003   8480913044383579.0     
   8.8770700000000008E-003   8610668129637594.0     
   8.8770700000000008E-003   8737568335201174.0     
   8.8770700000000008E-003   8861743221614079.0     
   8.8770700000000008E-003   8983312029570072.0     
   8.8770700000000008E-003   9102368977416162.0     
   8.8770700000000008E-003   9247803967382416.0     
   8.8770700000000008E-003   9417555793517676.0     
   8.8770700000000008E-003   9582361776416798.0     
   8.8770600000000009E-003   9742454444270180.0     
   8.8770600000000009E-003   9872430932303228.0     
   8.8770600000000009E-003   9974264614852904.0     
   8.8770600000000009E-003   10074245921066488.     
   8.8770600000000009E-003   10172432568923608.     
   8.8770600000000009E-003   10292734721603860.     
   8.8770600000000009E-003   10433623997614258.     
   8.8770600000000009E-003   10570897382084214.     
   8.8770600000000009E-003   10704697226036328.     
   8.8770600000000009E-003   10813618527595638.     
   8.8770600000000009E-003   10899138562472208.     
   8.8770600000000009E-003   11024853462302234.     
   8.8770600000000009E-003   11187652472098312.     
   8.8770600000000009E-003   11306243095312930.     
   8.8770600000000009E-003   11383762523108466.     
   8.8770600000000009E-003   11497760409539076.     
   8.8770600000000009E-003   11645446571118024.     
   8.8770600000000009E-003   11788403856371196.     
   8.8770600000000009E-003   11926779108145024.     
   8.8770499999999992E-003   12027507302258422.     
   8.8770499999999992E-003   12093324370529798.     
   8.8770499999999992E-003   12190107081396910.     
   8.8770499999999992E-003   12315179984272172.     
   8.8770499999999992E-003   12435904617521352.     
   8.8770499999999992E-003   12552307477856064.     
   8.8770499999999992E-003   12664358956335406.     
   8.8770499999999992E-003   12789715847084046.     
   8.8770499999999992E-003   12927953508963734.     
   8.8770499999999992E-003   13062982782768678.     
   8.8770499999999992E-003   13194955866329348.     
   8.8770499999999992E-003   13324017996012574.     
   8.8770499999999992E-003   13450311796584126.     
   8.8770499999999992E-003   13573956168150688.     
   8.8770499999999992E-003   13695078161934160.     
   8.8770499999999992E-003   13828400255171076.     
   8.8770399999999992E-003   13973190518556206.     
   8.8770399999999992E-003   14114568604001610.     
   8.8770399999999992E-003   14218561498660034.     
   8.8770399999999992E-003   14286855360840478.     
   8.8770399999999992E-003   14387807107899800.     
   8.8770399999999992E-003   14519967508726684.     
   8.8770399999999992E-003   14649355104725032.     
   8.8770399999999992E-003   14776093736981128.     
   8.8770399999999992E-003   14900305144581054.     
   8.8770399999999992E-003   15022113442778478.     
   8.8770399999999992E-003   15141620226836810.     
   8.8770399999999992E-003   15258920520341396.     
   8.8770399999999992E-003   15374111957507912.     
   8.8770299999999993E-003   15487273086180996.     
   8.8770299999999993E-003   15653190409900842.     
   8.8770299999999993E-003   15841917686134574.     
   8.8770299999999993E-003   15999400199680416.     
   8.8770299999999993E-003   16153232099213254.     
   8.8770299999999993E-003   16266424777460152.     
   8.8770299999999993E-003   16340775811672762.     
   8.8770299999999993E-003   16450714262296120.     
   8.8770299999999993E-003   16594717426035360.     
   8.8770299999999993E-003   16804920057780458.     
   8.8770199999999994E-003   17009553884101496.     
   8.8770199999999994E-003   17142583597105988.     
   8.8770199999999994E-003   17273189940626588.     
   8.8770199999999994E-003   17401464819168878.     
   8.8770199999999994E-003   17527527938405614.     
   8.8770199999999994E-003   17651467599359870.     
   8.8770199999999994E-003   17773376340783778.     
   8.8770199999999994E-003   17893329377270034.     
   8.8770199999999994E-003   18030855059991932.     
   8.8770099999999994E-003   18185114572552136.     
   8.8770099999999994E-003   18410568350563892.     
   8.8770099999999994E-003   18630286536149780.     
   8.8770099999999994E-003   18773282228431228.     
   8.8770099999999994E-003   18913772184230692.     
   8.8770099999999994E-003   19051862939362396.     
   8.8770099999999994E-003   19204442834392420.     
   8.8770099999999994E-003   19370787670879984.     
   8.8769999999999995E-003   19533902615050540.     
   8.8769999999999995E-003   19693947200611156.     
   8.8769999999999995E-003   19851091982884084.     
   8.8769999999999995E-003   20005456437751512.     
   8.8769999999999995E-003   20231860517005064.     
   8.8769999999999995E-003   20467792697865592.     
   8.8769899999999995E-003   20640753520797556.     
   8.8769899999999995E-003   20810626421065048.     
   8.8769899999999995E-003   20977571413057244.     
   8.8769899999999995E-003   21141733441551512.     
   8.8769899999999995E-003   21303244936947596.     
   8.8769899999999995E-003   21462240456934352.     
   8.8769899999999995E-003   21618843489183644.     
   8.8769799999999996E-003   21773144563884164.     
   8.8769799999999996E-003   21925261740353400.     
   8.8769799999999996E-003   22075282240525944.     
   8.8769799999999996E-003   22223297296313608.     
   8.8769799999999996E-003   22441518984563660.     
   8.8769799999999996E-003   22726500031405208.     
   8.8769699999999997E-003   23004761621561752.     
   8.8769699999999997E-003   23276782548271532.     
   8.8769699999999997E-003   23542981737676196.     
   8.8769599999999997E-003   23803700756158260.     
   8.8769599999999997E-003   24059294574243640.     
   8.8769599999999997E-003   24310021899873544.     
   8.8769599999999997E-003   24556147600450084.     
   8.8769499999999998E-003   24797908017963972.     
   8.8769499999999998E-003   25035515184384500.     
   8.8769499999999998E-003   25269145132830620.     
   8.8769499999999998E-003   25499005905921400.     
   8.8769499999999998E-003   25725216565566132.     
   8.8769399999999998E-003   25947964795354024.     
   8.8769399999999998E-003   26167336414121928.     
   8.8769399999999998E-003   26490102051599264.     
   8.8769299999999999E-003   26910233189854176.     
   8.8769299999999999E-003   27218090373384436.     
   8.8769299999999999E-003   27419773284055888.     
   8.8769299999999999E-003   27618856065207472.     
   8.8769199999999999E-003   27815399153414568.     
   8.8769199999999999E-003   28073540605432240.     
   8.8769199999999999E-003   28390512693394828.     
   8.8769199999999999E-003   28701304837547856.     
   8.8769100000000000E-003   28930658669318972.     
   8.8769100000000000E-003   29081695469205576.     
   8.8769100000000000E-003   29305537157108652.     
   8.8769100000000000E-003   29599486286904724.     
   8.8769000000000001E-003   29888258221327676.     
   8.8769000000000001E-003   30172068703058644.     
   8.8769000000000001E-003   30451093960350436.     
   8.8768900000000001E-003   30725487182673616.     
   8.8768900000000001E-003   31128349369010468.     
   8.8768800000000002E-003   31522667815177644.     
   8.8768800000000002E-003   31780299795671968.     
   8.8768800000000002E-003   32034132580077932.     
   8.8768800000000002E-003   32284293430296708.     
   8.8768700000000002E-003   32652523359757632.     
   8.8768700000000002E-003   33132332734594672.     
   8.8768600000000003E-003   33599818843710944.     
   8.8768600000000003E-003   34056024197849912.     
   8.8768500000000004E-003   34446822827563772.     
   8.8768500000000004E-003   34775712430000144.     
   8.8768400000000004E-003   35099483330517876.     
   8.8768400000000004E-003   35418486975684964.     
   8.8768400000000004E-003   35888189479362244.     
   8.8768300000000005E-003   36349761660564376.     
   8.8768300000000005E-003   36652544400633232.     
   8.8768200000000005E-003   36951835232773976.     
   8.8768200000000005E-003   37247751514052424.     
   8.8768200000000005E-003   37685177133838840.     
   8.8768100000000006E-003   38258150287956424.     
   8.8768000000000007E-003   38819861992206592.     
   8.8768000000000007E-003   39370899058631056.     
   8.8767900000000007E-003   39911255068054904.     
   8.8767800000000008E-003   40441009688618544.     
   8.8767800000000008E-003   40960287246502632.     
   8.8767700000000008E-003   41469392308961320.     
   8.8767599999999992E-003   41968550731770280.     
   8.8767599999999992E-003   42457941895897280.     
   8.8767499999999992E-003   42937584604354296.     
   8.8767499999999992E-003   43484796057327896.     
   8.8767399999999993E-003   44095226345725192.     
   8.8767299999999993E-003   44690213273889384.     
   8.8767299999999993E-003   45270540631207216.     
   8.8767199999999994E-003   45837229012447392.     
   8.8767099999999995E-003   46254524452316000.     
   8.8767099999999995E-003   46528834466034664.     
   8.8766999999999995E-003   46934825133235552.     
   8.8766999999999995E-003   47467887953433384.     
   8.8766899999999996E-003   47991613806225792.     
   8.8766799999999996E-003   48506885664308184.     
   8.8766799999999996E-003   49139623632296200.     
   8.8766699999999997E-003   49885707638696728.     
   8.8766599999999998E-003   50437022201792184.     
   8.8766599999999998E-003   50979802281445040.     
   8.8766499999999998E-003   51517507767901128.     
   8.8766399999999999E-003   51930871255543160.     
   8.8766399999999999E-003   52399328570067384.     
   8.8766299999999999E-003   52863659384443144.     
   8.8766200000000000E-003   53324133914214304.     
   8.8766200000000000E-003   54007128172899328.     
   8.8766100000000001E-003   54684213899914472.     
   8.8766000000000001E-003   55131076699105128.     
   8.8766000000000001E-003   55685138951385936.     
   8.8765900000000002E-003   56344478198555912.     
   8.8765800000000002E-003   57320354770329704.     
   8.8765700000000003E-003   58283743203695824.     
   8.8765600000000004E-003   58917004718375088.     
   8.8765500000000004E-003   59543569814181704.     
   8.8765400000000005E-003   60163411904394936.     
   8.8765400000000005E-003   61079752169259928.     
   8.8765200000000006E-003   62277907518834944.     
   8.8765100000000006E-003   63255068813775320.     
   8.8765000000000007E-003   64022324426462488.     
   8.8764900000000008E-003   64870269801587048.     
   8.8764800000000008E-003   65793931896079912.     
   8.8764699999999992E-003   66698137645097624.     
   8.8764599999999992E-003   67583063751017920.     
   8.8764499999999993E-003   68662153226467584.     
   8.8764299999999994E-003   69609079023476784.     
   8.8764199999999994E-003   70227281537488392.     
   8.8764199999999994E-003   70835445573700176.     
   8.8764099999999995E-003   71433747353997760.     
   8.8763999999999996E-003   72312775003277248.     
   8.8763899999999996E-003   73454081205213136.     
   8.8763699999999997E-003   74562864629394800.     
   8.8763599999999998E-003   75642239937917712.     
   8.8763499999999999E-003   76694817602193520.     
   8.8763300000000000E-003   77891663017795504.     
   8.8763100000000001E-003   79223931828821888.     
   8.8763000000000002E-003   80361587541575280.     
   8.8762900000000002E-003   81316726294061536.     
   8.8762700000000003E-003   82255002552452512.     
   8.8762600000000004E-003   83177348429666224.     
   8.8762500000000005E-003   84233965036858400.     
   8.8762300000000006E-003   85418329560491408.     
   8.8762200000000006E-003   86578841120845168.     
   8.8762000000000008E-003   87716834636475712.     
   8.8761900000000008E-003   88833554963502880.     
   8.8761699999999992E-003   89930089136827472.     
   8.8761599999999993E-003   91007315598708528.     
   8.8761399999999994E-003   92065962548632128.     
   8.8761299999999994E-003   93106755284575856.     
   8.8761199999999995E-003   94130387625788304.     
   8.8760999999999996E-003   95386320908147568.     
   8.8760799999999997E-003   96862386798408544.     
   8.8760599999999999E-003   98068127184165040.     
   8.8760499999999999E-003   99017087756075936.     
   8.8760400000000000E-003   99953228273597888.     
   8.8760200000000001E-003   1.0087713834368114E+017
   8.8760100000000001E-003   1.0224023200009834E+017
   8.8759900000000003E-003   1.0402143296236378E+017
   8.8759600000000004E-003   1.0533221805219366E+017
   8.8759500000000005E-003   1.0619381069078760E+017
   8.8759400000000006E-003   1.0725813827546605E+017
   8.8759200000000007E-003   1.0851889537784531E+017
   8.8759000000000008E-003   1.0976233370578725E+017
   8.8758900000000009E-003   1.1098960319975766E+017
   8.8758699999999992E-003   1.1240174368741515E+017
   8.8758499999999994E-003   1.1399241936518355E+017
   8.8758199999999995E-003   1.1517039951935294E+017
   8.8758099999999996E-003   1.1594795182280203E+017
   8.8757999999999997E-003   1.1710305517702328E+017
   8.8757799999999998E-003   1.1862539201116834E+017
   8.8757599999999999E-003   1.2012695917937515E+017
   8.8757400000000000E-003   1.2160852586633136E+017
   8.8757200000000001E-003   1.2307081843608994E+017
   8.8757000000000003E-003   1.2451454569892589E+017
   8.8756800000000004E-003   1.2664474780129362E+017
   8.8756400000000006E-003   1.2873997558920605E+017
   8.8756300000000007E-003   1.3011492866326851E+017
   8.8756100000000008E-003   1.3147382991565274E+017
   8.8755899999999992E-003   1.3281706180883125E+017
   8.8755699999999993E-003   1.3447417257812989E+017
   8.8755399999999995E-003   1.3643309327105082E+017
   8.8755199999999996E-003   1.3804174862437918E+017
   8.8754999999999997E-003   1.3931302178580534E+017
   8.8754799999999998E-003   1.4088325212174632E+017
   8.8754599999999999E-003   1.4274204463003662E+017
   8.8754300000000001E-003   1.4457362431128550E+017
   8.8754100000000002E-003   1.4637914249747197E+017
   8.8753900000000004E-003   1.4815969049068560E+017
   8.8753600000000005E-003   1.4991630857279693E+017
   8.8753400000000007E-003   1.5164999382628096E+017
   8.8753200000000008E-003   1.5336168546850675E+017
   8.8752899999999992E-003   1.5505222875449229E+017
   8.8752699999999993E-003   1.5672241384009984E+017
   8.8752499999999995E-003   1.5864573174846138E+017
   8.8752199999999996E-003   1.6081290693413440E+017
   8.8751899999999998E-003   1.6241778631381981E+017
   8.8751799999999999E-003   1.6347743770486442E+017
   8.8751600000000000E-003   1.6528385514485286E+017
   8.8751300000000002E-003   1.6781186706498790E+017
   8.8751000000000003E-003   1.6979317186591328E+017
   8.8750800000000005E-003   1.7124771985342803E+017
   8.8750600000000006E-003   1.7304573763414672E+017
   8.8750300000000008E-003   1.7517585103686314E+017
   8.8749999999999992E-003   1.7727633178795341E+017
   8.8749699999999994E-003   1.7934819310699152E+017
   8.8749499999999995E-003   1.8173013942741130E+017
   8.8749099999999997E-003   1.8440930103865565E+017
   8.8748799999999999E-003   1.8639028013094221E+017
   8.8748600000000000E-003   1.8769707067636947E+017
   8.8748400000000002E-003   1.8963715985464518E+017
   8.8748100000000003E-003   1.9219017329125027E+017
   8.8747700000000006E-003   1.9470530352803696E+017
   8.8747400000000008E-003   1.9718439917522138E+017
   8.8747099999999992E-003   1.9962916591205536E+017
   8.8746799999999994E-003   2.0204120008383821E+017
   8.8746499999999996E-003   2.0442198768615309E+017
   8.8746099999999998E-003   2.0677297976309523E+017
   8.8745800000000000E-003   2.0909555498566115E+017
   8.8745500000000001E-003   2.1139102314354365E+017
   8.8745200000000003E-003   2.1422319762705162E+017
   8.8744800000000006E-003   2.1757225735785459E+017
   8.8744400000000008E-003   2.2032358098772144E+017
   8.8744099999999992E-003   2.2249855731121939E+017
   8.8743799999999994E-003   2.2465166409810547E+017
   8.8743499999999996E-003   2.2678353732689014E+017
   8.8743199999999998E-003   2.2941872986093792E+017
   8.8742800000000000E-003   2.3254096315715626E+017
   8.8742400000000003E-003   2.3562046031143139E+017
   8.8742000000000005E-003   2.3865905554031530E+017
   8.8741600000000007E-003   2.4165843292340045E+017
   8.8741299999999992E-003   2.4462005375308573E+017
   8.8740899999999994E-003   2.4706064559084243E+017
   8.8740599999999996E-003   2.4899490248709955E+017
   8.8740399999999997E-003   2.5186623538675482E+017
   8.8739900000000000E-003   2.5564403506857686E+017
   8.8739400000000003E-003   2.5890313186950656E+017
   8.8739100000000005E-003   2.6166264243124899E+017
   8.8738700000000007E-003   2.6439247646961667E+017
   8.8738399999999992E-003   2.6709371871497994E+017
   8.8737999999999994E-003   2.7020985135200198E+017
   8.8737599999999996E-003   2.7372769453961290E+017
   8.8737199999999999E-003   2.7720028487128634E+017
   8.8736700000000002E-003   2.8062914987556582E+017
   8.8736300000000004E-003   2.8401576053279661E+017
   8.8735900000000006E-003   2.8736154482374640E+017
   8.8735399999999992E-003   2.9066789209178515E+017
   8.8734999999999994E-003   2.9393618994663610E+017
   8.8734599999999997E-003   2.9716781350457882E+017
   8.8734199999999999E-003   3.0036399430082643E+017
   8.8733800000000002E-003   3.0352583615078982E+017
   8.8733400000000004E-003   3.0665435561595571E+017
   8.8733100000000006E-003   3.1051858998751130E+017
   8.8732499999999992E-003   3.1509246723361766E+017
   8.8731899999999995E-003   3.1885353583544589E+017
   8.8731499999999998E-003   3.2182947328105114E+017
   8.8731200000000000E-003   3.2477773303020192E+017
   8.8730800000000002E-003   3.2769917325931040E+017
   8.8730500000000004E-003   3.3203107588994726E+017
   8.8729800000000008E-003   3.3772276590629082E+017
   8.8729099999999995E-003   3.4193135670024544E+017
   8.8728699999999997E-003   3.4470786218785133E+017
   8.8728399999999999E-003   3.4883051538808877E+017
   8.8727700000000003E-003   3.5425693918456698E+017
   8.8727100000000007E-003   3.5827583677686298E+017
   8.8726699999999992E-003   3.6092996920866688E+017
   8.8726399999999993E-003   3.6487448064881555E+017
   8.8725799999999997E-003   3.7007147325802918E+017
   8.8725200000000001E-003   3.7519755353809421E+017
   8.8724500000000005E-003   3.8025533043396653E+017
   8.8723900000000008E-003   3.8549859113471872E+017
   8.8723299999999995E-003   3.9238563076999341E+017
   8.8722300000000000E-003   3.9940186405582189E+017
   8.8721600000000005E-003   4.0369782555253446E+017
   8.8721300000000006E-003   4.0794617944854592E+017
   8.8720599999999993E-003   4.1354459968936499E+017
   8.8719899999999997E-003   4.1906809327175027E+017
   8.8719300000000001E-003   4.2451931021286746E+017
   8.8718600000000005E-003   4.3123395013169171E+017
   8.8717699999999993E-003   4.3915889697236781E+017
   8.8716799999999998E-003   4.4822893545635245E+017
   8.8715600000000006E-003   4.5838590539583226E+017
   8.8714399999999995E-003   4.6586812631122726E+017
   8.8713799999999999E-003   4.7079059495692480E+017
   8.8713200000000002E-003   4.7566411016557082E+017
   8.8712700000000005E-003   4.8049005427826720E+017
   8.8712099999999992E-003   4.8586344742347002E+017
   8.8711399999999996E-003   4.9176830614765843E+017
   8.8710799999999999E-003   4.9760600980103987E+017
   8.8710100000000004E-003   5.0337911933354106E+017
   8.8709400000000008E-003   5.1078931543249178E+017
   8.8708399999999996E-003   5.1977538410735712E+017
   8.8707400000000002E-003   5.2971142855331251E+017
   8.8706099999999993E-003   5.4055225311445581E+017
   8.8704900000000000E-003   5.5232894299591398E+017
   8.8703500000000008E-003   5.6499123569061267E+017
   8.8702099999999999E-003   5.7432062571898118E+017
   8.8701400000000003E-003   5.8045903639949926E+017
   8.8700700000000007E-003   5.9055031911729434E+017
   8.8699099999999999E-003   6.0441942120370624E+017
   8.8697600000000008E-003   6.1703442905928205E+017
   8.8696299999999999E-003   6.2562752164163123E+017
   8.8695700000000002E-003   6.3129174259587008E+017
   8.8695100000000006E-003   6.3783804291194611E+017
   8.8694299999999993E-003   6.4524198966486221E+017
   8.8693399999999999E-003   6.5619209242914957E+017
   8.8691900000000008E-003   6.7053027110674598E+017
   8.8690300000000000E-003   6.8457992449648870E+017
   8.8688800000000009E-003   6.9494346337014259E+017
   8.8688099999999995E-003   7.0176912200700762E+017
   8.8687300000000000E-003   7.1021260374662016E+017
   8.8686200000000007E-003   7.2022449624847411E+017
   8.8685199999999995E-003   7.3337096749572275E+017
   8.8683400000000006E-003   7.4951154598422797E+017
   8.8681699999999999E-003   7.6461080415985267E+017
   8.8680200000000008E-003   7.7872316360706931E+017
   8.8678699999999999E-003   7.9270916771748122E+017
   8.8677200000000008E-003   8.0657503254080845E+017
   8.8675799999999999E-003   8.2247761635473523E+017
   8.8673899999999993E-003   8.4031675436770432E+017
   8.8672100000000004E-003   8.5781287057076160E+017
   8.8670199999999998E-003   8.7498413290283315E+017
   8.8668500000000008E-003   8.9184757394274880E+017
   8.8666800000000000E-003   9.0841978356628390E+017
   8.8665099999999993E-003   9.2168499944336154E+017
   8.8664000000000000E-003   9.3176786375037517E+017
   8.8663000000000006E-003   9.4175195940103770E+017
   8.8661999999999994E-003   9.5164073327551142E+017
   8.8661000000000000E-003   9.6629537556847501E+017
   8.8658999999999995E-003   9.8553639639310938E+017
   8.8657100000000006E-003   1.0063129835718446E+018
   8.8654800000000002E-003   1.0285793442899621E+018
   8.8652599999999998E-003   1.0495184915547862E+018
   8.8650699999999992E-003   1.0691817242547136E+018
   8.8648800000000003E-003   1.0909912877589524E+018
   8.8646400000000000E-003   1.1148739846034481E+018
   8.8644099999999997E-003   1.1383980586627113E+018
   8.8641899999999992E-003   1.1615811698728983E+018
   8.8639700000000005E-003   1.1788266569980590E+018
   8.8638599999999994E-003   1.1959926283455987E+018
   8.8636400000000008E-003   1.2130043516228017E+018
   8.8635399999999996E-003   1.2265352123448102E+018
   8.8633900000000005E-003   1.2422359129057728E+018
   8.8632499999999996E-003   1.2577942525947950E+018
   8.8631000000000005E-003   1.2732145300352561E+018
   8.8629599999999996E-003   1.2939181528515630E+018
   8.8627199999999993E-003   1.3197455187587858E+018
   8.8624900000000006E-003   1.3454401170962386E+018
   8.8622600000000003E-003   1.3710106487832328E+018
   8.8620299999999999E-003   1.4004056913003328E+018
   8.8617300000000000E-003   1.4334736959484972E+018
   8.8614499999999999E-003   1.4580029759143309E+018
   8.8613000000000008E-003   1.4742785522728581E+018
   8.8611599999999999E-003   1.4985804221993352E+018
   8.8608799999999998E-003   1.5306549550417533E+018
   8.8605999999999997E-003   1.5623193941201318E+018
   8.8603399999999995E-003   1.5935961310495148E+018
   8.8600699999999994E-003   1.6285114743782282E+018
   8.8597399999999996E-003   1.6669197836195988E+018
   8.8594199999999998E-003   1.7049076529260142E+018
   8.8591099999999999E-003   1.7425011263236710E+018
   8.8588000000000000E-003   1.7796566702064712E+018
   8.8585000000000001E-003   1.8163977908081523E+018
   8.8582000000000001E-003   1.8456179743600755E+018
   8.8580199999999994E-003   1.8675548515410145E+018
   8.8578500000000004E-003   1.8893106532082143E+018
   8.8576699999999998E-003   1.9108905718316347E+018
   8.8575000000000008E-003   1.9431835193623949E+018
   8.8571599999999993E-003   1.9858450532698071E+018
   8.8568299999999996E-003   2.0316721508171464E+018
   8.8564400000000001E-003   2.0805323960231355E+018
   8.8560600000000007E-003   2.1289634297199406E+018
   8.8556899999999994E-003   2.1769906307052851E+018
   8.8553299999999998E-003   2.2143894198639864E+018
   8.8551199999999993E-003   2.2415201685284997E+018
   8.8549200000000005E-003   2.2685411846254715E+018
   8.8547100000000000E-003   2.2954562551702170E+018
   8.8545099999999995E-003   2.3289617358707676E+018
   8.8542099999999995E-003   2.3688720472887060E+018
   8.8539199999999995E-003   2.4154251783267820E+018
   8.8535200000000001E-003   2.4683737250663286E+018
   8.8531400000000007E-003   2.5208855167753815E+018
   8.8527499999999995E-003   2.5729860435311442E+018
   8.8523800000000000E-003   2.6117052602176973E+018
   8.8521999999999993E-003   2.6374410201517379E+018
   8.8520100000000004E-003   2.6665429173777459E+018
   8.8517800000000001E-003   2.6989394009695176E+018
   8.8515499999999997E-003   2.7473048560574899E+018
   8.8510900000000007E-003   2.8110941219369288E+018
   8.8506499999999998E-003   2.8584379939540460E+018
   8.8504299999999994E-003   2.8898784906238131E+018
   8.8502100000000007E-003   2.9246677518817475E+018
   8.8499500000000005E-003   2.9627298340070400E+018
   8.8496900000000003E-003   3.0004593679073572E+018
   8.8494300000000001E-003   3.0378666082975365E+018
   8.8491700000000000E-003   3.0755180711752033E+018
   8.8489099999999998E-003   3.1134093738468398E+018
   8.8486599999999995E-003   3.1700938718568771E+018
   8.8481500000000008E-003   3.2449235050931005E+018
   8.8476500000000003E-003   3.3005084059724872E+018
   8.8474100000000000E-003   3.3374897909408256E+018
   8.8471599999999997E-003   3.3779153253864335E+018
   8.8468699999999997E-003   3.4217062883830221E+018
   8.8465899999999997E-003   3.4651169653370870E+018
   8.8463099999999996E-003   3.5301903068992087E+018
   8.8457399999999995E-003   3.5951435036120376E+018
   8.8454599999999994E-003   3.6384287075123215E+018
   8.8451799999999994E-003   3.6813683827051290E+018
   8.8449099999999992E-003   3.7400934875503273E+018
   8.8444400000000003E-003   3.8141319347998008E+018
   8.8439699999999996E-003   3.8883942337647980E+018
   8.8435000000000007E-003   3.9624810341765371E+018
   8.8430399999999999E-003   4.0325391245719429E+018
   8.8426100000000007E-003   4.0986889828796687E+018
   8.8421899999999998E-003   4.1519675577021599E+018
   8.8419299999999996E-003   4.1930981748930468E+018
   8.8416599999999995E-003   4.2580913823321943E+018
   8.8410899999999994E-003   4.3460874340586496E+018
   8.8405299999999992E-003   4.4151147198235781E+018
   8.8401999999999994E-003   4.4659117466155008E+018
   8.8398799999999996E-003   4.5405428422189834E+018
   8.8392699999999998E-003   4.6391199056425298E+018
   8.8386699999999999E-003   4.7453575484854907E+018
   8.8379900000000004E-003   4.8585779952870584E+018
   8.8373299999999991E-003   4.9468413013366047E+018
   8.8369499999999997E-003   5.0109036153748060E+018
   8.8365800000000001E-003   5.0750262837399368E+018
   8.8362000000000007E-003   5.1392108951914435E+018
   8.8358299999999994E-003   5.2275545257201439E+018
   8.8351899999999997E-003   5.3392886857406003E+018
   8.8345500000000000E-003   5.4370944720403046E+018
   8.8340699999999994E-003   5.5214598680785480E+018
   8.8336000000000005E-003   5.5994364789194854E+018
   8.8331999999999994E-003   5.7068339295052524E+018
   8.8324000000000007E-003   5.8548638166981673E+018
   8.8315500000000005E-003   5.9693871171216179E+018
   8.8311399999999995E-003   6.0449252570315325E+018
   8.8307300000000002E-003   6.1573623453713132E+018
   8.8299199999999998E-003   6.3054431080395008E+018
   8.8291199999999993E-003   6.4472543267970263E+018
   8.8283900000000002E-003   6.5639936715382917E+018
   8.8278799999999998E-003   6.6604698569607680E+018
   8.8273699999999993E-003   6.8008258388879585E+018
   8.8264099999999998E-003   6.9833881392562668E+018
   8.8254600000000002E-003   7.1681271298797650E+018
   8.8244900000000008E-003   7.3549750622283756E+018
   8.8235499999999994E-003   7.5213238269047091E+018
   8.8228000000000004E-003   7.6680469668923924E+018
   8.8220699999999996E-003   7.8473727227888660E+018
   8.8210100000000007E-003   8.0056934636034662E+018
   8.8204900000000003E-003   8.1100921512075172E+018
   8.8199699999999999E-003   8.2555274054769838E+018
   8.8190600000000001E-003   8.4406676894352302E+018
   8.8181600000000002E-003   8.5844155905507676E+018
   8.8176599999999997E-003   8.6880772490170993E+018
   8.8171599999999992E-003   8.8197567526827592E+018
   8.8164000000000003E-003   8.9786721315647672E+018
   8.8156499999999995E-003   9.1803067913801708E+018
   8.8144899999999995E-003   9.3677108525008794E+018
   8.8138799999999996E-003   9.5173052189042606E+018
   8.8130900000000009E-003   9.6845799144740782E+018
   8.8123200000000002E-003   9.8892868218891121E+018
   8.8111999999999999E-003   1.0070185384625744E+019
   8.8106499999999997E-003   1.0189603844350951E+019
   8.8101099999999995E-003   1.0374342104914682E+019
   8.8089799999999992E-003   1.0560627875006300E+019
   8.8084200000000008E-003   1.0683608183910373E+019
   8.8078700000000006E-003   1.0817833166679761E+019
   8.8072199999999993E-003   1.0963024323279901E+019
   8.8065799999999996E-003   1.1147943453234754E+019
   8.8055800000000004E-003   1.1371201771808870E+019
   8.8046099999999992E-003   1.1558053405338239E+019
   8.8039399999999997E-003   1.1709722949947677E+019
   8.8032800000000001E-003   1.1861333950251948E+019
   8.8026200000000006E-003   1.2096435800395985E+019
   8.8012500000000000E-003   1.2410298596903809E+019
   8.7999199999999993E-003   1.2729609626423716E+019
   8.7985300000000006E-003   1.2973331233944185E+019
   8.7978399999999995E-003   1.3133881142341628E+019
   8.7971700000000000E-003   1.3383359668415820E+019
   8.7957499999999997E-003   1.3717437603176854E+019
   8.7943599999999993E-003   1.4056248910300412E+019
   8.7929099999999993E-003   1.4314255481340817E+019
   8.7922000000000000E-003   1.4483548996774631E+019
   8.7914900000000008E-003   1.4656925832661598E+019
   8.7907500000000000E-003   1.4833926177738887E+019
   8.7900099999999991E-003   1.5008552519923841E+019
   8.7892899999999999E-003   1.5180716448705712E+019
   8.7885700000000008E-003   1.5356683625244948E+019
   8.7878100000000001E-003   1.5535894450123512E+019
   8.7870499999999994E-003   1.5799221996380447E+019
   8.7855799999999994E-003   1.6061517723740938E+019
   8.7848000000000006E-003   1.6240858319035255E+019
   8.7840399999999999E-003   1.6416726972274006E+019
   8.7832799999999992E-003   1.6589101955422824E+019
   8.7825300000000002E-003   1.6765303757053102E+019
   8.7817399999999997E-003   1.6942740541279261E+019
   8.7809499999999992E-003   1.7115974668908390E+019
   8.7801800000000003E-003   1.7285351058397350E+019
   8.7794099999999996E-003   1.7456861414937508E+019
   8.7785999999999993E-003   1.7629824026772494E+019
   8.7778000000000005E-003   1.7798186692754948E+019
   8.7770100000000000E-003   1.7962413782625253E+019
   8.7762299999999994E-003   1.8128237622133180E+019
   8.7754100000000008E-003   1.8295092118573853E+019
   8.7745900000000005E-003   1.8457018958832447E+019
   8.7737800000000001E-003   1.8614848553077322E+019
   8.7729899999999996E-003   1.8773886929305027E+019
   8.7721399999999995E-003   1.8934052282034778E+019
   8.7713099999999992E-003   1.9089399422554534E+019
   8.7704900000000006E-003   1.9241297734369579E+019
   8.7696700000000002E-003   1.9394702369039774E+019
   8.7688100000000001E-003   1.9549748336513753E+019
   8.7679600000000000E-003   1.9700648977111863E+019
   8.7671199999999998E-003   1.9848849573228278E+019
   8.7662899999999995E-003   1.9999192633237455E+019
   8.7654199999999995E-003   2.0151870135121023E+019
   8.7645499999999994E-003   2.0301243885714657E+019
   8.7636899999999993E-003   2.0448657305361338E+019
   8.7628500000000008E-003   2.0599358888137273E+019
   8.7619499999999993E-003   2.0752065902212628E+019
   8.7610699999999993E-003   2.0899518878039372E+019
   8.7601999999999992E-003   2.1051206307822105E+019
   8.7593399999999991E-003   2.1293898548509016E+019
   8.7575199999999995E-003   2.1610911963402154E+019
   8.7557599999999996E-003   2.1844989733554524E+019
   8.7548299999999999E-003   2.2007742347140751E+019
   8.7539100000000002E-003   2.2168341548539879E+019
   8.7530100000000003E-003   2.2334145766477394E+019
   8.7521100000000004E-003   2.2602757389577904E+019
   8.7502299999999995E-003   2.2952160461180887E+019
   8.7483999999999999E-003   2.3209112275688641E+019
   8.7474400000000004E-003   2.3389556046251983E+019
   8.7464900000000009E-003   2.3662015947952644E+019
   8.7446199999999998E-003   2.4033548042538586E+019
   8.7426699999999993E-003   2.4312684974141125E+019
   8.7417099999999998E-003   2.4503831976558068E+019
   8.7407700000000001E-003   2.4814118154190893E+019
   8.7387799999999998E-003   2.5215545962717172E+019
   8.7368500000000009E-003   2.5612622957697618E+019
   8.7348300000000007E-003   2.5916318214833410E+019
   8.7338399999999997E-003   2.6118804885462831E+019
   8.7328600000000003E-003   2.6440985318958428E+019
   8.7308000000000004E-003   2.6869790523206672E+019
   8.7287900000000002E-003   2.7308076023889220E+019
   8.7266900000000005E-003   2.7755318457759511E+019
   8.7246500000000005E-003   2.8086517005982343E+019
   8.7235699999999999E-003   2.8317007278632595E+019
   8.7225099999999993E-003   2.8674257603865567E+019
   8.7203599999999999E-003   2.9143805789694530E+019
   8.7182500000000003E-003   2.9613979230143410E+019
   8.7161300000000008E-003   3.0102537244554043E+019
   8.7139100000000001E-003   3.0601102846135759E+019
   8.7117500000000007E-003   3.0969570277417439E+019
   8.7106100000000006E-003   3.1362694752594559E+019
   8.7083799999999999E-003   3.1809890104607097E+019
   8.7066999999999995E-003   3.2203392020687950E+019
   8.7049799999999993E-003   3.2669808411301351E+019
   8.7027300000000005E-003   3.3211506924738359E+019
   8.7003800000000006E-003   3.3685084583302279E+019
   8.6986500000000005E-003   3.4093543765125104E+019
   8.6968800000000006E-003   3.4522397775868596E+019
   8.6951000000000007E-003   3.4944185587100692E+019
   8.6933600000000007E-003   3.5352661387443151E+019
   8.6916600000000004E-003   3.5747809073808847E+019
   8.6899999999999998E-003   3.6098624325248492E+019
   8.6886299999999993E-003   3.6414442992719507E+019
   8.6872900000000003E-003   3.6753406889057858E+019
   8.6857500000000008E-003   3.7106018586945421E+019
   8.6842299999999994E-003   3.7455610096438370E+019
   8.6826500000000001E-003   3.7813034451197493E+019
   8.6811000000000006E-003   3.8255619615540888E+019
   8.6788799999999999E-003   3.8739037031522894E+019
   8.6767000000000007E-003   3.9122750973987824E+019
   8.6751199999999997E-003   3.9452928169372541E+019
   8.6735600000000003E-003   3.9870213524375912E+019
   8.6712800000000000E-003   4.0321596755857318E+019
   8.6690499999999993E-003   4.0678411608052957E+019
   8.6674000000000005E-003   4.0976426988425126E+019
   8.6657799999999997E-003   4.1262713198661173E+019
   8.6641400000000007E-003   4.1543656854757990E+019
   8.6625399999999998E-003   4.1884840191242363E+019
   8.6602099999999998E-003   4.2246008672253116E+019
   8.6579499999999993E-003   4.2550959354554679E+019
   8.6559299999999992E-003   4.2825096569260958E+019
   8.6539500000000005E-003   4.3080799588383146E+019
   8.6519300000000004E-003   4.3326433965363192E+019
   8.6499500000000000E-003   4.3579742733174538E+019
   8.6475900000000001E-003   4.3834579794397733E+019
   8.6452999999999999E-003   4.4072736306663145E+019
   8.6429400000000000E-003   4.4290445475372098E+019
   8.6406499999999997E-003   4.4450197834998530E+019
   8.6389699999999993E-003   4.4600442363269890E+019
   8.6373400000000003E-003   4.4829592560886833E+019
   8.6342999999999993E-003   4.5101071902320222E+019
   8.6313799999999993E-003   4.5307248605552951E+019
   8.6293499999999992E-003   4.5492808706862637E+019
   8.6273700000000005E-003   4.5694023463062086E+019
   8.6253500000000004E-003   4.5905520240562201E+019
   8.6233899999999999E-003   4.6250017089407681E+019
   8.6194400000000008E-003   4.6622884287222456E+019
   8.6174600000000004E-003   4.6898142479991816E+019
   8.6155199999999998E-003   4.7252153887883174E+019
   8.6128500000000000E-003   4.7577121897430893E+019
   8.6115400000000009E-003   4.7803095001048916E+019
   8.6102599999999998E-003   4.8173959771710243E+019
   8.6075800000000001E-003   4.8567030828171756E+019
   8.6062699999999992E-003   4.8913779644291621E+019
   8.6043000000000005E-003   4.9357901745095549E+019
   8.6023000000000002E-003   4.9748026032433570E+019
   8.6009899999999993E-003   5.0242773318963085E+019
   8.5983399999999995E-003   5.0766178353520214E+019
   8.5970000000000005E-003   5.1129811102031323E+019
   8.5956899999999996E-003   5.1603985683808215E+019
   8.5937099999999992E-003   5.2206553032972755E+019
   8.5916800000000008E-003   5.2731211987275760E+019
   8.5903600000000000E-003   5.3158322625378009E+019
   8.5890500000000009E-003   5.3842972055603175E+019
   8.5863199999999997E-003   5.4675763263891489E+019
   8.5843299999999994E-003   5.5290038087472169E+019
   8.5829700000000005E-003   5.5941405805485842E+019
   8.5809200000000006E-003   5.6880623290199818E+019
   8.5782400000000009E-003   5.7710751859949732E+019
   8.5768300000000006E-003   5.8445261405938565E+019
   8.5747600000000007E-003   5.9332681699296854E+019
   8.5727400000000006E-003   6.0421994093211754E+019
   8.5699200000000000E-003   6.1475291607434043E+019
   8.5681700000000000E-003   6.2299872178263564E+019
   8.5664399999999998E-003   6.3331995954950717E+019
   8.5639500000000007E-003   6.4551735786181640E+019
   8.5615199999999995E-003   6.5899274122163585E+019
   8.5586099999999995E-003   6.7014609768069923E+019
   8.5571799999999993E-003   6.7765545198775058E+019
   8.5557700000000007E-003   6.9072589649486709E+019
   8.5524199999999998E-003   7.0885147086037500E+019
   8.5491700000000000E-003   7.2298201427045630E+019
   8.5472900000000008E-003   7.3668825706447495E+019
   8.5443099999999994E-003   7.5514465464434491E+019
   8.5409000000000006E-003   7.7178345110349431E+019
   8.5386400000000001E-003   7.8419569176416436E+019
   8.5366899999999996E-003   7.9583959296885113E+019
   8.5347600000000006E-003   8.1032901228022825E+019
   8.5319999999999997E-003   8.2685031705847054E+019
   8.5292900000000001E-003   8.4257105442352513E+019
   8.5269000000000005E-003   8.5735756307801096E+019
   8.5245400000000006E-003   8.6996927367704183E+019
   8.5228999999999999E-003   8.8034809851687764E+019
   8.5212900000000008E-003   8.9560991250664112E+019
   8.5181700000000003E-003   9.1580137414810894E+019
   8.5151299999999992E-003   9.3069488562750669E+019
   8.5135599999999999E-003   9.4104123125118140E+019
   8.5120000000000005E-003   9.5379956246681141E+019
   8.5097699999999998E-003   9.6879260550965625E+019
   8.5075700000000008E-003   9.8805889890467987E+019
   8.5041200000000004E-003   1.0120746713690710E+020
   8.5006300000000003E-003   1.0382192925524620E+020
   8.4967099999999993E-003   1.0617541352942889E+020
   8.4940299999999996E-003   1.0813811083762383E+020
   8.4913000000000002E-003   1.1056204053559824E+020
   8.4874700000000004E-003   1.1379931834842055E+020
   8.4826499999999996E-003   1.1643099817979435E+020
   8.4805300000000000E-003   1.1805870940300886E+020
   8.4784300000000003E-003   1.1997807524082339E+020
   8.4755999999999998E-003   1.2223365965570387E+020
   8.4726899999999997E-003   1.2452880027084400E+020
   8.4698299999999994E-003   1.2686699594765186E+020
   8.4668699999999996E-003   1.2927403271142677E+020
   8.4638999999999999E-003   1.3169703931872584E+020
   8.4609799999999999E-003   1.3376319470282747E+020
   8.4589200000000000E-003   1.3632999531339040E+020
   8.4548599999999998E-003   1.4027151459693948E+020
   8.4497099999999992E-003   1.4406636336708120E+020
   8.4460799999999999E-003   1.4703902880977066E+020
   8.4429099999999997E-003   1.4987929646587563E+020
   8.4396899999999997E-003   1.5376218681794950E+020
   8.4343000000000005E-003   1.5783438861554591E+020
   8.4307400000000008E-003   1.6035681065939275E+020
   8.4288399999999999E-003   1.6325000233790593E+020
   8.4246000000000008E-003   1.6723966375426608E+020
   8.4204299999999996E-003   1.7033029780184970E+020
   8.4181399999999993E-003   1.7253767843852095E+020
   8.4158700000000006E-003   1.7580975089809791E+020
   8.4114800000000007E-003   1.8010929867825067E+020
   8.4071700000000003E-003   1.8315364469554607E+020
   8.4053700000000005E-003   1.8495364042161989E+020
   8.4035900000000007E-003   1.8801590762327084E+020
   8.3993499999999999E-003   1.9233204816713695E+020
   8.3951800000000004E-003   1.9556350950875408E+020
   8.3930199999999993E-003   1.9780992869003028E+020
   8.3908799999999999E-003   2.0099762403701735E+020
   8.3869800000000005E-003   2.0512305050781834E+020
   8.3831500000000007E-003   2.0864034901961441E+020
   8.3804499999999994E-003   2.1155667508591785E+020
   8.3777799999999996E-003   2.1489547177073086E+020
   8.3743600000000008E-003   2.1865406653342079E+020
   8.3709900000000000E-003   2.2295905863438205E+020
   8.3666799999999996E-003   2.2780134895819453E+020
   8.3624400000000005E-003   2.3227303453773955E+020
   8.3588399999999993E-003   2.3808639230076918E+020
   8.3524099999999993E-003   2.4352823868152175E+020
   8.3495500000000007E-003   2.4711896650011184E+020
   8.3463700000000005E-003   2.5091239519538115E+020
   8.3432300000000001E-003   2.5680046816796446E+020
   8.3367000000000007E-003   2.6476647833156826E+020
   8.3303200000000004E-003   2.7306932875908278E+020
   8.3234899999999994E-003   2.8170770628355247E+020
   8.3168200000000008E-003   2.8830874742684107E+020
   8.3132199999999996E-003   2.9301292236847920E+020
   8.3096600000000000E-003   2.9801632356958582E+020
   8.3056899999999993E-003   3.0332034167327621E+020
   8.3017700000000000E-003   3.0837726000702443E+020
   8.2982300000000002E-003   3.1319182907974536E+020
   8.2947400000000001E-003   3.1900128608692136E+020
   8.2898499999999996E-003   3.2580115178153928E+020
   8.2850300000000005E-003   3.3339403029050556E+020
   8.2791600000000007E-003   3.4176397434768051E+020
   8.2734000000000002E-003   3.4963499367951925E+020
   8.2683600000000006E-003   3.5703635355614793E+020
   8.2633900000000007E-003   3.6473087987697910E+020
   8.2579899999999998E-003   3.7206889142916756E+020
   8.2537800000000005E-003   3.7850258006790019E+020
   8.2496099999999992E-003   3.8722219270095084E+020
   8.2425799999999994E-003   3.9821848490837528E+020
   8.2356800000000004E-003   4.0870302582063222E+020
   8.2295500000000004E-003   4.1861759493640526E+020
   8.2235199999999998E-003   4.2789303474823168E+020
   8.2181800000000003E-003   4.4001259488173392E+020
   8.2091100000000004E-003   4.5080266414536353E+020
   8.2055099999999992E-003   4.5698601092861854E+020
   8.2019399999999996E-003   4.6624153902438521E+020
   8.1949099999999997E-003   4.7856198501022453E+020
   8.1880100000000008E-003   4.8861919262378977E+020
   8.1836900000000004E-003   4.9641949013928424E+020
   8.1794199999999997E-003   5.0562681566637739E+020
   8.1736599999999993E-003   5.1623905773309120E+020
   8.1679900000000000E-003   5.2810761874366084E+020
   8.1610599999999995E-003   5.4417775186590427E+020
   8.1512200000000007E-003   5.6056044551202131E+020
   8.1442300000000006E-003   5.7135995545000182E+020
   8.1402899999999997E-003   5.8364198906342487E+020
   8.1320100000000003E-003   6.0032619963793277E+020
   8.1238999999999999E-003   6.1307407822563862E+020
   8.1196299999999992E-003   6.2194840575785435E+020
   8.1154100000000000E-003   6.3080749159904707E+020
   8.1112300000000005E-003   6.3965875950479907E+020
   8.1070900000000008E-003   6.5349366050328740E+020
   8.0984000000000004E-003   6.7231052500872095E+020
   8.0898700000000007E-003   6.9171072731503002E+020
   8.0809599999999999E-003   7.1169627336983668E+020
   8.0722199999999997E-003   7.2699970063232834E+020
   8.0676299999999992E-003   7.3762170334094505E+020
   8.0630800000000002E-003   7.4823593104619248E+020
   8.0585799999999992E-003   7.5884269159436426E+020
   8.0541299999999996E-003   7.7542793572206327E+020
   8.0447699999999997E-003   7.9797444169530370E+020
   8.0355900000000004E-003   8.1510761862360872E+020
   8.0307799999999995E-003   8.2708849111613453E+020
   8.0260100000000001E-003   8.3906221125485199E+020
   8.0212800000000004E-003   8.5102818007556004E+020
   8.0166000000000005E-003   8.6972689689002521E+020
   8.0067799999999998E-003   8.9516679587250228E+020
   7.9971499999999997E-003   9.2130333504933121E+020
   7.9870900000000005E-003   9.4832865141886288E+020
   7.9772200000000001E-003   9.6903303656582886E+020
   7.9720399999999997E-003   9.8339844205331494E+020
   7.9669100000000007E-003   9.9775693949381037E+020
   7.9618299999999996E-003   1.0121124090066118E+021
   7.9568000000000000E-003   1.0345304865294896E+021
   7.9462400000000002E-003   1.0650333577806612E+021
   7.9358899999999993E-003   1.0881884405016531E+021
   7.9304600000000003E-003   1.1043937589340522E+021
   7.9250799999999993E-003   1.1205929191355073E+021
   7.9197499999999997E-003   1.1367846557393298E+021
   7.9144699999999998E-003   1.1620769756632672E+021
   7.9033999999999997E-003   1.1964935233719362E+021
   7.8925400000000000E-003   1.2319337895887391E+021
   7.8812099999999996E-003   1.2684931138449761E+021
   7.8700899999999997E-003   1.2965056651791698E+021
   7.8642599999999997E-003   1.3159383322086379E+021
   7.8584799999999993E-003   1.3353652016430611E+021
   7.8527600000000003E-003   1.3547900936680222E+021
   7.8470999999999992E-003   1.3850959916234677E+021
   7.8352100000000004E-003   1.4263360661269074E+021
   7.8235600000000002E-003   1.4576409138367711E+021
   7.8174500000000001E-003   1.4795350449658051E+021
   7.8113999999999996E-003   1.5123289672963103E+021
   7.7994600000000002E-003   1.5575034240212074E+021
   7.7870099999999996E-003   1.5924383918415843E+021
   7.7808799999999996E-003   1.6156165847979493E+021
   7.7748000000000001E-003   1.6518318043216447E+021
   7.7620600000000003E-003   1.7011108552013172E+021
   7.7495600000000000E-003   1.7384789528450981E+021
   7.7430099999999998E-003   1.7646386648319407E+021
   7.7365200000000002E-003   1.7976957047823883E+021
   7.7267000000000004E-003   1.8378207878642931E+021
   7.7170299999999997E-003   1.8786512978185557E+021
   7.7070899999999998E-003   1.9203897922633324E+021
   7.6972899999999999E-003   1.9634486915097318E+021
   7.6870300000000001E-003   2.0077620001373055E+021
   7.6769200000000003E-003   2.0529796213031864E+021
   7.6665300000000004E-003   2.1131439222816988E+021
   7.6501000000000000E-003   2.1784943745040195E+021
   7.6378799999999997E-003   2.2358460192167473E+021
   7.6255500000000000E-003   2.2943820480626255E+021
   7.6131000000000002E-003   2.3621973642007539E+021
   7.5973400000000002E-003   2.4315532080141943E+021
   7.5847099999999997E-003   2.4954621289291522E+021
   7.5716200000000003E-003   2.5614462099841105E+021
   7.5585299999999999E-003   2.6247549299894208E+021
   7.5468400000000000E-003   2.6837476253257978E+021
   7.5357000000000002E-003   2.7543078216854935E+021
   7.5198699999999997E-003   2.8303816659972061E+021
   7.5068399999999999E-003   2.8955782850404528E+021
   7.4951799999999997E-003   2.9611015313633402E+021
   7.4814100000000000E-003   3.0380141630791337E+021
   7.4663000000000004E-003   3.1047998420995392E+021
   7.4563800000000003E-003   3.1616674303978897E+021
   7.4424100000000000E-003   3.2319464801714349E+021
   7.4259900000000004E-003   3.2847957834877197E+021
   7.4101599999999998E-003   3.3324434613069545E+021
   7.3955100000000001E-003   3.3364141611871917E+021
   7.3814700000000002E-003   3.3090737573274048E+021
   7.3655999999999999E-003   3.1989639706947124E+021
   7.3593299999999999E-003   3.2168592638662929E+021
   7.3444900000000004E-003   2.9410568739760704E+021
   7.3250700000000004E-003   2.8232731255732521E+021
   7.3112999999999997E-003   2.5337387799377939E+021
   7.2979799999999999E-003   2.1702713675020868E+021
   7.2828600000000004E-003   1.9848464667007653E+021
   7.2689699999999996E-003   1.8809704674542614E+021
   7.2630799999999999E-003   1.7550427523582748E+021
   7.2572299999999999E-003   1.6457417814645741E+021
   7.2429399999999998E-003   1.5623536184929810E+021
   7.2372100000000000E-003   1.5197932902613660E+021
   7.2306599999999999E-003   1.4488982515901153E+021
   7.2255599999999998E-003   1.4449721270353102E+021
   7.2174700000000001E-003   1.4134814447515895E+021
   7.2122899999999997E-003   1.3769974392040807E+021
   7.2074399999999999E-003   1.3606893290225216E+021
   7.2030499999999999E-003   1.3682332351532145E+021
   7.1977999999999999E-003   1.3495053502786579E+021
   7.1919999999999996E-003   1.3449747807353792E+021
   7.1862400000000000E-003   1.3499895468709176E+021
   7.1827499999999999E-003   1.3556065543580911E+021
   7.1779799999999996E-003   1.3630787183046896E+021
   7.1756099999999998E-003   1.3690526475663767E+021
   7.1738300000000000E-003   1.3778229441981328E+021
   7.1696700000000004E-003   1.3870806820005552E+021
   7.1672899999999998E-003   1.3963864679622590E+021
   7.1639800000000003E-003   1.4081898843146570E+021
   7.1612600000000000E-003   1.4306273140570896E+021
   7.1552300000000003E-003   1.4627094366012328E+021
   7.1507000000000003E-003   1.4848343251764495E+021
   7.1455800000000003E-003   1.5305680476510893E+021
   7.1395900000000003E-003   1.5711623562777925E+021
   7.1348899999999996E-003   1.6073362081711574E+021
   7.1303900000000003E-003   1.6504281222738965E+021
   7.1260400000000002E-003   1.6858896220327112E+021
   7.1220800000000003E-003   1.7317275944872756E+021
   7.1170499999999998E-003   1.7692925238204757E+021
   7.1149799999999999E-003   1.8022753157054752E+021
   7.1108500000000002E-003   1.8435154538251393E+021
   7.1081099999999999E-003   1.8826561449828556E+021
   7.1040100000000000E-003   1.9199655567228055E+021
   7.1019700000000000E-003   1.9573642881718454E+021
   7.0979800000000003E-003   2.0077460555666361E+021
   7.0940999999999999E-003   2.0463376645498649E+021
   7.0921600000000001E-003   2.0769463141485272E+021
   7.0896400000000004E-003   2.1291011037061359E+021
   7.0846299999999997E-003   2.2005144499343731E+021
   7.0796399999999999E-003   2.2743973708492442E+021
   7.0746699999999999E-003   2.3313858301894302E+021
   7.0721899999999999E-003   2.3641599179858919E+021
   7.0703399999999996E-003   2.4079538080375982E+021
   7.0666399999999999E-003   2.4672114553234276E+021
   7.0630099999999998E-003   2.5265236280344020E+021
   7.0594300000000002E-003   2.5856777151865448E+021
   7.0559100000000003E-003   2.6445735934274558E+021
   7.0524500000000000E-003   2.7139514543424689E+021
   7.0479300000000000E-003   2.7787388064563373E+021
   7.0451500000000000E-003   2.8282571457134414E+021
   7.0423700000000001E-003   2.8933950527077923E+021
   7.0378100000000002E-003   2.9670053508490042E+021
   7.0342199999999999E-003   3.0292941960518991E+021
   7.0310599999999996E-003   3.0841620324270311E+021
   7.0283100000000003E-003   3.1551524251031804E+021
   7.0237199999999998E-003   3.2438255007095173E+021
   7.0189199999999997E-003   3.3577642446051785E+021
   7.0127200000000001E-003   3.4421685754812123E+021
   7.0098000000000001E-003   3.5104167706398325E+021
   7.0068900000000000E-003   3.6068308587632934E+021
   7.0025299999999999E-003   3.6573534746763403E+021
   6.9967400000000004E-003   3.8452992030842463E+021
   6.9938500000000002E-003   3.8352594335543324E+021
   6.9909799999999999E-003   3.8871084143006444E+021
   6.9865200000000004E-003   3.9992594176529379E+021
   6.9802600000000003E-003   4.1535424826967804E+021
   6.9766500000000000E-003   4.2296736556940746E+021
   6.9705200000000000E-003   4.4021495513899524E+021
   6.9644900000000003E-003   4.3949583704427279E+021
   6.9610599999999998E-003   4.4759683901292602E+021
   6.9588599999999999E-003   4.6260651650584208E+021
   6.9544600000000000E-003   4.6520876040724477E+021
   6.9491400000000004E-003   5.0065905565352801E+021
   6.9460099999999999E-003   4.9161812708260609E+021
   6.9410000000000001E-003   4.9164277237255546E+021
   6.9385000000000002E-003   4.9468128690045274E+021
   6.9336399999999996E-003   5.3041100425334431E+021
   6.9265400000000001E-003   5.2817843098610219E+021
   6.9216800000000004E-003   5.4606766563716330E+021
   6.9168399999999996E-003   5.5392308820633274E+021
   6.9085300000000004E-003   5.6272366527706867E+021
   6.9040999999999998E-003   5.7962831910215174E+021
   6.9004200000000000E-003   5.9204384483667733E+021
   6.8967600000000000E-003   6.0774771938394689E+021
   6.8940700000000004E-003   6.0597218188935666E+021
   6.8920600000000002E-003   6.1940522536199269E+021
   6.8883900000000003E-003   6.3514440789737918E+021
   6.8868100000000002E-003   6.4974321163635125E+021
   6.8842699999999996E-003   6.6083800281025568E+021
   6.8822400000000004E-003   6.7940571076890680E+021
   6.8806600000000002E-003   6.8084770765580974E+021
   6.8790900000000000E-003   6.9063444592364733E+021
   6.8777899999999999E-003   6.9728315295298654E+021
   6.8764899999999999E-003   7.0337004071000222E+021
   6.8752199999999996E-003   7.1258541960725791E+021
   6.8739400000000003E-003   7.3144810892589279E+021
   6.8713500000000000E-003   7.3656486425849055E+021
   6.8687599999999998E-003   7.4082610550218582E+021
   6.8676199999999996E-003   7.4198221701853825E+021
   6.8664900000000003E-003   7.6876832469571464E+021
   6.8646899999999997E-003   7.7070314368283842E+021
   6.8628900000000000E-003   7.7263829020111201E+021
   6.8610900000000002E-003   7.7457376314104878E+021
   6.8592899999999997E-003   7.9012377780122603E+021
   6.8552500000000002E-003   8.0200865463880301E+021
   6.8512199999999999E-003   8.1890629527177800E+021
   6.8422500000000002E-003   8.2853818838032151E+021
   6.8222800000000000E-003   8.4610443908079052E+021
   6.8043699999999997E-003   8.6215503225578303E+021
   6.7899900000000001E-003   8.8302554032203503E+021
   6.7765899999999999E-003   9.0799916222079576E+021
   6.7568699999999999E-003   9.3544387243429939E+021
   6.7383699999999996E-003   9.5790423697195323E+021
   6.7219500000000000E-003   9.7956036231024681E+021
   6.7055999999999999E-003   1.0025334155027742E+022
   6.6894299999999997E-003   1.0267514274591858E+022
   6.6706999999999999E-003   1.0498854959334728E+022
   6.6550999999999997E-003   1.0719323953039145E+022
   6.6391200000000001E-003   1.0951137263004288E+022
   6.6217300000000002E-003   1.1202247615566372E+022
   6.6031700000000002E-003   1.1490932884383761E+022
   6.5807599999999997E-003   1.1768281248244393E+022
   6.5641700000000002E-003   1.2034121831079572E+022
   6.5442599999999997E-003   1.2327989881011148E+022
   6.5246000000000002E-003   1.2592214037204289E+022
   6.5083099999999998E-003   1.2801188654689974E+022
   6.4976599999999997E-003   1.3020826755904188E+022
   6.4792199999999999E-003   1.3248687937525132E+022
   6.4679300000000002E-003   1.3507275709146085E+022
   6.4455800000000002E-003   1.3799834374356674E+022
   6.4293199999999997E-003   1.4057261425722636E+022
   6.4132199999999999E-003   1.4294168199623424E+022
   6.4000999999999997E-003   1.4507371728863572E+022
   6.3870699999999999E-003   1.4859762264446358E+022
   6.3568699999999997E-003   1.5351332557180990E+022
   6.3271899999999999E-003   1.5716831943945133E+022
   6.3136299999999998E-003   1.6033850704739569E+022
   6.2899799999999997E-003   1.6321032095670362E+022
   6.2798400000000001E-003   1.6622246812356759E+022
   6.2554400000000001E-003   1.7046238998493305E+022
   6.2313700000000000E-003   1.7392157121869517E+022
   6.2174800000000001E-003   1.7635242112974867E+022
   6.2036900000000004E-003   1.7951664135104077E+022
   6.1823599999999996E-003   1.8343699770112129E+022
   6.1612799999999999E-003   1.8675419906442856E+022
   6.1470700000000001E-003   1.8935234203035390E+022
   6.1329699999999997E-003   1.9341292284758035E+022
   6.1039099999999997E-003   1.9892764156774717E+022
   6.0752799999999997E-003   2.0350928282658248E+022
   6.0568499999999999E-003   2.0714803950024258E+022
   6.0385899999999999E-003   2.1014882422688145E+022
   6.0275399999999996E-003   2.1229725183764794E+022
   6.0165599999999998E-003   2.1603729811464014E+022
   5.9903600000000001E-003   2.2239437268286832E+022
   5.9540000000000001E-003   2.2910693451292895E+022
   5.9254800000000003E-003   2.3404622201912461E+022
   5.9075400000000002E-003   2.3843554653675362E+022
   5.8843799999999998E-003   2.4337829527562746E+022
   5.8614699999999997E-003   2.4928405883115144E+022
   5.8303499999999998E-003   2.5618564580510253E+022
   5.7989699999999996E-003   2.6154884094227592E+022
   5.7830900000000003E-003   2.6508902923420148E+022
   5.7673100000000003E-003   2.7056383928655074E+022
   5.7350099999999996E-003   2.7798259432184818E+022
   5.7031499999999997E-003   2.8563573818861763E+022
   5.6702799999999998E-003   2.9341763752585767E+022
   5.6378499999999998E-003   3.0137920391770498E+022
   5.6043999999999998E-003   3.0963135270611929E+022
   5.5713899999999998E-003   3.1793628983714849E+022
   5.5373499999999999E-003   3.2651897110108653E+022
   5.5037500000000000E-003   3.3531717888559515E+022
   5.4691000000000002E-003   3.4423653989847396E+022
   5.4348900000000004E-003   3.5108661492502812E+022
   5.4173900000000002E-003   3.5570590133278921E+022
   5.4000000000000003E-003   3.6278602056767570E+022
   5.3644200000000000E-003   3.7239424666878117E+022
   5.3292699999999997E-003   3.7969260064845941E+022
   5.3112999999999997E-003   3.8465370007281517E+022
   5.2934300000000000E-003   3.9222336125403178E+022
   5.2572599999999997E-003   4.0249834506680640E+022
   5.2207699999999996E-003   4.1301474955750747E+022
   5.1839399999999997E-003   4.2377933837310167E+022
   5.1467700000000002E-003   4.3480013138563439E+022
   5.1092700000000000E-003   4.4608451169394757E+022
   5.0714100000000002E-003   4.5764092790466847E+022
   5.0332099999999998E-003   4.6947595684558496E+022
   4.9946499999999998E-003   4.8159588303622646E+022
   4.9557300000000002E-003   4.9401735389396890E+022
   4.9164500000000002E-003   5.0333264224910794E+022
   4.8965700000000003E-003   5.0983193154398640E+022
   4.8767899999999998E-003   5.1627604427272362E+022
   4.8567300000000001E-003   5.2293272570058336E+022
   4.8367599999999998E-003   5.3163191483528645E+022
   4.8049800000000004E-003   5.4223410467761813E+022
   4.7734400000000003E-003   5.5103951161004785E+022
   4.7528800000000001E-003   5.5805260556360384E+022
   4.7324100000000003E-003   5.6522656740666849E+022
   4.7116500000000004E-003   5.7246866033988489E+022
   4.6909899999999999E-003   5.7982075002456841E+022
   4.6700300000000004E-003   5.8726447654865576E+022
   4.6491500000000003E-003   5.9483501662027089E+022
   4.6279900000000002E-003   6.0251361426782672E+022
   4.6069099999999997E-003   6.1030582361640648E+022
   4.5855300000000000E-003   6.1822800739638549E+022
   4.5642399999999998E-003   6.2626635376734924E+022
   4.5426599999999996E-003   6.3445155531300434E+022
   4.5211499999999998E-003   6.4278431559422883E+022
   4.4993400000000001E-003   6.5125318926940697E+022
   4.4776199999999999E-003   6.5985973005376522E+022
   4.4555899999999997E-003   6.6864372704301308E+022
   4.4336400000000000E-003   6.7760492727110671E+022
   4.4113900000000003E-003   6.8673088313017500E+022
   4.3892100000000002E-003   6.9605400284481016E+022
   4.3667300000000001E-003   7.0552582602304292E+022
   4.3443099999999997E-003   7.1525575471359930E+022
   4.3216000000000001E-003   7.2519016582871226E+022
   4.2989400000000002E-003   7.3537222737708750E+022
   4.2759800000000004E-003   7.4578288332206495E+022
   4.2530900000000002E-003   7.5644788654266521E+022
   4.2299700000000004E-003   7.6740842474164768E+022
   4.2067299999999997E-003   7.7866733253582976E+022
   4.1833699999999996E-003   7.9024518278130449E+022
   4.1598700000000004E-003   8.0214821830825920E+022
   4.1362500000000002E-003   8.1443933997206126E+022
   4.1124899999999999E-003   8.2710052418103710E+022
   4.0886000000000004E-003   8.4023827347784361E+022
   4.0645700000000000E-003   8.5381351777897613E+022
   4.0404100000000004E-003   8.6787604777847828E+022
   4.0160999999999999E-003   8.8248157765168899E+022
   3.9916600000000002E-003   8.9762057440143543E+022
   3.9670699999999996E-003   9.1332318416253196E+022
   3.9423300000000000E-003   9.2964486299922266E+022
   3.9174500000000003E-003   9.4659456506154350E+022
   3.8924200000000002E-003   9.6419267014996991E+022
   3.8672400000000001E-003   9.8258783256085896E+022
   3.8419000000000001E-003   1.0017548865849648E+023
   3.8164100000000001E-003   1.0218728424474234E+023
   3.7907499999999998E-003   1.0431891033572736E+023
   3.7649300000000001E-003   1.0658434947246310E+023
   3.7389500000000000E-003   1.0895588322973862E+023
   3.7128000000000000E-003   1.1139234512636795E+023
   3.6864900000000002E-003   1.1386847769500504E+023
   3.6599900000000001E-003   1.1638402414693160E+023
   3.6333200000000002E-003   1.1893879039602308E+023
   3.6064700000000001E-003   1.2153264211855839E+023
   3.5794400000000001E-003   1.2416549047877722E+023
   3.5522200000000000E-003   1.2683728507445727E+023
   3.5247999999999998E-003   1.2954800372833930E+023
   3.4971999999999998E-003   1.3229765768543667E+023
   3.4693900000000001E-003   1.3508627561617228E+023
   3.4413800000000000E-003   1.3791389930985628E+023
   3.4131600000000002E-003   1.4078059401805244E+023
   3.3847399999999998E-003   1.4368642057511788E+023
   3.3560899999999999E-003   1.4663147911736674E+023
   3.3272200000000001E-003   1.4961583860603287E+023
   3.2981299999999998E-003   1.5263960242285721E+023
   3.2688000000000001E-003   1.5570285655158646E+023
   3.2392400000000000E-003   1.5880570030358508E+023
   3.2094300000000001E-003   1.6194822337735908E+023
   3.1793699999999999E-003   1.6513051562474284E+023
   3.1490600000000000E-003   1.6835266647563664E+023
   3.1184799999999999E-003   1.7161474735612295E+023
   3.0876300000000001E-003   1.7491684350796511E+023
   3.0565000000000002E-003   1.7825900819745556E+023
   3.0250899999999998E-003   1.8164129750141913E+023
   2.9933799999999999E-003   1.8506375641741389E+023
   2.9613700000000001E-003   1.8852641465924772E+023
   2.9290499999999999E-003   1.9202928275564133E+023
   2.8963999999999999E-003   1.9557235742823280E+023
   2.8634300000000001E-003   1.9915563278404497E+023
   2.8300999999999999E-003   2.0277906038894415E+023
   2.7964299999999999E-003   2.0644257831743342E+023
   2.7623900000000000E-003   2.1014611428732924E+023
   2.7279600000000002E-003   2.1388956545484245E+023
   2.6931500000000001E-003   2.1767278755820277E+023
   2.6579199999999998E-003   2.2149563910471620E+023
   2.6222699999999999E-003   2.2535790080776465E+023
   2.5861800000000000E-003   2.2925937171995263E+023
   2.5496300000000002E-003   2.3319978647903747E+023
   2.5125999999999998E-003   2.3717884310030538E+023
   2.4750699999999998E-003   2.4119619901590447E+023
   2.4370199999999998E-003   2.4525147601262708E+023
   2.3984300000000000E-003   2.4934423088203273E+023
   2.3592600000000002E-003   2.5347398853840086E+023
   2.3194900000000000E-003   2.5763709561309692E+023
   2.2791000000000000E-003   2.6185776107927099E+023
   2.2380299999999998E-003   2.6611363466493977E+023
   2.1962700000000002E-003   2.7040393124311453E+023
   2.1537700000000002E-003   2.7472785178347820E+023
   2.1104900000000000E-003   2.7908444341876343E+023
   2.0663700000000001E-003   2.8346703750424750E+023
   2.0213700000000002E-003   2.8790294081381955E+023
   1.9754199999999999E-003   2.9236995863482565E+023
   1.9284500000000000E-003   2.9686043305825172E+023
   1.8807299999999999E-003   3.0140587743667507E+023
   1.8311800000000000E-003   3.0597721325179933E+023
   1.7807000000000001E-003   3.1055929934572881E+023
   1.7288300000000000E-003   3.1424195554588803E+023
   1.6892400000000001E-003   3.1789795222485543E+023
   1.6481600000000001E-003   3.2324776800216545E+023
   1.5708000000000000E-003   3.2750377858015366E+023
   1.5274700000000000E-003   3.3130254444199195E+023
   1.4820499999999999E-003   3.3701290691070655E+023
   1.3879000000000001E-003   3.4228445990498893E+023
   1.3229100000000001E-003   3.4710831699583974E+023
   1.2551200000000000E-003   3.5148572049662056E+023
   1.1802500000000001E-003   3.5654310708955143E+023
   1.1005300000000000E-003   3.6107660968188039E+023
   1.0087500000000001E-003   3.6666718694512368E+023
   8.9930000000000001E-004   3.7312405456663508E+023
   7.0638999999999999E-004   3.7751547757832141E+023
   5.6780999999999997E-004   3.8167078859963161E+023
   4.8412999999999999E-004   3.8377261619865773E+023
   3.8296000000000001E-004   3.8440508822759204E+023
   3.1385000000000001E-004   3.8639522207744382E+023
   2.5071000000000002E-004   3.8536373384027267E+023
   2.0164000000000000E-004   3.8744723222462277E+023
   1.6417000000000000E-004   3.8714553210690160E+023
   1.3642999999999999E-004   3.8809188651640777E+023
   1.1689000000000000E-004   3.8793180423324733E+023
   1.0404000000000000E-004   3.8839326831920508E+023
   8.6870000000000000E-005   3.8856602939404479E+023
   6.8940000000000001E-005   3.8861352997084570E+023
   5.4719999999999998E-005   3.8886848035042702E+023
   4.3430000000000003E-005   3.8890889268470595E+023
   3.4470000000000000E-005   3.8892460258771765E+023
   2.7359999999999999E-005   3.8903139142096093E+023
   2.1710000000000001E-005   3.8904023118231224E+023
   1.7229999999999999E-005   3.8909079084426483E+023
   1.3679999999999999E-005   3.8914056166195494E+023
