   8.9388200000000001E-003   262443054292848.91     
   8.9387700000000004E-003   413740943619874.00     
   8.9387500000000005E-003   522376514536795.31     
   8.9387300000000006E-003   612116313778350.50     
   8.9387200000000007E-003   690911830103977.12     
   8.9387000000000008E-003   762229418256317.25     
   8.9386899999999991E-003   827923419194346.50     
   8.9386799999999992E-003   889222360007479.62     
   8.9386799999999992E-003   947001631526463.88     
   8.9386699999999993E-003   1001895408857987.8     
   8.9386599999999993E-003   1054339977890078.5     
   8.9386499999999994E-003   1104669306024345.9     
   8.9386499999999994E-003   1153140467266457.5     
   8.9386399999999994E-003   1199932602502053.0     
   8.9386399999999994E-003   1245195460321335.8     
   8.9386299999999995E-003   1289059442551582.2     
   8.9386299999999995E-003   1331631527576553.5     
   8.9386199999999996E-003   1372996426566942.8     
   8.9386199999999996E-003   1413233994680096.2     
   8.9386099999999996E-003   1452427011696331.8     
   8.9386099999999996E-003   1500007570261834.2     
   8.9385999999999997E-003   1555384559896503.2     
   8.9385999999999997E-003   1609022015343667.5     
   8.9385899999999997E-003   1661126055943107.0     
   8.9385899999999997E-003   1703544815144444.5     
   8.9385799999999998E-003   1736818681936387.2     
   8.9385799999999998E-003   1769574067061905.5     
   8.9385799999999998E-003   1801841380526456.2     
   8.9385699999999998E-003   1841495107202265.8     
   8.9385699999999998E-003   1888243102627024.0     
   8.9385599999999999E-003   1934104518411853.2     
   8.9385599999999999E-003   1979145591523660.8     
   8.9385599999999999E-003   2016122365410376.0     
   8.9385500000000000E-003   2045319325470859.5     
   8.9385500000000000E-003   2074209213460957.2     
   8.9385500000000000E-003   2102804332312330.2     
   8.9385500000000000E-003   2145113633389200.2     
   8.9385400000000000E-003   2186924148605271.0     
   8.9385400000000000E-003   2214443532206433.0     
   8.9385400000000000E-003   2255215804671773.0     
   8.9385300000000001E-003   2308820467672125.0     
   8.9385300000000001E-003   2361537479436618.5     
   8.9385200000000001E-003   2413414498246427.0     
   8.9385200000000001E-003   2451831213894100.5     
   8.9385200000000001E-003   2477175902774438.5     
   8.9385100000000002E-003   2502330761256511.5     
   8.9385100000000002E-003   2527300428153881.0     
   8.9385100000000002E-003   2564383431737261.0     
   8.9385100000000002E-003   2613256582032483.0     
   8.9385000000000003E-003   2661453168114332.5     
   8.9385000000000003E-003   2709000194659695.0     
   8.9385000000000003E-003   2763651179208878.5     
   8.9384900000000003E-003   2825129288615013.5     
   8.9384900000000003E-003   2885559294900033.5     
   8.9384800000000004E-003   2944968804607082.0     
   8.9384800000000004E-003   3003377139919747.0     
   8.9384700000000004E-003   3060803302912399.5     
   8.9384700000000004E-003   3117264707674565.0     
   8.9384700000000004E-003   3172782045449993.0     
   8.9384600000000005E-003   3234117340904040.0     
   8.9384600000000005E-003   3300953850654492.5     
   8.9384500000000006E-003   3366427821444174.0     
   8.9384500000000006E-003   3414703800010641.5     
   8.9384500000000006E-003   3446467688610570.5     
   8.9384500000000006E-003   3493503572353882.5     
   8.9384400000000006E-003   3555222846192425.0     
   8.9384400000000006E-003   3615807521601278.5     
   8.9384300000000007E-003   3675311955513666.0     
   8.9384300000000007E-003   3733787667596050.0     
   8.9384300000000007E-003   3791274029242259.5     
   8.9384200000000007E-003   3847803540564317.0     
   8.9384200000000007E-003   3903405289600324.5     
   8.9384100000000008E-003   3958106249536887.5     
   8.9384100000000008E-003   4011929537031478.0     
   8.9384100000000008E-003   4090967346413035.5     
   8.9384000000000009E-003   4181021267448605.0     
   8.9384000000000009E-003   4256258867393987.5     
   8.9383899999999992E-003   4329822324161642.0     
   8.9383899999999992E-003   4383987179580970.5     
   8.9383799999999992E-003   4419583179252967.0     
   8.9383799999999992E-003   4472231085871793.0     
   8.9383799999999992E-003   4541231964859018.0     
   8.9383699999999993E-003   4642047746429010.0     
   8.9383599999999994E-003   4740384320874549.0     
   8.9383599999999994E-003   4804403715383498.0     
   8.9383599999999994E-003   4867354895548353.0     
   8.9383499999999994E-003   4929290489173906.0     
   8.9383499999999994E-003   4990253851702128.0     
   8.9383399999999995E-003   5050284517906235.0     
   8.9383399999999995E-003   5109416364147407.0     
   8.9383399999999995E-003   5167680340147694.0     
   8.9383299999999995E-003   5234557535772992.0     
   8.9383299999999995E-003   5309673196366373.0     
   8.9383199999999996E-003   5419503290428723.0     
   8.9383199999999996E-003   5526746546016094.0     
   8.9383099999999997E-003   5596490576256567.0     
   8.9383099999999997E-003   5664988934787988.0     
   8.9382999999999997E-003   5732289110299762.0     
   8.9382999999999997E-003   5806605923374722.0     
   8.9382899999999998E-003   5887611711027191.0     
   8.9382899999999998E-003   5967025903488501.0     
   8.9382799999999998E-003   6044947935112334.0     
   8.9382799999999998E-003   6121467093585705.0     
   8.9382699999999999E-003   6196652257289797.0     
   8.9382699999999999E-003   6306812925111369.0     
   8.9382600000000000E-003   6421682555941498.0     
   8.9382500000000000E-003   6505702303314094.0     
   8.9382500000000000E-003   6588041458209174.0     
   8.9382400000000001E-003   6668753418848222.0     
   8.9382400000000001E-003   6747912094642103.0     
   8.9382300000000001E-003   6825606835507567.0     
   8.9382300000000001E-003   6901936384749458.0     
   8.9382200000000002E-003   6977003625372339.0     
   8.9382200000000002E-003   7050905162832283.0     
   8.9382100000000003E-003   7123722456819483.0     
   8.9382100000000003E-003   7195519402047775.0     
   8.9382000000000003E-003   7266347138558415.0     
   8.9382000000000003E-003   7370644073264893.0     
   8.9381900000000004E-003   7506932530163296.0     
   8.9381800000000004E-003   7639902991511573.0     
   8.9381700000000005E-003   7769749555563052.0     
   8.9381600000000005E-003   7896651431966916.0     
   8.9381500000000006E-003   8020789731088259.0     
   8.9381400000000007E-003   8142360134136439.0     
   8.9381400000000007E-003   8261557913540183.0     
   8.9381300000000007E-003   8378576060634592.0     
   8.9381200000000008E-003   8493597998290372.0     
   8.9381100000000008E-003   8606768680418187.0     
   8.9381100000000008E-003   8718166987238973.0     
   8.9380999999999992E-003   8827816923929184.0     
   8.9380899999999992E-003   8935704133232629.0     
   8.9380799999999993E-003   9041776878048808.0     
   8.9380799999999993E-003   9145994910337852.0     
   8.9380699999999993E-003   9298737983692166.0     
   8.9380599999999994E-003   9497041731373108.0     
   8.9380399999999995E-003   9642373228541728.0     
   8.9380399999999995E-003   9737464444232436.0     
   8.9380299999999996E-003   9831345025372322.0     
   8.9380199999999996E-003   9924031274226506.0     
   8.9380199999999996E-003   10045584812766098.     
   8.9380099999999997E-003   10194817891939640.     
   8.9379999999999998E-003   10340935225467910.     
   8.9379899999999998E-003   10448721161058160.     
   8.9379799999999999E-003   10519560692769486.     
   8.9379799999999999E-003   10624337603313448.     
   8.9379699999999999E-003   10761827981412332.     
   8.9379600000000000E-003   10896753449772472.     
   8.9379500000000001E-003   11029329359192532.     
   8.9379400000000001E-003   11159767406363066.     
   8.9379300000000002E-003   11288267111735820.     
   8.9379200000000002E-003   11477272197347236.     
   8.9379000000000004E-003   11663339832326428.     
   8.9379000000000004E-003   11785121749192222.     
   8.9378900000000004E-003   11905330617426886.     
   8.9378800000000005E-003   12023994936131712.     
   8.9378700000000005E-003   12198890263006416.     
   8.9378500000000007E-003   12427437301581554.     
   8.9378400000000007E-003   12650859853456110.     
   8.9378200000000008E-003   12869714496693220.     
   8.9378099999999992E-003   13057818117862148.     
   8.9377999999999992E-003   13216315842958308.     
   8.9377899999999993E-003   13372421016931204.     
   8.9377799999999993E-003   13526163265400406.     
   8.9377699999999994E-003   13752073402768358.     
   8.9377399999999996E-003   13974076283497696.     
   8.9377299999999996E-003   14119245091171634.     
   8.9377199999999997E-003   14262472125877324.     
   8.9377099999999998E-003   14403836511572630.     
   8.9376999999999998E-003   14612180269203760.     
   8.9376899999999999E-003   14884477414964308.     
   8.9376700000000000E-003   15150371248871714.     
   8.9376500000000001E-003   15410318804362212.     
   8.9376300000000002E-003   15664837001093252.     
   8.9376100000000003E-003   15914393065233144.     
   8.9375900000000005E-003   16159319825092776.     
   8.9375800000000005E-003   16399838262056988.     
   8.9375600000000006E-003   16636126590688290.     
   8.9375400000000008E-003   16868353748687838.     
   8.9375300000000008E-003   17096685889346214.     
   8.9375099999999992E-003   17358189457806318.     
   8.9374899999999993E-003   17651343977728986.     
   8.9374699999999994E-003   17938523082916302.     
   8.9374499999999996E-003   18220031270441824.     
   8.9374299999999997E-003   18496175611110088.     
   8.9374099999999998E-003   18700171546653168.     
   8.9373999999999999E-003   18834495743380884.     
   8.9373899999999999E-003   19033551463383120.     
   8.9373700000000000E-003   19295219560587168.     
   8.9373600000000001E-003   19552438323802232.     
   8.9373400000000002E-003   19805372252521780.     
   8.9373200000000003E-003   20115544676919400.     
   8.9373000000000005E-003   20480405157333204.     
   8.9372700000000006E-003   20749206575770108.     
   8.9372600000000007E-003   21013082054300180.     
   8.9372299999999991E-003   21273473235681980.     
   8.9372199999999992E-003   21472993414029672.     
   8.9371999999999993E-003   21698345366218616.     
   8.9371899999999994E-003   21920911091711508.     
   8.9371699999999995E-003   22140846696381088.     
   8.9371599999999995E-003   22465644835683028.     
   8.9371299999999997E-003   22785852454582704.     
   8.9371099999999998E-003   22996192651924512.     
   8.9370999999999999E-003   23255890314482732.     
   8.9370800000000000E-003   23563402348032484.     
   8.9370500000000002E-003   24015410272080444.     
   8.9370100000000004E-003   24458946695397064.     
   8.9369900000000006E-003   24748798611984636.     
   8.9369700000000007E-003   25034530156575856.     
   8.9369500000000008E-003   25316340407119780.     
   8.9369299999999992E-003   25731470730135668.     
   8.9368899999999994E-003   26273301739233916.     
   8.9368599999999996E-003   26714971591979896.     
   8.9368299999999998E-003   27061829376512108.     
   8.9368099999999999E-003   27445743516205244.     
   8.9367800000000001E-003   27865261666010224.     
   8.9367500000000002E-003   28277623034688784.     
   8.9367200000000004E-003   28683302814421448.     
   8.9366900000000006E-003   29181393990009960.     
   8.9366500000000008E-003   29622851255895212.     
   8.9366299999999992E-003   29912929831508028.     
   8.9366099999999993E-003   30199949834831084.     
   8.9365899999999995E-003   30483970690214872.     
   8.9365699999999996E-003   30904117853926060.     
   8.9365299999999998E-003   31455146885998152.     
   8.9364900000000001E-003   31995698817151552.     
   8.9364600000000002E-003   32526286879203916.     
   8.9364200000000005E-003   33047327008417476.     
   8.9363800000000007E-003   33643507252702524.     
   8.9363399999999992E-003   34311180818268240.     
   8.9362899999999995E-003   34884179121116824.     
   8.9362599999999997E-003   35366948625794508.     
   8.9362299999999999E-003   35842473558629488.     
   8.9361900000000001E-003   36311037260752960.     
   8.9361600000000003E-003   36849091751727496.     
   8.9361200000000005E-003   37453711580496840.     
   8.9360800000000008E-003   38047608053552520.     
   8.9360399999999993E-003   38631221938552488.     
   8.9359999999999995E-003   39205035057170168.     
   8.9359599999999997E-003   39769592908570288.     
   8.9359200000000000E-003   40325374963911664.     
   8.9358900000000002E-003   40872799443274952.     
   8.9358500000000004E-003   41412279584466496.     
   8.9358100000000006E-003   41944246112373592.     
   8.9357800000000008E-003   42598932210837272.     
   8.9357199999999994E-003   43371365525422432.     
   8.9356699999999997E-003   44004609693587232.     
   8.9356399999999999E-003   44504192593644512.     
   8.9356100000000001E-003   44997947297227528.     
   8.9355700000000003E-003   45486059743233600.     
   8.9355400000000005E-003   46207460110741064.     
   8.9354800000000009E-003   47151833674416984.     
   8.9354099999999995E-003   47847443026642232.     
   8.9353799999999997E-003   48304761970413144.     
   8.9353499999999999E-003   48869589363852568.     
   8.9353100000000001E-003   49538252683032200.     
   8.9352600000000004E-003   50197063906785624.     
   8.9352200000000007E-003   50846366523120248.     
   8.9351799999999992E-003   51592102965791448.     
   8.9351199999999995E-003   52430351923507256.     
   8.9350699999999998E-003   53050043666007696.     
   8.9350400000000000E-003   53458746671216168.     
   8.9350100000000002E-003   54065472897408384.     
   8.9349600000000005E-003   54864034270187304.     
   8.9349100000000008E-003   55650719629564056.     
   8.9348599999999993E-003   56426111199981528.     
   8.9348099999999996E-003   57568539902054208.     
   8.9347100000000002E-003   59058591224580608.     
   8.9346200000000008E-003   60152046571547448.     
   8.9345699999999993E-003   60869016051712296.     
   8.9345199999999996E-003   61577087697289976.     
   8.9344799999999999E-003   62276575129738560.     
   8.9344300000000001E-003   63139041003139400.     
   8.9343700000000005E-003   64158041425568968.     
   8.9342999999999992E-003   64994483945467928.     
   8.9342599999999994E-003   65655321757828512.     
   8.9342199999999997E-003   66471423213317592.     
   8.9341600000000000E-003   67437393207874168.     
   8.9341000000000004E-003   68389149547675656.     
   8.9340400000000007E-003   69327328091601448.     
   8.9339799999999994E-003   70252498167345648.     
   8.9339199999999997E-003   71165180876539304.     
   8.9338600000000001E-003   72065858439365824.     
   8.9338100000000004E-003   72954962020361744.     
   8.9337500000000007E-003   73832862897323952.     
   8.9336999999999993E-003   74699904584359600.     
   8.9336399999999996E-003   75697982574436816.     
   8.9335700000000001E-003   76821976969599168.     
   8.9335000000000005E-003   77653899830216432.     
   8.9334700000000006E-003   78203099546778336.     
   8.9334299999999991E-003   79139255743609424.     
   8.9333499999999996E-003   80449094528391344.     
   8.9332700000000001E-003   81475684094819456.     
   8.9332200000000004E-003   82229519996374240.     
   8.9331800000000006E-003   83161679634418336.     
   8.9331099999999993E-003   84266553436706528.     
   8.9330399999999997E-003   85356839569349440.     
   8.9329700000000001E-003   86433168809296032.     
   8.9329100000000005E-003   87671739717843216.     
   8.9328199999999993E-003   89066205991279184.     
   8.9327399999999998E-003   90098136477999168.     
   8.9327000000000000E-003   90779301764739824.     
   8.9326600000000003E-003   91791219292670656.     
   8.9325700000000008E-003   93123664041530768.     
   8.9324899999999995E-003   94437086054744112.     
   8.9324199999999999E-003   95732175426353840.     
   8.9323400000000004E-003   97009619259413536.     
   8.9322599999999992E-003   98270117419640512.     
   8.9321899999999996E-003   99514361927863664.     
   8.9321100000000000E-003   1.0074296948758894E+017
   8.9320400000000005E-003   1.0195648741232536E+017
   8.9319699999999991E-003   1.0315539416617139E+017
   8.9318999999999996E-003   1.0463395155043992E+017
   8.9317900000000002E-003   1.0638110623863381E+017
   8.9316900000000008E-003   1.0781573017730378E+017
   8.9316199999999995E-003   1.0894979686171597E+017
   8.9315599999999998E-003   1.1007248465650301E+017
   8.9314900000000003E-003   1.1118416395944578E+017
   8.9314300000000006E-003   1.1255852142586302E+017
   8.9313299999999995E-003   1.1418685016082795E+017
   8.9312400000000000E-003   1.1579293459411270E+017
   8.9311400000000006E-003   1.1737772273566659E+017
   8.9310499999999994E-003   1.1894214375244898E+017
   8.9309599999999999E-003   1.2048703896193779E+017
   8.9308700000000005E-003   1.2176025024443499E+017
   8.9308100000000008E-003   1.2276954705867259E+017
   8.9307599999999994E-003   1.2426829829980426E+017
   8.9306400000000001E-003   1.2624034949693517E+017
   8.9305300000000008E-003   1.2794191690619874E+017
   8.9304499999999995E-003   1.2938299572152774E+017
   8.9303700000000000E-003   1.3080877594849694E+017
   8.9302900000000004E-003   1.3221981309233512E+017
   8.9302099999999992E-003   1.3384789111373574E+017
   8.9300999999999998E-003   1.3568592290121363E+017
   8.9300000000000004E-003   1.3750052065351915E+017
   8.9298999999999993E-003   1.3929253708064997E+017
   8.9297999999999999E-003   1.4106273678520442E+017
   8.9297000000000005E-003   1.4281184704710082E+017
   8.9296099999999993E-003   1.4454057104498115E+017
   8.9295099999999999E-003   1.4624958302867965E+017
   8.9294200000000004E-003   1.4793953167641034E+017
   8.9293199999999993E-003   1.4961102617741350E+017
   8.9292299999999998E-003   1.5126465072881549E+017
   8.9291400000000003E-003   1.5290095618536541E+017
   8.9290499999999991E-003   1.5492251022693338E+017
   8.9289199999999999E-003   1.5731545363333206E+017
   8.9287900000000007E-003   1.5928320348250262E+017
   8.9287099999999994E-003   1.6084042180456739E+017
   8.9286200000000000E-003   1.6238317518488400E+017
   8.9285400000000004E-003   1.6391185439887885E+017
   8.9284599999999992E-003   1.6617879622954208E+017
   8.9283000000000001E-003   1.6915623066085632E+017
   8.9281399999999993E-003   1.7135692383792861E+017
   8.9280599999999998E-003   1.7280875059313085E+017
   8.9279800000000003E-003   1.7496435867361654E+017
   8.9278299999999994E-003   1.7780001732515475E+017
   8.9276800000000003E-003   1.7989899766325245E+017
   8.9276100000000008E-003   1.8128514363428435E+017
   8.9275299999999995E-003   1.8334523066288931E+017
   8.9273900000000003E-003   1.8605860059143286E+017
   8.9272499999999994E-003   1.8873483969210394E+017
   8.9271100000000003E-003   1.9137546015057050E+017
   8.9269699999999994E-003   1.9411305644911318E+017
   8.9268200000000002E-003   1.9770947875405069E+017
   8.9265999999999998E-003   2.0137215238185949E+017
   8.9264400000000008E-003   2.0361465741636688E+017
   8.9263699999999994E-003   2.0583300949119085E+017
   8.9262100000000004E-003   2.0875581150211718E+017
   8.9260599999999996E-003   2.1163958051202218E+017
   8.9259200000000004E-003   2.1448588278788458E+017
   8.9257699999999995E-003   2.1799290962253542E+017
   8.9255600000000008E-003   2.2213113955050400E+017
   8.9253500000000003E-003   2.2686598480202474E+017
   8.9250800000000002E-003   2.3216315316610826E+017
   8.9248200000000000E-003   2.3606164070035952E+017
   8.9246900000000007E-003   2.3862645593347235E+017
   8.9245599999999998E-003   2.4116540243292259E+017
   8.9244400000000005E-003   2.4367932569623382E+017
   8.9243099999999995E-003   2.4647845632920707E+017
   8.9241600000000004E-003   2.4955401168260672E+017
   8.9240099999999996E-003   2.5259433632160390E+017
   8.9238600000000005E-003   2.5560063371545894E+017
   8.9237099999999996E-003   2.5945930993840874E+017
   8.9234799999999993E-003   2.6413553516750170E+017
   8.9232500000000006E-003   2.6930361220522230E+017
   8.9229800000000005E-003   2.7493771001799107E+017
   8.9227100000000004E-003   2.8105541543263542E+017
   8.9223900000000005E-003   2.8762898473103184E+017
   8.9220800000000006E-003   2.9246859519850509E+017
   8.9219199999999999E-003   2.9565327723625459E+017
   8.9217700000000007E-003   3.0089001407764429E+017
   8.9214299999999993E-003   3.0808205181245901E+017
   8.9210899999999996E-003   3.1462686358985542E+017
   8.9208099999999995E-003   3.2056067933176979E+017
   8.9205299999999994E-003   3.2735924668374944E+017
   8.9201799999999998E-003   3.3497633413939482E+017
   8.9198300000000001E-003   3.4243963755875533E+017
   8.9194900000000004E-003   3.4975859503206080E+017
   8.9191600000000006E-003   3.5515882944371008E+017
   8.9189999999999998E-003   3.5871743887158483E+017
   8.9188400000000008E-003   3.6312081190986298E+017
   8.9186100000000004E-003   3.6834203598855706E+017
   8.9183800000000001E-003   3.7519989650524090E+017
   8.9180000000000006E-003   3.8361700146394323E+017
   8.9176399999999992E-003   3.9149023350698611E+017
   8.9173199999999994E-003   3.9884939669476410E+017
   8.9169999999999996E-003   4.0614377434614458E+017
   8.9166899999999997E-003   4.1337732992380211E+017
   8.9163899999999997E-003   4.2167766439024979E+017
   8.9159900000000004E-003   4.3099273042764416E+017
   8.9156099999999992E-003   4.4013525842297830E+017
   8.9152399999999996E-003   4.4911539248122445E+017
   8.9148700000000001E-003   4.5794240365281683E+017
   8.9145200000000004E-003   4.6662493876925862E+017
   8.9141800000000007E-003   4.7357960318324826E+017
   8.9139700000000002E-003   4.7887005608780563E+017
   8.9137599999999997E-003   4.8411147144109158E+017
   8.9135599999999992E-003   4.8930551995794701E+017
   8.9133600000000004E-003   4.9700957462451693E+017
   8.9129599999999993E-003   5.0713136747379725E+017
   8.9125799999999998E-003   5.1807434858647578E+017
   8.9121300000000007E-003   5.2979938251743866E+017
   8.9116999999999998E-003   5.4079542896438662E+017
   8.9113200000000004E-003   5.5109931720197542E+017
   8.9109500000000008E-003   5.6250666425744045E+017
   8.9105000000000000E-003   5.7496892224422970E+017
   8.9100599999999992E-003   5.8722042923452186E+017
   8.9096300000000000E-003   5.9927451402302144E+017
   8.9092200000000007E-003   6.0822671422001882E+017
   8.9090100000000002E-003   6.1713726007761037E+017
   8.9086100000000008E-003   6.2595379590631898E+017
   8.9084200000000002E-003   6.3296569171857101E+017
   8.9081400000000002E-003   6.4109651950997747E+017
   8.9078700000000000E-003   6.4914965974938522E+017
   8.9076099999999998E-003   6.5712799621041818E+017
   8.9073499999999996E-003   6.6783878238435814E+017
   8.9069200000000005E-003   6.8119190423221773E+017
   8.9064899999999995E-003   6.9447359007626880E+017
   8.9060700000000003E-003   7.0768931800045222E+017
   8.9056599999999993E-003   7.2288273865016768E+017
   8.9051400000000006E-003   7.3997198801999155E+017
   8.9046200000000002E-003   7.5264761482237978E+017
   8.9043700000000000E-003   7.6106229065666957E+017
   8.9041199999999997E-003   7.7363370215770394E+017
   8.9036299999999992E-003   7.9023139068276826E+017
   8.9031500000000003E-003   8.0662791821297395E+017
   8.9026899999999996E-003   8.2283446299456205E+017
   8.9022300000000006E-003   8.4094115474209907E+017
   8.9016800000000004E-003   8.6087575247052096E+017
   8.9011400000000001E-003   8.8061140152231642E+017
   8.9006099999999998E-003   9.0016020221675981E+017
   8.9000899999999994E-003   9.1949844076599322E+017
   8.8995900000000006E-003   9.3863819663627046E+017
   8.8991000000000001E-003   9.5387253082713126E+017
   8.8988000000000001E-003   9.6531874495522240E+017
   8.8985200000000000E-003   9.7667783544849651E+017
   8.8982300000000000E-003   9.8795249005210688E+017
   8.8979500000000000E-003   1.0048392432953155E+018
   8.8973999999999998E-003   1.0271714130575365E+018
   8.8968599999999995E-003   1.0511920460733386E+018
   8.8962399999999997E-003   1.0768370640633970E+018
   8.8956499999999997E-003   1.1022631296936965E+018
   8.8950599999999998E-003   1.1275904951689765E+018
   8.8944899999999997E-003   1.1473392866734403E+018
   8.8941599999999999E-003   1.1616814142957855E+018
   8.8938400000000001E-003   1.1759785731135293E+018
   8.8935300000000002E-003   1.1902326993190935E+018
   8.8932200000000003E-003   1.2079952116682537E+018
   8.8927499999999996E-003   1.2291792757372283E+018
   8.8923000000000006E-003   1.2539249574359148E+018
   8.8917000000000006E-003   1.2821171106475599E+018
   8.8911100000000007E-003   1.3101259802789676E+018
   8.8905400000000006E-003   1.3379635439382858E+018
   8.8899800000000005E-003   1.3586825589640325E+018
   8.8897000000000004E-003   1.3724684282213071E+018
   8.8894200000000003E-003   1.3880717048846175E+018
   8.8890800000000006E-003   1.4054598460991281E+018
   8.8887399999999991E-003   1.4314548723599135E+018
   8.8880599999999997E-003   1.4658098794892503E+018
   8.8874100000000001E-003   1.4913590418781880E+018
   8.8870900000000003E-003   1.5083481093261151E+018
   8.8867700000000004E-003   1.5271669400309596E+018
   8.8863899999999992E-003   1.5477800588257580E+018
   8.8860099999999997E-003   1.5682367955895165E+018
   8.8856400000000002E-003   1.5885422495759708E+018
   8.8852700000000007E-003   1.6090044030755932E+018
   8.8848999999999994E-003   1.6296220390990682E+018
   8.8845299999999999E-003   1.6605121129863040E+018
   8.8838000000000007E-003   1.7013826916751163E+018
   8.8830999999999997E-003   1.7318088706358497E+018
   8.8827500000000000E-003   1.7520806143151158E+018
   8.8824100000000003E-003   1.7742665259770842E+018
   8.8819999999999993E-003   1.7983297100983900E+018
   8.8815999999999999E-003   1.8222138451116582E+018
   8.8812000000000006E-003   1.8580691019510482E+018
   8.8804200000000000E-003   1.8939265807851433E+018
   8.8800300000000006E-003   1.9178553911498870E+018
   8.8796399999999994E-003   1.9416197186833713E+018
   8.8792699999999999E-003   1.9741604591245924E+018
   8.8786100000000003E-003   2.0152556805575524E+018
   8.8779800000000006E-003   2.0565611831492219E+018
   8.8773299999999992E-003   2.0980760620537705E+018
   8.8766999999999995E-003   2.1378653769169981E+018
   8.8761299999999994E-003   2.1759848424844572E+018
   8.8755599999999994E-003   2.2070602986398134E+018
   8.8752099999999997E-003   2.2312474094116204E+018
   8.8748500000000001E-003   2.2697388620120041E+018
   8.8740899999999994E-003   2.3221671890814126E+018
   8.8733400000000004E-003   2.3633279511749048E+018
   8.8729099999999995E-003   2.3935272903324339E+018
   8.8724900000000002E-003   2.4376312046760407E+018
   8.8716799999999998E-003   2.4952572860805350E+018
   8.8708999999999993E-003   2.5565545041607291E+018
   8.8700099999999994E-003   2.6214053360479790E+018
   8.8691499999999993E-003   2.6720152041417805E+018
   8.8686700000000004E-003   2.7087960446860462E+018
   8.8681899999999998E-003   2.7455318611638446E+018
   8.8677099999999991E-003   2.7820536662980429E+018
   8.8672300000000003E-003   2.8317778858555668E+018
   8.8664000000000000E-003   2.8938019335085046E+018
   8.8655999999999995E-003   2.9475310582764360E+018
   8.8649799999999997E-003   2.9936981261681546E+018
   8.8643799999999998E-003   3.0364176583416883E+018
   8.8638699999999994E-003   3.0956306490115092E+018
   8.8628600000000002E-003   3.1785290795715599E+018
   8.8617899999999996E-003   3.2439098749755377E+018
   8.8612599999999993E-003   3.2875353239370895E+018
   8.8607500000000006E-003   3.3527794964999747E+018
   8.8597299999999997E-003   3.4388678185277225E+018
   8.8587400000000004E-003   3.5214609742646067E+018
   8.8578300000000006E-003   3.5895580074522450E+018
   8.8571899999999992E-003   3.6459029912391839E+018
   8.8565599999999994E-003   3.7279792350500854E+018
   8.8553699999999996E-003   3.8349224103885691E+018
   8.8542099999999995E-003   3.9433386931026504E+018
   8.8530199999999996E-003   4.0531844404151706E+018
   8.8518599999999996E-003   4.1511331526933217E+018
   8.8509499999999998E-003   4.2376391269382287E+018
   8.8500499999999999E-003   4.3435039732135670E+018
   8.8487700000000006E-003   4.4370892354304609E+018
   8.8481400000000009E-003   4.4988619485598899E+018
   8.8475199999999993E-003   4.5849918983289672E+018
   8.8464200000000007E-003   4.6947660734692659E+018
   8.8453500000000001E-003   4.7800955717990625E+018
   8.8447400000000002E-003   4.8416801280200561E+018
   8.8441500000000003E-003   4.9199688584374600E+018
   8.8432300000000005E-003   5.0145450686861783E+018
   8.8423300000000007E-003   5.1346854914267699E+018
   8.8409600000000001E-003   5.2464978016945930E+018
   8.8402299999999993E-003   5.3358435372147599E+018
   8.8392999999999996E-003   5.4358548909213123E+018
   8.8383799999999998E-003   5.5583907976199066E+018
   8.8370700000000007E-003   5.6668269941294223E+018
   8.8364199999999993E-003   5.7384761462394296E+018
   8.8357799999999997E-003   5.8494183048738222E+018
   8.8344500000000006E-003   5.9614464523628493E+018
   8.8337999999999993E-003   6.0354769230954322E+018
   8.8331599999999996E-003   6.1163440079541084E+018
   8.8324000000000007E-003   6.2039045009836370E+018
   8.8316400000000000E-003   6.3155315863714765E+018
   8.8304899999999999E-003   6.4505213019445473E+018
   8.8293499999999997E-003   6.5636789969789297E+018
   8.8285800000000008E-003   6.6556337206266092E+018
   8.8278100000000002E-003   6.7476651353106412E+018
   8.8270499999999995E-003   6.8905444922068859E+018
   8.8254700000000002E-003   7.0817343210960906E+018
   8.8239300000000007E-003   7.2767491228577690E+018
   8.8223299999999998E-003   7.4260172574956923E+018
   8.8215399999999992E-003   7.5245117509573448E+018
   8.8207700000000003E-003   7.6778255043720151E+018
   8.8191399999999996E-003   7.8838425829597880E+018
   8.8175600000000003E-003   8.0936132222067712E+018
   8.8158999999999998E-003   8.2539834996940708E+018
   8.8150899999999994E-003   8.3595595537059768E+018
   8.8142900000000007E-003   8.4679499692952955E+018
   8.8134400000000005E-003   8.5789675700978309E+018
   8.8126100000000002E-003   8.6888390363207373E+018
   8.8117899999999999E-003   8.7975375977428337E+018
   8.8109699999999996E-003   8.9090060834781727E+018
   8.8101099999999995E-003   9.0230197658556672E+018
   8.8092599999999993E-003   9.1914520547679416E+018
   8.8076000000000005E-003   9.3606199643009720E+018
   8.8067200000000005E-003   9.4769305872548454E+018
   8.8058600000000004E-003   9.5916468723270431E+018
   8.8050100000000003E-003   9.7047640500893204E+018
   8.8041600000000001E-003   9.8207649753090314E+018
   8.8032700000000002E-003   9.9386671175805153E+018
   8.8024000000000002E-003   1.0054670627745227E+019
   8.8015300000000001E-003   1.0168904398583486E+019
   8.8006700000000000E-003   1.0285438678359904E+019
   8.7997700000000002E-003   1.0403985987577407E+019
   8.7988700000000003E-003   1.0520440300678140E+019
   8.7979900000000003E-003   1.0634975856589959E+019
   8.7971200000000003E-003   1.0751641957839647E+019
   8.7962000000000005E-003   1.0870187074890949E+019
   8.7952900000000007E-003   1.0986459942627676E+019
   8.7943899999999992E-003   1.1100774589052084E+019
   8.7935099999999992E-003   1.1217093997572403E+019
   8.7925699999999996E-003   1.1335344960377211E+019
   8.7916499999999998E-003   1.1451302430081550E+019
   8.7907300000000001E-003   1.1565493441545912E+019
   8.7898300000000002E-003   1.1681821061531886E+019
   8.7888800000000007E-003   1.1800294462490388E+019
   8.7879399999999993E-003   1.1916674739121336E+019
   8.7870099999999996E-003   1.2031529349159455E+019
   8.7860999999999998E-003   1.2148791704965370E+019
   8.7851300000000004E-003   1.2268494519030747E+019
   8.7841700000000009E-003   1.2386384984851130E+019
   8.7832299999999995E-003   1.2503002788404926E+019
   8.7822999999999998E-003   1.2622517536171756E+019
   8.7813200000000004E-003   1.2744372884348045E+019
   8.7803499999999993E-003   1.2863585169802052E+019
   8.7793899999999998E-003   1.2983994277606097E+019
   8.7784400000000002E-003   1.3174018775527291E+019
   8.7764599999999998E-003   1.3425722531662094E+019
   8.7745199999999992E-003   1.3613836885333418E+019
   8.7735100000000000E-003   1.3744175411462650E+019
   8.7725100000000007E-003   1.3873075524404310E+019
   8.7715199999999997E-003   1.4003621274478926E+019
   8.7705400000000003E-003   1.4211185902120159E+019
   8.7685000000000003E-003   1.4485377502951653E+019
   8.7665000000000000E-003   1.4689779682745862E+019
   8.7654499999999993E-003   1.4832204515731403E+019
   8.7644200000000002E-003   1.5045567494242021E+019
   8.7624000000000000E-003   1.5336365255690807E+019
   8.7602800000000005E-003   1.5556658546144334E+019
   8.7592499999999997E-003   1.5705019157071948E+019
   8.7582300000000005E-003   1.5941492321886304E+019
   8.7560799999999994E-003   1.6252644932848763E+019
   8.7539899999999997E-003   1.6564487385920205E+019
   8.7518100000000005E-003   1.6803031393313821E+019
   8.7507499999999998E-003   1.6961350127290761E+019
   8.7496899999999992E-003   1.7210847923732113E+019
   8.7474800000000002E-003   1.7544391955809606E+019
   8.7453199999999991E-003   1.7884909058099077E+019
   8.7430700000000004E-003   1.8232053106522960E+019
   8.7408799999999995E-003   1.8491530715733271E+019
   8.7397299999999994E-003   1.8671527664720867E+019
   8.7385999999999991E-003   1.8948260804486619E+019
   8.7362900000000007E-003   1.9313739080317387E+019
   8.7340400000000002E-003   1.9679643084548432E+019
   8.7317799999999998E-003   2.0059480642043314E+019
   8.7294099999999999E-003   2.0446703283098046E+019
   8.7271099999999997E-003   2.0735657364095156E+019
   8.7259000000000000E-003   2.1040067744352621E+019
   8.7235300000000002E-003   2.1389406569313927E+019
   8.7217500000000003E-003   2.1696402342032925E+019
   8.7199200000000008E-003   2.2059316349037199E+019
   8.7175299999999994E-003   2.2481410675225616E+019
   8.7150400000000003E-003   2.2853201592504910E+019
   8.7132200000000007E-003   2.3174308950542385E+019
   8.7113399999999997E-003   2.3507985002129252E+019
   8.7094600000000005E-003   2.3838086707628519E+019
   8.7076199999999992E-003   2.4159488720708039E+019
   8.7058299999999995E-003   2.4472236049884520E+019
   8.7040699999999995E-003   2.4752033096176275E+019
   8.7026299999999994E-003   2.5003787817730253E+019
   8.7012200000000008E-003   2.5273722259126559E+019
   8.6995900000000001E-003   2.5556957490770649E+019
   8.6979999999999991E-003   2.5840551769574703E+019
   8.6963400000000003E-003   2.6129799909150015E+019
   8.6946999999999997E-003   2.6485414895048618E+019
   8.6923699999999996E-003   2.6884337599959146E+019
   8.6900799999999993E-003   2.7210983328388751E+019
   8.6884200000000005E-003   2.7489351195857175E+019
   8.6867899999999998E-003   2.7837628826830172E+019
   8.6843900000000002E-003   2.8227783316125434E+019
   8.6820600000000001E-003   2.8547579806276223E+019
   8.6803300000000000E-003   2.8816157334280008E+019
   8.6786399999999996E-003   2.9078487958522851E+019
   8.6769299999999994E-003   2.9337767103200797E+019
   8.6752500000000007E-003   2.9652876968207229E+019
   8.6728199999999995E-003   3.0001216298918207E+019
   8.6704599999999996E-003   3.0309643214185882E+019
   8.6683500000000000E-003   3.0591827423328584E+019
   8.6662900000000001E-003   3.0863712197825589E+019
   8.6641800000000005E-003   3.1129396817243636E+019
   8.6621300000000005E-003   3.1409792177766035E+019
   8.6596699999999995E-003   3.1699965571696398E+019
   8.6572899999999998E-003   3.1979148740627169E+019
   8.6548300000000005E-003   3.2244646465378611E+019
   8.6524600000000007E-003   3.2454147385648210E+019
   8.6507200000000006E-003   3.2636847255071977E+019
   8.6490200000000003E-003   3.2901721461336351E+019
   8.6458799999999999E-003   3.3221228931487670E+019
   8.6428500000000005E-003   3.3469563527104844E+019
   8.6407500000000009E-003   3.3677128162202141E+019
   8.6387100000000008E-003   3.3889206995612983E+019
   8.6366299999999993E-003   3.4102504197426278E+019
   8.6345999999999992E-003   3.4429250499739927E+019
   8.6305300000000008E-003   3.4760606702994186E+019
   8.6284900000000008E-003   3.4990404496266199E+019
   8.6265000000000005E-003   3.5271640077768204E+019
   8.6237399999999995E-003   3.5519159824804491E+019
   8.6224000000000006E-003   3.5685711694496260E+019
   8.6210799999999997E-003   3.5950596957211660E+019
   8.6183200000000005E-003   3.6222267749884854E+019
   8.6169799999999998E-003   3.6454906973299335E+019
   8.6149599999999996E-003   3.6745184036796670E+019
   8.6129099999999997E-003   3.6994076542732804E+019
   8.6115600000000007E-003   3.7302404628232536E+019
   8.6088499999999995E-003   3.7620855820424700E+019
   8.6074800000000007E-003   3.7838314785879130E+019
   8.6061300000000000E-003   3.8117297590080324E+019
   8.6040999999999999E-003   3.8466078080267682E+019
   8.6020300000000001E-003   3.8765312917781627E+019
   8.6006699999999995E-003   3.9005672003496837E+019
   8.5993400000000005E-003   3.9385012051157803E+019
   8.5965499999999997E-003   3.9841182094734631E+019
   8.5945099999999996E-003   4.0173319494643507E+019
   8.5931299999999992E-003   4.0521140671018230E+019
   8.5910199999999996E-003   4.1017156062906278E+019
   8.5882900000000002E-003   4.1452241082906886E+019
   8.5868600000000000E-003   4.1832505207991615E+019
   8.5847500000000004E-003   4.2288820557950591E+019
   8.5826800000000005E-003   4.2843108751607996E+019
   8.5798000000000003E-003   4.3373811950510440E+019
   8.5780200000000004E-003   4.3787738616407646E+019
   8.5762600000000005E-003   4.4300078268633702E+019
   8.5737200000000000E-003   4.4904615529699631E+019
   8.5712400000000008E-003   4.5575252579205136E+019
   8.5682799999999993E-003   4.6122548706540683E+019
   8.5668299999999992E-003   4.6490218031166603E+019
   8.5654000000000008E-003   4.7118653373042549E+019
   8.5619900000000002E-003   4.7999006313172525E+019
   8.5586800000000008E-003   4.8694689996502999E+019
   8.5567700000000000E-003   4.9360395458790572E+019
   8.5537400000000006E-003   5.0253054123454923E+019
   8.5502800000000004E-003   5.1055595902807835E+019
   8.5479900000000001E-003   5.1657957536307888E+019
   8.5459999999999998E-003   5.2221296400384795E+019
   8.5440499999999992E-003   5.2919370399324185E+019
   8.5412400000000003E-003   5.3719672065704542E+019
   8.5384899999999993E-003   5.4485504141757989E+019
   8.5360599999999998E-003   5.5204194355809919E+019
   8.5336700000000001E-003   5.5821636914844221E+019
   8.5320099999999996E-003   5.6327798265551692E+019
   8.5303700000000007E-003   5.7067026375702266E+019
   8.5272100000000003E-003   5.8056386806098911E+019
   8.5241299999999996E-003   5.8793512661649555E+019
   8.5225300000000004E-003   5.9302275944430944E+019
   8.5209599999999993E-003   5.9928764790471680E+019
   8.5186900000000006E-003   6.0667991326672331E+019
   8.5164600000000000E-003   6.1622234832750592E+019
   8.5129699999999999E-003   6.2811488545956348E+019
   8.5094400000000001E-003   6.4108092227563209E+019
   8.5054699999999994E-003   6.5278391855645671E+019
   8.5027499999999999E-003   6.6254196062075142E+019
   8.4999900000000007E-003   6.7458725574962979E+019
   8.4961099999999994E-003   6.9069487983253660E+019
   8.4912300000000007E-003   7.0376382390560866E+019
   8.4890799999999995E-003   7.1183691849962914E+019
   8.4869600000000000E-003   7.2134433906012176E+019
   8.4840999999999996E-003   7.3249815931723014E+019
   8.4811499999999998E-003   7.4382321164814926E+019
   8.4782599999999996E-003   7.5533161712666591E+019
   8.4752700000000000E-003   7.6714490110981898E+019
   8.4722700000000005E-003   7.7899888252316484E+019
   8.4693100000000007E-003   7.8907361708273992E+019
   8.4672299999999992E-003   8.0147263354533888E+019
   8.4631299999999993E-003   8.2056684438624469E+019
   8.4579200000000007E-003   8.3884429180611346E+019
   8.4542500000000000E-003   8.5305013295674655E+019
   8.4510499999999999E-003   8.6655259443374047E+019
   8.4478000000000001E-003   8.8490414848778043E+019
   8.4423499999999995E-003   9.0404522772931559E+019
   8.4387600000000000E-003   9.1582992530421498E+019
   8.4368399999999993E-003   9.2925864128887472E+019
   8.4325500000000005E-003   9.4769931498868441E+019
   8.4283499999999994E-003   9.6191008714445816E+019
   8.4260299999999993E-003   9.7201728423888224E+019
   8.4237400000000007E-003   9.8691626993099915E+019
   8.4192999999999994E-003   1.0064036088464297E+020
   8.4149499999999992E-003   1.0201240137778759E+020
   8.4131399999999995E-003   1.0282077004146300E+020
   8.4113399999999998E-003   1.0419115610449096E+020
   8.4070599999999992E-003   1.0611204844359813E+020
   8.4028499999999999E-003   1.0754637647843049E+020
   8.4006800000000006E-003   1.0853687298163548E+020
   8.3985199999999996E-003   1.0993708414262957E+020
   8.3945900000000004E-003   1.1173964768219403E+020
   8.3907099999999991E-003   1.1326858495199746E+020
   8.3879899999999997E-003   1.1453079589863291E+020
   8.3853000000000000E-003   1.1596983324873266E+020
   8.3818499999999997E-003   1.1758218974501978E+020
   8.3784500000000008E-003   1.1941903535961855E+020
   8.3741000000000006E-003   1.2147326753705125E+020
   8.3698300000000000E-003   1.2336048658965404E+020
   8.3662100000000007E-003   1.2579851210536160E+020
   8.3597199999999993E-003   1.2806420914974989E+020
   8.3568400000000008E-003   1.2955073652062344E+020
   8.3536400000000007E-003   1.3111419537349555E+020
   8.3504700000000005E-003   1.3352747213583606E+020
   8.3438899999999996E-003   1.3676641911352816E+020
   8.3374499999999997E-003   1.4011179611760181E+020
   8.3305700000000007E-003   1.4356032711100373E+020
   8.3238500000000007E-003   1.4618003184645531E+020
   8.3202299999999996E-003   1.4803205091573881E+020
   8.3166500000000001E-003   1.4999199065973509E+020
   8.3126399999999996E-003   1.5205853287654461E+020
   8.3086900000000005E-003   1.5401891871288990E+020
   8.3051300000000008E-003   1.5587630557820119E+020
   8.3016099999999992E-003   1.5810603141780623E+020
   8.2966900000000007E-003   1.6070013329361476E+020
   8.2918400000000000E-003   1.6357669833800047E+020
   8.2859300000000004E-003   1.6672503284974702E+020
   8.2801300000000001E-003   1.6966589319699890E+020
   8.2750500000000008E-003   1.7241217538332282E+020
   8.2700499999999993E-003   1.7525505272005594E+020
   8.2646200000000003E-003   1.7793713578602961E+020
   8.2603699999999995E-003   1.8027916155612502E+020
   8.2561800000000001E-003   1.8343372646920739E+020
   8.2491000000000005E-003   1.8738025897958454E+020
   8.2421600000000001E-003   1.9110824683299157E+020
   8.2359900000000003E-003   1.9460882877310258E+020
   8.2299199999999999E-003   1.9787194285322525E+020
   8.2245500000000006E-003   2.0208741064159933E+020
   8.2154299999999993E-003   2.0580747262965914E+020
   8.2118099999999999E-003   2.0792766776992589E+020
   8.2082200000000004E-003   2.1108447644768980E+020
   8.2011500000000008E-003   2.1525570763033356E+020
   8.1942100000000004E-003   2.1863526587628709E+020
   8.1898600000000002E-003   2.2124124500407635E+020
   8.1855599999999997E-003   2.2430057997670564E+020
   8.1797799999999993E-003   2.2780466003140831E+020
   8.1740700000000003E-003   2.3169643982886247E+020
   8.1671100000000000E-003   2.3692169742539450E+020
   8.1572099999999998E-003   2.4219754586626323E+020
   8.1501799999999999E-003   2.4564830357217624E+020
   8.1462199999999992E-003   2.4954617999231143E+020
   8.1379000000000000E-003   2.5480111948646521E+020
   8.1297399999999999E-003   2.5878703825742581E+020
   8.1254599999999993E-003   2.6154367753050286E+020
   8.1212200000000002E-003   2.6428365862416699E+020
   8.1170099999999992E-003   2.6700889039842840E+020
   8.1128499999999996E-003   2.7124453739117406E+020
   8.1041099999999994E-003   2.7695918694277045E+020
   8.0955400000000000E-003   2.8279737462051720E+020
   8.0865899999999994E-003   2.8875682993552759E+020
   8.0778099999999995E-003   2.9328363090952126E+020
   8.0732000000000009E-003   2.9640774350215814E+020
   8.0686300000000002E-003   2.9951515721775514E+020
   8.0641099999999993E-003   3.0260625668408056E+020
   8.0596299999999999E-003   3.0741154209073542E+020
   8.0502300000000002E-003   3.1389256423343699E+020
   8.0410099999999995E-003   3.1879208697668554E+020
   8.0361800000000004E-003   3.2218929898773735E+020
   8.0313799999999994E-003   3.2556874169987197E+020
   8.0266399999999998E-003   3.2893066830327690E+020
   8.0219400000000000E-003   3.3415433759316646E+020
   8.0120699999999996E-003   3.4120376007974355E+020
   8.0023999999999998E-003   3.4839013415581208E+020
   7.9922900000000009E-003   3.5574281199351713E+020
   7.9823800000000007E-003   3.6133016214458512E+020
   7.9771800000000004E-003   3.6518477068978160E+020
   7.9720299999999997E-003   3.6901972822392839E+020
   7.9669300000000005E-003   3.7283611029771885E+020
   7.9618799999999993E-003   3.7876328980274958E+020
   7.9512799999999998E-003   3.8676317994751328E+020
   7.9408900000000008E-003   3.9280999786970769E+020
   7.9354400000000002E-003   3.9700306351316789E+020
   7.9300299999999994E-003   4.0117526760848674E+020
   7.9246899999999999E-003   4.0532686601480818E+020
   7.9193900000000001E-003   4.1177543209994623E+020
   7.9082800000000002E-003   4.2048031466326983E+020
   7.8973700000000008E-003   4.2936840236989953E+020
   7.8860000000000006E-003   4.3844980805997842E+020
   7.8748299999999993E-003   4.4535261293558006E+020
   7.8689799999999994E-003   4.5011395422828567E+020
   7.8631900000000008E-003   4.5485234605258264E+020
   7.8574500000000002E-003   4.5956890232769892E+020
   7.8517599999999993E-003   4.6689021784271723E+020
   7.8398400000000007E-003   4.7677485621018794E+020
   7.8281400000000008E-003   4.8425110024688304E+020
   7.8220100000000008E-003   4.8943129514098740E+020
   7.8159300000000004E-003   4.9714981467324278E+020
   7.8039600000000004E-003   5.0769255553003382E+020
   7.7914700000000000E-003   5.1578259228855868E+020
   7.7853100000000001E-003   5.2113238146772913E+020
   7.7792199999999999E-003   5.2944149533714396E+020
   7.7664300000000004E-003   5.4066255235004354E+020
   7.7538900000000003E-003   5.4914915984266658E+020
   7.7473200000000002E-003   5.5503096005659414E+020
   7.7408099999999999E-003   5.6243123991782497E+020
   7.7309600000000003E-003   5.7134614422315198E+020
   7.7212499999999998E-003   5.8037145438473807E+020
   7.7112900000000000E-003   5.8952861784027529E+020
   7.7014600000000002E-003   5.9891158032510589E+020
   7.6911699999999998E-003   6.0851195735225323E+020
   7.6810300000000001E-003   6.1824641255171896E+020
   7.6706099999999996E-003   6.3110490478273010E+020
   7.6541300000000003E-003   6.4495317780881945E+020
   7.6418800000000002E-003   6.5695603680072185E+020
   7.6295000000000000E-003   6.6917049065593910E+020
   7.6170200000000004E-003   6.8321318665108482E+020
   7.6012099999999997E-003   6.9746662364556545E+020
   7.5885500000000003E-003   7.1050822140597646E+020
   7.5754200000000002E-003   7.2389174146957364E+020
   7.5623000000000001E-003   7.3666340485123893E+020
   7.5505700000000004E-003   7.4851376289316563E+020
   7.5393999999999999E-003   7.6262156035568645E+020
   7.5235299999999996E-003   7.7778933752661502E+020
   7.5104700000000000E-003   7.9080585623253025E+020
   7.4987800000000000E-003   8.0408892945382008E+020
   7.4849699999999996E-003   8.1944880807108071E+020
   7.4698200000000003E-003   8.3280150022070731E+020
   7.4598700000000004E-003   8.4495652776094768E+020
   7.4458700000000003E-003   8.6030324092640965E+020
   7.4294000000000001E-003   8.7469963432617260E+020
   7.4135399999999997E-003   8.8819274691265613E+020
   7.3988600000000002E-003   8.9722120760201511E+020
   7.3847799999999996E-003   9.0364179896840723E+020
   7.3688699999999996E-003   8.9933350141647009E+020
   7.3625899999999996E-003   9.0737560024493824E+020
   7.3477200000000003E-003   8.8660816741356523E+020
   7.3282499999999997E-003   8.8082946925310955E+020
   7.3144500000000001E-003   8.4722049178018959E+020
   7.3011100000000004E-003   7.9231548870822671E+020
   7.2859400000000003E-003   7.6059589495084954E+020
   7.2720299999999996E-003   7.4071751056769837E+020
   7.2661300000000000E-003   7.1183716712766570E+020
   7.2602700000000001E-003   6.8486638457815892E+020
   7.2459500000000001E-003   6.6195154040467803E+020
   7.2402100000000004E-003   6.4914042406072300E+020
   7.2336400000000004E-003   6.2472159338286023E+020
   7.2285300000000004E-003   6.2357354915851810E+020
   7.2204299999999999E-003   6.1086377727418211E+020
   7.2152400000000004E-003   5.9380304306471371E+020
   7.2103799999999997E-003   5.8412342253850021E+020
   7.2059799999999999E-003   5.8727846434083530E+020
   7.2007299999999998E-003   5.7224220026886560E+020
   7.1949199999999996E-003   5.6128061156471964E+020
   7.1891500000000001E-003   5.5931668157314833E+020
   7.1856500000000000E-003   5.5790242584400534E+020
   7.1808699999999998E-003   5.5262104914793857E+020
   7.1785000000000000E-003   5.5040564221126627E+020
   7.1767200000000001E-003   5.4856170206346543E+020
   7.1725499999999998E-003   5.4800691165134547E+020
   7.1701600000000001E-003   5.4728247398421319E+020
   7.1668499999999998E-003   5.4634849056058848E+020
   7.1641300000000003E-003   5.4450818427866218E+020
   7.1580799999999998E-003   5.4293903888137349E+020
   7.1535499999999998E-003   5.4373149571902420E+020
   7.1484199999999999E-003   5.4302190009692402E+020
   7.1424300000000000E-003   5.4380028215524898E+020
   7.1377200000000002E-003   5.4495277377610115E+020
   7.1332100000000001E-003   5.4606070841166981E+020
   7.1288599999999999E-003   5.4765923702687957E+020
   7.1249000000000000E-003   5.4945868884707141E+020
   7.1198600000000004E-003   5.5106905910317128E+020
   7.1177799999999998E-003   5.5260461433379999E+020
   7.1136500000000000E-003   5.5437103273899170E+020
   7.1108999999999999E-003   5.5626106014559686E+020
   7.1067999999999999E-003   5.5806041029173110E+020
   7.1047500000000000E-003   5.5989465926557644E+020
   7.1007600000000002E-003   5.6239027143996414E+020
   7.0968699999999999E-003   5.6430819686951918E+020
   7.0949300000000002E-003   5.6581945299457684E+020
   7.0924100000000004E-003   5.6843151818078821E+020
   7.0873899999999998E-003   5.7201803092479096E+020
   7.0823900000000000E-003   5.7571596782107702E+020
   7.0774200000000001E-003   5.7855591712542458E+020
   7.0749400000000000E-003   5.8021430484297273E+020
   7.0730899999999998E-003   5.8238630222884333E+020
   7.0693800000000001E-003   5.8530259951211885E+020
   7.0657400000000000E-003   5.8820406320716657E+020
   7.0621599999999996E-003   5.9107723150496406E+020
   7.0586399999999997E-003   5.9392188355061757E+020
   7.0551700000000004E-003   5.9722047255453670E+020
   7.0506500000000003E-003   6.0026474712133403E+020
   7.0478700000000003E-003   6.0258555806914956E+020
   7.0450799999999996E-003   6.0564095780140810E+020
   7.0405099999999998E-003   6.0905613635605312E+020
   7.0369200000000003E-003   6.1191143600318684E+020
   7.0337600000000000E-003   6.1441854395672704E+020
   7.0310099999999999E-003   6.1759347985027904E+020
   7.0264100000000003E-003   6.2161452543346580E+020
   7.0216000000000002E-003   6.2642631806266520E+020
   7.0153999999999998E-003   6.3027772409694795E+020
   7.0124799999999998E-003   6.3294486552495640E+020
   7.0095599999999997E-003   6.3625585761590274E+020
   7.0051899999999997E-003   6.4049641198405865E+020
   6.9994000000000002E-003   6.4438032388737362E+020
   6.9965100000000001E-003   6.4700096553160579E+020
   6.9936299999999998E-003   6.5002024801924874E+020
   6.9891700000000003E-003   6.5478688079352168E+020
   6.9829100000000002E-003   6.5910964117419275E+020
   6.9792900000000000E-003   6.6341201644583544E+020
   6.9731500000000000E-003   6.6878822934075238E+020
   6.9671200000000003E-003   6.7301921077664468E+020
   6.9636799999999999E-003   6.7528438311810171E+020
   6.9614799999999999E-003   6.7830298727137123E+020
   6.9570800000000000E-003   6.8258779488632701E+020
   6.9517499999999996E-003   6.8632070061136898E+020
   6.9486200000000000E-003   6.8993351282576720E+020
   6.9436000000000003E-003   6.9325959679084501E+020
   6.9411100000000003E-003   6.9652153759084564E+020
   6.9362299999999998E-003   7.0183031265125073E+020
   6.9291300000000004E-003   7.0714822669043053E+020
   6.9242699999999997E-003   7.1147232289586663E+020
   6.9194199999999999E-003   7.1733736198290630E+020
   6.9110999999999999E-003   7.2304631752329986E+020
   6.9066700000000002E-003   7.2834892864009103E+020
   6.8993199999999996E-003   7.3308728082283495E+020
   6.8959499999999996E-003   7.3556433370936390E+020
   6.8939400000000003E-003   7.3767128125625467E+020
   6.8912599999999997E-003   7.4153475350203610E+020
   6.8853600000000001E-003   7.4689744989413533E+020
   6.8793999999999999E-003   7.5271634729864371E+020
   6.8725699999999997E-003   7.5837707363810266E+020
   6.8668999999999996E-003   7.6295101232072897E+020
   6.8626000000000000E-003   7.6789710356372390E+020
   6.8560799999999996E-003   7.7210309452140197E+020
   6.8534099999999999E-003   7.7394479751723981E+020
   6.8520800000000000E-003   7.7517469680933313E+020
   6.8507400000000001E-003   7.7614910165874455E+020
   6.8499700000000004E-003   7.7686359112501494E+020
   6.8491999999999997E-003   7.7757736490847280E+020
   6.8484300000000000E-003   7.7811189005528649E+020
   6.8480399999999997E-003   7.7846988197382704E+020
   6.8476500000000003E-003   7.7874278165156712E+020
   6.8474599999999997E-003   7.7891671148181298E+020
   6.8472699999999999E-003   7.7909064059674899E+020
   6.8470800000000002E-003   7.7926456899797896E+020
   6.8468799999999996E-003   7.8813294934805735E+020
   6.8467900000000002E-003   7.8822150168761401E+020
   6.8466899999999999E-003   7.8831005693915129E+020
   6.8465899999999996E-003   7.8839861209593702E+020
   6.8465000000000002E-003   7.8853144002986744E+020
   6.8462999999999996E-003   7.8870854977880719E+020
   6.8461099999999999E-003   7.8897420723541351E+020
   6.8457300000000004E-003   7.8923987678471638E+020
   6.8455299999999998E-003   7.8950553257405750E+020
   6.8451500000000004E-003   7.8985974762500129E+020
   6.8447600000000001E-003   7.9023605330035841E+020
   6.8443300000000000E-003   7.9076717274859359E+020
   6.8436100000000000E-003   7.9191035923475294E+020
   6.8418500000000000E-003   7.9353315850267604E+020
   6.8400900000000001E-003   7.9622877155499390E+020
   6.8360199999999999E-003   8.0004167399957869E+020
   6.8318600000000004E-003   8.0527045919976430E+020
   6.8247700000000000E-003   8.1158483862043073E+020
   6.8183400000000000E-003   8.2000700821874554E+020
   6.8068599999999996E-003   8.3227335029793122E+020
   6.7924600000000002E-003   8.4558101643851596E+020
   6.7790500000000000E-003   8.6163826851581565E+020
   6.7593100000000001E-003   8.8040786875813449E+020
   6.7407999999999999E-003   8.9778961656834110E+020
   6.7243600000000004E-003   9.1431047196697677E+020
   6.7080000000000004E-003   9.3090001167474452E+020
   6.6918200000000002E-003   9.4893369800121529E+020
   6.6730699999999997E-003   9.6690030668102081E+020
   6.6574499999999997E-003   9.8372287123549599E+020
   6.6414600000000001E-003   1.0016075061178569E+021
   6.6240600000000002E-003   1.0211253727214527E+021
   6.6054800000000004E-003   1.0436786241333692E+021
   6.5830500000000000E-003   1.0654471404827481E+021
   6.5664499999999997E-003   1.0820155092827355E+021
   6.5465200000000001E-003   1.1043616849109889E+021
   6.5268499999999998E-003   1.1249223473449646E+021
   6.5105500000000004E-003   1.1405793017967336E+021
   6.4998900000000004E-003   1.1575074693695420E+021
   6.4814399999999998E-003   1.1750920026652257E+021
   6.4701400000000001E-003   1.1950795701052435E+021
   6.4477700000000002E-003   1.2183779548873003E+021
   6.4315099999999997E-003   1.2381708029462863E+021
   6.4153999999999999E-003   1.2562689458937046E+021
   6.4022599999999999E-003   1.2725979974114400E+021
   6.3892300000000001E-003   1.2997746576032735E+021
   6.3590000000000001E-003   1.3382065020681215E+021
   6.3293000000000004E-003   1.3665668787313482E+021
   6.3157400000000002E-003   1.3911681139167401E+021
   6.2920700000000003E-003   1.4138637925540236E+021
   6.2819199999999999E-003   1.4371953797919849E+021
   6.2575100000000000E-003   1.4704885048941876E+021
   6.2334299999999999E-003   1.4970746270671558E+021
   6.2195300000000000E-003   1.5165349841653051E+021
   6.2057299999999996E-003   1.5414723180000334E+021
   6.1843899999999997E-003   1.5720648316033400E+021
   6.1632900000000001E-003   1.5979093342448863E+021
   6.1490800000000003E-003   1.6187497389253143E+021
   6.1349700000000000E-003   1.6508450157093905E+021
   6.1058900000000001E-003   1.6945872338772980E+021
   6.0772400000000002E-003   1.7309455623134595E+021
   6.0588100000000004E-003   1.7596300918702499E+021
   6.0405399999999996E-003   1.7829265802925965E+021
   6.0294800000000003E-003   1.8003870534859652E+021
   6.0184899999999996E-003   1.8301618948619876E+021
   5.9922700000000001E-003   1.8811213977209020E+021
   5.9559000000000001E-003   1.9351742648327254E+021
   5.9273700000000004E-003   1.9746386520823832E+021
   5.9094100000000004E-003   2.0098985776303948E+021
   5.8862400000000000E-003   2.0499809142870167E+021
   5.8633200000000000E-003   2.0976629917995056E+021
   5.8321900000000001E-003   2.1538625809085311E+021
   5.8007900000000001E-003   2.1972829176552717E+021
   5.7848999999999999E-003   2.2265330554274571E+021
   5.7691100000000000E-003   2.2714174961133680E+021
   5.7368000000000002E-003   2.3325279769197478E+021
   5.7049199999999996E-003   2.3954072317884404E+021
   5.6720399999999997E-003   2.4600381516454355E+021
   5.6395899999999999E-003   2.5264971865832497E+021
   5.6061300000000000E-003   2.5949250158645567E+021
   5.5731000000000001E-003   2.6652167534603194E+021
   5.5390500000000002E-003   2.7375880349465376E+021
   5.5054199999999996E-003   2.8120389703130420E+021
   5.4707599999999999E-003   2.8885981148318301E+021
   5.4365400000000001E-003   2.9473721707755203E+021
   5.4190300000000000E-003   2.9872600571991808E+021
   5.4016300000000001E-003   3.0484691316057839E+021
   5.3660399999999999E-003   3.1319167846650982E+021
   5.3308699999999997E-003   3.1959358689730295E+021
   5.3128899999999998E-003   3.2394339666072369E+021
   5.2950100000000002E-003   3.3057055918491839E+021
   5.2588299999999999E-003   3.3966534129370525E+021
   5.2223199999999999E-003   3.4902763093584364E+021
   5.1854800000000001E-003   3.5866535990558096E+021
   5.1482999999999998E-003   3.6858819654012712E+021
   5.1107699999999997E-003   3.7880533618931998E+021
   5.0729099999999999E-003   3.8932628859456591E+021
   5.0346899999999997E-003   4.0016123107163442E+021
   4.9961099999999998E-003   4.1132069547349235E+021
   4.9571800000000003E-003   4.2281453833218603E+021
   4.9178800000000003E-003   4.3169713931798839E+021
   4.8979899999999996E-003   4.3769991467224384E+021
   4.8782100000000000E-003   4.4380381956935527E+021
   4.8581299999999996E-003   4.4998934201455702E+021
   4.8381600000000002E-003   4.5806958268646309E+021
   4.8063699999999999E-003   4.6812296540985602E+021
   4.7748100000000000E-003   4.7652459812764558E+021
   4.7542499999999998E-003   4.8321007987225411E+021
   4.7337700000000000E-003   4.8999359102883442E+021
   4.7130100000000001E-003   4.9688183051551517E+021
   4.6923299999999998E-003   5.0387435674858705E+021
   4.6713600000000003E-003   5.1097425461696434E+021
   4.6504800000000002E-003   5.1818182245081206E+021
   4.6293100000000002E-003   5.2550024934235748E+021
   4.6082199999999997E-003   5.3293083595537635E+021
   4.5868400000000000E-003   5.4047591587550740E+021
   4.5655399999999999E-003   5.4813730094972886E+021
   4.5439499999999997E-003   5.5591731124543580E+021
   4.5224300000000000E-003   5.6381765409481949E+021
   4.5006200000000003E-003   5.7184141627215137E+021
   4.4788900000000001E-003   5.7999016887091284E+021
   4.4568500000000000E-003   5.8826683147394514E+021
   4.4349000000000003E-003   5.9667325740583496E+021
   4.4126399999999998E-003   6.0521272463131840E+021
   4.3904499999999997E-003   6.1388712299950139E+021
   4.3679599999999997E-003   6.2269957776140759E+021
   4.3455400000000002E-003   6.3165272383977150E+021
   4.3228099999999998E-003   6.4074986933825034E+021
   4.3001500000000000E-003   6.4999345444696904E+021
   4.2771900000000002E-003   6.5938708574694791E+021
   4.2542800000000000E-003   6.6891462251831424E+021
   4.2311600000000003E-003   6.7861753348553116E+021
   4.2079099999999996E-003   6.8848042587167989E+021
   4.1845399999999996E-003   6.9850697764336514E+021
   4.1610299999999996E-003   7.0870062070204329E+021
   4.1374000000000003E-003   7.1906630552195034E+021
   4.1136300000000001E-003   7.2960706638112767E+021
   4.0897299999999998E-003   7.4032946616970437E+021
   4.0657000000000002E-003   7.5123612075315524E+021
   4.0415299999999998E-003   7.6233223860182434E+021
   4.0172200000000002E-003   7.7362340975533789E+021
   3.9927599999999997E-003   7.8511318147416405E+021
   3.9681700000000000E-003   7.9680637591315347E+021
   3.9434200000000004E-003   8.0870881326381840E+021
   3.9185299999999999E-003   8.2082469076552835E+021
   3.8934899999999999E-003   8.3315861177982643E+021
   3.8682999999999999E-003   8.4572015781026652E+021
   3.8429599999999999E-003   8.5851234987647466E+021
   3.8174500000000000E-003   8.7154625236844109E+021
   3.7917900000000002E-003   8.8483594833177870E+021
   3.7659700000000000E-003   8.9839135499103460E+021
   3.7399800000000000E-003   9.1220501328832223E+021
   3.7138200000000001E-003   9.2626338139087024E+021
   3.6874899999999999E-003   9.4055923501610996E+021
   3.6609899999999998E-003   9.5509580867782427E+021
   3.6343100000000000E-003   9.6987655958582935E+021
   3.6074599999999998E-003   9.8490512362047705E+021
   3.5804100000000000E-003   1.0001853104138184E+022
   3.5531800000000000E-003   1.0157210882433228E+022
   3.5257600000000002E-003   1.0315165875857086E+022
   3.4981499999999998E-003   1.0475760653067010E+022
   3.4703300000000002E-003   1.0639039211535572E+022
   3.4423200000000000E-003   1.0805046960157016E+022
   3.4140899999999998E-003   1.0973830504241605E+022
   3.3856500000000000E-003   1.1145437592293518E+022
   3.3570000000000002E-003   1.1319917419898327E+022
   3.3281199999999999E-003   1.1497320220069638E+022
   3.2990200000000002E-003   1.1677697497650369E+022
   3.2696900000000000E-003   1.1861101913696392E+022
   3.2401100000000000E-003   1.2047587251388129E+022
   3.2103000000000001E-003   1.2237208657608422E+022
   3.1802300000000000E-003   1.2430022231911819E+022
   3.1499000000000002E-003   1.2626085438832777E+022
   3.1193200000000001E-003   1.2825456807656536E+022
   3.0884599999999999E-003   1.3028196187698641E+022
   3.0573200000000001E-003   1.3234364613096261E+022
   3.0259000000000002E-003   1.3444024137901337E+022
   2.9941799999999999E-003   1.3657238386607183E+022
   2.9621600000000001E-003   1.3874071922456629E+022
   2.9298300000000000E-003   1.4094590688768010E+022
   2.8971800000000001E-003   1.4318862012583359E+022
   2.8641900000000000E-003   1.4546954260194576E+022
   2.8308600000000001E-003   1.4778937417860737E+022
   2.7971799999999998E-003   1.5014882347871264E+022
   2.7631200000000000E-003   1.5254861616239465E+022
   2.7286900000000002E-003   1.5498949083908907E+022
   2.6938600000000002E-003   1.5747219641761412E+022
   2.6586299999999999E-003   1.5999750127774606E+022
   2.6229700000000001E-003   1.6256618136906731E+022
   2.5868699999999998E-003   1.6517903141842698E+022
   2.5503100000000001E-003   1.6783685817149960E+022
   2.5132700000000002E-003   1.7054048297949749E+022
   2.4757300000000002E-003   1.7329074088692255E+022
   2.4376699999999999E-003   1.7608848403651663E+022
   2.3990600000000002E-003   1.7893457647895929E+022
   2.3598800000000000E-003   1.8182989619153009E+022
   2.3201099999999998E-003   1.8477521411442666E+022
   2.2797000000000000E-003   1.8777243256607321E+022
   2.2386300000000001E-003   1.9082161198900003E+022
   2.1968500000000002E-003   1.9392368618111928E+022
   2.1543399999999998E-003   1.9707961113967256E+022
   2.1110399999999998E-003   2.0029035190673660E+022
   2.0669099999999999E-003   2.0355666131127040E+022
   2.0219000000000001E-003   2.0688068888534303E+022
   1.9759399999999998E-003   2.1026259523997174E+022
   1.9289600000000000E-003   2.1369255629621306E+022
   1.8812200000000001E-003   2.1719343040040727E+022
   1.8316700000000001E-003   2.2076728189252740E+022
   1.7811599999999999E-003   2.2439129320746551E+022
   1.7292799999999999E-003   2.2760126368537528E+022
   1.6896800000000000E-003   2.3041031482065096E+022
   1.6485899999999999E-003   2.3443088834362964E+022
   1.5712100000000000E-003   2.3853542568991608E+022
   1.5278700000000000E-003   2.4149121550691705E+022
   1.4824400000000000E-003   2.4594832950310417E+022
   1.3882700000000000E-003   2.5102782111885843E+022
   1.3232599999999999E-003   2.5509459071698509E+022
   1.2554500000000000E-003   2.5928198159957834E+022
   1.1805600000000000E-003   2.6366582540010378E+022
   1.1008100000000000E-003   2.6823287482085487E+022
   1.0090200000000000E-003   2.7325542552492575E+022
   8.9954000000000000E-004   2.7965942581981901E+022
   7.0657000000000001E-004   2.8631006904586145E+022
   5.6795000000000001E-004   2.9010895519939497E+022
   4.8425999999999997E-004   2.9248307362781760E+022
   3.8306000000000001E-004   2.9439971085539487E+022
   3.1393000000000003E-004   2.9562973875484949E+022
   2.5076999999999999E-004   2.9638122000488788E+022
   2.0169000000000000E-004   2.9698075699622416E+022
   1.6421000000000000E-004   2.9727246718295966E+022
   1.3646000000000000E-004   2.9750265224218074E+022
   1.1692000000000000E-004   2.9760250868474405E+022
   1.0407000000000000E-004   2.9770544164176124E+022
   8.6890000000000003E-005   2.9779569788922567E+022
   6.8960000000000004E-005   2.9786155819855765E+022
   5.4729999999999999E-005   2.9791392445764752E+022
   4.3439999999999997E-005   2.9794110705513850E+022
   3.4480000000000002E-005   2.9795775993342354E+022
   2.7370000000000001E-005   2.9797293212389599E+022
   2.1719999999999999E-005   2.9797966731372696E+022
   1.7240000000000001E-005   2.9798608211353813E+022
   1.3679999999999999E-005   2.9799182178043266E+022
