   8.8862899999999998E-003   1887144102623963.2     
   8.8862899999999998E-003   2165907309978206.0     
   8.8862799999999999E-003   2411033988961583.0     
   8.8862799999999999E-003   2631368593473426.0     
   8.8862799999999999E-003   2832582940550580.5     
   8.8862799999999999E-003   3018693573374610.0     
   8.8862799999999999E-003   3192505491935261.0     
   8.8862699999999999E-003   3355777729509678.5     
   8.8862699999999999E-003   3509862063524026.5     
   8.8862699999999999E-003   3655851415703703.0     
   8.8862699999999999E-003   3794673521700829.5     
   8.8862699999999999E-003   3927192412975033.0     
   8.8862699999999999E-003   4054143355300821.5     
   8.8862699999999999E-003   4176104031435764.0     
   8.8862699999999999E-003   4293541726611672.5     
   8.8862600000000000E-003   4406853305979434.0     
   8.8862600000000000E-003   4516379241114798.0     
   8.8862600000000000E-003   4622408056129627.0     
   8.8862600000000000E-003   4725190905000947.0     
   8.8862600000000000E-003   4824946024920351.0     
   8.8862600000000000E-003   4945543435585811.0     
   8.8862600000000000E-003   5085113499709229.0     
   8.8862600000000000E-003   5219383588044110.0     
   8.8862600000000000E-003   5348830725477076.0     
   8.8862500000000001E-003   5453423208364085.0     
   8.8862500000000001E-003   5534962585812072.0     
   8.8862500000000001E-003   5614770461955956.0     
   8.8862500000000001E-003   5692937736117160.0     
   8.8862500000000001E-003   5788372282829659.0     
   8.8862500000000001E-003   5899951802812838.0     
   8.8862500000000001E-003   6008403694592957.0     
   8.8862500000000001E-003   6113911203334272.0     
   8.8862500000000001E-003   6199769209504056.0     
   8.8862500000000001E-003   6267077517971207.0     
   8.8862500000000001E-003   6333251282669892.0     
   8.8862500000000001E-003   6398328022357585.0     
   8.8862500000000001E-003   6493843484860753.0     
   8.8862400000000001E-003   6587322434800371.0     
   8.8862400000000001E-003   6648353085423014.0     
   8.8862400000000001E-003   6738052365181185.0     
   8.8862400000000001E-003   6854684146652228.0     
   8.8862400000000001E-003   6967964878756208.0     
   8.8862400000000001E-003   7078100811559450.0     
   8.8862400000000001E-003   7158834812604098.0     
   8.8862400000000001E-003   7211718622163774.0     
   8.8862400000000001E-003   7263920845894746.0     
   8.8862400000000001E-003   7315460860104839.0     
   8.8862400000000001E-003   7391499614254553.0     
   8.8862400000000001E-003   7490842730341543.0     
   8.8862400000000001E-003   7587859167980412.0     
   8.8862300000000002E-003   7682674773748867.0     
   8.8862300000000002E-003   7790593517558329.0     
   8.8862300000000002E-003   7910730476346907.0     
   8.8862300000000002E-003   8027579762322379.0     
   8.8862300000000002E-003   8141334544815072.0     
   8.8862300000000002E-003   8252173123308382.0     
   8.8862300000000002E-003   8360252482576193.0     
   8.8862300000000002E-003   8465713784297540.0     
   8.8862300000000002E-003   8568685124061654.0     
   8.8862200000000002E-003   8681651053197585.0     
   8.8862200000000002E-003   8803886677146255.0     
   8.8862200000000002E-003   8922798471058113.0     
   8.8862200000000002E-003   9009988395832238.0     
   8.8862200000000002E-003   9067116058099940.0     
   8.8862200000000002E-003   9151366946888296.0     
   8.8862200000000002E-003   9261347860692176.0     
   8.8862200000000002E-003   9368667212600188.0     
   8.8862200000000002E-003   9473465959991118.0     
   8.8862200000000002E-003   9575877272463496.0     
   8.8862100000000003E-003   9676021326499810.0     
   8.8862100000000003E-003   9774010109006822.0     
   8.8862100000000003E-003   9869942820783820.0     
   8.8862100000000003E-003   9963914704389022.0     
   8.8862100000000003E-003   10056012321211266.     
   8.8862100000000003E-003   10190640473689996.     
   8.8862100000000003E-003   10343238963791004.     
   8.8862100000000003E-003   10470097832029080.     
   8.8862000000000003E-003   10593582477665830.     
   8.8862000000000003E-003   10684156495126588.     
   8.8862000000000003E-003   10743514096510054.     
   8.8862000000000003E-003   10831061628775002.     
   8.8862000000000003E-003   10945324618868940.     
   8.8862000000000003E-003   11111225849549138.     
   8.8862000000000003E-003   11271711488194892.     
   8.8861900000000004E-003   11375511138690412.     
   8.8861900000000004E-003   11477032286893274.     
   8.8861900000000004E-003   11576393496502006.     
   8.8861900000000004E-003   11673710980013666.     
   8.8861900000000004E-003   11769088978987030.     
   8.8861900000000004E-003   11862632405839410.     
   8.8861900000000004E-003   11954441790439648.     
   8.8861800000000005E-003   12059447553347438.     
   8.8861800000000005E-003   12176955538517072.     
   8.8861800000000005E-003   12348259144910776.     
   8.8861800000000005E-003   12514945419294316.     
   8.8861800000000005E-003   12623299241742530.     
   8.8861800000000005E-003   12729724643335806.     
   8.8861700000000005E-003   12834345653856584.     
   8.8861700000000005E-003   12949988576399890.     
   8.8861700000000005E-003   13076208662865132.     
   8.8861700000000005E-003   13200177956778734.     
   8.8861700000000005E-003   13322082622425796.     
   8.8861700000000005E-003   13442082467088244.     
   8.8861600000000006E-003   13560297962679576.     
   8.8861600000000006E-003   13734180650438590.     
   8.8861600000000006E-003   13916466859381394.     
   8.8861600000000006E-003   14050590090140586.     
   8.8861500000000006E-003   14182819123771732.     
   8.8861500000000006E-003   14313313349684052.     
   8.8861500000000006E-003   14442266534670578.     
   8.8861500000000006E-003   14569846504906704.     
   8.8861500000000006E-003   14696195367422352.     
   8.8861400000000007E-003   14821432108626152.     
   8.8861400000000007E-003   14945656215527912.     
   8.8861400000000007E-003   15068950951911826.     
   8.8861400000000007E-003   15191393160137780.     
   8.8861400000000007E-003   15313041218643770.     
   8.8861400000000007E-003   15493876896715174.     
   8.8861300000000008E-003   15733045201417678.     
   8.8861300000000008E-003   15969914590815690.     
   8.8861300000000008E-003   16204807628986910.     
   8.8861200000000008E-003   16437940156701134.     
   8.8861200000000008E-003   16669258434920866.     
   8.8861200000000008E-003   16898647522108556.     
   8.8861099999999991E-003   17125994156950864.     
   8.8861099999999991E-003   17351192464787706.     
   8.8861099999999991E-003   17574136896354672.     
   8.8860999999999992E-003   17794691205495434.     
   8.8860999999999992E-003   18012688216417462.     
   8.8860999999999992E-003   18227983217439540.     
   8.8860899999999993E-003   18440463790123520.     
   8.8860899999999993E-003   18650035227403160.     
   8.8860899999999993E-003   18856619493900308.     
   8.8860899999999993E-003   19160815676791804.     
   8.8860799999999993E-003   19555540908610340.     
   8.8860799999999993E-003   19843488931688804.     
   8.8860699999999994E-003   20031655210316440.     
   8.8860699999999994E-003   20216847428450192.     
   8.8860699999999994E-003   20399189895499044.     
   8.8860699999999994E-003   20638083828762904.     
   8.8860599999999994E-003   20930620270677856.     
   8.8860599999999994E-003   21216760680372564.     
   8.8860499999999995E-003   21427594340414560.     
   8.8860499999999995E-003   21566268869656820.     
   8.8860499999999995E-003   21771644490925132.     
   8.8860499999999995E-003   22041488148881972.     
   8.8860399999999996E-003   22306893736777248.     
   8.8860399999999996E-003   22568230919475560.     
   8.8860399999999996E-003   22825799691000712.     
   8.8860299999999996E-003   23079853411153728.     
   8.8860299999999996E-003   23454177242496516.     
   8.8860199999999997E-003   23822834810175548.     
   8.8860199999999997E-003   24064605070240436.     
   8.8860199999999997E-003   24303585309491908.     
   8.8860099999999997E-003   24539851564302760.     
   8.8860099999999997E-003   24888913638930856.     
   8.8859999999999998E-003   25345775762485704.     
   8.8859999999999998E-003   25792602667168908.     
   8.8859899999999999E-003   26229755108225776.     
   8.8859899999999999E-003   26604721749553796.     
   8.8859799999999999E-003   26920554070037768.     
   8.8859799999999999E-003   27231479531852376.     
   8.8859700000000000E-003   27537643717855420.     
   8.8859700000000000E-003   27988051609311108.     
   8.8859600000000000E-003   28428899593444944.     
   8.8859600000000000E-003   28717397553906964.     
   8.8859500000000001E-003   29001812983231788.     
   8.8859500000000001E-003   29282269140771408.     
   8.8859400000000002E-003   29695703771831668.     
   8.8859400000000002E-003   30234322628568864.     
   8.8859300000000002E-003   30759187138189156.     
   8.8859200000000003E-003   31271058744545656.     
   8.8859200000000003E-003   31770581705536488.     
   8.8859100000000003E-003   32258291454987328.     
   8.8859000000000004E-003   32734561826251528.     
   8.8858900000000005E-003   33199611289728968.     
   8.8858900000000005E-003   33653616602287476.     
   8.8858800000000005E-003   34096731631777596.     
   8.8858800000000005E-003   34529104011538332.     
   8.8858700000000006E-003   35020429411973608.     
   8.8858600000000006E-003   35565160565108408.     
   8.8858500000000007E-003   36093261505671464.     
   8.8858400000000008E-003   36606042517659152.     
   8.8858400000000008E-003   37105033545326904.     
   8.8858300000000008E-003   37471228961002264.     
   8.8858300000000008E-003   37711977539126408.     
   8.8858199999999991E-003   38068528499124160.     
   8.8858099999999992E-003   38536555909997520.     
   8.8858099999999992E-003   38997236660202432.     
   8.8857999999999993E-003   39451671067403440.     
   8.8857899999999993E-003   40012257640814040.     
   8.8857799999999994E-003   40676976972450360.     
   8.8857699999999994E-003   41170736554858048.     
   8.8857699999999994E-003   41659505410489528.     
   8.8857599999999995E-003   42145137853509400.     
   8.8857499999999996E-003   42519526604021344.     
   8.8857499999999996E-003   42943775055000056.     
   8.8857399999999996E-003   43363490618876192.     
   8.8857299999999997E-003   43778167793790920.     
   8.8857299999999997E-003   44389364439382880.     
   8.8857199999999997E-003   44987994121723400.     
   8.8857099999999998E-003   45379181630887840.     
   8.8856999999999998E-003   45859213866552088.     
   8.8856999999999998E-003   46422226285697912.     
   8.8856899999999999E-003   47238747151423176.     
   8.8856700000000000E-003   48024485204329440.     
   8.8856600000000001E-003   48530743560256800.     
   8.8856500000000001E-003   49023520479103960.     
   8.8856500000000001E-003   49502988070656000.     
   8.8856400000000002E-003   50197804973927576.     
   8.8856200000000003E-003   51083298829931016.     
   8.8856100000000004E-003   51787894643338008.     
   8.8856000000000004E-003   52331143448993088.     
   8.8855900000000005E-003   52923324141686448.     
   8.8855700000000006E-003   53561255490833752.     
   8.8855600000000007E-003   54181218491285552.     
   8.8855500000000007E-003   54785939468249216.     
   8.8855400000000008E-003   55522744457248248.     
   8.8855199999999992E-003   56172364043090280.     
   8.8855099999999992E-003   56598370462650376.     
   8.8855099999999992E-003   57019825555049336.     
   8.8854999999999993E-003   57437085065162824.     
   8.8854899999999994E-003   58055032942472256.     
   8.8854699999999995E-003   58868201842286448.     
   8.8854599999999995E-003   59669731802248568.     
   8.8854399999999997E-003   60460922876470032.     
   8.8854299999999997E-003   61242721669383480.     
   8.8854099999999998E-003   62143302361815064.     
   8.8853900000000000E-003   63159383441413120.     
   8.8853700000000001E-003   64036452691738656.     
   8.8853600000000001E-003   64778235230096792.     
   8.8853400000000003E-003   65511084942237224.     
   8.8853300000000003E-003   66235080218892312.     
   8.8853200000000004E-003   67068403887046160.     
   8.8853000000000005E-003   68007107412016768.     
   8.8852800000000006E-003   68931154999468560.     
   8.8852600000000007E-003   69840967842122600.     
   8.8852400000000008E-003   70736962348490080.     
   8.8852299999999992E-003   71619508699738912.     
   8.8852099999999993E-003   72488948470106448.     
   8.8851899999999994E-003   73345707162496800.     
   8.8851799999999995E-003   74190371603101520.     
   8.8851599999999996E-003   75023546215064432.     
   8.8851499999999996E-003   76049279110488672.     
   8.8851199999999998E-003   77259767033917664.     
   8.8850999999999999E-003   78252448935456320.     
   8.8850900000000000E-003   79036048110035136.     
   8.8850700000000001E-003   79811088335968160.     
   8.8850600000000002E-003   80578060919122160.     
   8.8850400000000003E-003   81713378398845408.     
   8.8850100000000005E-003   83203737866635440.     
   8.8849900000000006E-003   84304901595765600.     
   8.8849700000000007E-003   85030318525459440.     
   8.8849600000000008E-003   85927987391661824.     
   8.8849399999999992E-003   86993357595136336.     
   8.8849199999999993E-003   88045744876835424.     
   8.8848999999999994E-003   89085596723809856.     
   8.8848799999999995E-003   90282933636003472.     
   8.8848499999999997E-003   91632403528844608.     
   8.8848299999999998E-003   92632117831436240.     
   8.8848199999999999E-003   93291960888977168.     
   8.8848099999999999E-003   94271996734647488.     
   8.8847800000000001E-003   95562975063284624.     
   8.8847600000000002E-003   96835088829843392.     
   8.8847400000000003E-003   98088573059610448.     
   8.8847100000000005E-003   99323694658846256.     
   8.8846900000000006E-003   1.0054070920993597E+017
   8.8846700000000008E-003   1.0233173389866779E+017
   8.8846199999999993E-003   1.0408500183049763E+017
   8.8845999999999994E-003   1.0523204087960944E+017
   8.8845799999999996E-003   1.0636236452758750E+017
   8.8845599999999997E-003   1.0747635665503122E+017
   8.8845399999999998E-003   1.0884642999571542E+017
   8.8845100000000000E-003   1.1045884440719518E+017
   8.8844800000000002E-003   1.1177704505570728E+017
   8.8844600000000003E-003   1.1281554582625728E+017
   8.8844400000000004E-003   1.1409442224093717E+017
   8.8844100000000006E-003   1.1560219234572693E+017
   8.8843900000000007E-003   1.1708209857964622E+017
   8.8843599999999991E-003   1.1853574501013448E+017
   8.8843299999999993E-003   1.1996482447303891E+017
   8.8843099999999994E-003   1.2137110051271504E+017
   8.8842799999999996E-003   1.2275622149559920E+017
   8.8842499999999998E-003   1.2412167905844146E+017
   8.8842299999999999E-003   1.2546880732323718E+017
   8.8842000000000001E-003   1.2679879592821067E+017
   8.8841800000000002E-003   1.2832965669183250E+017
   8.8841400000000004E-003   1.3005492008078741E+017
   8.8841100000000006E-003   1.3133349196788549E+017
   8.8841000000000007E-003   1.3217778032682427E+017
   8.8840800000000008E-003   1.3361721568121163E+017
   8.8840399999999993E-003   1.3563564091550082E+017
   8.8839999999999995E-003   1.3722104937286427E+017
   8.8839799999999997E-003   1.3838625188942331E+017
   8.8839599999999998E-003   1.3982839467489160E+017
   8.8839300000000000E-003   1.4154086263767907E+017
   8.8839000000000001E-003   1.4323336413239630E+017
   8.8838600000000004E-003   1.4490663490118128E+017
   8.8838300000000005E-003   1.4683438350464547E+017
   8.8837900000000008E-003   1.4900891941867680E+017
   8.8837499999999993E-003   1.5062141940607808E+017
   8.8837299999999994E-003   1.5168638807048829E+017
   8.8837099999999995E-003   1.5326931383217731E+017
   8.8836799999999997E-003   1.5535772128617702E+017
   8.8836399999999999E-003   1.5741959213709402E+017
   8.8836000000000002E-003   1.5945563599232070E+017
   8.8835600000000004E-003   1.6146655250405366E+017
   8.8835300000000006E-003   1.6345304115377014E+017
   8.8834900000000008E-003   1.6541577562855290E+017
   8.8834599999999993E-003   1.6735540556604138E+017
   8.8834199999999995E-003   1.6927255625330598E+017
   8.8833899999999997E-003   1.7116783610087427E+017
   8.8833599999999999E-003   1.7350599081022272E+017
   8.8833100000000002E-003   1.7627072874294518E+017
   8.8832600000000005E-003   1.7854152276752118E+017
   8.8832300000000006E-003   1.8033587100728493E+017
   8.8831899999999991E-003   1.8211159318866784E+017
   8.8831599999999993E-003   1.8386920189877587E+017
   8.8831299999999995E-003   1.8604078315131363E+017
   8.8830899999999997E-003   1.8861263013426195E+017
   8.8830400000000000E-003   1.9114789970470394E+017
   8.8830000000000003E-003   1.9364811091789978E+017
   8.8829500000000006E-003   1.9611467437300765E+017
   8.8829100000000008E-003   1.9854893806485504E+017
   8.8828699999999993E-003   2.0055429923511274E+017
   8.8828399999999995E-003   2.0214308991229110E+017
   8.8828099999999997E-003   2.0450070210031866E+017
   8.8827600000000000E-003   2.0760206817375696E+017
   8.8827000000000003E-003   2.1027690910445062E+017
   8.8826600000000006E-003   2.1254076631483389E+017
   8.8826200000000008E-003   2.1477927742222586E+017
   8.8825899999999992E-003   2.1699314295145731E+017
   8.8825499999999995E-003   2.1954522199415168E+017
   8.8824999999999998E-003   2.2242393276420662E+017
   8.8824500000000001E-003   2.2526296806555437E+017
   8.8824000000000004E-003   2.2806372572991229E+017
   8.8823500000000007E-003   2.3082744815094966E+017
   8.8822999999999992E-003   2.3355530611896493E+017
   8.8822599999999995E-003   2.3624841886246602E+017
   8.8822099999999998E-003   2.3890788170240579E+017
   8.8821700000000000E-003   2.4153480051349200E+017
   8.8821200000000003E-003   2.4413037471238730E+017
   8.8820800000000005E-003   2.4669578198478630E+017
   8.8820300000000008E-003   2.4923214012550989E+017
   8.8819899999999993E-003   2.5236239809454272E+017
   8.8819299999999997E-003   2.5606494481866698E+017
   8.8818600000000001E-003   2.5910771059836541E+017
   8.8818200000000003E-003   2.6151386231913264E+017
   8.8817800000000006E-003   2.6389665847749146E+017
   8.8817400000000008E-003   2.6625688679572877E+017
   8.8816999999999993E-003   2.6975436249708390E+017
   8.8816199999999998E-003   2.7434841356248598E+017
   8.8815400000000003E-003   2.7774483857920518E+017
   8.8815100000000004E-003   2.7998450965714173E+017
   8.8814700000000007E-003   2.8330864034071952E+017
   8.8813899999999994E-003   2.8768399233171622E+017
   8.8813199999999998E-003   2.9092459063289254E+017
   8.8812800000000001E-003   2.9306402249310528E+017
   8.8812500000000003E-003   2.9624256197322445E+017
   8.8811800000000007E-003   3.0043041378164442E+017
   8.8811099999999994E-003   3.0456003878439027E+017
   8.8810399999999998E-003   3.0863334011533306E+017
   8.8809700000000002E-003   3.1285436769830515E+017
   8.8809000000000006E-003   3.1839537739923923E+017
   8.8807899999999995E-003   3.2403870668998598E+017
   8.8807100000000000E-003   3.2749221407479603E+017
   8.8806700000000002E-003   3.3090483043276115E+017
   8.8806000000000006E-003   3.3539991847738272E+017
   8.8805299999999993E-003   3.3983192889730778E+017
   8.8804499999999998E-003   3.4420330791712774E+017
   8.8803800000000002E-003   3.4958398901147142E+017
   8.8802800000000008E-003   3.5593114080931270E+017
   8.8801699999999997E-003   3.6318832367696826E+017
   8.8800400000000005E-003   3.7130786928882272E+017
   8.8799099999999995E-003   3.7728599242546803E+017
   8.8798499999999999E-003   3.8121613219436454E+017
   8.8797800000000003E-003   3.8510627138197344E+017
   8.8797200000000007E-003   3.8895780676807597E+017
   8.8796599999999993E-003   3.9324545453353523E+017
   8.8795799999999998E-003   3.9795685054912826E+017
   8.8795100000000002E-003   4.0261387655918010E+017
   8.8794300000000007E-003   4.0721841148473619E+017
   8.8793599999999993E-003   4.1312594110216032E+017
   8.8792400000000000E-003   4.2028724429652858E+017
   8.8791300000000007E-003   4.2819835022538150E+017
   8.8789899999999998E-003   4.3682160086937702E+017
   8.8788600000000006E-003   4.4617765855720173E+017
   8.8786999999999998E-003   4.5622551463445882E+017
   8.8785400000000007E-003   4.6362122810582586E+017
   8.8784699999999994E-003   4.6848174926723130E+017
   8.8783899999999999E-003   4.7646244727382771E+017
   8.8782199999999992E-003   4.8742311434643699E+017
   8.8780500000000002E-003   4.9738597520555072E+017
   8.8779099999999993E-003   5.0417137039382662E+017
   8.8778399999999997E-003   5.0864245691777146E+017
   8.8777700000000001E-003   5.1380934635762528E+017
   8.8776800000000006E-003   5.1965403545860448E+017
   8.8775899999999994E-003   5.2829643883079059E+017
   8.8774100000000005E-003   5.3961939152169286E+017
   8.8772399999999998E-003   5.5071487331043699E+017
   8.8770700000000008E-003   5.5890010684831194E+017
   8.8769899999999995E-003   5.6428834627099373E+017
   8.8769100000000000E-003   5.7095106717500211E+017
   8.8767900000000007E-003   5.7884919652081805E+017
   8.8766699999999997E-003   5.8921132485817523E+017
   8.8764800000000008E-003   6.0192391901427059E+017
   8.8762900000000002E-003   6.1380339648604877E+017
   8.8761199999999995E-003   6.2489459694314662E+017
   8.8759600000000004E-003   6.3587666119322509E+017
   8.8757999999999997E-003   6.4675584950935642E+017
   8.8756400000000006E-003   6.5922218803367667E+017
   8.8754300000000001E-003   6.7320055324004813E+017
   8.8752299999999996E-003   6.8690459475884045E+017
   8.8750300000000008E-003   7.0034887121357440E+017
   8.8748300000000002E-003   7.1354555353315213E+017
   8.8746399999999996E-003   7.2650598988238208E+017
   8.8744600000000007E-003   7.3687471766505651E+017
   8.8743399999999997E-003   7.4474980869647885E+017
   8.8742300000000003E-003   7.5254327085735450E+017
   8.8741199999999992E-003   7.6025773046930035E+017
   8.8740099999999999E-003   7.7167887830658995E+017
   8.8737899999999995E-003   7.8666414105658701E+017
   8.8735800000000007E-003   8.0282616888764403E+017
   8.8733300000000005E-003   8.2010381092990733E+017
   8.8730900000000001E-003   8.3627010260660416E+017
   8.8728699999999997E-003   8.5138740677319296E+017
   8.8726599999999992E-003   8.6812306862792602E+017
   8.8724000000000008E-003   8.8650536323976154E+017
   8.8721500000000005E-003   9.0465812037185741E+017
   8.8719000000000003E-003   9.2258935609992013E+017
   8.8716600000000000E-003   9.3596172400137664E+017
   8.8715400000000007E-003   9.4927814752730470E+017
   8.8713100000000003E-003   9.6251010512658202E+017
   8.8711899999999993E-003   9.7304091159591872E+017
   8.8710300000000002E-003   9.8527857866301696E+017
   8.8708699999999995E-003   9.9742139222382694E+017
   8.8707100000000004E-003   1.0094717246908211E+018
   8.8705599999999996E-003   1.0256662975114348E+018
   8.8702899999999994E-003   1.0459112190783863E+018
   8.8700399999999992E-003   1.0660860245074639E+018
   8.8697800000000007E-003   1.0861949676123956E+018
   8.8695300000000005E-003   1.1093412387255497E+018
   8.8692100000000006E-003   1.1354321584368065E+018
   8.8688900000000008E-003   1.1548261133698225E+018
   8.8687400000000000E-003   1.1677030424018570E+018
   8.8685799999999992E-003   1.1869432955531325E+018
   8.8682699999999993E-003   1.2123871884093855E+018
   8.8679699999999993E-003   1.2375474404351700E+018
   8.8676799999999993E-003   1.2624372073467684E+018
   8.8673899999999993E-003   1.2902578517628086E+018
   8.8670299999999997E-003   1.3209118036243308E+018
   8.8666900000000000E-003   1.3512724535011540E+018
   8.8663400000000003E-003   1.3813568394663862E+018
   8.8660100000000006E-003   1.4111264336278177E+018
   8.8656800000000008E-003   1.4405974723668677E+018
   8.8653599999999992E-003   1.4640633520460055E+018
   8.8651600000000004E-003   1.4816889790059884E+018
   8.8649699999999998E-003   1.4991792248926853E+018
   8.8647799999999992E-003   1.5165376221775224E+018
   8.8646000000000003E-003   1.5425225436331453E+018
   8.8642300000000007E-003   1.5768901509554125E+018
   8.8638699999999994E-003   1.6138402745550482E+018
   8.8634500000000001E-003   1.6532802769670636E+018
   8.8630400000000008E-003   1.6924160740355587E+018
   8.8626399999999998E-003   1.7312689617403041E+018
   8.8622500000000003E-003   1.7615600092835087E+018
   8.8620200000000000E-003   1.7835469338194132E+018
   8.8617999999999995E-003   1.8054586968742390E+018
   8.8615800000000008E-003   1.8272981756648589E+018
   8.8613600000000004E-003   1.8545006384544102E+018
   8.8610400000000006E-003   1.8869332945791772E+018
   8.8607200000000007E-003   1.9247955891128338E+018
   8.8602999999999998E-003   1.9679104007600855E+018
   8.8598900000000005E-003   2.0107181597803779E+018
   8.8594799999999994E-003   2.0532390928135342E+018
   8.8590800000000001E-003   2.0848752266617784E+018
   8.8588799999999995E-003   2.1059139504355116E+018
   8.8586800000000007E-003   2.1297168121877870E+018
   8.8584300000000005E-003   2.1562317182165681E+018
   8.8581800000000002E-003   2.1958389780846748E+018
   8.8576999999999996E-003   2.2481368436237340E+018
   8.8572200000000007E-003   2.2869919539904358E+018
   8.8569900000000003E-003   2.3128058741235584E+018
   8.8567500000000000E-003   2.3413812948016210E+018
   8.8564700000000000E-003   2.3726611608582139E+018
   8.8561899999999999E-003   2.4036827872506460E+018
   8.8559199999999998E-003   2.4344540047266662E+018
   8.8556499999999996E-003   2.4654407612335698E+018
   8.8553699999999996E-003   2.4966401098155976E+018
   8.8550999999999994E-003   2.5433340782028943E+018
   8.8545599999999992E-003   2.6050341213890611E+018
   8.8540300000000006E-003   2.6509075350674867E+018
   8.8537600000000004E-003   2.6814396829461151E+018
   8.8535100000000002E-003   2.7148282567193841E+018
   8.8532000000000003E-003   2.7510122291491773E+018
   8.8528900000000004E-003   2.7868959468142740E+018
   8.8525900000000005E-003   2.8407022211696881E+018
   8.8520000000000005E-003   2.8944487851888225E+018
   8.8517000000000005E-003   2.9302741857416509E+018
   8.8514000000000006E-003   2.9658229718421750E+018
   8.8511100000000006E-003   3.0144499756188155E+018
   8.8506100000000001E-003   3.0757850434679849E+018
   8.8501199999999995E-003   3.1373484579564344E+018
   8.8496200000000007E-003   3.1991407168962161E+018
   8.8491300000000002E-003   3.2582883612432814E+018
   8.8486799999999994E-003   3.3148701918218143E+018
   8.8482400000000003E-003   3.3607658101550172E+018
   8.8479600000000002E-003   3.3962090571827523E+018
   8.8476800000000001E-003   3.4519992392928998E+018
   8.8470800000000002E-003   3.5267883016191800E+018
   8.8464900000000003E-003   3.5846978855089106E+018
   8.8461500000000005E-003   3.6268668524865940E+018
   8.8458100000000008E-003   3.6881828979636193E+018
   8.8451599999999995E-003   3.7682566257665055E+018
   8.8445299999999998E-003   3.8539748977817533E+018
   8.8438200000000005E-003   3.9458278155282212E+018
   8.8431199999999995E-003   4.0184809550791803E+018
   8.8427300000000000E-003   4.0717278768128732E+018
   8.8423400000000006E-003   4.1252689093952215E+018
   8.8419499999999995E-003   4.1789103325917327E+018
   8.8415600000000000E-003   4.2527658759338655E+018
   8.8408800000000006E-003   4.3462267473538708E+018
   8.8402199999999993E-003   4.4280795159398318E+018
   8.8397100000000006E-003   4.4987111832070523E+018
   8.8392200000000001E-003   4.5640180397135089E+018
   8.8388000000000008E-003   4.6539930240093921E+018
   8.8379700000000005E-003   4.7780803600255887E+018
   8.8370800000000006E-003   4.8741376536584356E+018
   8.8366399999999998E-003   4.9375142191190272E+018
   8.8362100000000006E-003   5.0318751268530975E+018
   8.8353700000000004E-003   5.1562134351975956E+018
   8.8345400000000001E-003   5.2753458708579564E+018
   8.8337799999999994E-003   5.3734586518710385E+018
   8.8332399999999991E-003   5.4545657239074232E+018
   8.8327200000000005E-003   5.5725964219606006E+018
   8.8317099999999996E-003   5.7261990081689221E+018
   8.8307300000000002E-003   5.8817084807997880E+018
   8.8297199999999992E-003   6.0390681740148869E+018
   8.8287399999999999E-003   6.1792258478512783E+018
   8.8279599999999993E-003   6.3028896740389427E+018
   8.8272000000000003E-003   6.4540805867131699E+018
   8.8260999999999999E-003   6.5876179667804631E+018
   8.8255599999999997E-003   6.6756939038503619E+018
   8.8250299999999993E-003   6.7984151238456156E+018
   8.8240799999999998E-003   6.9546930752506225E+018
   8.8231500000000001E-003   7.0760700510443633E+018
   8.8226299999999997E-003   7.1636151895639081E+018
   8.8221199999999993E-003   7.2748404873827031E+018
   8.8213200000000005E-003   7.4091058765224622E+018
   8.8205499999999999E-003   7.5795070418879263E+018
   8.8193500000000001E-003   7.7379372641986949E+018
   8.8187100000000004E-003   7.8644270653171067E+018
   8.8179000000000000E-003   8.0058989808007148E+018
   8.8171099999999995E-003   8.1790674394546289E+018
   8.8159499999999995E-003   8.3321436898372628E+018
   8.8153899999999993E-003   8.4332109504003953E+018
   8.8148299999999992E-003   8.5895829812814705E+018
   8.8136599999999992E-003   8.7473114086689761E+018
   8.8130799999999992E-003   8.8514558739029361E+018
   8.8125200000000008E-003   8.9651386269541745E+018
   8.8118399999999996E-003   9.0881316171325788E+018
   8.8111800000000001E-003   9.2447989723258921E+018
   8.8101599999999992E-003   9.4340108668914831E+018
   8.8091500000000000E-003   9.5924180670533140E+018
   8.8084700000000005E-003   9.7210221715226194E+018
   8.8077899999999994E-003   9.8496085745111675E+018
   8.8071099999999999E-003   1.0049038611908573E+019
   8.8056999999999996E-003   1.0315408144236800E+019
   8.8043300000000008E-003   1.0586545497641949E+019
   8.8029000000000007E-003   1.0793634500626905E+019
   8.8021999999999996E-003   1.0930101136820855E+019
   8.8015000000000003E-003   1.1142234324115995E+019
   8.8000400000000003E-003   1.1426562431992472E+019
   8.7986200000000001E-003   1.1715224070392416E+019
   8.7971300000000002E-003   1.1935283355230685E+019
   8.7963999999999994E-003   1.2079818451964998E+019
   8.7956800000000002E-003   1.2227945841498317E+019
   8.7949099999999995E-003   1.2379324699909855E+019
   8.7941600000000005E-003   1.2528818289676472E+019
   8.7934099999999998E-003   1.2676367889904282E+019
   8.7926800000000006E-003   1.2827335002968345E+019
   8.7919000000000001E-003   1.2981309584083200E+019
   8.7911299999999994E-003   1.3207963432825407E+019
   8.7896199999999997E-003   1.3434381987434156E+019
   8.7888199999999993E-003   1.3589482880258669E+019
   8.7880400000000004E-003   1.3741888876522437E+019
   8.7872599999999999E-003   1.3891587496407214E+019
   8.7864899999999992E-003   1.4044760050286776E+019
   8.7856800000000006E-003   1.4199542006546702E+019
   8.7848800000000001E-003   1.4351087330816410E+019
   8.7840899999999996E-003   1.4499643473962813E+019
   8.7833100000000008E-003   1.4650479658048324E+019
   8.7824800000000005E-003   1.4803085959048503E+019
   8.7816600000000002E-003   1.4952142849358473E+019
   8.7808499999999998E-003   1.5097984333158017E+019
   8.7800499999999993E-003   1.5245726228303358E+019
   8.7792100000000008E-003   1.5394936830937688E+019
   8.7783800000000006E-003   1.5540329158697515E+019
   8.7775500000000003E-003   1.5682500751054629E+019
   8.7767399999999999E-003   1.5826292129511043E+019
   8.7758799999999998E-003   1.5971616737655435E+019
   8.7750299999999996E-003   1.6113163837108666E+019
   8.7741899999999994E-003   1.6251924406134032E+019
   8.7733599999999991E-003   1.6392515332627352E+019
   8.7724799999999992E-003   1.6535006346157517E+019
   8.7716100000000009E-003   1.6674171719842476E+019
   8.7707500000000008E-003   1.6811064255173575E+019
   8.7699100000000006E-003   1.6950247787635425E+019
   8.7690100000000007E-003   1.7091834437152291E+019
   8.7681300000000007E-003   1.7230679390769400E+019
   8.7672600000000007E-003   1.7367768896704000E+019
   8.7664000000000006E-003   1.7507991635669828E+019
   8.7654800000000008E-003   1.7650379891591727E+019
   8.7645799999999992E-003   1.7788568557800831E+019
   8.7636999999999993E-003   1.7929536316641972E+019
   8.7628199999999993E-003   1.8153625763064048E+019
   8.7609699999999999E-003   1.8447795602507022E+019
   8.7591700000000002E-003   1.8665913716364505E+019
   8.7582300000000005E-003   1.8817240140227805E+019
   8.7572899999999992E-003   1.8966619403151385E+019
   8.7563699999999994E-003   1.9119526359441302E+019
   8.7554599999999996E-003   1.9365186917682790E+019
   8.7535500000000006E-003   1.9686461944263426E+019
   8.7516899999999995E-003   1.9923825967128834E+019
   8.7507100000000001E-003   2.0089868510930645E+019
   8.7497400000000006E-003   2.0339612772286468E+019
   8.7478399999999998E-003   2.0679773707320222E+019
   8.7458599999999994E-003   2.0935940721479823E+019
   8.7448900000000000E-003   2.1110077505258729E+019
   8.7439300000000005E-003   2.1390544913827766E+019
   8.7419100000000003E-003   2.1755461332330607E+019
   8.7399499999999998E-003   2.2117888527580152E+019
   8.7378999999999998E-003   2.2394820272693019E+019
   8.7368900000000006E-003   2.2579003637161144E+019
   8.7358999999999996E-003   2.2870771887439864E+019
   8.7338099999999998E-003   2.3259374684343652E+019
   8.7317699999999998E-003   2.3655939364761055E+019
   8.7296400000000003E-003   2.4059998402393985E+019
   8.7275700000000005E-003   2.4359973979912589E+019
   8.7264800000000000E-003   2.4568330267104301E+019
   8.7253999999999995E-003   2.4890054031688409E+019
   8.7232200000000003E-003   2.5313231651884851E+019
   8.7210900000000008E-003   2.5736452667978027E+019
   8.7189299999999997E-003   2.6175545854057550E+019
   8.7166899999999992E-003   2.6622928940033876E+019
   8.7145000000000000E-003   2.6954391832897044E+019
   8.7133400000000000E-003   2.7306086473665720E+019
   8.7110799999999995E-003   2.7707026308174537E+019
   8.7093799999999992E-003   2.8059306054114705E+019
   8.7076400000000009E-003   2.8476036531558134E+019
   8.7053700000000005E-003   2.8959694152485458E+019
   8.7029900000000007E-003   2.9383139484886577E+019
   8.7012400000000007E-003   2.9748143439197639E+019
   8.6994499999999992E-003   3.0129582391691751E+019
   8.6976499999999995E-003   3.0505111381502841E+019
   8.6958899999999995E-003   3.0869086862976590E+019
   8.6941699999999993E-003   3.1221534385452470E+019
   8.6924900000000006E-003   3.1534959509375853E+019
   8.6911100000000002E-003   3.1816798325033583E+019
   8.6897499999999996E-003   3.2118905178484171E+019
   8.6881900000000001E-003   3.2433781848984588E+019
   8.6866600000000006E-003   3.2746682795813589E+019
   8.6850699999999996E-003   3.3065940362800935E+019
   8.6835000000000002E-003   3.3459787601554731E+019
   8.6812499999999997E-003   3.3893109014060831E+019
   8.6790600000000006E-003   3.4240060715582689E+019
   8.6774599999999997E-003   3.4537111425604846E+019
   8.6758900000000003E-003   3.4910614970803159E+019
   8.6735800000000002E-003   3.5318330268611072E+019
   8.6713299999999997E-003   3.5643598234386973E+019
   8.6696599999999992E-003   3.5915063199665865E+019
   8.6680300000000002E-003   3.6176577613480575E+019
   8.6663799999999996E-003   3.6433038670733009E+019
   8.6647600000000005E-003   3.6743500112458207E+019
   8.6624100000000006E-003   3.7075014663934312E+019
   8.6601300000000003E-003   3.7357335535950561E+019
   8.6580900000000002E-003   3.7610833280586809E+019
   8.6560900000000000E-003   3.7847747502799159E+019
   8.6540599999999999E-003   3.8074464100362609E+019
   8.6520699999999996E-003   3.8307174442921894E+019
   8.6496899999999998E-003   3.8539823523633734E+019
   8.6473699999999997E-003   3.8754801276536455E+019
   8.6449999999999999E-003   3.8948978499840344E+019
   8.6426899999999997E-003   3.9089756321709654E+019
   8.6409999999999994E-003   3.9217695266232566E+019
   8.6393500000000005E-003   3.9406198545942479E+019
   8.6362899999999996E-003   3.9621209479595123E+019
   8.6333499999999997E-003   3.9775646734648590E+019
   8.6313099999999997E-003   3.9909084104459043E+019
   8.6293199999999994E-003   4.0049273957489517E+019
   8.6272899999999993E-003   4.0191776846328750E+019
   8.6253100000000006E-003   4.0415836864416014E+019
   8.6213399999999999E-003   4.0648887415743742E+019
   8.6193399999999996E-003   4.0817231407704113E+019
   8.6174000000000008E-003   4.1030085388613403E+019
   8.6146999999999994E-003   4.1221795450518815E+019
   8.6133900000000003E-003   4.1354053861926527E+019
   8.6120999999999993E-003   4.1569841925552185E+019
   8.6093999999999997E-003   4.1795973202476990E+019
   8.6080900000000005E-003   4.1994460842045178E+019
   8.6061100000000001E-003   4.2247123194800431E+019
   8.6040999999999999E-003   4.2467845657884475E+019
   8.6027800000000008E-003   4.2746458052663697E+019
   8.6001199999999993E-003   4.3039769455970525E+019
   8.5987700000000004E-003   4.3242688830251205E+019
   8.5974499999999995E-003   4.3506912665584099E+019
   8.5954599999999992E-003   4.3842363317697905E+019
   8.5934300000000009E-003   4.4134184444636357E+019
   8.5921000000000001E-003   4.4370981588782825E+019
   8.5907899999999992E-003   4.4748830149689934E+019
   8.5880399999999999E-003   4.5209707534904443E+019
   8.5860399999999996E-003   4.5549177144831795E+019
   8.5846800000000008E-003   4.5908052366171636E+019
   8.5826099999999992E-003   4.6425236180667048E+019
   8.5799199999999996E-003   4.6883145664922362E+019
   8.5785099999999993E-003   4.7286716188210733E+019
   8.5764299999999995E-003   4.7774505907104334E+019
   8.5743999999999994E-003   4.8372018656338231E+019
   8.5715700000000006E-003   4.8948444714803118E+019
   8.5698100000000006E-003   4.9401200853506638E+019
   8.5680800000000005E-003   4.9965039352221090E+019
   8.5655799999999997E-003   5.0633383452340437E+019
   8.5631300000000004E-003   5.1378821693809148E+019
   8.5602100000000004E-003   5.1990458609759715E+019
   8.5587800000000002E-003   5.2403363898031448E+019
   8.5573699999999999E-003   5.3113169798963503E+019
   8.5540100000000008E-003   5.4110244129717158E+019
   8.5507399999999994E-003   5.4900015702010028E+019
   8.5488500000000002E-003   5.5659063530127188E+019
   8.5458700000000005E-003   5.6681384540197642E+019
   8.5424500000000000E-003   5.7603872733970825E+019
   8.5401799999999996E-003   5.8297061843482919E+019
   8.5382199999999991E-003   5.8947080925582238E+019
   8.5362900000000002E-003   5.9755340587856052E+019
   8.5335199999999993E-003   6.0681184468917625E+019
   8.5307999999999998E-003   6.1568881818488316E+019
   8.5284000000000002E-003   6.2403482732348400E+019
   8.5260400000000004E-003   6.3121162038634602E+019
   8.5243899999999997E-003   6.3710381180110004E+019
   8.5227700000000007E-003   6.4572673680400228E+019
   8.5196500000000001E-003   6.5727098219595096E+019
   8.5165899999999992E-003   6.6586072143743934E+019
   8.5150199999999999E-003   6.7180429468661785E+019
   8.5134600000000005E-003   6.7913266020920009E+019
   8.5112199999999999E-003   6.8778015981783048E+019
   8.5090099999999991E-003   6.9894473755512676E+019
   8.5055600000000006E-003   7.1287664670736900E+019
   8.5020600000000005E-003   7.2808124042318201E+019
   8.4981299999999996E-003   7.4181158538025222E+019
   8.4954399999999999E-003   7.5327053458462556E+019
   8.4927000000000006E-003   7.6742845338663633E+019
   8.4888600000000008E-003   7.8637142940613919E+019
   8.4840300000000000E-003   8.0175868774422970E+019
   8.4819000000000006E-003   8.1127128918861431E+019
   8.4797999999999991E-003   8.2248126163613221E+019
   8.4769600000000004E-003   8.3564226335039914E+019
   8.4740500000000003E-003   8.4901657955222634E+019
   8.4711800000000000E-003   8.6261970075305279E+019
   8.4682200000000003E-003   8.7659660203577606E+019
   8.4652400000000006E-003   8.9063582201085346E+019
   8.4623100000000007E-003   9.0257965680634610E+019
   8.4602400000000008E-003   9.1731151848920793E+019
   8.4561800000000006E-003   9.3999718696216625E+019
   8.4510100000000001E-003   9.6174824541014196E+019
   8.4473699999999992E-003   9.7868818308487741E+019
   8.4442000000000007E-003   9.9481315791412642E+019
   8.4409800000000007E-003   1.0167644502674162E+020
   8.4355699999999999E-003   1.0396975048536970E+020
   8.4320100000000002E-003   1.0538406642025320E+020
   8.4300999999999994E-003   1.0699845988213206E+020
   8.4258500000000004E-003   1.0921821520140172E+020
   8.4216800000000008E-003   1.1093141281829180E+020
   8.4193800000000006E-003   1.1215135894448855E+020
   8.4171100000000002E-003   1.1395239915999253E+020
   8.4127000000000004E-003   1.1631147843614731E+020
   8.4083800000000000E-003   1.1797516375748605E+020
   8.4065800000000003E-003   1.1895637928386807E+020
   8.4048000000000005E-003   1.2062151829984181E+020
   8.4005499999999997E-003   1.2295936738795587E+020
   8.3963700000000002E-003   1.2470695716630723E+020
   8.3942099999999992E-003   1.2591582537081889E+020
   8.3920699999999997E-003   1.2762668054189475E+020
   8.3881600000000004E-003   1.2983262588773176E+020
   8.3843200000000007E-003   1.3170666572792976E+020
   8.3816199999999993E-003   1.3325582028327867E+020
   8.3789399999999997E-003   1.3502425439960031E+020
   8.3755199999999991E-003   1.3700855342556008E+020
   8.3721400000000001E-003   1.3927284222108205E+020
   8.3678199999999998E-003   1.4180968712062925E+020
   8.3635700000000007E-003   1.4414430865737802E+020
   8.3599699999999996E-003   1.4716631751211214E+020
   8.3535299999999996E-003   1.4998109391458124E+020
   8.3506699999999993E-003   1.5183111553042176E+020
   8.3474799999999991E-003   1.5377963205958815E+020
   8.3443400000000004E-003   1.5679265654318567E+020
   8.3377999999999994E-003   1.6084703837256224E+020
   8.3313999999999992E-003   1.6504709146747460E+020
   8.3245599999999999E-003   1.6938987166163996E+020
   8.3178799999999997E-003   1.7269688350075588E+020
   8.3142800000000003E-003   1.7504008080467316E+020
   8.3107200000000006E-003   1.7752399978326675E+020
   8.3067400000000000E-003   1.8014771400890178E+020
   8.3028100000000007E-003   1.8264099131253031E+020
   8.2992699999999992E-003   1.8500719838696001E+020
   8.2957699999999992E-003   1.8785275905642109E+020
   8.2908700000000005E-003   1.9117026885372880E+020
   8.2860499999999997E-003   1.9485774289654029E+020
   8.2801699999999999E-003   1.9890392742898408E+020
   8.2743999999999995E-003   2.0269300501284222E+020
   8.2693500000000000E-003   2.0623996786759238E+020
   8.2643800000000000E-003   2.0991938951342283E+020
   8.2589699999999992E-003   2.1340045697957668E+020
   8.2547499999999999E-003   2.1644593294243607E+020
   8.2505800000000004E-003   2.2055727852909776E+020
   8.2435400000000006E-003   2.2571595234192130E+020
   8.2366399999999999E-003   2.3060472806754153E+020
   8.2304900000000000E-003   2.3520840114876786E+020
   8.2244599999999994E-003   2.3950999712485592E+020
   8.2191100000000000E-003   2.4508558889101843E+020
   8.2100300000000001E-003   2.5002206767679567E+020
   8.2064200000000007E-003   2.5284183001980237E+020
   8.2028499999999994E-003   2.5704891922587560E+020
   8.1958199999999995E-003   2.6262407205777536E+020
   8.1889100000000006E-003   2.6715450668575074E+020
   8.1845800000000003E-003   2.7065601842570038E+020
   8.1802999999999997E-003   2.7477566201559053E+020
   8.1745399999999992E-003   2.7950616936824193E+020
   8.1688600000000000E-003   2.8477493044856239E+020
   8.1619299999999995E-003   2.9187348619112402E+020
   8.1520700000000008E-003   2.9906947475643413E+020
   8.1450800000000007E-003   3.0379157562444015E+020
   8.1411399999999998E-003   3.0914025391688483E+020
   8.1328500000000005E-003   3.1637535919548314E+020
   8.1247200000000002E-003   3.2188178325059745E+020
   8.1204599999999995E-003   3.2569957624493651E+020
   8.1162300000000003E-003   3.2950185127757775E+020
   8.1120500000000009E-003   3.3329117070441900E+020
   8.1078999999999995E-003   3.3919535430530774E+020
   8.0992000000000008E-003   3.4718986581965170E+020
   8.0906599999999995E-003   3.5539090711574158E+020
   8.0817400000000005E-003   3.6379734088945113E+020
   8.0730000000000003E-003   3.7020656392631032E+020
   8.0683999999999999E-003   3.7464155460302006E+020
   8.0638600000000008E-003   3.7906240530848992E+020
   8.0593499999999998E-003   3.8346949090676749E+020
   8.0548900000000003E-003   3.9033899577539140E+020
   8.0455300000000004E-003   3.9964014364830682E+020
   8.0363399999999995E-003   4.0669754009289412E+020
   8.0315200000000003E-003   4.1160562661585414E+020
   8.0267499999999992E-003   4.1649917702574939E+020
   8.0220199999999995E-003   4.2137836335045994E+020
   8.0173299999999996E-003   4.2898104577228492E+020
   8.0075000000000007E-003   4.3928299021985966E+020
   7.9978600000000007E-003   4.4983318530540949E+020
   7.9877899999999998E-003   4.6067989261089453E+020
   7.9779199999999995E-003   4.6895704554380086E+020
   7.9727300000000008E-003   4.7468458904729230E+020
   7.9676000000000000E-003   4.8039693720800887E+020
   7.9625200000000007E-003   4.8609547232759618E+020
   7.9574799999999994E-003   4.9497271603063102E+020
   7.9469199999999997E-003   5.0700713692546053E+020
   7.9365600000000005E-003   5.1614118709611725E+020
   7.9311199999999998E-003   5.2249663114370030E+020
   7.9257400000000006E-003   5.2883676390472496E+020
   7.9204099999999993E-003   5.3516168011604872E+020
   7.9151299999999994E-003   5.4501753638227339E+020
   7.9040499999999993E-003   5.5838334489750884E+020
   7.8931799999999996E-003   5.7210197924899036E+020
   7.8818399999999993E-003   5.8619462525315901E+020
   7.8707099999999995E-003   5.9695726782283357E+020
   7.8648799999999994E-003   6.0440640790149189E+020
   7.8591000000000008E-003   6.1184013653018490E+020
   7.8533700000000001E-003   6.1925984923778233E+020
   7.8477000000000009E-003   6.3081614775378824E+020
   7.8358100000000003E-003   6.4649584513852952E+020
   7.8241500000000002E-003   6.5841017116503743E+020
   7.8180400000000001E-003   6.6669695229608159E+020
   7.8119799999999996E-003   6.7908773025734119E+020
   7.8000400000000003E-003   6.9610035419396859E+020
   7.7875799999999997E-003   7.0922242684155488E+020
   7.7814399999999997E-003   7.1792875211398015E+020
   7.7753600000000003E-003   7.3150242476365146E+020
   7.7626099999999996E-003   7.4992954349857341E+020
   7.7501100000000002E-003   7.6393442769411100E+020
   7.7435500000000001E-003   7.7368084592372299E+020
   7.7370599999999996E-003   7.8598527887161937E+020
   7.7272399999999998E-003   8.0087425473120082E+020
   7.7175500000000001E-003   8.1601607795229707E+020
   7.7076200000000001E-003   8.3145215804401543E+020
   7.6978100000000002E-003   8.4734463712863126E+020
   7.6875499999999996E-003   8.6368176974386535E+020
   7.6774299999999998E-003   8.8032697852436847E+020
   7.6670300000000000E-003   9.0243649019327886E+020
   7.6505999999999996E-003   9.2640261898706918E+020
   7.6383700000000002E-003   9.4730968983484773E+020
   7.6260299999999998E-003   9.6870497582069003E+020
   7.6135700000000001E-003   9.9345512268609421E+020
   7.5978000000000000E-003   1.0187428252404428E+021
   7.5851699999999996E-003   1.0420259319001631E+021
   7.5720700000000002E-003   1.0660631539045614E+021
   7.5589799999999999E-003   1.0891355184510819E+021
   7.5472800000000000E-003   1.1106598552215321E+021
   7.5361300000000003E-003   1.1364300368787731E+021
   7.5202999999999997E-003   1.1643099720346645E+021
   7.5072600000000000E-003   1.1883723038326559E+021
   7.4955999999999998E-003   1.2130475339903051E+021
   7.4818100000000002E-003   1.2417596542329202E+021
   7.4666999999999997E-003   1.2668595602066451E+021
   7.4567699999999997E-003   1.2897662114068717E+021
   7.4428000000000003E-003   1.3188035059200510E+021
   7.4263699999999998E-003   1.3459789832039445E+021
   7.4105400000000002E-003   1.3715325529032740E+021
   7.3958799999999996E-003   1.3881994440317589E+021
   7.3818299999999998E-003   1.3995180695658438E+021
   7.3659499999999996E-003   1.3895410188779292E+021
   7.3596800000000004E-003   1.4045751002054918E+021
   7.3448400000000000E-003   1.3615388641501276E+021
   7.3254100000000001E-003   1.3490728181576082E+021
   7.3116300000000004E-003   1.2844526969726794E+021
   7.2983099999999997E-003   1.1848216059983679E+021
   7.2831700000000003E-003   1.1306437240198802E+021
   7.2692900000000003E-003   1.0981781148681571E+021
   7.2633999999999997E-003   1.0521538767463126E+021
   7.2575399999999998E-003   1.0117895627799470E+021
   7.2432499999999997E-003   9.7972544790479857E+020
   7.2375100000000000E-003   9.6287631047321833E+020
   7.2309599999999998E-003   9.3149390425752378E+020
   7.2258599999999997E-003   9.3196790281397325E+020
   7.2177600000000001E-003   9.1847570946830828E+020
   7.2125899999999996E-003   9.0099238655847157E+020
   7.2077299999999999E-003   8.9325318866918769E+020
   7.2033399999999999E-003   8.9870827393474416E+020
   7.1980899999999999E-003   8.8864522833249672E+020
   7.1922899999999996E-003   8.8543411233215794E+020
   7.1865300000000000E-003   8.8830915611446857E+020
   7.1830300000000000E-003   8.9143287522425648E+020
   7.1782599999999997E-003   8.9392872301904370E+020
   7.1758899999999999E-003   8.9627044007212941E+020
   7.1741100000000000E-003   9.0010819509614766E+020
   7.1699499999999996E-003   9.0462525988075274E+020
   7.1675699999999998E-003   9.0896140710617324E+020
   7.1642600000000004E-003   9.1424094115276521E+020
   7.1615400000000001E-003   9.2384045700361696E+020
   7.1555000000000004E-003   9.3730728843360443E+020
   7.1509800000000004E-003   9.4756089121026146E+020
   7.1458600000000004E-003   9.6617242953132409E+020
   7.1398599999999996E-003   9.8309397293172248E+020
   7.1351599999999998E-003   9.9810501320154992E+020
   7.1306599999999996E-003   1.0152655238180719E+021
   7.1263100000000003E-003   1.0296906518118628E+021
   7.1223500000000004E-003   1.0476662799726570E+021
   7.1173199999999999E-003   1.0622196152003255E+021
   7.1152500000000000E-003   1.0749155660661825E+021
   7.1111200000000003E-003   1.0903705462470000E+021
   7.1083800000000001E-003   1.1050424928379222E+021
   7.1042800000000001E-003   1.1187987403223265E+021
   7.1022300000000002E-003   1.1324389543540229E+021
   7.0982399999999996E-003   1.1505593264404085E+021
   7.0943600000000001E-003   1.1642364792277162E+021
   7.0924200000000003E-003   1.1749464839260234E+021
   7.0899099999999996E-003   1.1930170073263212E+021
   7.0848899999999999E-003   1.2173265734556419E+021
   7.0799000000000001E-003   1.2419494940660190E+021
   7.0749300000000001E-003   1.2605937317847244E+021
   7.0724500000000001E-003   1.2712395142688725E+021
   7.0705999999999998E-003   1.2852595432453883E+021
   7.0669000000000001E-003   1.3039619417391028E+021
   7.0632600000000000E-003   1.3224079445462399E+021
   7.0596900000000004E-003   1.3405470634611048E+021
   7.0561699999999996E-003   1.3583653666742185E+021
   7.0527100000000002E-003   1.3789942844847657E+021
   7.0481900000000002E-003   1.3979506488223465E+021
   7.0454100000000002E-003   1.4122814360141798E+021
   7.0426300000000002E-003   1.4309575231435388E+021
   7.0380599999999996E-003   1.4517435058466642E+021
   7.0344700000000001E-003   1.4690629130623131E+021
   7.0313099999999998E-003   1.4841576110982339E+021
   7.0285699999999996E-003   1.5033430170116513E+021
   7.0239700000000000E-003   1.5271380099369237E+021
   7.0191699999999999E-003   1.5566129025618896E+021
   7.0129800000000003E-003   1.5790548223115290E+021
   7.0100500000000003E-003   1.5956982738486829E+021
   7.0071400000000002E-003   1.6186274231504001E+021
   7.0027700000000002E-003   1.6339409169183246E+021
   6.9969899999999998E-003   1.6744487004752726E+021
   6.9940999999999996E-003   1.6761258077293275E+021
   6.9912200000000002E-003   1.6900888478483014E+021
   6.9867599999999998E-003   1.7161275418538213E+021
   6.9805099999999997E-003   1.7501382694592344E+021
   6.9769000000000003E-003   1.7688104906686734E+021
   6.9707700000000003E-003   1.8051255951489722E+021
   6.9647299999999997E-003   1.8105379125905001E+021
   6.9613000000000001E-003   1.8274893913770356E+021
   6.9591000000000002E-003   1.8565116995656737E+021
   6.9547100000000002E-003   1.8659397254946958E+021
   6.9493799999999998E-003   1.9272961200304811E+021
   6.9462500000000002E-003   1.9188755598896406E+021
   6.9412400000000004E-003   1.9246870726882301E+021
   6.9387499999999996E-003   1.9343186711201409E+021
   6.9338799999999999E-003   1.9948224722633779E+021
   6.9267799999999996E-003   2.0009881378555324E+021
   6.9219199999999998E-003   2.0336315945802311E+021
   6.9170799999999999E-003   2.0539244389239365E+021
   6.9087699999999998E-003   2.0761998251136372E+021
   6.9043400000000001E-003   2.1051311713977059E+021
   6.9006600000000003E-003   2.1271151061677672E+021
   6.8969900000000004E-003   2.1526440006725806E+021
   6.8942999999999999E-003   2.1542447450658423E+021
   6.8922899999999997E-003   2.1753638080593110E+021
   6.8886299999999998E-003   2.1990842281448178E+021
   6.8870499999999996E-003   2.2195514484016737E+021
   6.8845099999999999E-003   2.2363102314080109E+021
   6.8824699999999999E-003   2.2598625208005951E+021
   6.8808999999999997E-003   2.2646902150878554E+021
   6.8793200000000004E-003   2.2778269164351447E+021
   6.8780200000000003E-003   2.2873838610179810E+021
   6.8767300000000002E-003   2.2963142749523526E+021
   6.8754500000000000E-003   2.3082943188538124E+021
   6.8741699999999998E-003   2.3309528083606300E+021
   6.8715800000000004E-003   2.3414777555925522E+021
   6.8689900000000002E-003   2.3495704441711370E+021
   6.8678599999999999E-003   2.3531977556140559E+021
   6.8667199999999998E-003   2.3813466639661720E+021
   6.8649200000000000E-003   2.3872194238985850E+021
   6.8631200000000003E-003   2.3930945147937153E+021
   6.8613199999999997E-003   2.3989719381739008E+021
   6.8595200000000000E-003   2.4194683966976510E+021
   6.8554799999999997E-003   2.4392222819088749E+021
   6.8514500000000002E-003   2.4690465095767173E+021
   6.8424799999999997E-003   2.5105565311512174E+021
   6.8224999999999996E-003   2.5707978265659132E+021
   6.8046000000000001E-003   2.6239441659004946E+021
   6.7902099999999996E-003   2.6764658688917819E+021
   6.7768200000000002E-003   2.7396776051622732E+021
   6.7570900000000003E-003   2.8124452234218423E+021
   6.7385900000000000E-003   2.8775398589924592E+021
   6.7221599999999996E-003   2.9398735563416047E+021
   6.7058100000000004E-003   3.0037409843296438E+021
   6.6896500000000001E-003   3.0727106750753182E+021
   6.6709100000000004E-003   3.1408893081722442E+021
   6.6553000000000003E-003   3.2049639111566033E+021
   6.6393299999999997E-003   3.2733501982263104E+021
   6.6219399999999998E-003   3.3480863705457010E+021
   6.6033699999999999E-003   3.4346208721163853E+021
   6.5809600000000003E-003   3.5184972550076466E+021
   6.5643699999999999E-003   3.5985181361822667E+021
   6.5444600000000002E-003   3.6869759601734865E+021
   6.5247999999999999E-003   3.7682282270420826E+021
   6.5085100000000003E-003   3.8307903350325730E+021
   6.4978500000000003E-003   3.8983238670787947E+021
   6.4794199999999996E-003   3.9685262648491843E+021
   6.4681199999999999E-003   4.0487186913997735E+021
   6.4457700000000000E-003   4.1417664076283207E+021
   6.4295100000000003E-003   4.2217387624464489E+021
   6.4134099999999996E-003   4.2951680240186436E+021
   6.4002800000000004E-003   4.3615871887936533E+021
   6.3872599999999996E-003   4.4724972243109696E+021
   6.3570500000000004E-003   4.6294795112965619E+021
   6.3273699999999997E-003   4.7459760504612114E+021
   6.3138100000000004E-003   4.8475999637299433E+021
   6.2901600000000004E-003   4.9411810801760265E+021
   6.2800099999999999E-003   5.0383180765085072E+021
   6.2556199999999999E-003   5.1769302256756573E+021
   6.2315499999999998E-003   5.2885062525477150E+021
   6.2176499999999999E-003   5.3698144467074417E+021
   6.2038600000000003E-003   5.4747061942803340E+021
   6.1825300000000003E-003   5.6040692475081953E+021
   6.1614499999999997E-003   5.7137419408420635E+021
   6.1472400000000000E-003   5.8019665847857258E+021
   6.1331399999999996E-003   5.9388170820403740E+021
   6.1040799999999996E-003   6.1259343338956223E+021
   6.0754399999999997E-003   6.2821496144092547E+021
   6.0570099999999998E-003   6.4061094670418565E+021
   6.0387599999999998E-003   6.5073222377471130E+021
   6.0277100000000004E-003   6.5827647577715429E+021
   6.0167199999999997E-003   6.7123376215155645E+021
   5.9905100000000001E-003   6.9346920370747904E+021
   5.9541600000000000E-003   7.1715634260662456E+021
   5.9256400000000002E-003   7.3456322424405806E+021
   5.9076900000000002E-003   7.5016898964560974E+021
   5.8845299999999998E-003   7.6793871224823832E+021
   5.8616199999999997E-003   7.8919673546683365E+021
   5.8305099999999997E-003   8.1432892498519649E+021
   5.7991199999999996E-003   8.3385016368015774E+021
   5.7832300000000003E-003   8.4699993042980249E+021
   5.7674600000000003E-003   8.6728639239511228E+021
   5.7351600000000004E-003   8.9499558546557895E+021
   5.7032899999999997E-003   9.2367743401095667E+021
   5.6704299999999997E-003   9.5324811811437182E+021
   5.6379899999999998E-003   9.8378560086584811E+021
   5.6045399999999999E-003   1.0154392823101408E+022
   5.5715299999999999E-003   1.0479855638253786E+022
   5.5374899999999999E-003   1.0816962203216425E+022
   5.5038800000000001E-003   1.1165311093114766E+022
   5.4692400000000002E-003   1.1524271698937494E+022
   5.4350199999999996E-003   1.1800963874538257E+022
   5.4175200000000003E-003   1.1989216132236084E+022
   5.4001300000000004E-003   1.2278966096325805E+022
   5.3645500000000000E-003   1.2675204328794129E+022
   5.3293999999999998E-003   1.2979733531947338E+022
   5.3114199999999999E-003   1.3187417375728063E+022
   5.2935600000000001E-003   1.3504950222485878E+022
   5.2573899999999998E-003   1.3941404128074619E+022
   5.2208899999999997E-003   1.4392286060772592E+022
   5.1840599999999999E-003   1.4858059138212448E+022
   5.1468900000000003E-003   1.5339260423395632E+022
   5.1093900000000001E-003   1.5836408782788386E+022
   5.0715300000000003E-003   1.6350049311638145E+022
   5.0333299999999999E-003   1.6880733355577558E+022
   4.9947699999999999E-003   1.7429024686169588E+022
   4.9558500000000004E-003   1.7995577186708951E+022
   4.9165600000000004E-003   1.8431945177555332E+022
   4.8966799999999996E-003   1.8729889739311902E+022
   4.8769000000000000E-003   1.9031663157333534E+022
   4.8568400000000003E-003   1.9339531002556684E+022
   4.8368700000000001E-003   1.9742711687181723E+022
   4.8050899999999997E-003   2.0243319055585945E+022
   4.7735399999999997E-003   2.0662253560853380E+022
   4.7529900000000003E-003   2.0996447508504190E+022
   4.7325199999999996E-003   2.1336890029571630E+022
   4.7117599999999997E-003   2.1682778701796532E+022
   4.6910900000000002E-003   2.2034598764233554E+022
   4.6701299999999998E-003   2.2392267496032926E+022
   4.6492599999999997E-003   2.2756228319780408E+022
   4.6280899999999996E-003   2.3126398641287146E+022
   4.6070099999999999E-003   2.3502911303664009E+022
   4.5856400000000002E-003   2.3886071493119267E+022
   4.5643400000000001E-003   2.4275799892774053E+022
   4.5427599999999999E-003   2.4672581006383064E+022
   4.5212500000000001E-003   2.5076512325715609E+022
   4.4994400000000004E-003   2.5487594327496198E+022
   4.4777200000000001E-003   2.5905927309936812E+022
   4.4556900000000000E-003   2.6332147121587518E+022
   4.4337400000000003E-003   2.6766352532014270E+022
   4.4114899999999997E-003   2.7208539337437401E+022
   4.3893100000000004E-003   2.7659225096360636E+022
   4.3668200000000004E-003   2.8117937127336171E+022
   4.3444099999999999E-003   2.8586222810924197E+022
   4.3216900000000004E-003   2.9063555483961116E+022
   4.2990399999999996E-003   2.9550632519990264E+022
   4.2760799999999998E-003   3.0047385200634316E+022
   4.2531799999999996E-003   3.0553579442864904E+022
   4.2300699999999998E-003   3.1071399014373351E+022
   4.2068299999999999E-003   3.1600347938368833E+022
   4.1834600000000000E-003   3.2140898804392782E+022
   4.1599599999999999E-003   3.2693325975011591E+022
   4.1363399999999996E-003   3.3258735411442519E+022
   4.1125800000000002E-003   3.3837064895370524E+022
   4.0886899999999999E-003   3.4430097667675698E+022
   4.0646600000000003E-003   3.5037471108601746E+022
   4.0404899999999999E-003   3.5660149314920877E+022
   4.0161900000000002E-003   3.6299196412474507E+022
   3.9917399999999997E-003   3.6954695950536777E+022
   3.9671500000000000E-003   3.7627329622138161E+022
   3.9424200000000003E-003   3.8318174677739231E+022
   3.9175399999999997E-003   3.9027593372821680E+022
   3.8925000000000001E-003   3.9756121619749277E+022
   3.8673200000000000E-003   4.0506291175552732E+022
   3.8419800000000000E-003   4.1277933071832510E+022
   3.8164900000000001E-003   4.2074055761597143E+022
   3.7908299999999998E-003   4.2898732050816013E+022
   3.7650100000000001E-003   4.3754330340984453E+022
   3.7390300000000000E-003   4.4636674955594227E+022
   3.7128800000000000E-003   4.5539502528159680E+022
   3.6865600000000002E-003   4.6459069643141572E+022
   3.6600700000000001E-003   4.7395542417913263E+022
   3.6334000000000002E-003   4.8349107396795305E+022
   3.6065500000000000E-003   4.9319966390122512E+022
   3.5795100000000002E-003   5.0308338193540602E+022
   3.5522900000000000E-003   5.1314449209535463E+022
   3.5248800000000002E-003   5.2338542134218302E+022
   3.4972699999999998E-003   5.3380865999921549E+022
   3.4694600000000002E-003   5.4441680903162126E+022
   3.4414500000000000E-003   5.5521254818062541E+022
   3.4132400000000001E-003   5.6619862708137386E+022
   3.3848099999999998E-003   5.7737784930715883E+022
   3.3561600000000000E-003   5.8875311860812970E+022
   3.3272900000000001E-003   6.0032736870341599E+022
   3.2981999999999998E-003   6.1210361913563022E+022
   3.2688700000000001E-003   6.2408487975022357E+022
   3.2393000000000001E-003   6.3627428500659931E+022
   3.2095000000000001E-003   6.4867495338029168E+022
   3.1794400000000000E-003   6.6129007971640241E+022
   3.1491200000000000E-003   6.7412289567655318E+022
   3.1185399999999999E-003   6.8717663100575548E+022
   3.0876900000000001E-003   7.0045458652426907E+022
   3.0565599999999998E-003   7.1396010384823452E+022
   3.0251499999999999E-003   7.2769650685473603E+022
   2.9934400000000000E-003   7.4166719580968682E+022
   2.9614300000000001E-003   7.5587556891375662E+022
   2.9291100000000000E-003   7.7032502341774776E+022
   2.8964600000000000E-003   7.8501901012791988E+022
   2.8634799999999998E-003   7.9996097573202684E+022
   2.8301600000000000E-003   8.1515437832267746E+022
   2.7964900000000000E-003   8.3060268308631013E+022
   2.7624400000000001E-003   8.4630935603498243E+022
   2.7280199999999998E-003   8.6227789344854581E+022
   2.6932000000000002E-003   8.7851172941504040E+022
   2.6579799999999999E-003   8.9501435146874869E+022
   2.6223300000000000E-003   9.1178916358969983E+022
   2.5862300000000001E-003   9.2883958814645468E+022
   2.5496799999999999E-003   9.4616906182029675E+022
   2.5126500000000000E-003   9.6378088803826234E+022
   2.4751199999999999E-003   9.8167842653721984E+022
   2.4370699999999999E-003   9.9986495143670819E+022
   2.3984800000000001E-003   1.0183436457140503E+023
   2.3593099999999999E-003   1.0371176871249097E+023
   2.3195400000000001E-003   1.0561850919451010E+023
   2.2791399999999998E-003   1.0755892753924749E+023
   2.2380799999999999E-003   1.0952980671354971E+023
   2.1963199999999999E-003   1.1153141712116910E+023
   2.1538199999999999E-003   1.1356402862161913E+023
   2.1105299999999998E-003   1.1562787942477395E+023
   2.0664099999999999E-003   1.1772226034718494E+023
   2.0214100000000000E-003   1.1985214406844507E+023
   1.9754600000000001E-003   1.2201423647918212E+023
   1.9284899999999999E-003   1.2420298236844407E+023
   1.8807600000000000E-003   1.2643315052403109E+023
   1.8312199999999999E-003   1.2870114058795060E+023
   1.7807299999999999E-003   1.3099448509548347E+023
   1.7288600000000000E-003   1.3296868829229620E+023
   1.6892700000000001E-003   1.3476459623577278E+023
   1.6481899999999999E-003   1.3735536958786493E+023
   1.5708300000000001E-003   1.3981162939778451E+023
   1.5275000000000000E-003   1.4169738592386231E+023
   1.4820800000000000E-003   1.4454008406621975E+023
   1.3879299999999999E-003   1.4758223099316204E+023
   1.3229400000000001E-003   1.5011605620914264E+023
   1.2551400000000001E-003   1.5262903378220748E+023
   1.1802700000000000E-003   1.5533840012941436E+023
   1.1005500000000001E-003   1.5803872541188032E+023
   1.0087700000000000E-003   1.6110946374366414E+023
   8.9932000000000000E-004   1.6491069226719460E+023
   7.0640000000000004E-004   1.6845353030053423E+023
   5.6782000000000002E-004   1.7076100457700779E+023
   4.8413999999999998E-004   1.7211576658442554E+023
   3.8297000000000000E-004   1.7301982559651639E+023
   3.1386000000000001E-004   1.7388131037886481E+023
   2.5071000000000002E-004   1.7400640489912049E+023
   2.0164000000000000E-004   1.7462565599454199E+023
   1.6417000000000000E-004   1.7469175139364207E+023
   1.3642999999999999E-004   1.7495567832728945E+023
   1.1689000000000000E-004   1.7496816431874717E+023
   1.0404999999999999E-004   1.7509301399856646E+023
   8.6870000000000000E-005   1.7516103868909883E+023
   6.8949999999999995E-005   1.7519664257828168E+023
   5.4719999999999998E-005   1.7526374652511801E+023
   4.3430000000000003E-005   1.7528216068604191E+023
   3.4470000000000000E-005   1.7529182291805598E+023
   2.7359999999999999E-005   1.7531714035763389E+023
   2.1719999999999999E-005   1.7532149351033046E+023
   1.7240000000000001E-005   1.7533316261803626E+023
   1.3679999999999999E-005   1.7534441207457410E+023
