   8.9082499999999995E-003   479697606608465.69     
   8.9082299999999996E-003   740688942055071.88     
   8.9082199999999997E-003   939072917929763.75     
   8.9082099999999997E-003   1103934576637755.2     
   8.9082099999999997E-003   1247103152606109.5     
   8.9081999999999998E-003   1374517237934016.2     
   8.9081999999999998E-003   1489774267727126.0     
   8.9081899999999999E-003   1595481452628523.0     
   8.9081899999999999E-003   1693541829444119.5     
   8.9081899999999999E-003   1785259117797351.8     
   8.9081799999999999E-003   1871574929200875.0     
   8.9081799999999999E-003   1953246689507730.5     
   8.9081799999999999E-003   2030896094938820.5     
   8.9081799999999999E-003   2105045370620073.8     
   8.9081700000000000E-003   2176119546656710.2     
   8.9081700000000000E-003   2244458471520624.8     
   8.9081700000000000E-003   2310340148978995.5     
   8.9081700000000000E-003   2373998429890947.0     
   8.9081600000000000E-003   2435624025202303.5     
   8.9081600000000000E-003   2495365593107580.0     
   8.9081600000000000E-003   2567416173440803.0     
   8.9081600000000000E-003   2650817977554068.5     
   8.9081600000000000E-003   2730985458369887.5     
   8.9081500000000001E-003   2808248360913649.0     
   8.9081500000000001E-003   2870766569751359.5     
   8.9081500000000001E-003   2919487631075283.5     
   8.9081500000000001E-003   2967234993445040.5     
   8.9081500000000001E-003   3014074942367949.5     
   8.9081400000000002E-003   3071329494027921.5     
   8.9081400000000002E-003   3138544479759761.5     
   8.9081400000000002E-003   3204128332225380.0     
   8.9081400000000002E-003   3268207782468463.5     
   8.9081400000000002E-003   3320614511799961.5     
   8.9081300000000002E-003   3361801620346441.0     
   8.9081300000000002E-003   3402413739072109.5     
   8.9081300000000002E-003   3442467897459434.0     
   8.9081300000000002E-003   3501370817442377.0     
   8.9081300000000002E-003   3559425671915476.5     
   8.9081300000000002E-003   3597398277581589.0     
   8.9081300000000002E-003   3653318038763535.5     
   8.9081200000000003E-003   3726472121260100.0     
   8.9081200000000003E-003   3797908975150819.5     
   8.9081200000000003E-003   3867743874942207.0     
   8.9081200000000003E-003   3919250777483158.5     
   8.9081200000000003E-003   3953079899053058.5     
   8.9081100000000003E-003   3986577299812653.5     
   8.9081100000000003E-003   4019757998303569.5     
   8.9081100000000003E-003   4068867564085783.5     
   8.9081100000000003E-003   4133499695852026.0     
   8.9081100000000003E-003   4197097025712951.5     
   8.9081100000000003E-003   4259739136885927.0     
   8.9081000000000004E-003   4331619731799985.0     
   8.9081000000000004E-003   4412537046009606.0     
   8.9081000000000004E-003   4492149798933805.5     
   8.9081000000000004E-003   4570545738799694.0     
   8.9081000000000004E-003   4647759625137762.0     
   8.9080900000000005E-003   4723814736974799.0     
   8.9080900000000005E-003   4798728371448506.0     
   8.9080900000000005E-003   4872516411300311.0     
   8.9080900000000005E-003   4954140070971068.0     
   8.9080800000000005E-003   5043493537755670.0     
   8.9080800000000005E-003   5131571767462545.0     
   8.9080800000000005E-003   5197092107123190.0     
   8.9080800000000005E-003   5240399526982968.0     
   8.9080800000000005E-003   5304889983267838.0     
   8.9080800000000005E-003   5390624744052757.0     
   8.9080700000000006E-003   5476086639008056.0     
   8.9080700000000006E-003   5561540072126764.0     
   8.9080700000000006E-003   5647067967113392.0     
   8.9080700000000006E-003   5733224250768111.0     
   8.9080600000000006E-003   5819900082562802.0     
   8.9080600000000006E-003   5907184153409731.0     
   8.9080600000000006E-003   5995123815018215.0     
   8.9080600000000006E-003   6083729866844547.0     
   8.9080600000000006E-003   6217489054071828.0     
   8.9080500000000007E-003   6375380502910101.0     
   8.9080500000000007E-003   6511321974904797.0     
   8.9080500000000007E-003   6647570067285008.0     
   8.9080400000000007E-003   6749842385072141.0     
   8.9080400000000007E-003   6817875504136406.0     
   8.9080400000000007E-003   6919610898792815.0     
   8.9080400000000007E-003   7054697234066017.0     
   8.9080400000000007E-003   7254945346716071.0     
   8.9080300000000008E-003   7452131787376875.0     
   8.9080300000000008E-003   7581125703454144.0     
   8.9080300000000008E-003   7708075204789593.0     
   8.9080300000000008E-003   7832891223002115.0     
   8.9080199999999991E-003   7955525169691040.0     
   8.9080199999999991E-003   8075959687185039.0     
   8.9080199999999991E-003   8194198612757566.0     
   8.9080199999999991E-003   8310262347541956.0     
   8.9080199999999991E-003   8442938910891254.0     
   8.9080099999999992E-003   8591053993232285.0     
   8.9080099999999992E-003   8806288672008036.0     
   8.9080099999999992E-003   9013667427285658.0     
   8.9080099999999992E-003   9147706592709236.0     
   8.9079999999999993E-003   9278509564077736.0     
   8.9079999999999993E-003   9406189912228628.0     
   8.9079999999999993E-003   9546248369259748.0     
   8.9079999999999993E-003   9697602878351690.0     
   8.9079899999999993E-003   9844714170418564.0     
   8.9079899999999993E-003   9987841729627210.0     
   8.9079899999999993E-003   10127258901677282.     
   8.9079899999999993E-003   10263240547424502.     
   8.9079799999999994E-003   10461439046122366.     
   8.9079799999999994E-003   10665753684972980.     
   8.9079799999999994E-003   10814899152584404.     
   8.9079699999999994E-003   10960888177847956.     
   8.9079699999999994E-003   11103977909180300.     
   8.9079699999999994E-003   11244330838223764.     
   8.9079699999999994E-003   11382083247546396.     
   8.9079599999999995E-003   11517353163041964.     
   8.9079599999999995E-003   11650246122489146.     
   8.9079599999999995E-003   11780860928455160.     
   8.9079599999999995E-003   11909263717563704.     
   8.9079499999999995E-003   12035424234078752.     
   8.9079499999999995E-003   12159291862523604.     
   8.9079499999999995E-003   12340646041341862.     
   8.9079499999999995E-003   12574211875744178.     
   8.9079399999999996E-003   12798292516804608.     
   8.9079399999999996E-003   13013625726284354.     
   8.9079299999999997E-003   13221045416513682.     
   8.9079299999999997E-003   13421245054819730.     
   8.9079199999999997E-003   13614867531524024.     
   8.9079199999999997E-003   13802631612531754.     
   8.9079199999999997E-003   13985181971198858.     
   8.9079099999999998E-003   14163069378547038.     
   8.9079099999999998E-003   14336766769019010.     
   8.9079099999999998E-003   14506704446755258.     
   8.9078999999999998E-003   14673232688006174.     
   8.9078999999999998E-003   14836604923247058.     
   8.9078999999999998E-003   14997001089248056.     
   8.9078899999999999E-003   15154541579984678.     
   8.9078899999999999E-003   15385032570200006.     
   8.9078800000000000E-003   15684195892169386.     
   8.9078800000000000E-003   15902597584719378.     
   8.9078700000000000E-003   16044999007950496.     
   8.9078700000000000E-003   16185092474826302.     
   8.9078700000000000E-003   16322884578793382.     
   8.9078600000000001E-003   16502913245580368.     
   8.9078600000000001E-003   16722276111459028.     
   8.9078500000000001E-003   16935340104110926.     
   8.9078500000000001E-003   17091129591837914.     
   8.9078500000000001E-003   17193135323058974.     
   8.9078400000000002E-003   17343414369942650.     
   8.9078400000000002E-003   17538691672213762.     
   8.9078300000000003E-003   17728302727231976.     
   8.9078300000000003E-003   17912462720833880.     
   8.9078300000000003E-003   18091454459338176.     
   8.9078200000000003E-003   18265571970133992.     
   8.9078200000000003E-003   18518063096263572.     
   8.9078100000000004E-003   18761566748694840.     
   8.9078000000000004E-003   18918952162504796.     
   8.9078000000000004E-003   19072961922601852.     
   8.9078000000000004E-003   19223962878836424.     
   8.9077900000000005E-003   19444858424877616.     
   8.9077800000000006E-003   19732007489349280.     
   8.9077700000000006E-003   20010921372292692.     
   8.9077700000000006E-003   20282805772088436.     
   8.9077600000000007E-003   20515849477112032.     
   8.9077500000000007E-003   20711633178134372.     
   8.9077500000000007E-003   20904211779848088.     
   8.9077400000000008E-003   21093783892842688.     
   8.9077400000000008E-003   21371960837053612.     
   8.9077300000000009E-003   21645967605541344.     
   8.9077199999999992E-003   21825000679791768.     
   8.9077199999999992E-003   22001662377473208.     
   8.9077099999999992E-003   22176034684520864.     
   8.9077099999999992E-003   22432874999465488.     
   8.9076999999999993E-003   22768730526438312.     
   8.9076899999999994E-003   23096180046523136.     
   8.9076799999999994E-003   23415164266466864.     
   8.9076699999999995E-003   23725802706639244.     
   8.9076599999999995E-003   24028379965507408.     
   8.9076499999999996E-003   24323297270362196.     
   8.9076399999999997E-003   24610978420026164.     
   8.9076299999999997E-003   24891847500343592.     
   8.9076199999999998E-003   25166430578568236.     
   8.9076099999999998E-003   25435284807422832.     
   8.9075999999999999E-003   25742128759703216.     
   8.9075900000000000E-003   26085383423323912.     
   8.9075800000000000E-003   26421397037869456.     
   8.9075700000000001E-003   26751095770008412.     
   8.9075600000000001E-003   27075271064386276.     
   8.9075500000000002E-003   27315545659931572.     
   8.9075400000000002E-003   27474068977394424.     
   8.9075400000000002E-003   27709548795676228.     
   8.9075300000000003E-003   28020692583730380.     
   8.9075200000000004E-003   28328477865577780.     
   8.9075100000000004E-003   28633264669712236.     
   8.9075000000000005E-003   29009743915011472.     
   8.9074800000000006E-003   29456469017775724.     
   8.9074700000000007E-003   29788116989882344.     
   8.9074600000000007E-003   30115133029100728.     
   8.9074500000000008E-003   30439936102218012.     
   8.9074400000000008E-003   30689658270250544.     
   8.9074299999999992E-003   30972758282840280.     
   8.9074199999999992E-003   31253250095934476.     
   8.9074099999999993E-003   31531119977756352.     
   8.9074099999999993E-003   31942132663140540.     
   8.9073899999999994E-003   32348514804438348.     
   8.9073799999999995E-003   32615498557545788.     
   8.9073699999999995E-003   32945012921125416.     
   8.9073599999999996E-003   33334819718221200.     
   8.9073499999999996E-003   33906031397034992.     
   8.9073199999999998E-003   34463883018687692.     
   8.9073099999999999E-003   34826516695789476.     
   8.9072999999999999E-003   35182218540424620.     
   8.9072900000000000E-003   35531154718851036.     
   8.9072800000000001E-003   36041806835050896.     
   8.9072600000000002E-003   36701597468901992.     
   8.9072300000000004E-003   37233984801296936.     
   8.9072200000000004E-003   37648902552073168.     
   8.9072100000000005E-003   38104922481385576.     
   8.9071900000000006E-003   38599492999278928.     
   8.9071700000000007E-003   39082281170211440.     
   8.9071500000000008E-003   39554449082863752.     
   8.9071399999999992E-003   40131051825916176.     
   8.9071099999999993E-003   40640491930122152.     
   8.9070999999999994E-003   40974699750604912.     
   8.9070899999999995E-003   41305432347260416.     
   8.9070799999999995E-003   41632997148540880.     
   8.9070699999999996E-003   42118106547602208.     
   8.9070399999999997E-003   42756908348205760.     
   8.9070199999999999E-003   43385910486329120.     
   8.9070000000000000E-003   44005636434684560.     
   8.9069800000000001E-003   44616358056841768.     
   8.9069600000000002E-003   45317021861449288.     
   8.9069300000000004E-003   46104073408458576.     
   8.9069000000000006E-003   46780960680884752.     
   8.9068800000000007E-003   47351716508489696.     
   8.9068600000000008E-003   47914271701795256.     
   8.9068399999999992E-003   48468718721031232.     
   8.9068299999999993E-003   49105159556118560.     
   8.9067999999999994E-003   49820171748103136.     
   8.9067799999999996E-003   50522045096362896.     
   8.9067499999999997E-003   51211205568250632.     
   8.9067299999999999E-003   51888123749994808.     
   8.9067000000000000E-003   52553373833062344.     
   8.9066800000000002E-003   53207573749422096.     
   8.9066600000000003E-003   53851343204835872.     
   8.9066400000000004E-003   54485214956284168.     
   8.9066200000000005E-003   55109646767909680.     
   8.9065900000000007E-003   55876983274208768.     
   8.9065600000000009E-003   56781004064285176.     
   8.9065299999999993E-003   57521110881793064.     
   8.9065099999999994E-003   58104202226443408.     
   8.9064899999999995E-003   58679991982027112.     
   8.9064699999999997E-003   59248750525098392.     
   8.9064499999999998E-003   60088228489862928.     
   8.9064100000000000E-003   61186840514889840.     
   8.9063700000000003E-003   61995994904880872.     
   8.9063500000000004E-003   62527606024892768.     
   8.9063400000000004E-003   63183914485930632.     
   8.9063100000000006E-003   63960770955902264.     
   8.9062800000000008E-003   64725971542062752.     
   8.9062499999999992E-003   65480060576855432.     
   8.9062299999999994E-003   66346024811828512.     
   8.9061899999999996E-003   67319197599026304.     
   8.9061599999999998E-003   68038294368413528.     
   8.9061399999999999E-003   68512065503733656.     
   8.9061299999999999E-003   69214580304260656.     
   8.9060900000000002E-003   70138333723261768.     
   8.9060600000000004E-003   71047002550445736.     
   8.9060300000000005E-003   71941198166148432.     
   8.9060000000000007E-003   72821528772110304.     
   8.9059699999999992E-003   73688668700607440.     
   8.9059399999999993E-003   74964091436839360.     
   8.9058799999999997E-003   76216769379974144.     
   8.9058499999999999E-003   77036865397205888.     
   8.9058200000000001E-003   77846587539934192.     
   8.9057900000000002E-003   78646427801166736.     
   8.9057700000000004E-003   79632310023321040.     
   8.9057200000000006E-003   80797529970043824.     
   8.9056799999999992E-003   81754175685742336.     
   8.9056599999999993E-003   82509594075786544.     
   8.9056299999999994E-003   83442023051368336.     
   8.9055899999999997E-003   84545818715577232.     
   8.9055499999999999E-003   85633094082009584.     
   8.9055200000000001E-003   86704458149043136.     
   8.9054800000000003E-003   87760435945237232.     
   8.9054400000000006E-003   88801559118869744.     
   8.9054100000000008E-003   89828552163389168.     
   8.9053699999999993E-003   90842105296088496.     
   8.9053399999999994E-003   91842819527828496.     
   8.9052999999999997E-003   92831223218185520.     
   8.9052699999999999E-003   93968898330274832.     
   8.9052200000000001E-003   95250907690787472.     
   8.9051800000000004E-003   96200635418303808.     
   8.9051600000000005E-003   96827400126073392.     
   8.9051300000000007E-003   97895165606096336.     
   8.9050799999999992E-003   99390746277032464.     
   8.9050299999999995E-003   1.0056395083463912E+017
   8.9049999999999997E-003   1.0142535554677363E+017
   8.9049699999999999E-003   1.0249057438735571E+017
   8.9049300000000001E-003   1.0375404135793800E+017
   8.9048800000000004E-003   1.0500100236336346E+017
   8.9048400000000007E-003   1.0623182565935733E+017
   8.9047999999999992E-003   1.0764725871961931E+017
   8.9047499999999995E-003   1.0924037040179603E+017
   8.9046899999999998E-003   1.1041932471145142E+017
   8.9046699999999999E-003   1.1119689994346854E+017
   8.9046400000000001E-003   1.1235115295469554E+017
   8.9045900000000004E-003   1.1387144113922926E+017
   8.9045400000000007E-003   1.1536988984947517E+017
   8.9044799999999993E-003   1.1684753881425245E+017
   8.9044299999999996E-003   1.1830530641550403E+017
   8.9043899999999999E-003   1.1974400403919163E+017
   8.9043400000000002E-003   1.2116436459363448E+017
   8.9042900000000005E-003   1.2256713046669365E+017
   8.9042400000000008E-003   1.2395303731861258E+017
   8.9041999999999993E-003   1.2532276719584987E+017
   8.9041499999999996E-003   1.2701211336684874E+017
   8.9040800000000000E-003   1.2901000853070670E+017
   8.9040200000000003E-003   1.3065139720655181E+017
   8.9039700000000006E-003   1.3194842414477254E+017
   8.9039299999999991E-003   1.3323226507038014E+017
   8.9038899999999994E-003   1.3450333789869502E+017
   8.9038499999999996E-003   1.3607398208894107E+017
   8.9037800000000000E-003   1.3793468005573562E+017
   8.9037200000000004E-003   1.3976887743155954E+017
   8.9036600000000007E-003   1.4157743039438440E+017
   8.9035999999999994E-003   1.4336126578226486E+017
   8.9035499999999997E-003   1.4512145234354019E+017
   8.9034900000000000E-003   1.4657155893375677E+017
   8.9034500000000003E-003   1.4772026134222902E+017
   8.9034100000000005E-003   1.4942445194193142E+017
   8.9033399999999992E-003   1.5166718523909920E+017
   8.9032699999999996E-003   1.5360220729777216E+017
   8.9032099999999999E-003   1.5524010378021379E+017
   8.9031600000000002E-003   1.5686003482979245E+017
   8.9031100000000005E-003   1.5846245990110253E+017
   8.9030600000000008E-003   1.6030979851491027E+017
   8.9029899999999995E-003   1.6239448469516221E+017
   8.9029199999999999E-003   1.6445143962850003E+017
   8.9028600000000003E-003   1.6648205412508765E+017
   8.9027900000000007E-003   1.6848761431157491E+017
   8.9027299999999993E-003   1.7046910431670106E+017
   8.9026699999999997E-003   1.7242719113407344E+017
   8.9026000000000001E-003   1.7436251386591872E+017
   8.9025400000000005E-003   1.7627572113257882E+017
   8.9024800000000008E-003   1.7816748077396547E+017
   8.9024199999999994E-003   1.8003848865033341E+017
   8.9023599999999998E-003   1.8188944115170947E+017
   8.9023000000000001E-003   1.8417475842335898E+017
   8.9022200000000006E-003   1.8688019313531840E+017
   8.9021299999999994E-003   1.8910509521796774E+017
   8.9020799999999997E-003   1.9086477913753821E+017
   8.9020200000000001E-003   1.9260775524628323E+017
   8.9019700000000004E-003   1.9433445654130314E+017
   8.9019200000000007E-003   1.9689260552607584E+017
   8.9018099999999996E-003   2.0025320779497043E+017
   8.9017100000000002E-003   2.0273740916185261E+017
   8.9016600000000005E-003   2.0437471776488381E+017
   8.9016000000000008E-003   2.0680347959052026E+017
   8.9014999999999997E-003   2.0999868170948966E+017
   8.9014100000000002E-003   2.1236360764725792E+017
   8.9013600000000005E-003   2.1392377291914720E+017
   8.9013100000000008E-003   2.1624012938543254E+017
   8.9012199999999996E-003   2.1929048687963491E+017
   8.9011200000000002E-003   2.2229693786430406E+017
   8.9010300000000007E-003   2.2526167401191360E+017
   8.9009399999999995E-003   2.2833353042760387E+017
   8.9008400000000001E-003   2.3236525107851459E+017
   8.9006999999999992E-003   2.3647327602479366E+017
   8.9005899999999999E-003   2.3898790637987094E+017
   8.9005400000000002E-003   2.4147250116339725E+017
   8.9004400000000008E-003   2.4474735378374842E+017
   8.9003499999999996E-003   2.4797808774905936E+017
   8.9002500000000002E-003   2.5116645049762806E+017
   8.9001500000000008E-003   2.5509251044215920E+017
   8.9000099999999999E-003   2.5972715270735520E+017
   8.8998800000000006E-003   2.6502813963809014E+017
   8.8997000000000000E-003   2.7096188489090870E+017
   8.8995299999999992E-003   2.7533123795003229E+017
   8.8994399999999998E-003   2.7820229437017357E+017
   8.8993600000000003E-003   2.8104295514303987E+017
   8.8992700000000008E-003   2.8385394898345142E+017
   8.8991899999999995E-003   2.8698123783248477E+017
   8.8990900000000001E-003   2.9041555760509370E+017
   8.8989900000000007E-003   2.9380823545140442E+017
   8.8988899999999996E-003   2.9716087106395162E+017
   8.8987900000000002E-003   3.0145946554040589E+017
   8.8986399999999993E-003   3.0666710080411942E+017
   8.8984900000000002E-003   3.1241550673045376E+017
   8.8983099999999996E-003   3.1867731783517798E+017
   8.8981300000000006E-003   3.2546708542473709E+017
   8.8979200000000001E-003   3.3275616676536826E+017
   8.8977099999999996E-003   3.3812082594766170E+017
   8.8976100000000002E-003   3.4164603756799558E+017
   8.8975100000000008E-003   3.4743387410347648E+017
   8.8972800000000005E-003   3.5538595158581722E+017
   8.8970600000000000E-003   3.6261629421694278E+017
   8.8968699999999994E-003   3.6754158065459398E+017
   8.8967800000000000E-003   3.7078655459618579E+017
   8.8966900000000005E-003   3.7453616580580294E+017
   8.8965699999999995E-003   3.7877742368204915E+017
   8.8964500000000002E-003   3.8504705944981184E+017
   8.8962199999999998E-003   3.9326136690609216E+017
   8.8959899999999995E-003   4.0131068211756960E+017
   8.8957700000000008E-003   4.0724988385550074E+017
   8.8956699999999996E-003   4.1115913449556262E+017
   8.8955600000000003E-003   4.1599258730608358E+017
   8.8953999999999995E-003   4.2172215074412992E+017
   8.8952400000000004E-003   4.2923704415349075E+017
   8.8949900000000002E-003   4.3845546837214208E+017
   8.8947399999999999E-003   4.4706781212844237E+017
   8.8945199999999995E-003   4.5510604824102310E+017
   8.8943100000000008E-003   4.6306245954609005E+017
   8.8940900000000003E-003   4.7094137407337677E+017
   8.8938799999999998E-003   4.7996472577902982E+017
   8.8936099999999997E-003   4.9007496438130912E+017
   8.8933399999999996E-003   5.0000303809089043E+017
   8.8930799999999994E-003   5.0982625618453133E+017
   8.8928299999999991E-003   5.1954707203136563E+017
   8.8925800000000006E-003   5.2916723159161850E+017
   8.8923300000000004E-003   5.3691861129624493E+017
   8.8921899999999995E-003   5.4283123069035597E+017
   8.8920400000000004E-003   5.4870633791983456E+017
   8.8918899999999995E-003   5.5454450567020531E+017
   8.8917500000000003E-003   5.6322123951568723E+017
   8.8914600000000003E-003   5.7468262715734413E+017
   8.8911900000000002E-003   5.8712509036113690E+017
   8.8908700000000004E-003   6.0052218297207590E+017
   8.8905500000000005E-003   6.1314035230265485E+017
   8.8902700000000005E-003   6.2500338000716352E+017
   8.8900000000000003E-003   6.3817377217187456E+017
   8.8896700000000006E-003   6.5261337445645798E+017
   8.8893500000000007E-003   6.6685055912205734E+017
   8.8890299999999992E-003   6.8089530553228928E+017
   8.8887199999999993E-003   6.9135535958429658E+017
   8.8885700000000002E-003   7.0177034465187802E+017
   8.8882700000000002E-003   7.1210577636210381E+017
   8.8881199999999994E-003   7.2033004406419200E+017
   8.8879200000000005E-003   7.2988137751486362E+017
   8.8877200000000000E-003   7.3935393022280358E+017
   8.8875199999999994E-003   7.4875010062591539E+017
   8.8873200000000006E-003   7.6137499626659174E+017
   8.8869900000000009E-003   7.7714684513762061E+017
   8.8866699999999993E-003   7.9285896339405414E+017
   8.8863499999999995E-003   8.0851659299674624E+017
   8.8860399999999996E-003   8.2653979415507840E+017
   8.8856400000000002E-003   8.4685141655421030E+017
   8.8852400000000008E-003   8.6194485966686963E+017
   8.8850500000000002E-003   8.7196807372334054E+017
   8.8848599999999996E-003   8.8694665324833152E+017
   8.8844800000000002E-003   9.0674888091103782E+017
   8.8841100000000006E-003   9.2632881362115840E+017
   8.8837399999999993E-003   9.4569706296475930E+017
   8.8833899999999997E-003   9.6734654303805056E+017
   8.8829500000000006E-003   9.9119727688183130E+017
   8.8825299999999996E-003   1.0148185243930342E+018
   8.8821100000000004E-003   1.0382246033104735E+018
   8.8816999999999993E-003   1.0613870676542484E+018
   8.8813000000000000E-003   1.0843196040883034E+018
   8.8809100000000005E-003   1.1025798180023430E+018
   8.8806800000000002E-003   1.1162982035236020E+018
   8.8804499999999998E-003   1.1299125191357162E+018
   8.8802199999999994E-003   1.1434255271117837E+018
   8.8800000000000007E-003   1.1636592568654044E+018
   8.8795599999999999E-003   1.1904220425875988E+018
   8.8791200000000008E-003   1.2192042966413896E+018
   8.8786300000000002E-003   1.2499339078953362E+018
   8.8781399999999996E-003   1.2804352962896195E+018
   8.8776600000000008E-003   1.3107226269426516E+018
   8.8772000000000000E-003   1.3343368581527260E+018
   8.8769299999999999E-003   1.3514798841544512E+018
   8.8766699999999997E-003   1.3685649804457388E+018
   8.8764099999999995E-003   1.3855943886196549E+018
   8.8761599999999993E-003   1.4068080031876634E+018
   8.8757799999999998E-003   1.4321019466130271E+018
   8.8754000000000003E-003   1.4616363278061394E+018
   8.8749099999999997E-003   1.4952733931929472E+018
   8.8744199999999992E-003   1.5286774928841626E+018
   8.8739400000000003E-003   1.5618612908569370E+018
   8.8734699999999996E-003   1.5865500876344678E+018
   8.8732399999999993E-003   1.6029694047346043E+018
   8.8730100000000006E-003   1.6215461131830605E+018
   8.8727200000000006E-003   1.6422392980319450E+018
   8.8724400000000005E-003   1.6731522444861939E+018
   8.8718700000000005E-003   1.7139734949805888E+018
   8.8713200000000002E-003   1.7443069356746322E+018
   8.8710500000000001E-003   1.7644627309033590E+018
   8.8707800000000000E-003   1.7867777542500897E+018
   8.8704600000000002E-003   1.8112082853325215E+018
   8.8701400000000003E-003   1.8354408655153912E+018
   8.8698200000000005E-003   1.8594816130047291E+018
   8.8695100000000006E-003   1.8836947126476485E+018
   8.8691900000000008E-003   1.9080783152258342E+018
   8.8688800000000009E-003   1.9445801815293896E+018
   8.8682599999999993E-003   1.9928338225862269E+018
   8.8676599999999994E-003   2.0287280268355092E+018
   8.8673599999999995E-003   2.0526262021562053E+018
   8.8670599999999995E-003   2.0787684566081948E+018
   8.8667099999999999E-003   2.1071102932121372E+018
   8.8663600000000002E-003   2.1352285239623954E+018
   8.8660200000000005E-003   2.1774112288037138E+018
   8.8653399999999993E-003   2.2195813734827768E+018
   8.8650099999999996E-003   2.2477065529847946E+018
   8.8646699999999998E-003   2.2756295368902387E+018
   8.8643500000000000E-003   2.3138486260619668E+018
   8.8637799999999999E-003   2.3621007114698424E+018
   8.8632199999999998E-003   2.4105803248224824E+018
   8.8626599999999996E-003   2.4592874039973212E+018
   8.8621099999999994E-003   2.5059522195614884E+018
   8.8616000000000007E-003   2.5506399611153797E+018
   8.8611100000000002E-003   2.5870578208411622E+018
   8.8607900000000003E-003   2.6153921327945431E+018
   8.8604800000000004E-003   2.6604610673094011E+018
   8.8598099999999992E-003   2.7218263359735649E+018
   8.8591499999999997E-003   2.7699883561779860E+018
   8.8587700000000002E-003   2.8053132870262272E+018
   8.8583900000000007E-003   2.8568662917550792E+018
   8.8576799999999997E-003   2.9236826978316611E+018
   8.8569800000000004E-003   2.9934857550120873E+018
   8.8561899999999999E-003   3.0659408752967798E+018
   8.8554199999999993E-003   3.1217961066386647E+018
   8.8549900000000001E-003   3.1622041289024128E+018
   8.8545599999999992E-003   3.2026800123004314E+018
   8.8541200000000000E-003   3.2433426929685821E+018
   8.8537000000000008E-003   3.2997387289245635E+018
   8.8529500000000001E-003   3.3720861165665224E+018
   8.8522199999999992E-003   3.4364663064967685E+018
   8.8516600000000008E-003   3.4926621726426220E+018
   8.8511200000000005E-003   3.5448744248392366E+018
   8.8506499999999998E-003   3.6168697696971848E+018
   8.8497400000000000E-003   3.7162624276741734E+018
   8.8487700000000006E-003   3.7932843112299110E+018
   8.8482900000000000E-003   3.8441336878938767E+018
   8.8478199999999993E-003   3.9198890702157041E+018
   8.8468999999999996E-003   4.0198072289629880E+018
   8.8459999999999997E-003   4.1156366890937216E+018
   8.8451699999999994E-003   4.1946271616049869E+018
   8.8445799999999995E-003   4.2599697578655283E+018
   8.8440099999999994E-003   4.3551250920466161E+018
   8.8429100000000007E-003   4.4790879717386388E+018
   8.8418500000000001E-003   4.6047269484434171E+018
   8.8407599999999996E-003   4.7319982782844518E+018
   8.8396900000000007E-003   4.8454712976419328E+018
   8.8388500000000005E-003   4.9456748120331182E+018
   8.8380300000000002E-003   5.0682857520025569E+018
   8.8368400000000003E-003   5.1766809268336353E+018
   8.8362600000000003E-003   5.2482200510576732E+018
   8.8356900000000002E-003   5.3479582449252813E+018
   8.8346699999999993E-003   5.4750749892736410E+018
   8.8336700000000001E-003   5.5738831942134313E+018
   8.8331099999999999E-003   5.6451897515822080E+018
   8.8325599999999997E-003   5.7358309064349184E+018
   8.8317099999999996E-003   5.8453229325748378E+018
   8.8308799999999993E-003   5.9843916839039273E+018
   8.8295900000000000E-003   6.1138071727676129E+018
   8.8289200000000005E-003   6.2172016179413033E+018
   8.8280500000000005E-003   6.3329208935316675E+018
   8.8272000000000003E-003   6.4746725781674322E+018
   8.8259600000000007E-003   6.6000826592032195E+018
   8.8253600000000008E-003   6.6829308945125140E+018
   8.8247599999999992E-003   6.8111871145903892E+018
   8.8235199999999996E-003   6.9406577152867523E+018
   8.8229099999999998E-003   7.0261940344328827E+018
   8.8223099999999999E-003   7.1196096823085609E+018
   8.8215900000000007E-003   7.2207315723738552E+018
   8.8208899999999996E-003   7.3496133410245325E+018
   8.8197999999999992E-003   7.5054015062665472E+018
   8.8187300000000003E-003   7.6359364767399936E+018
   8.8179999999999994E-003   7.7419783157058734E+018
   8.8172900000000002E-003   7.8480727620614257E+018
   8.8165599999999993E-003   8.0127284971771750E+018
   8.8150799999999994E-003   8.2329088884322355E+018
   8.8136299999999994E-003   8.4573273514123121E+018
   8.8121099999999997E-003   8.6289652914624737E+018
   8.8113700000000007E-003   8.7421677526986813E+018
   8.8106399999999998E-003   8.9182919603981384E+018
   8.8091000000000003E-003   9.1547380586309878E+018
   8.8076000000000005E-003   9.3952383094406492E+018
   8.8060299999999994E-003   9.5789116881364316E+018
   8.8052600000000005E-003   9.6997304854540083E+018
   8.8044999999999998E-003   9.8236919404770099E+018
   8.8036999999999994E-003   9.9505575478723502E+018
   8.8029100000000006E-003   1.0076017406038331E+019
   8.8021200000000001E-003   1.0200034697837662E+019
   8.8013499999999995E-003   1.0327110344774019E+019
   8.8005300000000009E-003   1.0456957604893274E+019
   8.7997300000000004E-003   1.0648544236989395E+019
   8.7981399999999994E-003   1.0840600251404091E+019
   8.7973099999999992E-003   1.0972478814890121E+019
   8.7964800000000006E-003   1.1102381256008776E+019
   8.7956700000000002E-003   1.1230300202092128E+019
   8.7948699999999998E-003   1.1361374459850054E+019
   8.7940199999999996E-003   1.1494333009207775E+019
   8.7931799999999994E-003   1.1624929992495546E+019
   8.7923500000000009E-003   1.1753332468853651E+019
   8.7915400000000005E-003   1.1884108061127678E+019
   8.7906700000000004E-003   1.2016893227451183E+019
   8.7898200000000003E-003   1.2147078328301715E+019
   8.7889700000000001E-003   1.2274889424534145E+019
   8.7881399999999998E-003   1.2404832860971786E+019
   8.7872599999999999E-003   1.2536594045710709E+019
   8.7863899999999998E-003   1.2665540167738399E+019
   8.7855299999999997E-003   1.2792078125449015E+019
   8.7846799999999996E-003   1.2920568252915065E+019
   8.7837799999999997E-003   1.3050928808622176E+019
   8.7828999999999997E-003   1.3178466745367562E+019
   8.7820199999999998E-003   1.3303862558722847E+019
   8.7811599999999997E-003   1.3431364893665468E+019
   8.7802499999999999E-003   1.3560998943789920E+019
   8.7793400000000001E-003   1.3688088432660134E+019
   8.7784500000000001E-003   1.3813362812564855E+019
   8.7775800000000001E-003   1.3941075335923864E+019
   8.7766400000000005E-003   1.4071281396276675E+019
   8.7757300000000007E-003   1.4199320790920200E+019
   8.7748199999999991E-003   1.4325883707828701E+019
   8.7739299999999992E-003   1.4455491442738301E+019
   8.7729799999999997E-003   1.4587444963154553E+019
   8.7720500000000000E-003   1.4716185224466317E+019
   8.7711200000000003E-003   1.4846615564615182E+019
   8.7702100000000005E-003   1.5052909486628909E+019
   8.7682999999999997E-003   1.5325300780460544E+019
   8.7664400000000003E-003   1.5528305372659907E+019
   8.7654599999999992E-003   1.5668997253862791E+019
   8.7644899999999998E-003   1.5808032929279875E+019
   8.7635400000000002E-003   1.5949319519297735E+019
   8.7626000000000006E-003   1.6174710319550794E+019
   8.7606200000000002E-003   1.6471396833506613E+019
   8.7586899999999995E-003   1.6691865402711788E+019
   8.7576800000000003E-003   1.6845663724379240E+019
   8.7566799999999993E-003   1.7076343334363759E+019
   8.7547200000000006E-003   1.7390610953086089E+019
   8.7526800000000005E-003   1.7628160977348260E+019
   8.7516799999999995E-003   1.7788627534233352E+019
   8.7506900000000002E-003   1.8045282809660105E+019
   8.7486100000000004E-003   1.8381634509355211E+019
   8.7465800000000003E-003   1.8717622261041316E+019
   8.7444700000000007E-003   1.8974487764390580E+019
   8.7434300000000000E-003   1.9145067945744490E+019
   8.7424100000000008E-003   1.9414338216017916E+019
   8.7402599999999997E-003   1.9773786532295651E+019
   8.7381700000000000E-003   2.0140624858958598E+019
   8.7359800000000008E-003   2.0514456867161838E+019
   8.7338499999999996E-003   2.0793172572895760E+019
   8.7327299999999993E-003   2.0986577383193129E+019
   8.7316300000000006E-003   2.1284340309521629E+019
   8.7293800000000001E-003   2.1676964027812671E+019
   8.7271899999999993E-003   2.2069823369116840E+019
   8.7249900000000002E-003   2.2477486270745813E+019
   8.7226800000000000E-003   2.2892916717575688E+019
   8.7204399999999994E-003   2.3202081706827731E+019
   8.7192599999999995E-003   2.3528569097987514E+019
   8.7169399999999994E-003   2.3902304313128767E+019
   8.7151999999999993E-003   2.4230671484730724E+019
   8.7134199999999995E-003   2.4618890502228804E+019
   8.7110899999999995E-003   2.5070001813069468E+019
   8.7086600000000000E-003   2.5466427001864511E+019
   8.7068800000000002E-003   2.5808523368861880E+019
   8.7050400000000007E-003   2.6164689792352600E+019
   8.7031999999999995E-003   2.6516389337805390E+019
   8.7013999999999998E-003   2.6858224473541419E+019
   8.6996499999999997E-003   2.7190237135666364E+019
   8.6979299999999996E-003   2.7486598591232795E+019
   8.6965199999999993E-003   2.7753176395694899E+019
   8.6951300000000006E-003   2.8038951222663877E+019
   8.6935499999999995E-003   2.8338063288139534E+019
   8.6919800000000002E-003   2.8636715926841860E+019
   8.6903599999999994E-003   2.8941339807920009E+019
   8.6887600000000002E-003   2.9316279067164115E+019
   8.6864700000000000E-003   2.9733934361829917E+019
   8.6842299999999994E-003   3.0073180137052209E+019
   8.6826000000000004E-003   3.0362728062953267E+019
   8.6809999999999995E-003   3.0725589564550722E+019
   8.6786499999999996E-003   3.1128351024773566E+019
   8.6763499999999993E-003   3.1455352602883105E+019
   8.6746600000000007E-003   3.1729342589656244E+019
   8.6729900000000002E-003   3.1995656767731479E+019
   8.6713099999999998E-003   3.2258135012381385E+019
   8.6696700000000008E-003   3.2576644212432450E+019
   8.6672799999999994E-003   3.2924578236495385E+019
   8.6649599999999993E-003   3.3228624453426016E+019
   8.6628899999999995E-003   3.3504999966404841E+019
   8.6608599999999994E-003   3.3768591730605801E+019
   8.6587899999999995E-003   3.4024342299878089E+019
   8.6567699999999994E-003   3.4291765299882074E+019
   8.6543499999999999E-003   3.4565371617406644E+019
   8.6520000000000000E-003   3.4825193789221630E+019
   8.6495900000000004E-003   3.5068261522092016E+019
   8.6472400000000005E-003   3.5255272881463239E+019
   8.6455300000000002E-003   3.5420034501982257E+019
   8.6438599999999997E-003   3.5659682774513517E+019
   8.6407600000000008E-003   3.5943468318071247E+019
   8.6377799999999994E-003   3.6158637492545995E+019
   8.6357099999999996E-003   3.6339646938262041E+019
   8.6336899999999994E-003   3.6525586260533903E+019
   8.6316399999999995E-003   3.6712669145358361E+019
   8.6296399999999992E-003   3.7000486459478508E+019
   8.6256200000000005E-003   3.7293349426574893E+019
   8.6236000000000004E-003   3.7498374983378952E+019
   8.6216299999999999E-003   3.7751222637745234E+019
   8.6189000000000005E-003   3.7974783260562571E+019
   8.6175699999999997E-003   3.8126175816627044E+019
   8.6162700000000005E-003   3.8368614128212451E+019
   8.6135399999999994E-003   3.8618515223895867E+019
   8.6122200000000003E-003   3.8833991029146182E+019
   8.6102200000000000E-003   3.9104269425920729E+019
   8.6081800000000000E-003   3.9337164816922116E+019
   8.6068499999999992E-003   3.9627188782799561E+019
   8.6041699999999995E-003   3.9928346099982402E+019
   8.6028100000000007E-003   4.0134697395700695E+019
   8.6014799999999999E-003   4.0400662719864963E+019
   8.5994699999999997E-003   4.0734735780338467E+019
   8.5974099999999998E-003   4.1022564594620604E+019
   8.5960700000000008E-003   4.1254432435534717E+019
   8.5947500000000000E-003   4.1621509089705828E+019
   8.5919800000000008E-003   4.2065033001599230E+019
   8.5899600000000007E-003   4.2389125151585288E+019
   8.5885900000000001E-003   4.2729496757466628E+019
   8.5865000000000004E-003   4.3216545021175456E+019
   8.5837900000000009E-003   4.3645071790506607E+019
   8.5823700000000006E-003   4.4020524107058291E+019
   8.5802799999999992E-003   4.4472130041068110E+019
   8.5782299999999992E-003   4.5022131186557075E+019
   8.5753700000000006E-003   4.5549881938929910E+019
   8.5736000000000007E-003   4.5962684792280695E+019
   8.5718600000000006E-003   4.6474459025512956E+019
   8.5693399999999999E-003   4.7079245170936185E+019
   8.5668800000000007E-003   4.7752016093602988E+019
   8.5639400000000008E-003   4.8301482166577529E+019
   8.5625000000000007E-003   4.8671458689207476E+019
   8.5610700000000005E-003   4.9304357797006164E+019
   8.5576899999999997E-003   5.0192758699747041E+019
   8.5544000000000002E-003   5.0896462617681281E+019
   8.5524999999999993E-003   5.1570134899386155E+019
   8.5494999999999998E-003   5.2475061283016827E+019
   8.5460499999999995E-003   5.3289772544317219E+019
   8.5437800000000008E-003   5.3901887101034594E+019
   8.5418000000000004E-003   5.4474966550895395E+019
   8.5398599999999998E-003   5.5186246348817228E+019
   8.5370700000000008E-003   5.6001088946072330E+019
   8.5343399999999996E-003   5.6782348646218498E+019
   8.5319200000000001E-003   5.7515932916106461E+019
   8.5295500000000003E-003   5.8147178518484902E+019
   8.5278999999999997E-003   5.8664774322242494E+019
   8.5262600000000008E-003   5.9420806573899686E+019
   8.5231300000000003E-003   6.0434600496213680E+019
   8.5200499999999995E-003   6.1189888053404140E+019
   8.5184700000000002E-003   6.1711660332147761E+019
   8.5169100000000008E-003   6.2354635665525342E+019
   8.5146500000000003E-003   6.3113670757740446E+019
   8.5124299999999996E-003   6.4094130725184963E+019
   8.5089599999999994E-003   6.5317054106614981E+019
   8.5054499999999995E-003   6.6651547022179140E+019
   8.5014900000000004E-003   6.7856833820511740E+019
   8.4987900000000009E-003   6.8862461840092586E+019
   8.4960399999999998E-003   7.0104593051680039E+019
   8.4921800000000002E-003   7.1766501373206069E+019
   8.4873299999999995E-003   7.3115608233796272E+019
   8.4851900000000001E-003   7.3949332160452248E+019
   8.4830700000000005E-003   7.4931465673597338E+019
   8.4802300000000001E-003   7.6083971586413609E+019
   8.4773000000000001E-003   7.7254472575605916E+019
   8.4744099999999999E-003   7.8444218272645087E+019
   8.4714400000000002E-003   7.9665764186757300E+019
   8.4684500000000006E-003   8.0891781921803289E+019
   8.4655100000000007E-003   8.1933947140279697E+019
   8.4634399999999992E-003   8.3216491063857070E+019
   8.4593499999999992E-003   8.5192983416698896E+019
   8.4541600000000005E-003   8.7085190370498363E+019
   8.4505099999999996E-003   8.8556014206955454E+019
   8.4473299999999994E-003   8.9954453048375886E+019
   8.4440899999999996E-003   9.1855350703868969E+019
   8.4386600000000006E-003   9.3838495125730017E+019
   8.4350799999999993E-003   9.5059822687719735E+019
   8.4331700000000002E-003   9.6451869037186400E+019
   8.4288999999999996E-003   9.8363812817604346E+019
   8.4247100000000002E-003   9.9837419736208654E+019
   8.4224100000000000E-003   1.0088564627948541E+020
   8.4201199999999997E-003   1.0243121304719981E+020
   8.4157099999999999E-003   1.0445299735955340E+020
   8.4113699999999996E-003   1.0587675152463038E+020
   8.4095600000000000E-003   1.0671570030622653E+020
   8.4077700000000002E-003   1.0813811883402296E+020
   8.4035099999999995E-003   1.1013237921824476E+020
   8.3993200000000000E-003   1.1162129651404905E+020
   8.3971500000000008E-003   1.1265000335304638E+020
   8.3949999999999997E-003   1.1410445180198139E+020
   8.3910800000000004E-003   1.1597726004622526E+020
   8.3872200000000008E-003   1.1756610395126989E+020
   8.3845099999999995E-003   1.1887801023332447E+020
   8.3818299999999998E-003   1.2037397039302112E+020
   8.3783899999999994E-003   1.2205044351606723E+020
   8.3750000000000005E-003   1.2396079434508152E+020
   8.3706700000000002E-003   1.2609775632966243E+020
   8.3663999999999995E-003   1.2806135247474282E+020
   8.3627900000000002E-003   1.3059879105895116E+020
   8.3563300000000004E-003   1.3295769670051147E+020
   8.3534600000000001E-003   1.3450582360688465E+020
   8.3502699999999999E-003   1.3613442103197334E+020
   8.3471099999999996E-003   1.3864892442194284E+020
   8.3405500000000004E-003   1.4202504316647493E+020
   8.3341300000000004E-003   1.4551368201788580E+020
   8.3272699999999995E-003   1.4911158504170396E+020
   8.3205699999999994E-003   1.5184541624844085E+020
   8.3169600000000000E-003   1.5377906373453342E+020
   8.3133900000000004E-003   1.5582594002931201E+020
   8.3093999999999998E-003   1.5798478077889892E+020
   8.3054600000000006E-003   1.6003327817472596E+020
   8.3019099999999992E-003   1.6197466666952534E+020
   8.2983999999999992E-003   1.6430590120295681E+020
   8.2934900000000006E-003   1.6701902040542475E+020
   8.2886499999999998E-003   1.7002876174989938E+020
   8.2827600000000001E-003   1.7332420621934949E+020
   8.2769799999999998E-003   1.7640367981463234E+020
   8.2719100000000004E-003   1.7928059631896206E+020
   8.2669200000000005E-003   1.8225946669990868E+020
   8.2614999999999997E-003   1.8507170520805940E+020
   8.2572700000000006E-003   1.8752799913262157E+020
   8.2530899999999994E-003   1.9083775790272912E+020
   8.2460299999999997E-003   1.9498052762904032E+020
   8.2391099999999991E-003   1.9889618361404985E+020
   8.2329499999999993E-003   2.0257469807643627E+020
   8.2269000000000005E-003   2.0600467900779384E+020
   8.2215399999999994E-003   2.1043886551288748E+020
   8.2124399999999997E-003   2.1435422570859764E+020
   8.2088300000000003E-003   2.1658659294049803E+020
   8.2052500000000007E-003   2.1991164735411926E+020
   8.1981899999999993E-003   2.2430745762779510E+020
   8.1912700000000005E-003   2.2787086190518088E+020
   8.1869300000000002E-003   2.3061975710737970E+020
   8.1826499999999996E-003   2.3384814956484605E+020
   8.1768699999999993E-003   2.3754756413907019E+020
   8.1711800000000001E-003   2.4165841195554059E+020
   8.1642299999999998E-003   2.4718130584311811E+020
   8.1543599999999994E-003   2.5276176125797781E+020
   8.1473499999999994E-003   2.5641396642608500E+020
   8.1433900000000004E-003   2.6054153862080286E+020
   8.1350899999999993E-003   2.6610958263261148E+020
   8.1269500000000008E-003   2.7033560816089281E+020
   8.1226700000000002E-003   2.7325974422381937E+020
   8.1184399999999993E-003   2.7616728609423861E+020
   8.1142499999999999E-003   2.7906026257961396E+020
   8.1100900000000004E-003   2.8355876344133537E+020
   8.1013700000000001E-003   2.8963219446348218E+020
   8.0928200000000006E-003   2.9584181306870425E+020
   8.0838799999999999E-003   3.0218550647567306E+020
   8.0751199999999999E-003   3.0700761264162439E+020
   8.0705199999999994E-003   3.1033724504970369E+020
   8.0659600000000005E-003   3.1365047466094212E+020
   8.0614499999999995E-003   3.1694768779670074E+020
   8.0569800000000000E-003   3.2207610990745341E+020
   8.0476000000000002E-003   3.2899818510125335E+020
   8.0383999999999994E-003   3.3423480117321787E+020
   8.0335700000000003E-003   3.3786798328106562E+020
   8.0287799999999993E-003   3.4148379468811587E+020
   8.0240499999999996E-003   3.4508247772525494E+020
   8.0193599999999997E-003   3.5067718731364073E+020
   8.0095099999999992E-003   3.5823348775548296E+020
   7.9998499999999993E-003   3.6594361779868749E+020
   7.9897600000000003E-003   3.7383993387001079E+020
   7.9798700000000000E-003   3.7984550065765889E+020
   7.9746799999999996E-003   3.8399118376480172E+020
   7.9695400000000007E-003   3.8811780083372471E+020
   7.9644499999999997E-003   3.9222647678500477E+020
   7.9594100000000001E-003   3.9861160952691936E+020
   7.9488300000000005E-003   4.0723739210253474E+020
   7.9384499999999997E-003   4.1376285986626319E+020
   7.9330000000000008E-003   4.1829105974270178E+020
   7.9276099999999999E-003   4.2279914978756808E+020
   7.9222700000000004E-003   4.2728736544241641E+020
   7.9169800000000005E-003   4.3426349291645285E+020
   7.9058900000000005E-003   4.4368964305533855E+020
   7.8949999999999992E-003   4.5332484707169265E+020
   7.8836400000000008E-003   4.6318088279029737E+020
   7.8724999999999993E-003   4.7068005055031398E+020
   7.8666599999999993E-003   4.7585654626168629E+020
   7.8608700000000007E-003   4.8101115655062893E+020
   7.8551400000000000E-003   4.8614504231799528E+020
   7.8494600000000008E-003   4.9412004093043874E+020
   7.8375500000000004E-003   5.0489880293493159E+020
   7.8258700000000004E-003   5.1305975681906613E+020
   7.8197500000000003E-003   5.1871901007855642E+020
   7.8136899999999999E-003   5.2715790658976403E+020
   7.8017299999999998E-003   5.3869779910216365E+020
   7.7892600000000001E-003   5.4756314605168919E+020
   7.7831100000000002E-003   5.5343012213747430E+020
   7.7770199999999999E-003   5.6255025785568323E+020
   7.7642600000000003E-003   5.7488117816291806E+020
   7.7517300000000001E-003   5.8421794554279762E+020
   7.7451700000000000E-003   5.9069481118675881E+020
   7.7386699999999996E-003   5.9885020003646086E+020
   7.7288399999999998E-003   6.0868468574685430E+020
   7.7191400000000002E-003   6.1865153956603285E+020
   7.7091900000000003E-003   6.2877504866983831E+020
   7.6993699999999997E-003   6.3915973924104779E+020
   7.6890999999999999E-003   6.4979683125827745E+020
   7.6789600000000003E-003   6.6059476148749101E+020
   7.6685599999999996E-003   6.7487691117570687E+020
   7.6521000000000002E-003   6.9028228254428116E+020
   7.6398600000000001E-003   7.0365542849231389E+020
   7.6274999999999997E-003   7.1728308220803101E+020
   7.6150300000000001E-003   7.3297423538110831E+020
   7.5992500000000001E-003   7.4892683900045060E+020
   7.5865999999999998E-003   7.6354594549461418E+020
   7.5734900000000004E-003   7.7857104904034596E+020
   7.5603800000000002E-003   7.9293058959335411E+020
   7.5486700000000004E-003   8.0627303034620962E+020
   7.5375099999999999E-003   8.2218061224492466E+020
   7.5216600000000003E-003   8.3931214294986116E+020
   7.5086099999999998E-003   8.5403774518316066E+020
   7.4969299999999997E-003   8.6909009274956638E+020
   7.4831400000000001E-003   8.8652202394644670E+020
   7.4680099999999998E-003   9.0170074075819278E+020
   7.4580699999999998E-003   9.1554666877260451E+020
   7.4440799999999996E-003   9.3305703446972190E+020
   7.4276300000000002E-003   9.4953855194108645E+020
   7.4117899999999997E-003   9.6501538031882849E+020
   7.3971200000000001E-003   9.7544879734691830E+020
   7.3830600000000003E-003   9.8295605478679524E+020
   7.3671700000000001E-003   9.7826238570372058E+020
   7.3608900000000001E-003   9.8754454379313260E+020
   7.3460299999999999E-003   9.6443835152547027E+020
   7.3265800000000001E-003   9.5833169260928723E+020
   7.3127899999999996E-003   9.2107614938086782E+020
   7.2994599999999998E-003   8.6068526016910826E+020
   7.2843200000000004E-003   8.2648742912549165E+020
   7.2704199999999997E-003   8.0532277938259781E+020
   7.2645200000000000E-003   7.7447443798499262E+020
   7.2586600000000001E-003   7.4631501582009251E+020
   7.2443600000000000E-003   7.2290317874444200E+020
   7.2386200000000003E-003   7.1007463248995877E+020
   7.2320600000000002E-003   6.8561934978480275E+020
   7.2269600000000002E-003   6.8513227684343933E+020
   7.2188599999999997E-003   6.7321720144369825E+020
   7.2136800000000001E-003   6.5729325891443189E+020
   7.2088200000000003E-003   6.4888182491123732E+020
   7.2044199999999996E-003   6.5256690649118173E+020
   7.1991700000000004E-003   6.4000404788496997E+020
   7.1933700000000001E-003   6.3202592747547211E+020
   7.1875999999999997E-003   6.3163265658643559E+020
   7.1840999999999997E-003   6.3166266523363299E+020
   7.1793300000000003E-003   6.2895540106417157E+020
   7.1769499999999996E-003   6.2818978725199872E+020
   7.1751799999999998E-003   6.2810690060869593E+020
   7.1710100000000002E-003   6.2906775373680017E+020
   7.1686299999999996E-003   6.2985679126659138E+020
   7.1653200000000002E-003   6.3076692935437058E+020
   7.1625999999999999E-003   6.3226373582178615E+020
   7.1565600000000002E-003   6.3502968559834995E+020
   7.1520300000000002E-003   6.3847216802266585E+020
   7.1469000000000003E-003   6.4315226255327966E+020
   7.1409100000000003E-003   6.4833406088877113E+020
   7.1361999999999997E-003   6.5320740515170471E+020
   7.1317000000000004E-003   6.5857175924862131E+020
   7.1273500000000002E-003   6.6352404360727547E+020
   7.1233900000000003E-003   6.6950020660837745E+020
   7.1183499999999999E-003   6.7441061138692506E+020
   7.1162800000000000E-003   6.7876394680594386E+020
   7.1121500000000002E-003   6.8395074159657235E+020
   7.1094100000000000E-003   6.8900670485792647E+020
   7.1053000000000002E-003   6.9373393008330133E+020
   7.1032600000000001E-003   6.9843440670712227E+020
   7.0992599999999996E-003   7.0468383686466326E+020
   7.0953800000000001E-003   7.0939709518140998E+020
   7.0934400000000003E-003   7.1307663540748825E+020
   7.0909299999999996E-003   7.1930324557673149E+020
   7.0859100000000000E-003   7.2767422154036163E+020
   7.0809100000000002E-003   7.3613266377456996E+020
   7.0759400000000002E-003   7.4252255041945181E+020
   7.0734600000000002E-003   7.4618716868550302E+020
   7.0716099999999999E-003   7.5098166009336588E+020
   7.0679100000000002E-003   7.5735998573708195E+020
   7.0642700000000001E-003   7.6363875059485455E+020
   7.0606899999999997E-003   7.6980072921386766E+020
   7.0571699999999998E-003   7.7584471286765781E+020
   7.0537100000000004E-003   7.8280879625250197E+020
   7.0491900000000003E-003   7.8918751456653725E+020
   7.0464000000000004E-003   7.9400900042261817E+020
   7.0436199999999996E-003   8.0029952499797734E+020
   7.0390499999999998E-003   8.0728150914110181E+020
   7.0354600000000003E-003   8.1308061757618376E+020
   7.0323000000000000E-003   8.1813369637210096E+020
   7.0295499999999999E-003   8.2451470407086729E+020
   7.0249500000000003E-003   8.3247828432635901E+020
   7.0201500000000002E-003   8.4213175600565492E+020
   7.0139499999999997E-003   8.4923812192624496E+020
   7.0110299999999997E-003   8.5473573198380964E+020
   7.0081099999999997E-003   8.6147912152958199E+020
   7.0037500000000004E-003   8.6896946054930707E+020
   6.9979600000000001E-003   8.7666770666715821E+020
   6.9950699999999999E-003   8.8201690801706972E+020
   6.9921899999999997E-003   8.8705494503197350E+020
   6.9877300000000002E-003   8.9625532970427928E+020
   6.9814700000000000E-003   9.0431308738539173E+020
   6.9778599999999998E-003   9.1232276776008260E+020
   6.9717199999999998E-003   9.2228469913803214E+020
   6.9656900000000001E-003   9.3032441851506354E+020
   6.9622499999999997E-003   9.3361070670593078E+020
   6.9600499999999997E-003   9.3957593641557623E+020
   6.9556599999999998E-003   9.4731961204868606E+020
   6.9503300000000002E-003   9.5403632016190708E+020
   6.9471999999999997E-003   9.6355610714011638E+020
   6.9421900000000000E-003   9.6806095865000192E+020
   6.9396900000000001E-003   9.7249537913828147E+020
   6.9348200000000004E-003   9.8626936165705096E+020
   6.9277200000000001E-003   9.9059978398499288E+020
   6.9228600000000003E-003   1.0007310259758774E+021
   6.9180099999999996E-003   1.0081401957746145E+021
   6.9097000000000004E-003   1.0165404050741546E+021
   6.9052699999999998E-003   1.0252140293922507E+021
   6.9015900000000000E-003   1.0320248951185780E+021
   6.8979200000000001E-003   1.0396877734821085E+021
   6.8952299999999996E-003   1.0411237848295249E+021
   6.8932200000000002E-003   1.0471673625039973E+021
   6.8895500000000004E-003   1.0539788962802226E+021
   6.8879700000000002E-003   1.0594704279303086E+021
   6.8854299999999997E-003   1.0643595635901442E+021
   6.8833899999999996E-003   1.0702680914006143E+021
   6.8818200000000003E-003   1.0723465781891248E+021
   6.8802500000000001E-003   1.0759005417249710E+021
   6.8789500000000000E-003   1.0786813223132331E+021
   6.8776499999999999E-003   1.0813412689160497E+021
   6.8763699999999997E-003   1.0845762399901619E+021
   6.8750900000000004E-003   1.0903245975182142E+021
   6.8725000000000001E-003   1.0941801661037596E+021
   6.8699099999999999E-003   1.0970371782857947E+021
   6.8687799999999997E-003   1.0985687764108543E+021
   6.8676400000000004E-003   1.1049325869300190E+021
   6.8658399999999998E-003   1.1073905819349388E+021
   6.8640300000000001E-003   1.1098488612327597E+021
   6.8622300000000004E-003   1.1123074341702510E+021
   6.8604399999999998E-003   1.1182384063746390E+021
   6.8563900000000004E-003   1.1249122410719223E+021
   6.8523700000000000E-003   1.1353182421600196E+021
   6.8433900000000004E-003   1.1534546325831457E+021
   6.8234100000000002E-003   1.1789312394698966E+021
   6.8054999999999999E-003   1.2012248820405054E+021
   6.7911100000000004E-003   1.2218155091584714E+021
   6.7777100000000002E-003   1.2465605227516833E+021
   6.7579700000000003E-003   1.2753560536367636E+021
   6.7394700000000000E-003   1.3016050358789677E+021
   6.7230399999999996E-003   1.3266256876286792E+021
   6.7066799999999996E-003   1.3519838657595247E+021
   6.6905100000000002E-003   1.3794394916648397E+021
   6.6717699999999996E-003   1.4067248886578348E+021
   6.6561600000000004E-003   1.4322081157547428E+021
   6.6401799999999999E-003   1.4594192708437302E+021
   6.6227800000000000E-003   1.4891269472332669E+021
   6.6042100000000001E-003   1.5234593031169893E+021
   6.5817999999999996E-003   1.5567036397028466E+021
   6.5652000000000002E-003   1.5882694835472952E+021
   6.5452799999999997E-003   1.6230554768161335E+021
   6.5256200000000002E-003   1.6550566719912495E+021
   6.5093199999999999E-003   1.6794921324862201E+021
   6.4986599999999999E-003   1.7059385695946122E+021
   6.4802200000000001E-003   1.7333951014227332E+021
   6.4689300000000003E-003   1.7646908735368237E+021
   6.4465700000000004E-003   1.8011124392705773E+021
   6.4302999999999999E-003   1.8321621663594520E+021
   6.4142000000000001E-003   1.8605872951347181E+021
   6.4010700000000000E-003   1.8862636040819890E+021
   6.3880400000000002E-003   1.9290857848102655E+021
   6.3578200000000001E-003   1.9896551311792792E+021
   6.3281300000000004E-003   2.0344145477051293E+021
   6.3145800000000002E-003   2.0733541346556377E+021
   6.2909200000000002E-003   2.1092514960224071E+021
   6.2807699999999998E-003   2.1463020520482309E+021
   6.2563699999999998E-003   2.1991708762239578E+021
   6.2322899999999997E-003   2.2414735956910164E+021
   6.2183899999999999E-003   2.2724442462746297E+021
   6.2046000000000002E-003   2.3122218984072591E+021
   6.1832700000000003E-003   2.3610944150294493E+021
   6.1621799999999997E-003   2.4024279296039762E+021
   6.1479700000000000E-003   2.4357746156928804E+021
   6.1338599999999997E-003   2.4872693622341412E+021
   6.1047899999999997E-003   2.5575302047179709E+021
   6.0761499999999998E-003   2.6160273973326281E+021
   6.0577199999999999E-003   2.6622876789571123E+021
   6.0394600000000000E-003   2.6998993491073224E+021
   6.0283999999999997E-003   2.7281038027221018E+021
   6.0174099999999999E-003   2.7763068567228084E+021
   5.9912100000000003E-003   2.8589101503201453E+021
   5.9548400000000003E-003   2.9466903483087407E+021
   5.9263099999999997E-003   3.0109340846530563E+021
   5.9083699999999996E-003   3.0684544738563074E+021
   5.8852000000000002E-003   3.1339153788644685E+021
   5.8622800000000001E-003   3.2119808014658893E+021
   5.8311600000000002E-003   3.3041521047261513E+021
   5.7997700000000001E-003   3.3754953098705392E+021
   5.7838799999999999E-003   3.4236289056022704E+021
   5.7681000000000000E-003   3.4976580968398575E+021
   5.7358000000000001E-003   3.5986062967309950E+021
   5.7039300000000003E-003   3.7027631448860142E+021
   5.6710500000000004E-003   3.8100500455131432E+021
   5.6386099999999996E-003   3.9206435183989741E+021
   5.6051599999999997E-003   4.0348479066286546E+021
   5.5721399999999997E-003   4.1523796831505760E+021
   5.5380899999999999E-003   4.2737330334638271E+021
   5.5044800000000000E-003   4.3988993237580450E+021
   5.4698300000000002E-003   4.5278838777647596E+021
   5.4356099999999996E-003   4.6270904373310354E+021
   5.4181100000000003E-003   4.6945715837296983E+021
   5.4007100000000004E-003   4.7983123578467794E+021
   5.3651300000000001E-003   4.9400104118021375E+021
   5.3299699999999998E-003   5.0488878172949447E+021
   5.3119899999999999E-003   5.1230457893788037E+021
   5.2941200000000002E-003   5.2362553337149286E+021
   5.2579500000000000E-003   5.3918809983737366E+021
   5.2214399999999999E-003   5.5525028605496415E+021
   5.1846100000000001E-003   5.7182867235573449E+021
   5.1474399999999997E-003   5.8894259175584222E+021
   5.1099199999999996E-003   6.0661089255382822E+021
   5.0720599999999998E-003   6.2485315767545962E+021
   5.0338500000000003E-003   6.4369003412513662E+021
   4.9952800000000004E-003   6.6314286490420311E+021
   4.9563599999999999E-003   6.8323309744850123E+021
   4.9170699999999999E-003   6.9877259728070577E+021
   4.8971900000000000E-003   7.0931380426287308E+021
   4.8773999999999996E-003   7.2003290025701094E+021
   4.8573399999999999E-003   7.3092373623165482E+021
   4.8373599999999998E-003   7.4517515660452587E+021
   4.8055800000000003E-003   7.6292376144993352E+021
   4.7740300000000003E-003   7.7778283031234169E+021
   4.7534700000000001E-003   7.8962750496455975E+021
   4.7330000000000002E-003   8.0166912997174710E+021
   4.7122400000000004E-003   8.1391097690324258E+021
   4.6915699999999999E-003   8.2635669634072277E+021
   4.6705999999999996E-003   8.3901038757312232E+021
   4.6497300000000004E-003   8.5187631563798217E+021
   4.6285600000000003E-003   8.6495873721635701E+021
   4.6074799999999997E-003   8.7826099472103197E+021
   4.5861000000000001E-003   8.9178908721319363E+021
   4.5647999999999999E-003   9.0554549637265857E+021
   4.5432099999999998E-003   9.1953755687581301E+021
   4.5217000000000000E-003   9.3376887850714226E+021
   4.4999000000000003E-003   9.4824437939497777E+021
   4.4781600000000001E-003   9.6296755980897951E+021
   4.4561399999999999E-003   9.7794768420725483E+021
   4.4341800000000002E-003   9.9318862331209276E+021
   4.4119299999999997E-003   1.0086956258802862E+022
   4.3897399999999996E-003   1.0244756057972913E+022
   4.3672600000000004E-003   1.0405303634792741E+022
   4.3448400000000000E-003   1.0568750946846897E+022
   4.3221199999999996E-003   1.0735114792093495E+022
   4.2994599999999997E-003   1.0904485172790411E+022
   4.2764999999999999E-003   1.1076915870065733E+022
   4.2535999999999997E-003   1.1252158380927277E+022
   4.2304800000000000E-003   1.1430979914146366E+022
   4.2072400000000001E-003   1.1613125350225758E+022
   4.1838700000000001E-003   1.1798687294238331E+022
   4.1603700000000000E-003   1.1987741521970563E+022
   4.1367399999999999E-003   1.2180442165456629E+022
   4.1129799999999996E-003   1.2376836521870456E+022
   4.0890900000000001E-003   1.2577147766493042E+022
   4.0650499999999997E-003   1.2781397228450373E+022
   4.0408900000000001E-003   1.2989733372894581E+022
   4.0165799999999996E-003   1.3202316831134503E+022
   3.9921300000000000E-003   1.3419213008433943E+022
   3.9675400000000003E-003   1.3640546337491530E+022
   3.9427999999999998E-003   1.3866481584808590E+022
   3.9179200000000001E-003   1.4097112811326381E+022
   3.8928800000000000E-003   1.4332551618398727E+022
   3.8676900000000000E-003   1.4573113202617849E+022
   3.8423500000000000E-003   1.4818839399336327E+022
   3.8168500000000001E-003   1.5070097178296377E+022
   3.7912000000000002E-003   1.5327365149798838E+022
   3.7653800000000000E-003   1.5590947952100502E+022
   3.7393900000000000E-003   1.5860471812018349E+022
   3.7132400000000000E-003   1.6135343583271613E+022
   3.6869200000000002E-003   1.6415229744037080E+022
   3.6604200000000002E-003   1.6700203645691863E+022
   3.6337499999999998E-003   1.6990343142049449E+022
   3.6068900000000002E-003   1.7285729890409044E+022
   3.5798599999999998E-003   1.7586449683268931E+022
   3.5526300000000002E-003   1.7892591750112201E+022
   3.5252100000000000E-003   1.8204248157871959E+022
   3.4976000000000000E-003   1.8521514655320503E+022
   3.4697899999999999E-003   1.8844489569192578E+022
   3.4417800000000002E-003   1.9173274122225438E+022
   3.4135599999999999E-003   1.9507971976567881E+022
   3.3851300000000001E-003   1.9848689656097604E+022
   3.3564799999999998E-003   2.0195536655074476E+022
   3.3276099999999999E-003   2.0548624166490164E+022
   3.2985100000000002E-003   2.0908066341110273E+022
   3.2691800000000000E-003   2.1273979750593646E+022
   3.2396100000000000E-003   2.1646483592455494E+022
   3.2098000000000001E-003   2.2025698958646671E+022
   3.1797399999999999E-003   2.2411750048378204E+022
   3.1494200000000000E-003   2.2804762591519218E+022
   3.1188399999999999E-003   2.3204865766330953E+022
   3.0879800000000002E-003   2.3612190567402207E+022
   3.0568499999999998E-003   2.4026870092120170E+022
   3.0254300000000000E-003   2.4449040528877447E+022
   2.9937200000000001E-003   2.4878840173262906E+022
   2.9617100000000002E-003   2.5316409723298926E+022
   2.9293800000000001E-003   2.5761892658365625E+022
   2.8967300000000001E-003   2.6215434422479810E+022
   2.8637500000000000E-003   2.6677183024609377E+022
   2.8304300000000001E-003   2.7147289369964844E+022
   2.7967500000000002E-003   2.7625906341677881E+022
   2.7626999999999999E-003   2.8113189605819726E+022
   2.7282700000000001E-003   2.8609297130976103E+022
   2.6934500000000000E-003   2.9114389295748709E+022
   2.6582200000000002E-003   2.9628629512962672E+022
   2.6225699999999998E-003   3.0152182906839173E+022
   2.5864700000000000E-003   3.0685217336358202E+022
   2.5499199999999998E-003   3.1227903681788255E+022
   2.5128899999999998E-003   3.1780414135166571E+022
   2.4753499999999999E-003   3.2342924288694589E+022
   2.4372999999999999E-003   3.2915612057056607E+022
   2.3987000000000001E-003   3.3498656632456532E+022
   2.3595299999999999E-003   3.4092240570912566E+022
   2.3197500000000002E-003   3.4696498881837056E+022
   2.2793499999999999E-003   3.5312013017634480E+022
   2.2382900000000000E-003   3.5938629006634860E+022
   2.1965200000000000E-003   3.6576536920843503E+022
   2.1540100000000000E-003   3.7225929785241617E+022
   2.1107200000000000E-003   3.7887001071041445E+022
   2.0666000000000000E-003   3.8559853924890756E+022
   2.0215900000000002E-003   3.9245150517154363E+022
   1.9756399999999999E-003   3.9942748572022009E+022
   1.9286700000000000E-003   4.0650675384998489E+022
   1.8809400000000000E-003   4.1373675310371068E+022
   1.8313900000000000E-003   4.2111917327831076E+022
   1.7808900000000000E-003   4.2860817744824753E+022
   1.7290199999999999E-003   4.3521452710658100E+022
   1.6894300000000000E-003   4.4103864007823146E+022
   1.6483400000000001E-003   4.4939276609895266E+022
   1.5709700000000001E-003   4.5782132180644505E+022
   1.5276400000000000E-003   4.6396239175569140E+022
   1.4822100000000001E-003   4.7322943235143775E+022
   1.3880600000000000E-003   4.8368716108800079E+022
   1.3230600000000000E-003   4.9212381866488003E+022
   1.2552600000000000E-003   5.0076193579161969E+022
   1.1803800000000000E-003   5.0985778814777177E+022
   1.1006499999999999E-003   5.1927007586464700E+022
   1.0088600000000001E-003   5.2968835946053930E+022
   8.9939999999999996E-004   5.4291764435596207E+022
   7.0646000000000001E-004   5.5643040843656038E+022
   5.6787000000000005E-004   5.6432247016054055E+022
   4.8419000000000001E-004   5.6920487139968010E+022
   3.8300999999999998E-004   5.7303424817369979E+022
   3.1388999999999999E-004   5.7566038138154079E+022
   2.5073000000000001E-004   5.7702478064662226E+022
   2.0165999999999999E-004   5.7842462938802822E+022
   1.6417999999999999E-004   5.7896483783810566E+022
   1.3643999999999999E-004   5.7951800830232841E+022
   1.1690000000000000E-004   5.7969687362095165E+022
   1.0404999999999999E-004   5.7994832296522595E+022
   8.6879999999999995E-005   5.8014398772077392E+022
   6.8949999999999995E-005   5.8027835750455286E+022
   5.4729999999999999E-005   5.8040842999629869E+022
   4.3439999999999997E-005   5.8046611854419596E+022
   3.4470000000000000E-005   5.8050049178269919E+022
   2.7359999999999999E-005   5.8054168805407348E+022
   2.1719999999999999E-005   5.8055585663516414E+022
   1.7240000000000001E-005   5.8057385180614422E+022
   1.3679999999999999E-005   5.8059044368162300E+022
