   8.8882000000000006E-003   1569302876240539.5     
   8.8882000000000006E-003   1862922597501286.2     
   8.8882000000000006E-003   2114847382212325.2     
   8.8881900000000007E-003   2337823591136734.5     
   8.8881900000000007E-003   2539280758421097.0     
   8.8881900000000007E-003   2724287162273516.0     
   8.8881900000000007E-003   2896218017711051.5     
   8.8881900000000007E-003   3057148584957468.0     
   8.8881800000000007E-003   3208541508016622.0     
   8.8881800000000007E-003   3351542215110626.5     
   8.8881800000000007E-003   3487168882615363.0     
   8.8881800000000007E-003   3616343292115483.0     
   8.8881800000000007E-003   3739822478073968.5     
   8.8881800000000007E-003   3858213984862497.5     
   8.8881800000000007E-003   3972015371825269.5     
   8.8881800000000007E-003   4081645031028917.5     
   8.8881700000000008E-003   4187459427158738.0     
   8.8881700000000008E-003   4289760319053341.5     
   8.8881700000000008E-003   4388814958728395.0     
   8.8881700000000008E-003   4484861324030581.5     
   8.8881700000000008E-003   4600863940461823.0     
   8.8881700000000008E-003   4735033447188602.0     
   8.8881700000000008E-003   4864045647283940.0     
   8.8881700000000008E-003   4988382811771871.0     
   8.8881700000000008E-003   5088824443126483.0     
   8.8881600000000009E-003   5167092076057912.0     
   8.8881600000000009E-003   5243684456651928.0     
   8.8881600000000009E-003   5318685783024194.0     
   8.8881600000000009E-003   5410229242016582.0     
   8.8881600000000009E-003   5517242506824376.0     
   8.8881600000000009E-003   5621228012023267.0     
   8.8881600000000009E-003   5722357366204461.0     
   8.8881600000000009E-003   5804619806117977.0     
   8.8881600000000009E-003   5869079801101034.0     
   8.8881600000000009E-003   5932427722502338.0     
   8.8881600000000009E-003   5994700305155982.0     
   8.8881600000000009E-003   6086054757632100.0     
   8.8881499999999992E-003   6175427554806578.0     
   8.8881499999999992E-003   6233759947479784.0     
   8.8881499999999992E-003   6319475359764115.0     
   8.8881499999999992E-003   6430927472334552.0     
   8.8881499999999992E-003   6539191768060161.0     
   8.8881499999999992E-003   6644480580747179.0     
   8.8881499999999992E-003   6721702366128027.0     
   8.8881499999999992E-003   6772290635260355.0     
   8.8881499999999992E-003   6822238173781181.0     
   8.8881499999999992E-003   6871565092682328.0     
   8.8881499999999992E-003   6944355842982747.0     
   8.8881499999999992E-003   7039510666383598.0     
   8.8881399999999992E-003   7132490607546130.0     
   8.8881399999999992E-003   7223408632821569.0     
   8.8881399999999992E-003   7326933870547720.0     
   8.8881399999999992E-003   7442235947839202.0     
   8.8881399999999992E-003   7554413351559709.0     
   8.8881399999999992E-003   7663628314596985.0     
   8.8881399999999992E-003   7770030025798919.0     
   8.8881399999999992E-003   7873764482930658.0     
   8.8881399999999992E-003   7974972145524703.0     
   8.8881299999999993E-003   8073781327395505.0     
   8.8881299999999993E-003   8182179357660580.0     
   8.8881299999999993E-003   8299495999836287.0     
   8.8881299999999993E-003   8413661200361623.0     
   8.8881299999999993E-003   8497403505412002.0     
   8.8881299999999993E-003   8552277289127489.0     
   8.8881299999999993E-003   8633208288713241.0     
   8.8881299999999993E-003   8738880924084360.0     
   8.8881299999999993E-003   8841999758205774.0     
   8.8881199999999994E-003   8942689243669862.0     
   8.8881199999999994E-003   9041066297927190.0     
   8.8881199999999994E-003   9137235874885686.0     
   8.8881199999999994E-003   9231293868822424.0     
   8.8881199999999994E-003   9323325731831908.0     
   8.8881199999999994E-003   9413411647020580.0     
   8.8881199999999994E-003   9501626001836862.0     
   8.8881199999999994E-003   9630386024956630.0     
   8.8881099999999994E-003   9776100273215006.0     
   8.8881099999999994E-003   9897021266896572.0     
   8.8881099999999994E-003   10014606807788442.     
   8.8881099999999994E-003   10100821487074666.     
   8.8881099999999994E-003   10157308395520404.     
   8.8881099999999994E-003   10240619989123052.     
   8.8881099999999994E-003   10349418835101074.     
   8.8880999999999995E-003   10507555857464670.     
   8.8880999999999995E-003   10660947753038652.     
   8.8880999999999995E-003   10760352417544602.     
   8.8880999999999995E-003   10857770808589100.     
   8.8880999999999995E-003   10953331349063042.     
   8.8880999999999995E-003   11047156581173096.     
   8.8880899999999995E-003   11139360379943756.     
   8.8880899999999995E-003   11230030909027432.     
   8.8880899999999995E-003   11319244510878624.     
   8.8880899999999995E-003   11421521633383920.     
   8.8880899999999995E-003   11536289275396204.     
   8.8880899999999995E-003   11703995456164850.     
   8.8880799999999996E-003   11867891285279274.     
   8.8880799999999996E-003   11974602904288664.     
   8.8880799999999996E-003   12079622946348844.     
   8.8880799999999996E-003   12183066419186972.     
   8.8880799999999996E-003   12297621025105954.     
   8.8880799999999996E-003   12422928030345618.     
   8.8880699999999997E-003   12546224985998684.     
   8.8880699999999997E-003   12667642148658654.     
   8.8880699999999997E-003   12787328419710324.     
   8.8880699999999997E-003   12905437079904278.     
   8.8880699999999997E-003   13079597001433742.     
   8.8880599999999997E-003   13262860336848454.     
   8.8880599999999997E-003   13398244143885566.     
   8.8880599999999997E-003   13532202166583904.     
   8.8880599999999997E-003   13664881771536580.     
   8.8880499999999998E-003   13796419914350888.     
   8.8880499999999998E-003   13926934993649510.     
   8.8880499999999998E-003   14056535477768090.     
   8.8880499999999998E-003   14185318908446196.     
   8.8880499999999998E-003   14313372419670942.     
   8.8880399999999998E-003   14440778265656978.     
   8.8880399999999998E-003   14567610840320654.     
   8.8880399999999998E-003   14693882894067876.     
   8.8880399999999998E-003   14882146301990262.     
   8.8880399999999998E-003   15131257994559530.     
   8.8880299999999999E-003   15378117837104662.     
   8.8880299999999999E-003   15622806808819020.     
   8.8880299999999999E-003   15865282151431104.     
   8.8880199999999999E-003   16105193799012804.     
   8.8880199999999999E-003   16342220103235440.     
   8.8880199999999999E-003   16576099851993474.     
   8.8880100000000000E-003   16806625355406060.     
   8.8880100000000000E-003   17033724091931234.     
   8.8880100000000000E-003   17257413774569650.     
   8.8880000000000001E-003   17477684547374578.     
   8.8880000000000001E-003   17694512241907440.     
   8.8880000000000001E-003   17907874479282770.     
   8.8879900000000001E-003   18117843277310852.     
   8.8879900000000001E-003   18324594073120272.     
   8.8879900000000001E-003   18628589379383572.     
   8.8879800000000002E-003   19024553146960856.     
   8.8879800000000002E-003   19314923258780528.     
   8.8879800000000002E-003   19505118948584304.     
   8.8879700000000002E-003   19692990780074896.     
   8.8879700000000002E-003   19878646331222916.     
   8.8879700000000002E-003   20122691267807372.     
   8.8879600000000003E-003   20422956975124064.     
   8.8879600000000003E-003   20717876119795884.     
   8.8879600000000003E-003   20935866101834588.     
   8.8879500000000004E-003   21079526520669340.     
   8.8879500000000004E-003   21292600256809792.     
   8.8879500000000004E-003   21572758055844676.     
   8.8879400000000004E-003   21848352787682080.     
   8.8879400000000004E-003   22119542396252432.     
   8.8879400000000004E-003   22386476024650160.     
   8.8879300000000005E-003   22649293698893616.     
   8.8879300000000005E-003   23035827708175504.     
   8.8879200000000005E-003   23414241703346016.     
   8.8879200000000005E-003   23661770713686396.     
   8.8879200000000005E-003   23905722674988688.     
   8.8879100000000006E-003   24146195711980168.     
   8.8879100000000006E-003   24500462190233696.     
   8.8879000000000007E-003   24961674614028568.     
   8.8879000000000007E-003   25410616109949584.     
   8.8878900000000007E-003   25847947782083304.     
   8.8878900000000007E-003   26221597940515392.     
   8.8878800000000008E-003   26535418632990304.     
   8.8878800000000008E-003   26843526277618248.     
   8.8878700000000008E-003   27146110329461484.     
   8.8878700000000008E-003   27589986378786140.     
   8.8878599999999992E-003   28022304057828068.     
   8.8878599999999992E-003   28304351912129464.     
   8.8878499999999992E-003   28581590216164628.     
   8.8878499999999992E-003   28854127261827984.     
   8.8878399999999993E-003   29254444697588124.     
   8.8878399999999993E-003   29772435752298040.     
   8.8878299999999993E-003   30273130893910228.     
   8.8878199999999994E-003   30757322272940000.     
   8.8878199999999994E-003   31226044353711080.     
   8.8878099999999995E-003   31680439884352572.     
   8.8877999999999995E-003   32121732547860424.     
   8.8877899999999996E-003   32551195346126236.     
   8.8877899999999996E-003   32970210395237652.     
   8.8877799999999996E-003   33380290886226256.     
   8.8877699999999997E-003   33782986481330180.     
   8.8877699999999997E-003   34244993723266320.     
   8.8877599999999998E-003   34764842614530368.     
   8.8877499999999998E-003   35277785585440272.     
   8.8877399999999999E-003   35785460588696036.     
   8.8877399999999999E-003   36288983223465712.     
   8.8877299999999999E-003   36664576485367096.     
   8.8877200000000000E-003   36913790937300168.     
   8.8877200000000000E-003   37285659502755688.     
   8.8877100000000001E-003   37777638366255016.     
   8.8877100000000001E-003   38263880123169024.     
   8.8877000000000001E-003   38743519884177344.     
   8.8876900000000002E-003   39332541382822408.     
   8.8876800000000002E-003   40022940523981360.     
   8.8876700000000003E-003   40528090356407136.     
   8.8876700000000003E-003   41021219252571216.     
   8.8876600000000004E-003   41502684880436904.     
   8.8876500000000004E-003   41868608653610920.     
   8.8876400000000005E-003   42277884000096960.     
   8.8876400000000005E-003   42677558165306424.     
   8.8876300000000005E-003   43067589303835392.     
   8.8876300000000005E-003   43634160685154112.     
   8.8876100000000006E-003   44179906045315576.     
   8.8876100000000006E-003   44532112714711208.     
   8.8876000000000007E-003   44959734208315808.     
   8.8875900000000008E-003   45455075916063088.     
   8.8875800000000008E-003   46162582852102480.     
   8.8875699999999992E-003   46835461182008728.     
   8.8875599999999992E-003   47266828928296808.     
   8.8875499999999993E-003   47686858462496144.     
   8.8875399999999993E-003   48096985968614016.     
   8.8875299999999994E-003   48695182782159808.     
   8.8875199999999994E-003   49469273080971616.     
   8.8874999999999996E-003   50098249563544784.     
   8.8874899999999996E-003   50591920000689912.     
   8.8874799999999997E-003   51138802238041760.     
   8.8874699999999997E-003   51738150880712416.     
   8.8874599999999998E-003   52330015074906048.     
   8.8874399999999999E-003   52915252309583136.     
   8.8874300000000000E-003   53637516212700144.     
   8.8874200000000000E-003   54281883794435440.     
   8.8874100000000001E-003   54707082210686264.     
   8.8874000000000002E-003   55129304083968696.     
   8.8873900000000002E-003   55548510613723984.     
   8.8873800000000003E-003   56170774894499584.     
   8.8873600000000004E-003   56990617428916496.     
   8.8873500000000005E-003   57797759108990280.     
   8.8873300000000006E-003   58592236201560056.     
   8.8873200000000006E-003   59374179867992880.     
   8.8873000000000008E-003   60270358707119168.     
   8.8872799999999991E-003   61275415092678856.     
   8.8872599999999993E-003   62138655630846888.     
   8.8872399999999994E-003   62866223170827128.     
   8.8872299999999994E-003   63583012475938912.     
   8.8872199999999995E-003   64289362391515616.     
   8.8871999999999996E-003   65100417722678496.     
   8.8871799999999997E-003   66011694570077792.     
   8.8871699999999998E-003   66906795913927424.     
   8.8871499999999999E-003   67786873939783928.     
   8.8871300000000000E-003   68653187032614152.     
   8.8871100000000001E-003   69507001122428504.     
   8.8871000000000002E-003   70349552810288696.     
   8.8870800000000003E-003   71181754162550768.     
   8.8870600000000004E-003   72004280088887272.     
   8.8870500000000005E-003   72817735653188784.     
   8.8870300000000006E-003   73821944537495728.     
   8.8870100000000007E-003   75011563951336720.     
   8.8869799999999992E-003   75990660118280928.     
   8.8869699999999992E-003   76765290774441648.     
   8.8869499999999994E-003   77532994095919792.     
   8.8869399999999994E-003   78293990422071008.     
   8.8869199999999995E-003   79421821769293872.     
   8.8868899999999997E-003   80905367429846816.     
   8.8868599999999999E-003   82002786964703760.     
   8.8868500000000000E-003   82725735073850368.     
   8.8868400000000000E-003   83620133680225360.     
   8.8868200000000001E-003   84681036079822560.     
   8.8868000000000003E-003   85727953238903184.     
   8.8867800000000004E-003   86760935767715920.     
   8.8867600000000005E-003   87948128207837520.     
   8.8867300000000007E-003   89282097234305952.     
   8.8867100000000008E-003   90266849791450432.     
   8.8866899999999992E-003   90915546086911200.     
   8.8866799999999992E-003   91877124394846048.     
   8.8866599999999994E-003   93138940983612240.     
   8.8866299999999995E-003   94377722596517456.     
   8.8866099999999996E-003   95593987184849744.     
   8.8865899999999998E-003   96788215859121072.     
   8.8865599999999999E-003   97960915118276608.     
   8.8865400000000001E-003   99681086636561472.     
   8.8865000000000003E-003   1.0135481152051995E+017
   8.8864700000000005E-003   1.0244660766334349E+017
   8.8864500000000006E-003   1.0351969625315542E+017
   8.8864300000000007E-003   1.0457492957243104E+017
   8.8864100000000008E-003   1.0587051510040510E+017
   8.8863799999999993E-003   1.0739271107702995E+017
   8.8863499999999995E-003   1.0863607017796627E+017
   8.8863299999999996E-003   1.0961538634882014E+017
   8.8863099999999997E-003   1.1082165058481419E+017
   8.8862799999999999E-003   1.1224590467993192E+017
   8.8862500000000001E-003   1.1364687699595730E+017
   8.8862200000000002E-003   1.1502660348315507E+017
   8.8862000000000003E-003   1.1638666390332637E+017
   8.8861700000000005E-003   1.1772841190131514E+017
   8.8861400000000007E-003   1.1905300426944752E+017
   8.8861200000000008E-003   1.2036142768036709E+017
   8.8860899999999993E-003   1.2165453882833405E+017
   8.8860599999999994E-003   1.2293309774978987E+017
   8.8860399999999996E-003   1.2440645434712357E+017
   8.8859999999999998E-003   1.2606872787003894E+017
   8.8859700000000000E-003   1.2730126554447683E+017
   8.8859500000000001E-003   1.2811517521941768E+017
   8.8859400000000002E-003   1.2950277014690061E+017
   8.8859000000000004E-003   1.3144836706970413E+017
   8.8858600000000006E-003   1.3297648235749994E+017
   8.8858400000000008E-003   1.3409957367039144E+017
   8.8858199999999991E-003   1.3548955810110389E+017
   8.8857799999999994E-003   1.3713989392450912E+017
   8.8857499999999996E-003   1.3877073229171986E+017
   8.8857199999999997E-003   1.4038297697378869E+017
   8.8856899999999999E-003   1.4224073831121936E+017
   8.8856400000000002E-003   1.4433729582608918E+017
   8.8856000000000004E-003   1.4589260356497955E+017
   8.8855800000000006E-003   1.4691978195231168E+017
   8.8855600000000007E-003   1.4844633831711088E+017
   8.8855199999999992E-003   1.5046022262565168E+017
   8.8854899999999994E-003   1.5244821945102653E+017
   8.8854499999999996E-003   1.5441119142358182E+017
   8.8854099999999998E-003   1.5634988611644176E+017
   8.8853700000000001E-003   1.5826495909055568E+017
   8.8853400000000003E-003   1.6015707485449696E+017
   8.8853000000000005E-003   1.6202689931213606E+017
   8.8852700000000007E-003   1.6387509623367658E+017
   8.8852299999999992E-003   1.6570233770634323E+017
   8.8851999999999993E-003   1.6795672436773866E+017
   8.8851499999999996E-003   1.7062264296134826E+017
   8.8850999999999999E-003   1.7281242569637072E+017
   8.8850600000000002E-003   1.7454276669739821E+017
   8.8850300000000004E-003   1.7625525693993718E+017
   8.8850000000000005E-003   1.7795046008861805E+017
   8.8849700000000007E-003   1.8004522158050656E+017
   8.8849199999999993E-003   1.8252689699765958E+017
   8.8848699999999996E-003   1.8497404964697363E+017
   8.8848299999999998E-003   1.8738809295530083E+017
   8.8847800000000001E-003   1.8977024483792768E+017
   8.8847400000000003E-003   1.9212153454493062E+017
   8.8847000000000006E-003   1.9405865768682509E+017
   8.8846700000000008E-003   1.9559330737697462E+017
   8.8846399999999992E-003   1.9787031443766192E+017
   8.8845799999999996E-003   2.0086517881518522E+017
   8.8845299999999999E-003   2.0344753281698010E+017
   8.8844900000000001E-003   2.0563257455614470E+017
   8.8844500000000003E-003   2.0779266199908528E+017
   8.8844100000000006E-003   2.0992846320206381E+017
   8.8843700000000008E-003   2.1238983750108874E+017
   8.8843199999999994E-003   2.1516511916138230E+017
   8.8842699999999997E-003   2.1790081022788221E+017
   8.8842200000000000E-003   2.2059829825098989E+017
   8.8841700000000003E-003   2.2325904041177664E+017
   8.8841200000000006E-003   2.2588455587042906E+017
   8.8840700000000009E-003   2.2847643366718688E+017
   8.8840199999999994E-003   2.3103618486446982E+017
   8.8839799999999997E-003   2.3356514308597322E+017
   8.8839300000000000E-003   2.3606448379050858E+017
   8.8838900000000002E-003   2.3853526461051802E+017
   8.8838400000000005E-003   2.4097851446573494E+017
   8.8838000000000007E-003   2.4399446697138832E+017
   8.8837299999999994E-003   2.4756365427295037E+017
   8.8836699999999998E-003   2.5049872203471942E+017
   8.8836300000000000E-003   2.5282088966236845E+017
   8.8835800000000003E-003   2.5512179339850115E+017
   8.8835400000000005E-003   2.5740206157647005E+017
   8.8835000000000008E-003   2.6078248044077613E+017
   8.8834199999999995E-003   2.6522531791862870E+017
   8.8833400000000000E-003   2.6851074559024410E+017
   8.8833000000000002E-003   2.7067708119479680E+017
   8.8832600000000005E-003   2.7389180520568982E+017
   8.8831899999999991E-003   2.7812148946253213E+017
   8.8831099999999996E-003   2.8125252229004800E+017
   8.8830799999999998E-003   2.8331879792042838E+017
   8.8830400000000000E-003   2.8638741345657610E+017
   8.8829700000000004E-003   2.9042800783140525E+017
   8.8829000000000009E-003   2.9440987203095469E+017
   8.8828299999999995E-003   2.9833509386376973E+017
   8.8827600000000000E-003   3.0240024375233485E+017
   8.8826800000000004E-003   3.0773294693255392E+017
   8.8825699999999994E-003   3.1316128077452621E+017
   8.8824899999999998E-003   3.1648223941852070E+017
   8.8824500000000001E-003   3.1976312870185421E+017
   8.8823800000000005E-003   3.2408509450519296E+017
   8.8822999999999992E-003   3.2834722588904154E+017
   8.8822299999999996E-003   3.3255251087027501E+017
   8.8821500000000001E-003   3.3773078848579392E+017
   8.8820500000000007E-003   3.4384280042779891E+017
   8.8819399999999996E-003   3.5083485663950701E+017
   8.8818000000000005E-003   3.5866316314266189E+017
   8.8816699999999995E-003   3.6443025272239494E+017
   8.8816099999999999E-003   3.6822266732022944E+017
   8.8815400000000003E-003   3.7197685110306586E+017
   8.8814800000000006E-003   3.7569379043545363E+017
   8.8814099999999993E-003   3.7983133162787430E+017
   8.8813399999999997E-003   3.8437734435690144E+017
   8.8812600000000002E-003   3.8887031199287578E+017
   8.8811800000000007E-003   3.9331169557150022E+017
   8.8811099999999994E-003   3.9900770397051200E+017
   8.8809900000000001E-003   4.0590874353955411E+017
   8.8808800000000007E-003   4.1352762376191955E+017
   8.8807299999999999E-003   4.2182911679848134E+017
   8.8806000000000006E-003   4.3083431474183987E+017
   8.8804299999999999E-003   4.4050388696732934E+017
   8.8802699999999991E-003   4.4762126731605997E+017
   8.8801899999999996E-003   4.5229938299054630E+017
   8.8801200000000000E-003   4.5998256389565670E+017
   8.8799399999999994E-003   4.7054210072935379E+017
   8.8797700000000004E-003   4.8014557634765312E+017
   8.8796199999999995E-003   4.8668792432868352E+017
   8.8795499999999999E-003   4.9099896679166694E+017
   8.8794800000000004E-003   4.9598097979522931E+017
   8.8793899999999992E-003   5.0161656810476128E+017
   8.8792999999999997E-003   5.0994842332136864E+017
   8.8791200000000008E-003   5.2086252973890835E+017
   8.8789400000000001E-003   5.3155463918964045E+017
   8.8787699999999994E-003   5.3944162533534234E+017
   8.8786899999999998E-003   5.4463308463766394E+017
   8.8786100000000003E-003   5.5105228936714496E+017
   8.8784799999999994E-003   5.5866208248793933E+017
   8.8783600000000001E-003   5.6864615893398707E+017
   8.8781699999999995E-003   5.8089708287769485E+017
   8.8779700000000007E-003   5.9234662326205453E+017
   8.8777999999999999E-003   6.0303617101551270E+017
   8.8776399999999991E-003   6.1361889297554432E+017
   8.8774700000000002E-003   6.2410015313509594E+017
   8.8773099999999994E-003   6.3610721049925837E+017
   8.8770900000000007E-003   6.4956415233442867E+017
   8.8768900000000001E-003   6.6274619621176678E+017
   8.8766799999999996E-003   6.7566619098727347E+017
   8.8764900000000008E-003   6.8833886239121434E+017
   8.8762900000000002E-003   7.0078099042335386E+017
   8.8760999999999996E-003   7.1073609664918477E+017
   8.8759800000000003E-003   7.1829818259914778E+017
   8.8758699999999992E-003   7.2578354322360819E+017
   8.8757599999999999E-003   7.3319466822669427E+017
   8.8756400000000006E-003   7.4416858495038323E+017
   8.8754200000000002E-003   7.5857259865633254E+017
   8.8751999999999998E-003   7.7411388111242829E+017
   8.8749499999999995E-003   7.9073863471777203E+017
   8.8746999999999993E-003   8.0630294488229786E+017
   8.8744800000000006E-003   8.2086022100373850E+017
   8.8742700000000001E-003   8.3694124988565837E+017
   8.8739999999999999E-003   8.5458819078175078E+017
   8.8737499999999997E-003   8.7202245137800717E+017
   8.8734999999999994E-003   8.8925004230151168E+017
   8.8732499999999992E-003   9.0210146413624883E+017
   8.8731299999999999E-003   9.1489859601898752E+017
   8.8728899999999996E-003   9.2761748545133466E+017
   8.8727700000000003E-003   9.3773941238256602E+017
   8.8725999999999996E-003   9.4950292621612211E+017
   8.8724400000000005E-003   9.6117599530361152E+017
   8.8722799999999998E-003   9.7276097071809600E+017
   8.8721200000000007E-003   9.8833090646628198E+017
   8.8718600000000005E-003   1.0078000098914918E+018
   8.8716000000000003E-003   1.0272068380261396E+018
   8.8713400000000001E-003   1.0465561795457093E+018
   8.8710799999999999E-003   1.0688348121321386E+018
   8.8707500000000002E-003   1.0939573557406455E+018
   8.8704300000000003E-003   1.1126377791367873E+018
   8.8702699999999995E-003   1.1250422448254431E+018
   8.8701100000000005E-003   1.1435782744643045E+018
   8.8698000000000006E-003   1.1680973925210655E+018
   8.8694900000000007E-003   1.1923484749980147E+018
   8.8691900000000008E-003   1.2163441524732457E+018
   8.8689000000000007E-003   1.2431706582196472E+018
   8.8685299999999995E-003   1.2727361354955203E+018
   8.8681799999999998E-003   1.3020239556490783E+018
   8.8678300000000002E-003   1.3310497106949386E+018
   8.8674900000000004E-003   1.3597757781167191E+018
   8.8671500000000007E-003   1.3882179900078487E+018
   8.8668299999999992E-003   1.4108687044945818E+018
   8.8666300000000003E-003   1.4278836573093647E+018
   8.8664399999999997E-003   1.4447698232789660E+018
   8.8662399999999992E-003   1.4615306682646065E+018
   8.8660500000000003E-003   1.4866237939258703E+018
   8.8656800000000008E-003   1.5198204038093138E+018
   8.8653099999999995E-003   1.5555199985675763E+018
   8.8648900000000003E-003   1.5936357431610437E+018
   8.8644699999999993E-003   1.6314684244537487E+018
   8.8640600000000000E-003   1.6690400225941670E+018
   8.8636600000000006E-003   1.6983421172247442E+018
   8.8634400000000002E-003   1.7196159266966121E+018
   8.8632099999999998E-003   1.7408213603900063E+018
   8.8629899999999994E-003   1.7619610397945866E+018
   8.8627700000000007E-003   1.7882969713920458E+018
   8.8624399999999992E-003   1.8197039747465298E+018
   8.8621199999999994E-003   1.8563764713343959E+018
   8.8616900000000002E-003   1.8981455138192205E+018
   8.8612699999999992E-003   1.9396236907852698E+018
   8.8608500000000000E-003   1.9808283633667282E+018
   8.8604400000000007E-003   2.0114878029030787E+018
   8.8602400000000001E-003   2.0318773814554048E+018
   8.8600399999999996E-003   2.0549463718694520E+018
   8.8597899999999993E-003   2.0806446545593096E+018
   8.8595400000000008E-003   2.1190325514191460E+018
   8.8590500000000003E-003   2.1697244252394483E+018
   8.8585599999999997E-003   2.2073896552176709E+018
   8.8583299999999993E-003   2.2324138129759204E+018
   8.8580900000000008E-003   2.2601159757321935E+018
   8.8578000000000007E-003   2.2904412685958121E+018
   8.8575200000000007E-003   2.3205171251778826E+018
   8.8572400000000006E-003   2.3503504956234824E+018
   8.8569700000000005E-003   2.3803924031043973E+018
   8.8566900000000004E-003   2.4106395120934840E+018
   8.8564100000000003E-003   2.4559052661216840E+018
   8.8558600000000001E-003   2.5157155571829105E+018
   8.8553299999999998E-003   2.5601834559306680E+018
   8.8550599999999997E-003   2.5897803882363986E+018
   8.8547999999999995E-003   2.6221480759674240E+018
   8.8544899999999996E-003   2.6572291873906432E+018
   8.8541799999999997E-003   2.6920235488953815E+018
   8.8538699999999998E-003   2.7442046303013770E+018
   8.8532699999999999E-003   2.7963408180261535E+018
   8.8529699999999999E-003   2.8310983196824561E+018
   8.8526700000000000E-003   2.8655918919571108E+018
   8.8523800000000000E-003   2.9127818042218429E+018
   8.8518699999999995E-003   2.9723159652764252E+018
   8.8513700000000008E-003   3.0320845309813105E+018
   8.8508700000000003E-003   3.0920891330650813E+018
   8.8503699999999998E-003   3.1495396169928289E+018
   8.8499200000000007E-003   3.2045240128335473E+018
   8.8494699999999999E-003   3.2492812765669309E+018
   8.8491899999999998E-003   3.2839552970261402E+018
   8.8488999999999998E-003   3.3386352933469015E+018
   8.8482900000000000E-003   3.4119648466533565E+018
   8.8477000000000000E-003   3.4686638519158953E+018
   8.8473500000000004E-003   3.5098743899354291E+018
   8.8470100000000006E-003   3.5696586850245304E+018
   8.8463599999999993E-003   3.6474771026103593E+018
   8.8457199999999996E-003   3.7304945703256125E+018
   8.8450100000000004E-003   3.8192409196974469E+018
   8.8442999999999994E-003   3.8894165564652810E+018
   8.8439000000000000E-003   3.9409256517947075E+018
   8.8435100000000006E-003   3.9928627828999854E+018
   8.8431099999999995E-003   4.0450362640034872E+018
   8.8427200000000001E-003   4.1168918049717100E+018
   8.8420400000000007E-003   4.2078321764325130E+018
   8.8413699999999994E-003   4.2874865409160074E+018
   8.8408600000000007E-003   4.3562273834058849E+018
   8.8403600000000002E-003   4.4197912306424934E+018
   8.8399299999999993E-003   4.5073720210169989E+018
   8.8390900000000008E-003   4.6281728984022067E+018
   8.8381999999999992E-003   4.7216983915732910E+018
   8.8377600000000001E-003   4.7834093833657549E+018
   8.8373299999999991E-003   4.8752974646776996E+018
   8.8364700000000008E-003   4.9963917827846513E+018
   8.8356400000000005E-003   5.1124302511312026E+018
   8.8348699999999999E-003   5.2080052890804040E+018
   8.8343299999999996E-003   5.2870209632277678E+018
   8.8337999999999993E-003   5.4020180333929728E+018
   8.8327800000000001E-003   5.5516919387697859E+018
   8.8318000000000008E-003   5.7032442662378824E+018
   8.8307799999999999E-003   5.8566200327956040E+018
   8.8297900000000006E-003   5.9932461651687547E+018
   8.8290100000000000E-003   6.1138064297057454E+018
   8.8282399999999994E-003   6.2612180304009810E+018
   8.8271300000000007E-003   6.3914320886730998E+018
   8.8265900000000005E-003   6.4773228372138117E+018
   8.8260500000000002E-003   6.5970079375437056E+018
   8.8251000000000007E-003   6.7494350928924918E+018
   8.8241599999999993E-003   6.8678329096876370E+018
   8.8236400000000006E-003   6.9532350746919844E+018
   8.8231200000000003E-003   7.0617445743294444E+018
   8.8223199999999998E-003   7.1927425014204344E+018
   8.8215399999999992E-003   7.3590126627756861E+018
   8.8203299999999995E-003   7.5136190176940247E+018
   8.8196899999999998E-003   7.6370660712526561E+018
   8.8188799999999994E-003   7.7751462841463757E+018
   8.8180800000000007E-003   7.9441784735068682E+018
   8.8169100000000007E-003   8.0936138442003528E+018
   8.8163400000000006E-003   8.1922841106505032E+018
   8.8157800000000005E-003   8.3449581462898237E+018
   8.8146000000000006E-003   8.4989714140228874E+018
   8.8140300000000005E-003   8.6006701531925156E+018
   8.8134600000000004E-003   8.7116898029028905E+018
   8.8127799999999992E-003   8.8318098124601805E+018
   8.8121099999999997E-003   8.9848282318565376E+018
   8.8110800000000006E-003   9.1696531945211341E+018
   8.8100699999999997E-003   9.3244040576449106E+018
   8.8093800000000003E-003   9.4500495103789507E+018
   8.8086999999999992E-003   9.5756877180367524E+018
   8.8080199999999997E-003   9.7705613352343040E+018
   8.8065999999999995E-003   1.0030883833252004E+019
   8.8052200000000008E-003   1.0295910737694036E+019
   8.8037800000000006E-003   1.0498368286531252E+019
   8.8030799999999996E-003   1.0631797624903139E+019
   8.8023800000000003E-003   1.0839232855591229E+019
   8.8009100000000003E-003   1.1117323588859372E+019
   8.7994800000000001E-003   1.1399722824315675E+019
   8.7979800000000004E-003   1.1615059818201752E+019
   8.7972499999999995E-003   1.1756521840178502E+019
   8.7965300000000003E-003   1.1901521735855446E+019
   8.7957599999999997E-003   1.2049733574154740E+019
   8.7950000000000007E-003   1.2196127104947534E+019
   8.7942500000000000E-003   1.2340647016011926E+019
   8.7935099999999992E-003   1.2488543697761225E+019
   8.7927300000000003E-003   1.2639424998383757E+019
   8.7919499999999998E-003   1.2861596989008048E+019
   8.7904400000000001E-003   1.3083645583310410E+019
   8.7896399999999996E-003   1.3235803153987719E+019
   8.7888500000000008E-003   1.3385367295877675E+019
   8.7880700000000003E-003   1.3532326312161958E+019
   8.7872999999999996E-003   1.3682724506731936E+019
   8.7864799999999993E-003   1.3834784666576118E+019
   8.7856800000000006E-003   1.3983731999972610E+019
   8.7848800000000001E-003   1.4129802063824439E+019
   8.7840999999999995E-003   1.4278177855755168E+019
   8.7832599999999993E-003   1.4428370433724764E+019
   8.7824400000000007E-003   1.4575147333708886E+019
   8.7816300000000003E-003   1.4718826617813418E+019
   8.7808299999999999E-003   1.4864451784112771E+019
   8.7799799999999997E-003   1.5011607684331956E+019
   8.7791399999999995E-003   1.5155085680896825E+019
   8.7783199999999992E-003   1.5295455442718654E+019
   8.7775000000000006E-003   1.5437504273964794E+019
   8.7766400000000005E-003   1.5581145716979524E+019
   8.7757800000000004E-003   1.5721141652955576E+019
   8.7749400000000002E-003   1.5858437952154683E+019
   8.7741000000000000E-003   1.5997614813986933E+019
   8.7732200000000000E-003   1.6138734877543086E+019
   8.7723499999999999E-003   1.6276635030584726E+019
   8.7714899999999998E-003   1.6412321186413789E+019
   8.7706399999999997E-003   1.6550329176799953E+019
   8.7697499999999998E-003   1.6690762250211242E+019
   8.7688599999999998E-003   1.6828528702166829E+019
   8.7679799999999999E-003   1.6964572241777920E+019
   8.7671199999999998E-003   1.7103745431547675E+019
   8.7662000000000000E-003   1.7245118415487781E+019
   8.7653000000000002E-003   1.7382425361752242E+019
   8.7644100000000003E-003   1.7522347201201463E+019
   8.7635300000000003E-003   1.7744601173587444E+019
   8.7616699999999992E-003   1.8036598312165833E+019
   8.7598699999999995E-003   1.8253258605048449E+019
   8.7589199999999999E-003   1.8403544338507702E+019
   8.7579800000000003E-003   1.8551916121499804E+019
   8.7570600000000005E-003   1.8703626452592419E+019
   8.7561500000000007E-003   1.8947107854067651E+019
   8.7542300000000000E-003   1.9265818472647991E+019
   8.7523600000000007E-003   1.9501474839982629E+019
   8.7513699999999996E-003   1.9666251385815560E+019
   8.7504000000000002E-003   1.9913983204396466E+019
   8.7484999999999993E-003   2.0251399749714199E+019
   8.7465100000000007E-003   2.0505624239295427E+019
   8.7455399999999996E-003   2.0678279397576401E+019
   8.7445800000000001E-003   2.0956079007329137E+019
   8.7425500000000000E-003   2.1317877538701083E+019
   8.7405799999999995E-003   2.1677483032025551E+019
   8.7385199999999996E-003   2.1952266715041190E+019
   8.7375100000000004E-003   2.2134976408775926E+019
   8.7365199999999994E-003   2.2424258038518649E+019
   8.7344199999999997E-003   2.2809653759688282E+019
   8.7323799999999997E-003   2.3202929229092332E+019
   8.7302500000000002E-003   2.3603625501410443E+019
   8.7281700000000004E-003   2.3901266788447732E+019
   8.7270700000000000E-003   2.4107967350691553E+019
   8.7259999999999994E-003   2.4426994063203967E+019
   8.7238000000000003E-003   2.4846747538921333E+019
   8.7216700000000008E-003   2.5266550967259365E+019
   8.7195099999999998E-003   2.5702086175809020E+019
   8.7172599999999992E-003   2.6145831454065930E+019
   8.7150600000000002E-003   2.6474784966613213E+019
   8.7139100000000001E-003   2.6823577534242869E+019
   8.7116399999999997E-003   2.7221415077805036E+019
   8.7099399999999993E-003   2.7570952731158491E+019
   8.7081899999999993E-003   2.7984389638631260E+019
   8.7059100000000007E-003   2.8464280359048696E+019
   8.7035299999999993E-003   2.8884619558900584E+019
   8.7017799999999992E-003   2.9246985400135889E+019
   8.6999799999999995E-003   2.9625461799354380E+019
   8.6981799999999998E-003   2.9998210684334424E+019
   8.6964099999999999E-003   3.0359614444961796E+019
   8.6946899999999997E-003   3.0709701900610417E+019
   8.6929999999999993E-003   3.1021174346717549E+019
   8.6916200000000006E-003   3.1301260127878435E+019
   8.6902600000000000E-003   3.1601482023035183E+019
   8.6887000000000006E-003   3.1914561460779049E+019
   8.6871599999999993E-003   3.2225864679731524E+019
   8.6855700000000001E-003   3.2543467277879247E+019
   8.6840000000000007E-003   3.2935136157012115E+019
   8.6817400000000003E-003   3.3366759809242505E+019
   8.6795499999999994E-003   3.3713008457900306E+019
   8.6779400000000003E-003   3.4009315378608206E+019
   8.6763699999999992E-003   3.4381695309354385E+019
   8.6740600000000008E-003   3.4789080690638688E+019
   8.6718000000000003E-003   3.5114844428371309E+019
   8.6701299999999999E-003   3.5386848975910556E+019
   8.6684899999999992E-003   3.5649186553470935E+019
   8.6668400000000003E-003   3.5906611511482720E+019
   8.6652199999999995E-003   3.6218310713876107E+019
   8.6628699999999996E-003   3.6552159382197400E+019
   8.6605899999999993E-003   3.6837457285886763E+019
   8.6585399999999993E-003   3.7094024253975970E+019
   8.6565400000000008E-003   3.7334453013573280E+019
   8.6545000000000007E-003   3.7564930166734881E+019
   8.6525100000000004E-003   3.7802061374777909E+019
   8.6501200000000007E-003   3.8039834662436413E+019
   8.6478100000000006E-003   3.8260319778771567E+019
   8.6454300000000008E-003   3.8460393452800139E+019
   8.6431100000000007E-003   3.8606668651174650E+019
   8.6414300000000003E-003   3.8738867296550093E+019
   8.6397699999999997E-003   3.8933101249112343E+019
   8.6367100000000006E-003   3.9155597932636840E+019
   8.6337700000000007E-003   3.9316441359054463E+019
   8.6317200000000007E-003   3.9454652917852357E+019
   8.6297200000000004E-003   3.9599184821297308E+019
   8.6276900000000004E-003   3.9745681254366380E+019
   8.6257199999999999E-003   3.9974937182278042E+019
   8.6217399999999993E-003   4.0212194994285412E+019
   8.6197400000000007E-003   4.0382646333539500E+019
   8.6177900000000002E-003   4.0597241219916833E+019
   8.6150900000000006E-003   4.0789845466459333E+019
   8.6137799999999997E-003   4.0922331555050234E+019
   8.6124800000000005E-003   4.1137885643771716E+019
   8.6097900000000008E-003   4.1363144578668159E+019
   8.6084700000000000E-003   4.1560356119837671E+019
   8.6064899999999996E-003   4.1810832872275214E+019
   8.6044799999999994E-003   4.2029195945542566E+019
   8.6031600000000003E-003   4.2304291859384992E+019
   8.6004900000000006E-003   4.2593331641176457E+019
   8.5991499999999998E-003   4.2793007958991675E+019
   8.5978300000000007E-003   4.3052670687537799E+019
   8.5958300000000005E-003   4.3381881529644589E+019
   8.5938000000000004E-003   4.3667919356119917E+019
   8.5924599999999997E-003   4.3899785520157344E+019
   8.5911500000000005E-003   4.4269343223188750E+019
   8.5884099999999994E-003   4.4719652524094104E+019
   8.5863999999999992E-003   4.5051006406696362E+019
   8.5850400000000004E-003   4.5400992373919752E+019
   8.5829700000000005E-003   4.5904944343664837E+019
   8.5802799999999992E-003   4.6350840676260872E+019
   8.5788700000000006E-003   4.6743498506092347E+019
   8.5767900000000008E-003   4.7217844575392342E+019
   8.5747500000000008E-003   4.7798466737413063E+019
   8.5719200000000002E-003   4.8358201791858672E+019
   8.5701600000000003E-003   4.8797728529625580E+019
   8.5684300000000001E-003   4.9344708466245542E+019
   8.5659299999999994E-003   4.9992914970769654E+019
   8.5634800000000001E-003   5.0716000933516558E+019
   8.5605600000000000E-003   5.1308760998003204E+019
   8.5591199999999999E-003   5.1708888517480423E+019
   8.5577099999999996E-003   5.2396012013059301E+019
   8.5543500000000005E-003   5.3361685145308602E+019
   8.5510800000000008E-003   5.4127130969603293E+019
   8.5491899999999999E-003   5.4862187872969867E+019
   8.5462000000000003E-003   5.5851981390162035E+019
   8.5427799999999998E-003   5.6744964570750362E+019
   8.5405099999999994E-003   5.7416182010404053E+019
   8.5385500000000007E-003   5.8045510003629031E+019
   8.5366200000000000E-003   5.8827941283670974E+019
   8.5338399999999991E-003   5.9724256315404648E+019
   8.5311299999999996E-003   6.0584008977844634E+019
   8.5287200000000001E-003   6.1392217519756673E+019
   8.5263600000000002E-003   6.2087558918095217E+019
   8.5247099999999996E-003   6.2658303452251628E+019
   8.5230900000000005E-003   6.3493215431574487E+019
   8.5199700000000000E-003   6.4611875796176749E+019
   8.5169100000000008E-003   6.5444591581806846E+019
   8.5153399999999997E-003   6.6020636328762286E+019
   8.5137800000000003E-003   6.6730890625657192E+019
   8.5115299999999998E-003   6.7569188601941713E+019
   8.5093200000000008E-003   6.8651801428501815E+019
   8.5058700000000004E-003   7.0002834834276229E+019
   8.5023700000000004E-003   7.1477519660725699E+019
   8.4984299999999995E-003   7.2809470426382516E+019
   8.4957499999999998E-003   7.3921145459588039E+019
   8.4930100000000005E-003   7.5294724380953100E+019
   8.4891700000000007E-003   7.7132748912025453E+019
   8.4843300000000000E-003   7.8625690979624239E+019
   8.4822000000000005E-003   7.9548632965563941E+019
   8.4800899999999992E-003   8.0636222771550945E+019
   8.4772600000000004E-003   8.1913017170652955E+019
   8.4743400000000003E-003   8.3210389326181401E+019
   8.4714700000000000E-003   8.4529811576824545E+019
   8.4685100000000003E-003   8.5885309609416671E+019
   8.4655300000000006E-003   8.7246646662783025E+019
   8.4626000000000007E-003   8.8404606572929040E+019
   8.4605300000000008E-003   8.9832087693073891E+019
   8.4564700000000007E-003   9.2030916724176437E+019
   8.4513000000000001E-003   9.4138468098389295E+019
   8.4476599999999992E-003   9.5779123738689815E+019
   8.4444900000000007E-003   9.7340481010444501E+019
   8.4412600000000008E-003   9.9465294982404620E+019
   8.4358499999999999E-003   1.0168449410228804E+020
   8.4322900000000003E-003   1.0305270387096184E+020
   8.4303799999999995E-003   1.0461396300821312E+020
   8.4261200000000005E-003   1.0676017303689165E+020
   8.4219499999999992E-003   1.0841611584356396E+020
   8.4196500000000007E-003   1.0959502220473059E+020
   8.4173800000000003E-003   1.1133500061349842E+020
   8.4129700000000005E-003   1.1361344915145638E+020
   8.4086500000000002E-003   1.1521977137098734E+020
   8.4068500000000004E-003   1.1616697184733630E+020
   8.4050700000000006E-003   1.1777407567214417E+020
   8.4008199999999998E-003   1.2002976240863817E+020
   8.3966400000000004E-003   1.2171547130867712E+020
   8.3944799999999993E-003   1.2288125148490670E+020
   8.3923299999999999E-003   1.2453077956836891E+020
   8.3884200000000006E-003   1.2665703869411321E+020
   8.3845800000000009E-003   1.2846285262612777E+020
   8.3818799999999995E-003   1.2995524807732607E+020
   8.3791999999999998E-003   1.3165849199247732E+020
   8.3757799999999993E-003   1.3356913612384906E+020
   8.3724000000000003E-003   1.3574873024511410E+020
   8.3680800000000000E-003   1.3818987534543518E+020
   8.3638299999999992E-003   1.4043569346994466E+020
   8.3602299999999997E-003   1.4334171488296668E+020
   8.3537799999999999E-003   1.4604735838985889E+020
   8.3509199999999995E-003   1.4782510372275284E+020
   8.3477299999999994E-003   1.4969702373810605E+020
   8.3445800000000007E-003   1.5259068168732865E+020
   8.3380399999999997E-003   1.5648263579335419E+020
   8.3316399999999995E-003   1.6051229787187229E+020
   8.3248000000000003E-003   1.6467664621164262E+020
   8.3181200000000000E-003   1.6784634791420084E+020
   8.3145200000000006E-003   1.7009141820828726E+020
   8.3109499999999992E-003   1.7247061513264434E+020
   8.3069700000000003E-003   1.7498292852862573E+020
   8.3030499999999993E-003   1.7736961136520315E+020
   8.2994999999999996E-003   1.7963400024791679E+020
   8.2959999999999996E-003   1.8235627977931496E+020
   8.2910999999999992E-003   1.8552890521430989E+020
   8.2862800000000000E-003   1.8905389393431518E+020
   8.2804000000000003E-003   1.9292006967238338E+020
   8.2746299999999998E-003   1.9653898891140923E+020
   8.2695800000000003E-003   1.9992525882190450E+020
   8.2646000000000004E-003   2.0343668820842598E+020
   8.2591999999999995E-003   2.0675729254572520E+020
   8.2549700000000004E-003   2.0966142153007183E+020
   8.2508000000000008E-003   2.1358044569359201E+020
   8.2437599999999993E-003   2.1849534222323021E+020
   8.2368500000000004E-003   2.2315055550974617E+020
   8.2307100000000005E-003   2.2753216554295001E+020
   8.2246699999999999E-003   2.3162460578607045E+020
   8.2193200000000004E-003   2.3692617125393662E+020
   8.2102400000000006E-003   2.4161745195569811E+020
   8.2066299999999995E-003   2.4429616168289236E+020
   8.2030599999999999E-003   2.4829142567771377E+020
   8.1960200000000000E-003   2.5358332244202023E+020
   8.1891099999999994E-003   2.5788146583790554E+020
   8.1847900000000008E-003   2.6120217604881665E+020
   8.1805100000000002E-003   2.6510769759066715E+020
   8.1747399999999998E-003   2.6959046147518752E+020
   8.1690600000000006E-003   2.7458098316740598E+020
   8.1621300000000001E-003   2.8130087334139983E+020
   8.1522699999999997E-003   2.8810856277678273E+020
   8.1452799999999995E-003   2.9257348390650849E+020
   8.1413300000000004E-003   2.9762860536801467E+020
   8.1330399999999994E-003   3.0446292397899278E+020
   8.1249200000000008E-003   3.0966151738347114E+020
   8.1206500000000001E-003   3.1326442150545549E+020
   8.1164199999999992E-003   3.1685154864579104E+020
   8.1122399999999997E-003   3.2042532181320447E+020
   8.1080900000000001E-003   3.2599145907098262E+020
   8.0993899999999997E-003   3.3352394654070224E+020
   8.0908500000000001E-003   3.4124601089179117E+020
   8.0819299999999993E-003   3.4915628470279465E+020
   8.0731799999999992E-003   3.5518372766011884E+020
   8.0685800000000005E-003   3.5935281979078305E+020
   8.0640399999999997E-003   3.6350722079544456E+020
   8.0595300000000005E-003   3.6764730978141641E+020
   8.0550699999999992E-003   3.7409795267428896E+020
   8.0456999999999994E-003   3.8282675512921339E+020
   8.0365200000000001E-003   3.8944628136611860E+020
   8.0316899999999993E-003   3.9404765581314058E+020
   8.0269199999999999E-003   3.9863381048888984E+020
   8.0221900000000002E-003   4.0320493938098602E+020
   8.0175100000000003E-003   4.1032455079741109E+020
   8.0076699999999997E-003   4.1996596599517374E+020
   7.9980299999999997E-003   4.2983306705795049E+020
   7.9879600000000005E-003   4.3997003827416354E+020
   7.9780800000000002E-003   4.4770075917680430E+020
   7.9728999999999998E-003   4.5304779705759760E+020
   7.9677600000000008E-003   4.5837872651499628E+020
   7.9626799999999998E-003   4.6369485408150251E+020
   7.9576500000000001E-003   4.7197272012571109E+020
   7.9470800000000005E-003   4.8318738540562763E+020
   7.9367199999999995E-003   4.9169446829451634E+020
   7.9312800000000006E-003   4.9761055315176522E+020
   7.9258999999999996E-003   5.0351019387762632E+020
   7.9205600000000001E-003   5.0939352696623419E+020
   7.9152800000000002E-003   5.1855709369285784E+020
   7.9042000000000001E-003   5.3097592011406036E+020
   7.8933300000000005E-003   5.4371324144151344E+020
   7.8819900000000002E-003   5.5678786211887533E+020
   7.8708600000000004E-003   5.6676642521350963E+020
   7.8650200000000003E-003   5.7366960434866468E+020
   7.8592400000000000E-003   5.8055587397022922E+020
   7.8535199999999993E-003   5.8742656501167673E+020
   7.8478500000000000E-003   5.9812285515831443E+020
   7.8359599999999995E-003   6.1262589313279250E+020
   7.8242899999999994E-003   6.2363979150248523E+020
   7.8181799999999992E-003   6.3129599247979499E+020
   7.8121199999999997E-003   6.4273854454020125E+020
   7.8001800000000003E-003   6.5843823678733969E+020
   7.7877199999999997E-003   6.7053935967595345E+020
   7.7815799999999997E-003   6.7856497832649386E+020
   7.7755000000000003E-003   6.9107111373325192E+020
   7.7627499999999997E-003   7.0803737607415149E+020
   7.7502400000000003E-003   7.2092471956841483E+020
   7.7436800000000002E-003   7.2988807492446087E+020
   7.7371899999999997E-003   7.4119907640201131E+020
   7.7273699999999999E-003   7.5487790133718470E+020
   7.7176800000000002E-003   7.6878129522344565E+020
   7.7077400000000003E-003   7.8294619239757801E+020
   7.6979400000000003E-003   7.9752113502874187E+020
   7.6876699999999997E-003   8.1249526005743970E+020
   7.6775500000000000E-003   8.2774272745021178E+020
   7.6671600000000001E-003   8.4798195586030004E+020
   7.6507199999999997E-003   8.6990352389548579E+020
   7.6384900000000004E-003   8.8901203033619313E+020
   7.6261499999999999E-003   9.0855404678085109E+020
   7.6136900000000002E-003   9.3114395262707814E+020
   7.5979200000000002E-003   9.5420694948899743E+020
   7.5852799999999998E-003   9.7542649314326361E+020
   7.5721900000000003E-003   9.9731866986763885E+020
   7.5590900000000001E-003   1.0183187089274608E+021
   7.5473900000000002E-003   1.0378985345562930E+021
   7.5362399999999996E-003   1.0613266042953205E+021
   7.5204099999999999E-003   1.0866572656970085E+021
   7.5073700000000002E-003   1.1085090909106716E+021
   7.4957000000000001E-003   1.1309148633464824E+021
   7.4819200000000004E-003   1.1569647223073978E+021
   7.4668000000000000E-003   1.1797271549562434E+021
   7.4568700000000000E-003   1.2005235094927704E+021
   7.4428999999999997E-003   1.2268884666235295E+021
   7.4264600000000002E-003   1.2516632041265084E+021
   7.4106299999999996E-003   1.2749711504935643E+021
   7.3959700000000000E-003   1.2904228917081966E+021
   7.3819200000000001E-003   1.3012156129618200E+021
   7.3660499999999999E-003   1.2930427110689504E+021
   7.3597699999999999E-003   1.3068856026434125E+021
   7.3449300000000004E-003   1.2697619711661297E+021
   7.3255000000000004E-003   1.2595258150802135E+021
   7.3117199999999999E-003   1.2025223691540958E+021
   7.2984000000000000E-003   1.1134760278747180E+021
   7.2832599999999997E-003   1.0648264157640555E+021
   7.2693699999999998E-003   1.0355205262242263E+021
   7.2634800000000001E-003   9.9353662248935398E+020
   7.2576300000000002E-003   9.5659666017284732E+020
   7.2433300000000001E-003   9.2709230692965312E+020
   7.2376000000000003E-003   9.1151433568762829E+020
   7.2310400000000002E-003   8.8226476888661623E+020
   7.2259400000000001E-003   8.8273383823436454E+020
   7.2178499999999996E-003   8.7004356563009064E+020
   7.2126700000000000E-003   8.5345165425591006E+020
   7.2078100000000003E-003   8.4597277692335856E+020
   7.2034200000000003E-003   8.5111572106442650E+020
   7.1981700000000003E-003   8.4116665172753960E+020
   7.1923700000000000E-003   8.3755318660588949E+020
   7.1866100000000004E-003   8.4000153246327295E+020
   7.1831100000000004E-003   8.4270376111452547E+020
   7.1783400000000001E-003   8.4450441762838715E+020
   7.1759700000000003E-003   8.4640071986555086E+020
   7.1741900000000004E-003   8.4965543420798383E+020
   7.1700300000000000E-003   8.5362207921830376E+020
   7.1676500000000002E-003   8.5740441661980423E+020
   7.1643399999999999E-003   8.6198981072079212E+020
   7.1616199999999996E-003   8.7019410731645796E+020
   7.1555799999999999E-003   8.8186795063145923E+020
   7.1510499999999999E-003   8.9095670501347453E+020
   7.1459300000000000E-003   9.0722711618666784E+020
   7.1399400000000000E-003   9.2205020402422291E+020
   7.1352400000000002E-003   9.3521995963545669E+020
   7.1307400000000000E-003   9.5020105861993818E+020
   7.1263899999999998E-003   9.6286000264007608E+020
   7.1224299999999999E-003   9.7856521785332269E+020
   7.1174000000000003E-003   9.9127391540265733E+020
   7.1153299999999996E-003   1.0023614632615742E+021
   7.1111999999999998E-003   1.0158159684474389E+021
   7.1084499999999997E-003   1.0286033353402631E+021
   7.1043499999999997E-003   1.0405743227157846E+021
   7.1023099999999997E-003   1.0524352929014657E+021
   7.0983200000000000E-003   1.0681747706207319E+021
   7.0944399999999996E-003   1.0800403774682492E+021
   7.0924999999999998E-003   1.0893210842674819E+021
   7.0899800000000001E-003   1.1049705990331962E+021
   7.0849700000000003E-003   1.1259945510267987E+021
   7.0799799999999996E-003   1.1472535343693099E+021
   7.0750099999999996E-003   1.1633271945307199E+021
   7.0725299999999996E-003   1.1725030888555091E+021
   7.0706800000000002E-003   1.1845704414289018E+021
   7.0669799999999996E-003   1.2006498612147480E+021
   7.0633400000000004E-003   1.2164917469045163E+021
   7.0597600000000000E-003   1.2320542577766705E+021
   7.0562400000000001E-003   1.2473272979615342E+021
   7.0527799999999998E-003   1.2649849650245628E+021
   7.0482599999999998E-003   1.2811918453034136E+021
   7.0454799999999998E-003   1.2934362645104131E+021
   7.0426999999999998E-003   1.3093865195931540E+021
   7.0381300000000001E-003   1.3271200027257015E+021
   7.0345499999999997E-003   1.3418797504863110E+021
   7.0313800000000003E-003   1.3547359268343356E+021
   7.0286400000000001E-003   1.3710519495600161E+021
   7.0240399999999996E-003   1.3912912024396720E+021
   7.0192400000000004E-003   1.4162730252843064E+021
   7.0130499999999998E-003   1.4353990188220657E+021
   7.0101199999999999E-003   1.4494229676630388E+021
   7.0072099999999998E-003   1.4687125031244700E+021
   7.0028499999999997E-003   1.4819625288354407E+021
   6.9970600000000003E-003   1.5156896227549174E+021
   6.9941700000000001E-003   1.5175318024586034E+021
   6.9912999999999998E-003   1.5294932912376686E+021
   6.9868300000000003E-003   1.5514074467658548E+021
   6.9805800000000001E-003   1.5799530975439419E+021
   6.9769699999999999E-003   1.5958062198217570E+021
   6.9708399999999998E-003   1.6261514969079748E+021
   6.9648000000000002E-003   1.6314101942600157E+021
   6.9613699999999997E-003   1.6455802093473112E+021
   6.9591699999999998E-003   1.6696542558607646E+021
   6.9547799999999998E-003   1.6779076142672729E+021
   6.9494500000000002E-003   1.7282587574229716E+021
   6.9463199999999998E-003   1.7221211817388063E+021
   6.9413100000000000E-003   1.7275568670508206E+021
   6.9388100000000001E-003   1.7359474125422115E+021
   6.9339500000000004E-003   1.7855523277464831E+021
   6.9268500000000000E-003   1.7917027693020926E+021
   6.9219900000000003E-003   1.8187977875397303E+021
   6.9171500000000004E-003   1.8362163264622284E+021
   6.9088400000000003E-003   1.8553363143983710E+021
   6.9044099999999997E-003   1.8792201929032165E+021
   6.9007299999999999E-003   1.8974661818210061E+021
   6.8970600000000000E-003   1.9184832616968264E+021
   6.8943700000000004E-003   1.9202453064422381E+021
   6.8923600000000002E-003   1.9375619828694217E+021
   6.8887000000000002E-003   1.9569557204500506E+021
   6.8871100000000001E-003   1.9735534921133541E+021
   6.8845800000000004E-003   1.9872984906743942E+021
   6.8825400000000004E-003   2.0062065812159893E+021
   6.8809600000000002E-003   2.0104343553434478E+021
   6.8793900000000000E-003   2.0210848399528081E+021
   6.8780899999999999E-003   2.0289090648702696E+021
   6.8767899999999998E-003   2.0362431203791250E+021
   6.8755200000000004E-003   2.0459422528725168E+021
   6.8742400000000002E-003   2.0641247964590302E+021
   6.8716500000000000E-003   2.0730684412559205E+021
   6.8690599999999997E-003   2.0799017834676738E+021
   6.8679199999999996E-003   2.0830657168690682E+021
   6.8667900000000002E-003   2.1053084792183983E+021
   6.8649899999999996E-003   2.1104214220944300E+021
   6.8631800000000000E-003   2.1155362730555956E+021
   6.8613800000000003E-003   2.1206529314590753E+021
   6.8595899999999996E-003   2.1373928521295693E+021
   6.8555500000000002E-003   2.1539241167252826E+021
   6.8515199999999998E-003   2.1790195448020698E+021
   6.8425500000000002E-003   2.2155898159032128E+021
   6.8225700000000000E-003   2.2682362692487558E+021
   6.8046599999999997E-003   2.3146017625922732E+021
   6.7902800000000001E-003   2.3597979839206324E+021
   6.7768799999999999E-003   2.4141912542701363E+021
   6.7571500000000000E-003   2.4769416283139751E+021
   6.7386499999999997E-003   2.5333012202175217E+021
   6.7222300000000000E-003   2.5872311546777090E+021
   6.7058800000000000E-003   2.6423734417955802E+021
   6.6897099999999998E-003   2.7019673840027786E+021
   6.6709700000000000E-003   2.7609509782340360E+021
   6.6553699999999999E-003   2.8163262617803597E+021
   6.6393900000000002E-003   2.8754474957845923E+021
   6.6220000000000003E-003   2.9400597214592154E+021
   6.6034300000000004E-003   3.0148643739069805E+021
   6.5810199999999999E-003   3.0873699872578297E+021
   6.5644299999999996E-003   3.1564986372654466E+021
   6.5445199999999999E-003   3.2328847894671162E+021
   6.5248600000000004E-003   3.3030894386774257E+021
   6.5085600000000000E-003   3.3570605100426498E+021
   6.4979100000000000E-003   3.4153742078131904E+021
   6.4794800000000001E-003   3.4759804856363878E+021
   6.4681799999999996E-003   3.5452085260105286E+021
   6.4458299999999996E-003   3.6255977664978501E+021
   6.4295699999999999E-003   3.6945927927999743E+021
   6.4134700000000001E-003   3.7579168577247495E+021
   6.4003400000000000E-003   3.8151931520207479E+021
   6.3873100000000002E-003   3.9108484187312121E+021
   6.3571000000000001E-003   4.0462636443156989E+021
   6.3274200000000003E-003   4.1466986553472078E+021
   6.3138700000000001E-003   4.2343020254137454E+021
   6.2902100000000001E-003   4.3150069037441221E+021
   6.2800699999999996E-003   4.3987136833931638E+021
   6.2556699999999996E-003   4.5181929157240952E+021
   6.2316000000000003E-003   4.6142723912873646E+021
   6.2176999999999996E-003   4.6843850589229301E+021
   6.2039100000000000E-003   4.7747745878931596E+021
   6.1825900000000000E-003   4.8861933892354745E+021
   6.1615000000000003E-003   4.9806316219194703E+021
   6.1472899999999997E-003   5.0566755230545315E+021
   6.1331900000000002E-003   5.1745602561234059E+021
   6.1041300000000001E-003   5.3357339828154102E+021
   6.0754900000000002E-003   5.4702683415043847E+021
   6.0570600000000004E-003   5.5769881668775680E+021
   6.0388000000000004E-003   5.6640622030085192E+021
   6.0277600000000001E-003   5.7290768056969016E+021
   6.0167700000000003E-003   5.8406490855167838E+021
   5.9905599999999998E-003   6.0321347270786805E+021
   5.9542099999999997E-003   6.2361220473127814E+021
   5.9256800000000000E-003   6.3859644754042563E+021
   5.9077399999999999E-003   6.5203240510402362E+021
   5.8845800000000004E-003   6.6733551013055577E+021
   5.8616600000000003E-003   6.8563873574012615E+021
   5.8305500000000003E-003   7.0728256052667362E+021
   5.7991700000000002E-003   7.2408878755958007E+021
   5.7832800000000000E-003   7.3541855782904728E+021
   5.7675000000000001E-003   7.5289210945617967E+021
   5.7352000000000002E-003   7.7676167697295705E+021
   5.7033400000000003E-003   8.0146602747880171E+021
   5.6704700000000004E-003   8.2694593795001135E+021
   5.6380400000000004E-003   8.5326393308529002E+021
   5.6045899999999996E-003   8.8053712456578635E+021
   5.5715699999999996E-003   9.0860219633775915E+021
   5.5375299999999997E-003   9.3766817882469795E+021
   5.5039199999999998E-003   9.6770911473958136E+021
   5.4692800000000000E-003   9.9868431889781511E+021
   5.4350600000000002E-003   1.0225606223430070E+022
   5.4175600000000001E-003   1.0388113412509827E+022
   5.4001700000000001E-003   1.0638267837665178E+022
   5.3645899999999998E-003   1.0980441128488416E+022
   5.3294400000000004E-003   1.1243539012755520E+022
   5.3114599999999996E-003   1.1422989356507521E+022
   5.2935899999999999E-003   1.1697366437633309E+022
   5.2574299999999996E-003   1.2074705922476481E+022
   5.2209300000000004E-003   1.2464672939008816E+022
   5.1840999999999996E-003   1.2867683414089295E+022
   5.1469300000000001E-003   1.3284217044484567E+022
   5.1094199999999999E-003   1.3714740475662623E+022
   5.0715700000000001E-003   1.4159741959879715E+022
   5.0333599999999997E-003   1.4619720316086655E+022
   4.9947999999999998E-003   1.5095187568777780E+022
   4.9558800000000002E-003   1.5586716672447453E+022
   4.9165900000000002E-003   1.5965854000950748E+022
   4.8967200000000002E-003   1.6224432541123056E+022
   4.8769399999999997E-003   1.6486644257267552E+022
   4.8568700000000001E-003   1.6753977414973328E+022
   4.8368999999999999E-003   1.7104124395525134E+022
   4.8051300000000003E-003   1.7539352688793330E+022
   4.7735800000000004E-003   1.7903751173746433E+022
   4.7530200000000002E-003   1.8194481925983260E+022
   4.7325500000000003E-003   1.8490591814079564E+022
   4.7117900000000004E-003   1.8791562395369605E+022
   4.6911200000000000E-003   1.9097742117077439E+022
   4.6701599999999996E-003   1.9409100847027791E+022
   4.6492900000000004E-003   1.9725962559721665E+022
   4.6281200000000003E-003   2.0048297923003529E+022
   4.6070399999999997E-003   2.0376217510360367E+022
   4.5856700000000000E-003   2.0709962562698499E+022
   4.5643799999999998E-003   2.1049496579765390E+022
   4.5427899999999997E-003   2.1395187964701535E+022
   4.5212799999999999E-003   2.1747126768599050E+022
   4.4994700000000002E-003   2.2105342668059410E+022
   4.4777500000000000E-003   2.2469925370325172E+022
   4.4557199999999998E-003   2.2841358820384126E+022
   4.4337700000000001E-003   2.3219733402004761E+022
   4.4115200000000004E-003   2.3605079314208253E+022
   4.3893400000000003E-003   2.3997787347973694E+022
   4.3668500000000002E-003   2.4397551271325850E+022
   4.3444399999999998E-003   2.4805505152973455E+022
   4.3217200000000002E-003   2.5221305202761464E+022
   4.2990700000000003E-003   2.5645477482260303E+022
   4.2761099999999996E-003   2.6078009394499827E+022
   4.2532100000000003E-003   2.6518605842892735E+022
   4.2300899999999997E-003   2.6969178600674488E+022
   4.2068499999999998E-003   2.7429253596803060E+022
   4.1834899999999998E-003   2.7899206898108586E+022
   4.1599899999999997E-003   2.8379271714588934E+022
   4.1363600000000004E-003   2.8870287245633200E+022
   4.1126000000000001E-003   2.9372243889643778E+022
   4.0887099999999997E-003   2.9886479545047194E+022
   4.0646800000000002E-003   3.0412766706570701E+022
   4.0405199999999997E-003   3.0951846742354551E+022
   4.0162100000000001E-003   3.1504537570948120E+022
   3.9917700000000004E-003   3.2070938227112575E+022
   3.9671799999999998E-003   3.2651586494641864E+022
   3.9424400000000002E-003   3.3247311570092857E+022
   3.9175599999999996E-003   3.3858416985742783E+022
   3.8925299999999999E-003   3.4485336416521818E+022
   3.8673399999999999E-003   3.5129968508351753E+022
   3.8420099999999999E-003   3.5792229171398076E+022
   3.8165100000000000E-003   3.6474369754940704E+022
   3.7908600000000001E-003   3.7179430337297548E+022
   3.7650399999999999E-003   3.7909191660015060E+022
   3.7390600000000002E-003   3.8660610974135341E+022
   3.7129099999999998E-003   3.9429108484660531E+022
   3.6865900000000000E-003   4.0211962489492845E+022
   3.6600900000000000E-003   4.1009332161118088E+022
   3.6334200000000001E-003   4.1821395777096098E+022
   3.6065699999999999E-003   4.2648341135954132E+022
   3.5795400000000000E-003   4.3490371596369372E+022
   3.5523099999999999E-003   4.4347698952118429E+022
   3.5249000000000001E-003   4.5220544298770384E+022
   3.4972900000000001E-003   4.6109139564552788E+022
   3.4694900000000000E-003   4.7013721832309742E+022
   3.4414699999999999E-003   4.7934537798895616E+022
   3.4132600000000000E-003   4.8871838621963576E+022
   3.3848300000000001E-003   4.9825882448880114E+022
   3.3561799999999998E-003   5.0796935067284326E+022
   3.3273100000000000E-003   5.1785264706755538E+022
   3.2982200000000001E-003   5.2791147983499747E+022
   3.2688900000000000E-003   5.3814863852795716E+022
   3.2393299999999999E-003   5.4856697851327235E+022
   3.2095200000000000E-003   5.5916937258704851E+022
   3.1794599999999998E-003   5.6995877389531125E+022
   3.1491399999999999E-003   5.8093814168283223E+022
   3.1185599999999998E-003   5.9211050050906191E+022
   3.0877100000000000E-003   6.0347889589711930E+022
   3.0565800000000001E-003   6.1504640402043429E+022
   3.0251700000000002E-003   6.2681615740053297E+022
   2.9934599999999999E-003   6.3879130009150536E+022
   2.9614500000000000E-003   6.5097499623492443E+022
   2.9291299999999998E-003   6.6337047399161236E+022
   2.8964799999999999E-003   6.7598093769107611E+022
   2.8635000000000002E-003   6.8880966557192696E+022
   2.8301799999999998E-003   7.0185993251956472E+022
   2.7964999999999999E-003   7.1513501867820200E+022
   2.7624600000000000E-003   7.2863824351906534E+022
   2.7280400000000002E-003   7.4237293823563854E+022
   2.6932200000000001E-003   7.5634241213293539E+022
   2.6579899999999998E-003   7.7055002957526499E+022
   2.6223399999999999E-003   7.8499910700868043E+022
   2.5862500000000000E-003   7.9969301948807109E+022
   2.5496999999999998E-003   8.1463509169051152E+022
   2.5126699999999998E-003   8.2982863750115199E+022
   2.4751399999999998E-003   8.4527698390050885E+022
   2.4370899999999998E-003   8.6098340496004639E+022
   2.3984900000000001E-003   8.7695119101563291E+022
   2.3593199999999998E-003   8.9318354038068135E+022
   2.3195500000000001E-003   9.0967995541716902E+022
   2.2791600000000001E-003   9.2647329303625325E+022
   2.2380899999999999E-003   9.4354085921137610E+022
   2.1963299999999998E-003   9.6088562849748372E+022
   2.1538299999999998E-003   9.7851053283704784E+022
   2.1105400000000002E-003   9.9641835441198239E+022
   2.0664199999999998E-003   1.0146048379456316E+023
   2.0214199999999999E-003   1.0331076858390892E+023
   1.9754700000000000E-003   1.0519036480588912E+023
   1.9285000000000001E-003   1.0709433334950486E+023
   1.8807800000000001E-003   1.0903550335442201E+023
   1.8312300000000001E-003   1.1101151496413615E+023
   1.7807400000000001E-003   1.1301119887983216E+023
   1.7288700000000000E-003   1.1474201969460186E+023
   1.6892800000000000E-003   1.1630582586808389E+023
   1.6482000000000001E-003   1.1855917770641117E+023
   1.5708400000000000E-003   1.2072515293518682E+023
   1.5275099999999999E-003   1.2236904363744585E+023
   1.4820899999999999E-003   1.2484788637083396E+023
   1.3879400000000001E-003   1.2753196723574648E+023
   1.3229500000000000E-003   1.2975192858621852E+023
   1.2551500000000000E-003   1.3196924016267545E+023
   1.1802799999999999E-003   1.3434749845118718E+023
   1.1005600000000000E-003   1.3673765401238380E+023
   1.0087799999999999E-003   1.3943953152771872E+023
   8.9932000000000000E-004   1.4280308221564197E+023
   7.0640000000000004E-004   1.4600435019792868E+023
   5.6782000000000002E-004   1.4803825609758854E+023
   4.8414999999999998E-004   1.4924630326984103E+023
   3.8297000000000000E-004   1.5008422988921756E+023
   3.1386000000000001E-004   1.5082576391455565E+023
   2.5071000000000002E-004   1.5098802937612349E+023
   2.0164000000000000E-004   1.5149400672784160E+023
   1.6417000000000000E-004   1.5156970336414288E+023
   1.3642999999999999E-004   1.5178294197655575E+023
   1.1689000000000000E-004   1.5180150682186295E+023
   1.0404999999999999E-004   1.5190180565407031E+023
   8.6870000000000000E-005   1.5195971407278866E+023
   6.8949999999999995E-005   1.5199179570425383E+023
   5.4719999999999998E-005   1.5204542400932340E+023
   4.3430000000000003E-005   1.5206135931366938E+023
   3.4470000000000000E-005   1.5206995299368059E+023
   2.7359999999999999E-005   1.5208974851572731E+023
   2.1719999999999999E-005   1.5209354291665523E+023
   1.7240000000000001E-005   1.5210261173906521E+023
   1.3679999999999999E-005   1.5211131201487110E+023
