   8.8912899999999996E-003   1207637781283598.0     
   8.8912799999999997E-003   1517219891731404.0     
   8.8912799999999997E-003   1774176614174353.8     
   8.8912699999999997E-003   1997017799761546.2     
   8.8912699999999997E-003   2195382315904267.8     
   8.8912699999999997E-003   2375699412552697.5     
   8.8912699999999997E-003   2542042182645304.5     
   8.8912599999999998E-003   2696852707922458.0     
   8.8912599999999998E-003   2841778306208174.0     
   8.8912599999999998E-003   2978179860319535.5     
   8.8912599999999998E-003   3107144298484085.5     
   8.8912599999999998E-003   3229628061986061.5     
   8.8912599999999998E-003   3346442533879674.0     
   8.8912599999999998E-003   3458228599014415.0     
   8.8912499999999998E-003   3565507923140408.0     
   8.8912499999999998E-003   3668714020253866.0     
   8.8912499999999998E-003   3768198717616667.5     
   8.8912499999999998E-003   3864252024457599.0     
   8.8912499999999998E-003   3957144690502803.5     
   8.8912499999999998E-003   4047127216459191.5     
   8.8912499999999998E-003   4155692893772252.5     
   8.8912499999999998E-003   4281189237777733.0     
   8.8912399999999999E-003   4401765954347430.5     
   8.8912399999999999E-003   4517876595139228.0     
   8.8912399999999999E-003   4611613752703492.0     
   8.8912399999999999E-003   4684606179329925.0     
   8.8912399999999999E-003   4755998946227683.0     
   8.8912399999999999E-003   4825869168514905.0     
   8.8912399999999999E-003   4911086477201924.0     
   8.8912399999999999E-003   5010622971246389.0     
   8.8912399999999999E-003   5107251909328514.0     
   8.8912300000000000E-003   5201143704333924.0     
   8.8912300000000000E-003   5277477475949020.0     
   8.8912300000000000E-003   5337268598648352.0     
   8.8912300000000000E-003   5396019843265882.0     
   8.8912300000000000E-003   5453773325654606.0     
   8.8912300000000000E-003   5538495503620634.0     
   8.8912300000000000E-003   5621441368780102.0     
   8.8912300000000000E-003   5675591706017279.0     
   8.8912300000000000E-003   5755187338683567.0     
   8.8912300000000000E-003   5858789955030374.0     
   8.8912200000000000E-003   5959528938047171.0     
   8.8912200000000000E-003   6057594986006817.0     
   8.8912200000000000E-003   6129585269139282.0     
   8.8912200000000000E-003   6176767838044188.0     
   8.8912200000000000E-003   6223372568179177.0     
   8.8912200000000000E-003   6269414785861923.0     
   8.8912200000000000E-003   6337376078866913.0     
   8.8912200000000000E-003   6426267684336052.0     
   8.8912200000000000E-003   6513157125613109.0     
   8.8912200000000000E-003   6598133959466542.0     
   8.8912200000000000E-003   6694898122730328.0     
   8.8912100000000001E-003   6802668205622863.0     
   8.8912100000000001E-003   6907517564963545.0     
   8.8912100000000001E-003   7009613764701524.0     
   8.8912100000000001E-003   7109113268077671.0     
   8.8912100000000001E-003   7206163739244994.0     
   8.8912100000000001E-003   7300901658467817.0     
   8.8912100000000001E-003   7393445356340551.0     
   8.8912000000000001E-003   7495012139801236.0     
   8.8912000000000001E-003   7604987270845450.0     
   8.8912000000000001E-003   7712042592750360.0     
   8.8912000000000001E-003   7790608302983636.0     
   8.8912000000000001E-003   7842091791068487.0     
   8.8912000000000001E-003   7918025589825891.0     
   8.8912000000000001E-003   8017222942957301.0     
   8.8912000000000001E-003   8114043936720600.0     
   8.8912000000000001E-003   8208589558905241.0     
   8.8911900000000002E-003   8300953936660371.0     
   8.8911900000000002E-003   8391222953622704.0     
   8.8911900000000002E-003   8479488683283944.0     
   8.8911900000000002E-003   8565870721405096.0     
   8.8911900000000002E-003   8650487930925704.0     
   8.8911900000000002E-003   8733450048717471.0     
   8.8911900000000002E-003   8854785189875253.0     
   8.8911800000000003E-003   8992716883393853.0     
   8.8911800000000003E-003   9107693331749490.0     
   8.8911800000000003E-003   9219952468234480.0     
   8.8911800000000003E-003   9302556318372024.0     
   8.8911800000000003E-003   9356787255627540.0     
   8.8911800000000003E-003   9436927783242308.0     
   8.8911800000000003E-003   9541941441695004.0     
   8.8911700000000003E-003   9695132849554670.0     
   8.8911700000000003E-003   9844631511529868.0     
   8.8911700000000003E-003   9941701846974468.0     
   8.8911700000000003E-003   10036970292274858.     
   8.8911700000000003E-003   10130490963945802.     
   8.8911600000000004E-003   10222313155150502.     
   8.8911600000000004E-003   10312482473741390.     
   8.8911600000000004E-003   10401070947846250.     
   8.8911600000000004E-003   10488194327104958.     
   8.8911600000000004E-003   10588060059149696.     
   8.8911600000000004E-003   10700186937207274.     
   8.8911500000000004E-003   10864201178106612.     
   8.8911500000000004E-003   11024797104662188.     
   8.8911500000000004E-003   11129575140880254.     
   8.8911500000000004E-003   11232871501028056.     
   8.8911500000000004E-003   11334846580290738.     
   8.8911400000000005E-003   11448142705481940.     
   8.8911400000000005E-003   11572575955650360.     
   8.8911400000000005E-003   11695697386836428.     
   8.8911400000000005E-003   11817769782131742.     
   8.8911400000000005E-003   11939008285957212.     
   8.8911300000000006E-003   12059539561741384.     
   8.8911300000000006E-003   12239095816446406.     
   8.8911300000000006E-003   12429655261603356.     
   8.8911300000000006E-003   12571971371080718.     
   8.8911200000000006E-003   12714038012428526.     
   8.8911200000000006E-003   12855990300339166.     
   8.8911200000000006E-003   12997804166471372.     
   8.8911200000000006E-003   13139412541828416.     
   8.8911200000000006E-003   13280739284836038.     
   8.8911100000000007E-003   13421704289802412.     
   8.8911100000000007E-003   13562221744469608.     
   8.8911100000000007E-003   13702204670206882.     
   8.8911100000000007E-003   13841558825281518.     
   8.8911100000000007E-003   13980178027137102.     
   8.8911000000000007E-003   14186318117886240.     
   8.8911000000000007E-003   14458024014041984.     
   8.8911000000000007E-003   14725278097353828.     
   8.8910900000000008E-003   14987676322161152.     
   8.8910900000000008E-003   15245129136547422.     
   8.8910900000000008E-003   15497717277943286.     
   8.8910800000000009E-003   15745536529412922.     
   8.8910800000000009E-003   15988693894410116.     
   8.8910800000000009E-003   16227308475909022.     
   8.8910699999999992E-003   16461520519685952.     
   8.8910699999999992E-003   16691565061986456.     
   8.8910699999999992E-003   16917682331099306.     
   8.8910599999999992E-003   17140083297988622.     
   8.8910599999999992E-003   17358952622442224.     
   8.8910599999999992E-003   17574459259258984.     
   8.8910499999999993E-003   17786754434007864.     
   8.8910499999999993E-003   18099229982252128.     
   8.8910499999999993E-003   18506155694575048.     
   8.8910399999999994E-003   18804414642451600.     
   8.8910399999999994E-003   18999923199466816.     
   8.8910299999999994E-003   19192945218746604.     
   8.8910299999999994E-003   19383551804069608.     
   8.8910299999999994E-003   19633992004928716.     
   8.8910299999999994E-003   19941472236005204.     
   8.8910199999999995E-003   20242921620248036.     
   8.8910199999999995E-003   20465236556227096.     
   8.8910199999999995E-003   20611639306608304.     
   8.8910099999999995E-003   20828586833792856.     
   8.8910099999999995E-003   21113106410645416.     
   8.8910099999999995E-003   21392277498971092.     
   8.8909999999999996E-003   21666241299468264.     
   8.8909999999999996E-003   21935134519091332.     
   8.8909999999999996E-003   22199090671408808.     
   8.8909899999999997E-003   22586022996943916.     
   8.8909799999999997E-003   22962547662383304.     
   8.8909799999999997E-003   23207977384277156.     
   8.8909799999999997E-003   23449051932966448.     
   8.8909699999999998E-003   23685870284628440.     
   8.8909699999999998E-003   24033391184346052.     
   8.8909599999999998E-003   24482543089919012.     
   8.8909599999999998E-003   24916107052114508.     
   8.8909499999999999E-003   25334650843486016.     
   8.8909499999999999E-003   25688926862764368.     
   8.8909400000000000E-003   25984153946636256.     
   8.8909400000000000E-003   26271779337800924.     
   8.8909300000000000E-003   26552115598251432.     
   8.8909300000000000E-003   26960200267995476.     
   8.8909200000000001E-003   27354423736697744.     
   8.8909200000000001E-003   27610410109993752.     
   8.8909100000000001E-003   27861434127204016.     
   8.8909100000000001E-003   28108059665995092.     
   8.8909000000000002E-003   28470765666725548.     
   8.8909000000000002E-003   28943984478196972.     
   8.8908900000000003E-003   29407729293972308.     
   8.8908800000000003E-003   29864600295371348.     
   8.8908700000000004E-003   30316708973992980.     
   8.8908700000000004E-003   30765486021111776.     
   8.8908600000000004E-003   31210776153024796.     
   8.8908500000000005E-003   31651745584976512.     
   8.8908500000000005E-003   32087898442703160.     
   8.8908400000000005E-003   32518961313175872.     
   8.8908300000000006E-003   32944449463298556.     
   8.8908300000000006E-003   33432818228054188.     
   8.8908200000000007E-003   33979480810885496.     
   8.8908100000000007E-003   34512725582984516.     
   8.8908000000000008E-003   35031701491793268.     
   8.8907900000000008E-003   35535740485773856.     
   8.8907900000000008E-003   35903688357053356.     
   8.8907799999999992E-003   36143947072377392.     
   8.8907799999999992E-003   36496604096794088.     
   8.8907699999999992E-003   36952448628525896.     
   8.8907599999999993E-003   37391589947382160.     
   8.8907599999999993E-003   37813833673187712.     
   8.8907499999999993E-003   38317480076022712.     
   8.8907399999999994E-003   38888261665513176.     
   8.8907299999999995E-003   39295157998550464.     
   8.8907199999999995E-003   39685390369526264.     
   8.8907099999999996E-003   40061745668384184.     
   8.8907099999999996E-003   40345266016263376.     
   8.8906999999999996E-003   40661047638698512.     
   8.8906899999999997E-003   40969033770511928.     
   8.8906899999999997E-003   41270266798591816.     
   8.8906799999999998E-003   41710687542172480.     
   8.8906699999999998E-003   42141976711820376.     
   8.8906599999999999E-003   42424031444959304.     
   8.8906599999999999E-003   42771695405921224.     
   8.8906499999999999E-003   43183922704829624.     
   8.8906400000000000E-003   43792404693385416.     
   8.8906200000000001E-003   44396602401864656.     
   8.8906100000000002E-003   44794941010167256.     
   8.8906000000000002E-003   45191160711997568.     
   8.8905900000000003E-003   45585338774064968.     
   8.8905800000000004E-003   46170875467552416.     
   8.8905700000000004E-003   46943168369979424.     
   8.8905500000000005E-003   47577523675034104.     
   8.8905400000000006E-003   48077632892768112.     
   8.8905300000000007E-003   48632552500607232.     
   8.8905200000000007E-003   49239974498276040.     
   8.8905000000000008E-003   49837380753851200.     
   8.8904899999999992E-003   50424964645381744.     
   8.8904799999999992E-003   51145452667108880.     
   8.8904599999999993E-003   51782931929680168.     
   8.8904499999999994E-003   52201068777087752.     
   8.8904399999999995E-003   52614308194456920.     
   8.8904299999999995E-003   53022808981377576.     
   8.8904199999999996E-003   53626319546121728.     
   8.8904099999999996E-003   54416656890232632.     
   8.8903899999999998E-003   55190530305202360.     
   8.8903699999999999E-003   55949346065331704.     
   8.8903599999999999E-003   56694619895699064.     
   8.8903400000000000E-003   57548378377239864.     
   8.8903200000000002E-003   58507156163488088.     
   8.8903000000000003E-003   59332922978744848.     
   8.8902800000000004E-003   60031184221349792.     
   8.8902700000000005E-003   60721861029174440.     
   8.8902500000000006E-003   61405538137069896.     
   8.8902400000000006E-003   62194486610420528.     
   8.8902200000000008E-003   63086799480424616.     
   8.8901999999999991E-003   63969615093335248.     
   8.8901799999999993E-003   64843707109934616.     
   8.8901599999999994E-003   65709276273324016.     
   8.8901399999999995E-003   66566363022878688.     
   8.8901299999999996E-003   67414941826238296.     
   8.8901099999999997E-003   68254943920356776.     
   8.8900899999999998E-003   69086233615905960.     
   8.8900699999999999E-003   69908618812369120.     
   8.8900600000000000E-003   70922988775801512.     
   8.8900300000000002E-003   72121626291255728.     
   8.8900100000000003E-003   73104332305546688.     
   8.8899900000000004E-003   73879148076102928.     
   8.8899800000000005E-003   74644312302589856.     
   8.8899600000000006E-003   75399908262255632.     
   8.8899500000000006E-003   76514879530452528.     
   8.8899200000000008E-003   77969739092002688.     
   8.8898899999999993E-003   79037298891164064.     
   8.8898699999999994E-003   79737633528852608.     
   8.8898599999999994E-003   80600601848027920.     
   8.8898399999999995E-003   81618292062769008.     
   8.8898199999999997E-003   82616699275209152.     
   8.8897999999999998E-003   83596104715685920.     
   8.8897799999999999E-003   84715326195907536.     
   8.8897500000000001E-003   85963997708199664.     
   8.8897200000000003E-003   86879626896628992.     
   8.8897100000000003E-003   87480857030661008.     
   8.8897000000000004E-003   88369304063042832.     
   8.8896700000000006E-003   89528464759989888.     
   8.8896500000000007E-003   90660699400106128.     
   8.8896200000000009E-003   91768029654092928.     
   8.8895999999999992E-003   92852520632982304.     
   8.8895799999999994E-003   93915998265548368.     
   8.8895499999999995E-003   95475324562070336.     
   8.8895099999999998E-003   96998415864548912.     
   8.8894800000000000E-003   97994540896867184.     
   8.8894600000000001E-003   98977148434740496.     
   8.8894400000000002E-003   99947121357307408.     
   8.8894200000000003E-003   1.0114237749978637E+017
   8.8893900000000005E-003   1.0255551350758427E+017
   8.8893600000000007E-003   1.0371685007613326E+017
   8.8893300000000008E-003   1.0463467911523416E+017
   8.8893099999999992E-003   1.0576856742841875E+017
   8.8892799999999994E-003   1.0711239128078322E+017
   8.8892499999999996E-003   1.0843756179465579E+017
   8.8892199999999998E-003   1.0974460485199186E+017
   8.8891999999999999E-003   1.1103398937560738E+017
   8.8891700000000001E-003   1.1230630485378555E+017
   8.8891400000000002E-003   1.1356228679834088E+017
   8.8891100000000004E-003   1.1480273849071717E+017
   8.8890800000000006E-003   1.1602833419468011E+017
   8.8890600000000007E-003   1.1723964237423698E+017
   8.8890299999999992E-003   1.1863480729171154E+017
   8.8889999999999993E-003   1.2020795406975835E+017
   8.8889599999999996E-003   1.2137405522402222E+017
   8.8889399999999997E-003   1.2214402471515019E+017
   8.8889299999999997E-003   1.2345661972313862E+017
   8.8888900000000000E-003   1.2529733085012488E+017
   8.8888500000000002E-003   1.2674309266561608E+017
   8.8888200000000004E-003   1.2780538966629558E+017
   8.8888000000000005E-003   1.2911987745420448E+017
   8.8887700000000007E-003   1.3068068707172157E+017
   8.8887299999999992E-003   1.3222335720186002E+017
   8.8886999999999994E-003   1.3374905313138102E+017
   8.8886699999999996E-003   1.3550766047701750E+017
   8.8886199999999999E-003   1.3749281387489778E+017
   8.8885800000000001E-003   1.3896544828643514E+017
   8.8885600000000002E-003   1.3993787893369288E+017
   8.8885400000000003E-003   1.4138296859355574E+017
   8.8885000000000006E-003   1.4328958112148816E+017
   8.8884600000000008E-003   1.4517207592165706E+017
   8.8884199999999993E-003   1.4703140549632726E+017
   8.8883799999999995E-003   1.4886809888174797E+017
   8.8883399999999998E-003   1.5068253000652672E+017
   8.8883000000000000E-003   1.5247515318357142E+017
   8.8882600000000003E-003   1.5424650307534298E+017
   8.8882300000000004E-003   1.5599719569191318E+017
   8.8881900000000007E-003   1.5772790756497872E+017
   8.8881600000000009E-003   1.5986301716669062E+017
   8.8880999999999995E-003   1.6238831383593414E+017
   8.8880499999999998E-003   1.6446313009052269E+017
   8.8880199999999999E-003   1.6610282866114634E+017
   8.8879800000000002E-003   1.6772584588245600E+017
   8.8879500000000004E-003   1.6933262300652918E+017
   8.8879200000000005E-003   1.7131803769535958E+017
   8.8878700000000008E-003   1.7366998565203104E+017
   8.8878199999999994E-003   1.7598869461670714E+017
   8.8877699999999997E-003   1.7827538640005037E+017
   8.8877299999999999E-003   1.8053124617781130E+017
   8.8876800000000002E-003   1.8275741320274467E+017
   8.8876400000000005E-003   1.8459122463037082E+017
   8.8876100000000006E-003   1.8604386374354781E+017
   8.8875800000000008E-003   1.8819875629175437E+017
   8.8875199999999994E-003   1.9103207972586186E+017
   8.8874599999999998E-003   1.9347402815899283E+017
   8.8874200000000000E-003   1.9553925269409453E+017
   8.8873800000000003E-003   1.9758004884512909E+017
   8.8873400000000005E-003   1.9959736389454666E+017
   8.8873000000000008E-003   2.0192188962695363E+017
   8.8872399999999994E-003   2.0454336639258605E+017
   8.8871899999999997E-003   2.0712847771468342E+017
   8.8871400000000000E-003   2.0967894913142371E+017
   8.8870900000000003E-003   2.1219638325396451E+017
   8.8870400000000006E-003   2.1468228820243939E+017
   8.8869900000000009E-003   2.1713810146581542E+017
   8.8869399999999994E-003   2.1956519986389638E+017
   8.8868899999999997E-003   2.2196488407286051E+017
   8.8868400000000000E-003   2.2433825031028240E+017
   8.8867900000000003E-003   2.2668624352045859E+017
   8.8867500000000006E-003   2.2900969180630285E+017
   8.8867000000000008E-003   2.3187932429539747E+017
   8.8866299999999995E-003   2.3527704213813613E+017
   8.8865699999999999E-003   2.3807135664563898E+017
   8.8865200000000002E-003   2.4028157844820326E+017
   8.8864800000000004E-003   2.4247072535446115E+017
   8.8864400000000007E-003   2.4463929788446538E+017
   8.8863899999999992E-003   2.4785234817054822E+017
   8.8863099999999997E-003   2.5207169904636413E+017
   8.8862300000000002E-003   2.5518892497438998E+017
   8.8861900000000004E-003   2.5724288076671542E+017
   8.8861500000000006E-003   2.6028847177161069E+017
   8.8860699999999994E-003   2.6429119729206061E+017
   8.8859899999999999E-003   2.6725138895820707E+017
   8.8859500000000001E-003   2.6920377398263680E+017
   8.8859100000000003E-003   2.7210194955509888E+017
   8.8858400000000008E-003   2.7591722808912877E+017
   8.8857699999999994E-003   2.7967655930771088E+017
   8.8856899999999999E-003   2.8338279345724432E+017
   8.8856200000000003E-003   2.8722252418438189E+017
   8.8855400000000008E-003   2.9226270512306611E+017
   8.8854299999999997E-003   2.9739968011056966E+017
   8.8853500000000002E-003   3.0054526803131814E+017
   8.8853100000000004E-003   3.0365449723065798E+017
   8.8852299999999992E-003   3.0775380524573267E+017
   8.8851499999999996E-003   3.1179960650556826E+017
   8.8850700000000001E-003   3.1579419434469760E+017
   8.8850000000000005E-003   3.2071559332643789E+017
   8.8848899999999995E-003   3.2652590137034221E+017
   8.8847800000000001E-003   3.3317221768195750E+017
   8.8846299999999993E-003   3.4061054082000032E+017
   8.8845000000000000E-003   3.4608679679797158E+017
   8.8844300000000005E-003   3.4968562741490746E+017
   8.8843599999999991E-003   3.5324641912484467E+017
   8.8842999999999995E-003   3.5677011943767430E+017
   8.8842299999999999E-003   3.6069059470985146E+017
   8.8841500000000004E-003   3.6499619698368851E+017
   8.8840700000000009E-003   3.6924983876077651E+017
   8.8839899999999996E-003   3.7345347572055002E+017
   8.8839100000000001E-003   3.7884343615085190E+017
   8.8837900000000008E-003   3.8537462136870067E+017
   8.8836699999999998E-003   3.9258795459410995E+017
   8.8835300000000006E-003   4.0045253799128032E+017
   8.8833799999999997E-003   4.0898866743021325E+017
   8.8832100000000008E-003   4.1816100349915142E+017
   8.8830500000000000E-003   4.2491666618357178E+017
   8.8829700000000004E-003   4.2935781861456550E+017
   8.8828899999999992E-003   4.3665165010418170E+017
   8.8827000000000003E-003   4.4667348196309261E+017
   8.8825299999999996E-003   4.5578402126443584E+017
   8.8823800000000005E-003   4.6198887336218803E+017
   8.8822999999999992E-003   4.6607669073032781E+017
   8.8822299999999996E-003   4.7079985750066976E+017
   8.8821300000000002E-003   4.7614146717535738E+017
   8.8820400000000008E-003   4.8403596775856730E+017
   8.8818500000000002E-003   4.9437305835946643E+017
   8.8816699999999995E-003   5.0449657848049210E+017
   8.8815000000000005E-003   5.1196233593418522E+017
   8.8814099999999993E-003   5.1687541429935046E+017
   8.8813199999999998E-003   5.2294899329142618E+017
   8.8812000000000006E-003   5.3014683266602426E+017
   8.8810699999999996E-003   5.3958623357952915E+017
   8.8808700000000008E-003   5.5116232110466131E+017
   8.8806700000000002E-003   5.6197443448865594E+017
   8.8804899999999996E-003   5.7206347113503149E+017
   8.8803200000000006E-003   5.8204818311095027E+017
   8.8801499999999998E-003   5.9193538492962278E+017
   8.8799800000000009E-003   6.0326068372005606E+017
   8.8797600000000004E-003   6.1595588968819853E+017
   8.8795400000000000E-003   6.2839813600326131E+017
   8.8793399999999995E-003   6.4060499284970304E+017
   8.8791300000000007E-003   6.5259208376581312E+017
   8.8789300000000002E-003   6.6437287827968819E+017
   8.8787299999999996E-003   6.7380514037594419E+017
   8.8786100000000003E-003   6.8097178987143987E+017
   8.8784899999999993E-003   6.8806665588205440E+017
   8.8783800000000000E-003   6.9509151583006771E+017
   8.8782600000000007E-003   7.0549305551408858E+017
   8.8780300000000003E-003   7.1914445895685901E+017
   8.8778099999999999E-003   7.3387057069487693E+017
   8.8775399999999997E-003   7.4961750014812531E+017
   8.8772899999999995E-003   7.6435223108222246E+017
   8.8770600000000009E-003   7.7812593741817690E+017
   8.8768400000000004E-003   7.9333346883229926E+017
   8.8765700000000003E-003   8.0996964197146918E+017
   8.8763000000000002E-003   8.2640695405781299E+017
   8.8760400000000000E-003   8.4265369971225830E+017
   8.8757899999999997E-003   8.5477870296341594E+017
   8.8756600000000005E-003   8.6685362110093978E+017
   8.8754100000000002E-003   8.7886066967446029E+017
   8.8752899999999992E-003   8.8841722141820634E+017
   8.8751200000000002E-003   8.9952637358673677E+017
   8.8749499999999995E-003   9.1055229272588109E+017
   8.8747900000000005E-003   9.2149720500004557E+017
   8.8746199999999997E-003   9.3620950500326285E+017
   8.8743499999999996E-003   9.5461416674443981E+017
   8.8740799999999995E-003   9.7296776872127322E+017
   8.8738099999999993E-003   9.9127544828879181E+017
   8.8735499999999991E-003   1.0123634339041620E+018
   8.8732099999999994E-003   1.0361549944775665E+018
   8.8728699999999997E-003   1.0538530740490724E+018
   8.8727100000000007E-003   1.0656064740653516E+018
   8.8725499999999999E-003   1.0831707755898757E+018
   8.8722200000000001E-003   1.1064099819056115E+018
   8.8719100000000002E-003   1.1293992262201660E+018
   8.8716000000000003E-003   1.1521507848301668E+018
   8.8713000000000004E-003   1.1775917437557614E+018
   8.8709199999999992E-003   1.2056400668907364E+018
   8.8705599999999996E-003   1.2334352202600041E+018
   8.8702000000000000E-003   1.2609921238608351E+018
   8.8698500000000003E-003   1.2882748508214021E+018
   8.8695000000000006E-003   1.3152983544664940E+018
   8.8691699999999991E-003   1.3368277500534070E+018
   8.8689600000000004E-003   1.3530044974450266E+018
   8.8687599999999998E-003   1.3690629617507441E+018
   8.8685699999999992E-003   1.3850064615619459E+018
   8.8683700000000004E-003   1.4088826887841587E+018
   8.8679799999999993E-003   1.4404855356882929E+018
   8.8676099999999997E-003   1.4744883763498499E+018
   8.8671700000000006E-003   1.5108111539196042E+018
   8.8667499999999996E-003   1.5468788405587003E+018
   8.8663300000000004E-003   1.5827074683758139E+018
   8.8659199999999994E-003   1.6106554834630761E+018
   8.8656800000000008E-003   1.6309471515602867E+018
   8.8654500000000004E-003   1.6511744765588188E+018
   8.8652200000000000E-003   1.6713397631008233E+018
   8.8649999999999996E-003   1.6964621284022208E+018
   8.8646599999999999E-003   1.7264237183324291E+018
   8.8643300000000001E-003   1.7614099953404214E+018
   8.8638899999999993E-003   1.8012620119203922E+018
   8.8634600000000001E-003   1.8408386944806661E+018
   8.8630299999999992E-003   1.8801555414758180E+018
   8.8626199999999999E-003   1.9094111856819622E+018
   8.8624099999999994E-003   1.9288665433098637E+018
   8.8622100000000006E-003   1.9508781671260424E+018
   8.8619500000000004E-003   1.9753985856359398E+018
   8.8616900000000002E-003   2.0120264502670234E+018
   8.8611899999999997E-003   2.0603994063709883E+018
   8.8606899999999992E-003   2.0963473074303444E+018
   8.8604500000000006E-003   2.1202327014194212E+018
   8.8602100000000003E-003   2.1466769637535301E+018
   8.8599200000000003E-003   2.1756290433935365E+018
   8.8596300000000003E-003   2.2043469192711191E+018
   8.8593400000000003E-003   2.2328372384811500E+018
   8.8590600000000002E-003   2.2615307664954232E+018
   8.8587700000000002E-003   2.2904246106557484E+018
   8.8584900000000001E-003   2.3336726387270410E+018
   8.8579300000000000E-003   2.3908353706555331E+018
   8.8573899999999997E-003   2.4333494808079345E+018
   8.8571199999999996E-003   2.4616519704320067E+018
   8.8568499999999994E-003   2.4926096036177797E+018
   8.8565299999999996E-003   2.5261689323728579E+018
   8.8562099999999998E-003   2.5594600464323753E+018
   8.8558999999999999E-003   2.6093961265099459E+018
   8.8552900000000000E-003   2.6593026211362243E+018
   8.8549800000000001E-003   2.6925789831562470E+018
   8.8546800000000002E-003   2.7256073937126129E+018
   8.8543800000000002E-003   2.7708005226156257E+018
   8.8538599999999999E-003   2.8278308142045046E+018
   8.8533499999999994E-003   2.8851029413077627E+018
   8.8528400000000007E-003   2.9426193672015764E+018
   8.8523300000000003E-003   2.9977042588672123E+018
   8.8518699999999995E-003   3.0504372052916454E+018
   8.8514200000000005E-003   3.0933959979910902E+018
   8.8511300000000005E-003   3.1268086875698734E+018
   8.8508400000000004E-003   3.1797821125447270E+018
   8.8502200000000007E-003   3.2510577202091674E+018
   8.8496100000000008E-003   3.3061407181298314E+018
   8.8492599999999994E-003   3.3460918280264504E+018
   8.8489199999999997E-003   3.4038691064164716E+018
   8.8482600000000002E-003   3.4787134789214602E+018
   8.8476100000000005E-003   3.5581146982330921E+018
   8.8468799999999997E-003   3.6425946047147244E+018
   8.8461600000000005E-003   3.7092465476676787E+018
   8.8457599999999994E-003   3.7581881034333394E+018
   8.8453600000000000E-003   3.8076492083655035E+018
   8.8449600000000007E-003   3.8575504467136420E+018
   8.8445599999999996E-003   3.9265538338398853E+018
   8.8438600000000003E-003   4.0139307300689423E+018
   8.8431800000000008E-003   4.0904766272990833E+018
   8.8426700000000004E-003   4.1565438716745364E+018
   8.8421600000000000E-003   4.2176429468223099E+018
   8.8417300000000008E-003   4.3018382056946176E+018
   8.8408800000000006E-003   4.4179912619128131E+018
   8.8399700000000008E-003   4.5079355359132119E+018
   8.8395200000000000E-003   4.5672906977534464E+018
   8.8390900000000008E-003   4.6556812078529239E+018
   8.8382200000000008E-003   4.7721865811632886E+018
   8.8373800000000006E-003   4.8838480168968120E+018
   8.8366000000000000E-003   4.9758325937728317E+018
   8.8360499999999998E-003   5.0518893049536276E+018
   8.8355099999999995E-003   5.1625944326601359E+018
   8.8344800000000005E-003   5.3067092902143375E+018
   8.8334799999999995E-003   5.4526620037145518E+018
   8.8324500000000004E-003   5.6003998649151068E+018
   8.8314499999999994E-003   5.7320278430231132E+018
   8.8306600000000006E-003   5.8481955691484600E+018
   8.8298800000000000E-003   5.9902582664948111E+018
   8.8287599999999997E-003   6.1157679786635817E+018
   8.8282099999999995E-003   6.1985656018840494E+018
   8.8276699999999993E-003   6.3139531904046438E+018
   8.8266999999999998E-003   6.4609291259584082E+018
   8.8257600000000002E-003   6.5751092342541138E+018
   8.8252299999999999E-003   6.6574775695135212E+018
   8.8246999999999996E-003   6.7621423056891617E+018
   8.8239000000000008E-003   6.8885141779877704E+018
   8.8231000000000004E-003   7.0489357591993713E+018
   8.8218900000000006E-003   7.1981275062932613E+018
   8.8212399999999993E-003   7.3172662106023997E+018
   8.8204200000000007E-003   7.4505436302327409E+018
   8.8196000000000004E-003   7.6137188620174971E+018
   8.8184300000000004E-003   7.7579978199023770E+018
   8.8178600000000003E-003   7.8532734896871854E+018
   8.8172900000000002E-003   8.0007105765788744E+018
   8.8161000000000003E-003   8.1494616845286031E+018
   8.8155200000000003E-003   8.2476963269117204E+018
   8.8149400000000003E-003   8.3549439522194483E+018
   8.8142600000000008E-003   8.4709944233577503E+018
   8.8135899999999996E-003   8.6188442480854508E+018
   8.8125400000000007E-003   8.7974544167809976E+018
   8.8115199999999998E-003   8.9470249016411372E+018
   8.8108300000000004E-003   9.0684782578937825E+018
   8.8101399999999993E-003   9.1899389442892360E+018
   8.8094499999999999E-003   9.3783562455305073E+018
   8.8080199999999997E-003   9.6301083470768169E+018
   8.8066299999999993E-003   9.8864733681577820E+018
   8.8051799999999993E-003   1.0082363389648333E+019
   8.8044700000000000E-003   1.0211485424947108E+019
   8.8037600000000008E-003   1.0412257774771616E+019
   8.8022799999999991E-003   1.0681498349473073E+019
   8.8008400000000007E-003   1.0955007949124848E+019
   8.7993299999999993E-003   1.1163637757556523E+019
   8.7985900000000002E-003   1.1300733429021743E+019
   8.7978599999999994E-003   1.1441288161549738E+019
   8.7970900000000005E-003   1.1584996464958999E+019
   8.7963199999999998E-003   1.1726979768879698E+019
   8.7955700000000008E-003   1.1867187200096444E+019
   8.7948200000000001E-003   1.2010711210477390E+019
   8.7940399999999995E-003   1.2157184251715346E+019
   8.7932600000000007E-003   1.2372963709063979E+019
   8.7917299999999993E-003   1.2588769423600157E+019
   8.7909200000000007E-003   1.2736718286082554E+019
   8.7901300000000002E-003   1.2882214388115202E+019
   8.7893399999999997E-003   1.3025247047308675E+019
   8.7885700000000008E-003   1.3171667019420156E+019
   8.7877400000000005E-003   1.3319816353250052E+019
   8.7869300000000001E-003   1.3465024297260517E+019
   8.7861299999999996E-003   1.3607510179658928E+019
   8.7853400000000009E-003   1.3752332649378275E+019
   8.7845100000000006E-003   1.3899031557664999E+019
   8.7836800000000003E-003   1.4042500212912966E+019
   8.7828600000000000E-003   1.4183034882190010E+019
   8.7820599999999995E-003   1.4325573641977573E+019
   8.7811999999999994E-003   1.4469724101308498E+019
   8.7803599999999992E-003   1.4610391757959141E+019
   8.7795300000000007E-003   1.4748107974239283E+019
   8.7787000000000004E-003   1.4887580857891531E+019
   8.7778300000000004E-003   1.5028724139052638E+019
   8.7769700000000003E-003   1.5166406169338200E+019
   8.7761200000000001E-003   1.5301510699705381E+019
   8.7752899999999998E-003   1.5438561388672500E+019
   8.7743999999999999E-003   1.5577611262634959E+019
   8.7735199999999999E-003   1.5713589744468984E+019
   8.7726599999999998E-003   1.5847438393252614E+019
   8.7717999999999997E-003   1.5983648189861605E+019
   8.7708999999999999E-003   1.6122310439931539E+019
   8.7700100000000000E-003   1.6258412903158059E+019
   8.7691300000000000E-003   1.6392840666549721E+019
   8.7682599999999999E-003   1.6530390265009207E+019
   8.7673400000000002E-003   1.6670184519837010E+019
   8.7664300000000004E-003   1.6806100076815825E+019
   8.7655300000000005E-003   1.6944408155225995E+019
   8.7646400000000006E-003   1.7163868949806856E+019
   8.7627799999999995E-003   1.7452523865714625E+019
   8.7609699999999999E-003   1.7666916693318832E+019
   8.7600100000000004E-003   1.7815593177565407E+019
   8.7590700000000007E-003   1.7962405350242980E+019
   8.7581399999999993E-003   1.8112298498818710E+019
   8.7572199999999996E-003   1.8352518077075558E+019
   8.7552900000000006E-003   1.8667355391693181E+019
   8.7534199999999996E-003   1.8900408394124202E+019
   8.7524300000000003E-003   1.9063270375043449E+019
   8.7514499999999992E-003   1.9307980670742581E+019
   8.7495400000000001E-003   1.9641285454265897E+019
   8.7475399999999998E-003   1.9892588056994439E+019
   8.7465600000000004E-003   2.0063041673918050E+019
   8.7455999999999992E-003   2.0336917349108773E+019
   8.7435599999999992E-003   2.0694099831229948E+019
   8.7415800000000005E-003   2.1049506036935008E+019
   8.7395100000000007E-003   2.1321099199784608E+019
   8.7384999999999997E-003   2.1501629311861158E+019
   8.7375000000000005E-003   2.1787256048602288E+019
   8.7354000000000008E-003   2.2167937220471702E+019
   8.7333399999999992E-003   2.2556391471757091E+019
   8.7311999999999997E-003   2.2952172353936482E+019
   8.7291100000000000E-003   2.3246395272219365E+019
   8.7280199999999995E-003   2.3450678519689593E+019
   8.7269300000000008E-003   2.3765786977642791E+019
   8.7247300000000000E-003   2.4180567707195683E+019
   8.7225900000000006E-003   2.4595421271949844E+019
   8.7204199999999996E-003   2.5025818375345316E+019
   8.7181600000000008E-003   2.5464325891932938E+019
   8.7159600000000000E-003   2.5789665026127983E+019
   8.7148000000000000E-003   2.6134300737078145E+019
   8.7125199999999996E-003   2.6527695266947281E+019
   8.7108099999999994E-003   2.6873316337239044E+019
   8.7090599999999994E-003   2.7282062805494739E+019
   8.7067700000000008E-003   2.7756602399559967E+019
   8.7043799999999994E-003   2.8172536680988189E+019
   8.7026199999999995E-003   2.8531171040989069E+019
   8.7008199999999997E-003   2.8905471838838833E+019
   8.6990100000000001E-003   2.9274309999711916E+019
   8.6972400000000002E-003   2.9632104327966347E+019
   8.6955100000000000E-003   2.9978887533520896E+019
   8.6938199999999997E-003   3.0287633862878220E+019
   8.6924299999999993E-003   3.0565278870226969E+019
   8.6910700000000004E-003   3.0862883258522890E+019
   8.6894999999999993E-003   3.1173476793644941E+019
   8.6879599999999998E-003   3.1482582120363758E+019
   8.6863600000000006E-003   3.1797916371786043E+019
   8.6847799999999996E-003   3.2186607768253174E+019
   8.6825300000000008E-003   3.2615954968153833E+019
   8.6803200000000000E-003   3.2961320084408431E+019
   8.6787099999999992E-003   3.3256683181254873E+019
   8.6771399999999999E-003   3.3627626754050994E+019
   8.6748199999999998E-003   3.4034734284209549E+019
   8.6725499999999994E-003   3.4361372893896114E+019
   8.6708800000000006E-003   3.4634303950742237E+019
   8.6692399999999999E-003   3.4897982450907288E+019
   8.6675799999999994E-003   3.5156964246368457E+019
   8.6659500000000004E-003   3.5470676256037577E+019
   8.6636000000000005E-003   3.5808162682564493E+019
   8.6613100000000002E-003   3.6098022977309954E+019
   8.6592600000000002E-003   3.6359301644496699E+019
   8.6572500000000000E-003   3.6605115734531379E+019
   8.6552100000000000E-003   3.6841376398050677E+019
   8.6532099999999997E-003   3.7085330322038096E+019
   8.6508200000000000E-003   3.7331044583035511E+019
   8.6484999999999999E-003   3.7560112163397771E+019
   8.6461100000000003E-003   3.7769421917346554E+019
   8.6437900000000002E-003   3.7924326990229856E+019
   8.6420999999999998E-003   3.8063340866998231E+019
   8.6404399999999992E-003   3.8266936042950738E+019
   8.6373700000000001E-003   3.8501816946716254E+019
   8.6344200000000003E-003   3.8673412353347256E+019
   8.6323700000000003E-003   3.8819892803766436E+019
   8.6303700000000001E-003   3.8972228488131903E+019
   8.6283400000000000E-003   3.9126174501481202E+019
   8.6263599999999996E-003   3.9365757418382238E+019
   8.6223700000000007E-003   3.9612286427587805E+019
   8.6203700000000005E-003   3.9788126181942043E+019
   8.6184199999999999E-003   4.0008252238997438E+019
   8.6157200000000003E-003   4.0204950148590846E+019
   8.6143999999999995E-003   4.0339704088841249E+019
   8.6131000000000003E-003   4.0558077940723024E+019
   8.6104000000000007E-003   4.0785427798987555E+019
   8.6090799999999999E-003   4.0983734890337878E+019
   8.6070999999999995E-003   4.1234810322823160E+019
   8.6050799999999993E-003   4.1453057268089340E+019
   8.6037600000000002E-003   4.1727232455597761E+019
   8.6010900000000005E-003   4.2014485222735004E+019
   8.5997499999999998E-003   4.2212521325026132E+019
   8.5984200000000007E-003   4.2469538350473028E+019
   8.5964300000000004E-003   4.2794712695109755E+019
   8.5943900000000004E-003   4.3076711441191830E+019
   8.5930499999999996E-003   4.3304963702461260E+019
   8.5917400000000005E-003   4.3668167839243264E+019
   8.5889899999999995E-003   4.4109975900210717E+019
   8.5869799999999993E-003   4.4434572630561276E+019
   8.5856200000000004E-003   4.4776973514135298E+019
   8.5835500000000006E-003   4.5269347085437174E+019
   8.5808499999999992E-003   4.5704502935314719E+019
   8.5794400000000007E-003   4.6087245429571518E+019
   8.5773599999999992E-003   4.6549203185398120E+019
   8.5753200000000009E-003   4.7114032106897793E+019
   8.5724800000000004E-003   4.7657963949142745E+019
   8.5707200000000004E-003   4.8084818518653469E+019
   8.5689900000000003E-003   4.8615520507475476E+019
   8.5664799999999996E-003   4.9244122178945245E+019
   8.5640300000000003E-003   4.9945219935888687E+019
   8.5611100000000002E-003   5.0519309876100817E+019
   8.5596700000000001E-003   5.0906714843352244E+019
   8.5582499999999999E-003   5.1571172401492673E+019
   8.5548900000000008E-003   5.2505225343758205E+019
   8.5516199999999994E-003   5.3245981104625271E+019
   8.5497300000000002E-003   5.3956620243071320E+019
   8.5467400000000006E-003   5.4913138014303388E+019
   8.5433100000000001E-003   5.5775798697267479E+019
   8.5410399999999997E-003   5.6424348245338530E+019
   8.5390799999999992E-003   5.7032270679325311E+019
   8.5371400000000004E-003   5.7787896699417805E+019
   8.5343699999999995E-003   5.8653519032507859E+019
   8.5316500000000000E-003   5.9484102318375182E+019
   8.5292400000000004E-003   6.0264703480885748E+019
   8.5268700000000006E-003   6.0936598526699790E+019
   8.5252300000000000E-003   6.1487933672458117E+019
   8.5235999999999992E-003   6.2294059261242900E+019
   8.5204800000000004E-003   6.3374969886640833E+019
   8.5174199999999995E-003   6.4179915302617219E+019
   8.5158400000000002E-003   6.4736571484899238E+019
   8.5142800000000008E-003   6.5422888301285851E+019
   8.5120400000000002E-003   6.6233104339879035E+019
   8.5098299999999995E-003   6.7279722021667594E+019
   8.5063699999999992E-003   6.8585845549265052E+019
   8.5028699999999992E-003   7.0011676450379342E+019
   8.4989300000000000E-003   7.1299707522061443E+019
   8.4962400000000004E-003   7.2374757122576777E+019
   8.4934999999999993E-003   7.3703106915708543E+019
   8.4896499999999996E-003   7.5480763600536994E+019
   8.4848100000000006E-003   7.6924545102769684E+019
   8.4826799999999994E-003   7.7817061184393609E+019
   8.4805699999999998E-003   7.8868741139809518E+019
   8.4777399999999992E-003   8.0103267331137110E+019
   8.4748199999999992E-003   8.1357543771095351E+019
   8.4719400000000007E-003   8.2632961510420300E+019
   8.4689799999999992E-003   8.3943041252786717E+019
   8.4659999999999996E-003   8.5258525676814057E+019
   8.4630699999999996E-003   8.6377260496719249E+019
   8.4609999999999998E-003   8.7755538621988274E+019
   8.4569299999999997E-003   8.9879225073568465E+019
   8.4517599999999991E-003   9.1913978115769450E+019
   8.4481199999999999E-003   9.3497160937848177E+019
   8.4449399999999997E-003   9.5003410338450326E+019
   8.4417099999999998E-003   9.7052452845364560E+019
   8.4363000000000007E-003   9.9191785633355629E+019
   8.4327299999999994E-003   1.0051030587410689E+020
   8.4308200000000003E-003   1.0201430676113505E+020
   8.4265699999999995E-003   1.0408125707620773E+020
   8.4223900000000001E-003   1.0567549525237459E+020
   8.4200899999999999E-003   1.0681017256123748E+020
   8.4178199999999995E-003   1.0848434799323829E+020
   8.4134099999999996E-003   1.1067590147126228E+020
   8.4090799999999993E-003   1.1222040413857186E+020
   8.4072899999999996E-003   1.1313094730319983E+020
   8.4054999999999998E-003   1.1467550755835489E+020
   8.4012400000000008E-003   1.1684265231399363E+020
   8.3970599999999996E-003   1.1846166306796426E+020
   8.3949000000000003E-003   1.1958101016387536E+020
   8.3927600000000008E-003   1.2116445188321470E+020
   8.3888499999999998E-003   1.2320484421363918E+020
   8.3850000000000001E-003   1.2493714180970367E+020
   8.3822900000000006E-003   1.2636837803222662E+020
   8.3796200000000008E-003   1.2800137905388849E+020
   8.3761900000000004E-003   1.2983266286118665E+020
   8.3728099999999996E-003   1.3192100542190110E+020
   8.3684899999999993E-003   1.3425904653197269E+020
   8.3642300000000003E-003   1.3640918777113793E+020
   8.3606300000000008E-003   1.3919024927436872E+020
   8.3541799999999992E-003   1.4177832728840416E+020
   8.3513200000000006E-003   1.4347821804616576E+020
   8.3481300000000005E-003   1.4526763277803191E+020
   8.3449800000000001E-003   1.4803272281698419E+020
   8.3384400000000008E-003   1.5174974169285991E+020
   8.3320400000000006E-003   1.5559590810653567E+020
   8.3251899999999997E-003   1.5956811849219998E+020
   8.3185099999999994E-003   1.6258994274987108E+020
   8.3149000000000001E-003   1.6472936381943418E+020
   8.3113400000000004E-003   1.6699581641999014E+020
   8.3073599999999997E-003   1.6938820244290378E+020
   8.3034300000000005E-003   1.7166013839071917E+020
   8.2998800000000008E-003   1.7381492651089288E+020
   8.2963800000000008E-003   1.7640451047705048E+020
   8.2914800000000004E-003   1.7942119852983756E+020
   8.2866499999999996E-003   1.8277132157400236E+020
   8.2807699999999998E-003   1.8644378454292814E+020
   8.2749999999999994E-003   1.8987959547551895E+020
   8.2699399999999999E-003   1.9309295965205250E+020
   8.2649600000000000E-003   1.9642359917028576E+020
   8.2595600000000009E-003   1.9957160507495884E+020
   8.2553300000000000E-003   2.0232368093416577E+020
   8.2511600000000004E-003   2.0603582946755438E+020
   8.2441100000000007E-003   2.1068852478955268E+020
   8.2372100000000000E-003   2.1509256562817368E+020
   8.2310600000000001E-003   2.1923537078444743E+020
   8.2250199999999996E-003   2.2310281852668808E+020
   8.2196700000000001E-003   2.2810973774613814E+020
   8.2105800000000003E-003   2.3253739977377454E+020
   8.2069799999999991E-003   2.3506445978382012E+020
   8.2033999999999996E-003   2.3883200271773935E+020
   8.1963599999999998E-003   2.4381939873766631E+020
   8.1894499999999992E-003   2.4786784611917044E+020
   8.1851200000000006E-003   2.5099421662120860E+020
   8.1808400000000000E-003   2.5466959148491889E+020
   8.1750799999999995E-003   2.5888608574233431E+020
   8.1693900000000003E-003   2.6357757145347958E+020
   8.1624499999999999E-003   2.6989051758845087E+020
   8.1525999999999994E-003   2.7628092804615419E+020
   8.1455999999999994E-003   2.8046948650187584E+020
   8.1416500000000003E-003   2.8520917363880873E+020
   8.1333599999999992E-003   2.9161283706200398E+020
   8.1252300000000006E-003   2.9648064564414684E+020
   8.1209600000000000E-003   2.9985266263573417E+020
   8.1167300000000008E-003   3.0320861722515413E+020
   8.1125499999999996E-003   3.0655079477663157E+020
   8.1084000000000000E-003   3.1175372216046223E+020
   8.0996899999999997E-003   3.1878978977801195E+020
   8.0911500000000001E-003   3.2599722078581955E+020
   8.0822299999999993E-003   3.3337439122724114E+020
   8.0734799999999992E-003   3.3899162736457974E+020
   8.0688800000000005E-003   3.4287501627843084E+020
   8.0643299999999998E-003   3.4674311857844185E+020
   8.0598300000000005E-003   3.5059631799192971E+020
   8.0553599999999993E-003   3.5659689163625988E+020
   8.0459899999999994E-003   3.6471067157685358E+020
   8.0368000000000002E-003   3.7085952219889638E+020
   8.0319799999999993E-003   3.7513128540410236E+020
   8.0272000000000000E-003   3.7938708621730401E+020
   8.0224700000000003E-003   3.8362713403862339E+020
   8.0177900000000003E-003   3.9022756351082450E+020
   8.0079599999999997E-003   3.9915902188617407E+020
   7.9983099999999998E-003   4.0829175294227861E+020
   7.9882400000000006E-003   4.1766574365267381E+020
   7.9783500000000004E-003   4.2480899591271114E+020
   7.9731699999999999E-003   4.2974693318638056E+020
   7.9680399999999992E-003   4.3466774716242992E+020
   7.9629499999999999E-003   4.3957268433893170E+020
   7.9579100000000003E-003   4.4720600105530130E+020
   7.9473500000000006E-003   4.5753903925689280E+020
   7.9369799999999997E-003   4.6537150764648360E+020
   7.9315400000000008E-003   4.7081496598615595E+020
   7.9261599999999998E-003   4.7624073334057298E+020
   7.9208200000000003E-003   4.8164898532175380E+020
   7.9155400000000004E-003   4.9006767479304913E+020
   7.9044600000000003E-003   5.0146744117192917E+020
   7.8935900000000007E-003   5.1314853296266845E+020
   7.8822400000000004E-003   5.2512727172467373E+020
   7.8711100000000006E-003   5.3426166362324717E+020
   7.8652700000000006E-003   5.4057697628513396E+020
   7.8594900000000002E-003   5.4687370883158049E+020
   7.8537599999999996E-003   5.5315312903266193E+020
   7.8480900000000003E-003   5.6292308322798836E+020
   7.8361999999999998E-003   5.7615846676160283E+020
   7.8245299999999997E-003   5.8620173406848437E+020
   7.8184099999999996E-003   5.9317835127029734E+020
   7.8123600000000000E-003   6.0359882368438410E+020
   7.8004099999999998E-003   6.1788311304357098E+020
   7.7879500000000001E-003   6.2888336824502177E+020
   7.7818100000000001E-003   6.3617475875860303E+020
   7.7757299999999998E-003   6.4752928909381966E+020
   7.7629700000000001E-003   6.6291926762880460E+020
   7.7504599999999998E-003   6.7459992710367019E+020
   7.7439099999999997E-003   6.8271798463799650E+020
   7.7374100000000001E-003   6.9295637995731065E+020
   7.7275900000000003E-003   7.0532851501941536E+020
   7.7178999999999998E-003   7.1789424030659641E+020
   7.7079599999999998E-003   7.3068592993410666E+020
   7.6981500000000000E-003   7.4383728733828442E+020
   7.6878800000000002E-003   7.5733829148869394E+020
   7.6777599999999996E-003   7.7107471792726435E+020
   7.6673599999999998E-003   7.8929144153510248E+020
   7.6509200000000003E-003   8.0900128282088033E+020
   7.6386900000000001E-003   8.2616356501715288E+020
   7.6263499999999996E-003   8.4369933490873015E+020
   7.6138899999999999E-003   8.6394979179794163E+020
   7.5981099999999999E-003   8.8460247633584954E+020
   7.5854700000000004E-003   9.0358538505488486E+020
   7.5723800000000001E-003   9.2315151823408254E+020
   7.5592799999999998E-003   9.4190325194931136E+020
   7.5475700000000000E-003   9.5937230367349945E+020
   7.5364200000000003E-003   9.8025664191671737E+020
   7.5205899999999997E-003   1.0028162145910894E+021
   7.5075500000000000E-003   1.0222623114963748E+021
   7.4958799999999999E-003   1.0421918465893250E+021
   7.4820900000000003E-003   1.0653382438688171E+021
   7.4669799999999998E-003   1.0855484622718964E+021
   7.4570499999999998E-003   1.1040230565071182E+021
   7.4430700000000004E-003   1.1274388985745691E+021
   7.4266300000000000E-003   1.1495070870575245E+021
   7.4108000000000004E-003   1.1702711461865389E+021
   7.3961399999999998E-003   1.1842153748006120E+021
   7.3820900000000000E-003   1.1941699561546677E+021
   7.3662099999999998E-003   1.1875728466168439E+021
   7.3599299999999998E-003   1.2000002891093330E+021
   7.3450900000000003E-003   1.1684895368950959E+021
   7.3256500000000004E-003   1.1601903290836449E+021
   7.3118699999999998E-003   1.1107258848546870E+021
   7.2985500000000000E-003   1.0323857509970079E+021
   7.2834099999999997E-003   9.8927623238403385E+020
   7.2695199999999998E-003   9.6313161990785401E+020
   7.2636300000000001E-003   9.2530701228709052E+020
   7.2577700000000002E-003   8.9181631983440311E+020
   7.2434800000000001E-003   8.6484203293326783E+020
   7.2377400000000003E-003   8.5049163835314589E+020
   7.2311800000000002E-003   8.2333943411713625E+020
   7.2260800000000002E-003   8.2368755577037888E+020
   7.2179899999999996E-003   8.1167065546007904E+020
   7.2128100000000001E-003   7.9581725049225046E+020
   7.2079500000000003E-003   7.8843259046149869E+020
   7.2035600000000003E-003   7.9317503666623191E+020
   7.1983100000000003E-003   7.8303890577245366E+020
   7.1925100000000000E-003   7.7866650138542827E+020
   7.1867500000000004E-003   7.8049079083461627E+020
   7.1832500000000004E-003   7.8259145675560413E+020
   7.1784800000000001E-003   7.8340023166280899E+020
   7.1761100000000003E-003   7.8468403084027442E+020
   7.1743299999999996E-003   7.8715102191657694E+020
   7.1701700000000000E-003   7.9038675567104937E+020
   7.1677800000000003E-003   7.9343827696372102E+020
   7.1644800000000000E-003   7.9711688886886452E+020
   7.1617599999999997E-003   8.0364403602426561E+020
   7.1557200000000000E-003   8.1304450758832410E+020
   7.1511900000000000E-003   8.2066586172475533E+020
   7.1460700000000000E-003   8.3380735346865000E+020
   7.1400800000000000E-003   8.4604427620726342E+020
   7.1353700000000003E-003   8.5696107061416113E+020
   7.1308700000000001E-003   8.6929873276763544E+020
   7.1265199999999999E-003   8.7982199946869526E+020
   7.1225600000000000E-003   8.9280199728864507E+020
   7.1175300000000004E-003   9.0330731925726010E+020
   7.1154599999999997E-003   9.1258970560632508E+020
   7.1113299999999999E-003   9.2367715035943430E+020
   7.1085899999999997E-003   9.3423995708383389E+020
   7.1044799999999998E-003   9.4411207386929286E+020
   7.1024399999999998E-003   9.5388746734535233E+020
   7.0984500000000001E-003   9.6684585445391899E+020
   7.0945699999999997E-003   9.7660279669320411E+020
   7.0926299999999999E-003   9.8422435094833372E+020
   7.0901100000000002E-003   9.9707051270821498E+020
   7.0851000000000004E-003   1.0143048462214807E+021
   7.0800999999999998E-003   1.0317010964145703E+021
   7.0751299999999998E-003   1.0448341079543302E+021
   7.0726599999999997E-003   1.0523314474359263E+021
   7.0708000000000003E-003   1.0621745735461593E+021
   7.0670999999999998E-003   1.0752742672087794E+021
   7.0634699999999996E-003   1.0881659260572151E+021
   7.0598900000000001E-003   1.1008168278330721E+021
   7.0563700000000002E-003   1.1132206189178982E+021
   7.0529099999999999E-003   1.1275386267205662E+021
   7.0483899999999999E-003   1.1406634661895141E+021
   7.0456099999999999E-003   1.1505735778432975E+021
   7.0428299999999999E-003   1.1634790112891562E+021
   7.0382600000000002E-003   1.1778111344469142E+021
   7.0346699999999998E-003   1.1897256824650329E+021
   7.0315100000000004E-003   1.2000979631632186E+021
   7.0287700000000002E-003   1.2132386867882164E+021
   7.0241699999999997E-003   1.2295480147132563E+021
   7.0193699999999996E-003   1.2495885649954794E+021
   7.0131700000000000E-003   1.2650643564578197E+021
   7.0102500000000000E-003   1.2762277059702403E+021
   7.0073300000000000E-003   1.2915633462767874E+021
   7.0029699999999999E-003   1.3024883390075015E+021
   6.9971800000000004E-003   1.3289552713606079E+021
   6.9943000000000002E-003   1.3308829311345733E+021
   6.9914199999999999E-003   1.3406334478353286E+021
   6.9869600000000004E-003   1.3580662257935841E+021
   6.9807000000000003E-003   1.3807560498513125E+021
   6.9770900000000000E-003   1.3935204709717846E+021
   6.9709600000000000E-003   1.4174775155112293E+021
   6.9649300000000003E-003   1.4224135546117323E+021
   6.9614899999999999E-003   1.4336119174897816E+021
   6.9592899999999999E-003   1.4524688515505937E+021
   6.9549000000000000E-003   1.4593441667492285E+021
   6.9495700000000004E-003   1.4982646975489043E+021
   6.9464399999999999E-003   1.4943059640993319E+021
   6.9414300000000002E-003   1.4992132819551338E+021
   6.9389400000000002E-003   1.5061959610816625E+021
   6.9340699999999996E-003   1.5444695644328776E+021
   6.9269700000000002E-003   1.5503616753305594E+021
   6.9221100000000004E-003   1.5716325087254893E+021
   6.9172699999999997E-003   1.5858740277357416E+021
   6.9089599999999996E-003   1.6015350027187711E+021
   6.9045299999999999E-003   1.6201559091469177E+021
   6.9008500000000000E-003   1.6344825977317698E+021
   6.8971800000000002E-003   1.6508290227620461E+021
   6.8944899999999996E-003   1.6526471493991890E+021
   6.8924800000000003E-003   1.6660305263398465E+021
   6.8888100000000004E-003   1.6809806620842556E+021
   6.8872300000000003E-003   1.6936297326971081E+021
   6.8846899999999997E-003   1.7042701050926963E+021
   6.8826599999999996E-003   1.7184898910577012E+021
   6.8810800000000004E-003   1.7220427126740883E+021
   6.8795100000000001E-003   1.7301643367133699E+021
   6.8782100000000001E-003   1.7362117312332523E+021
   6.8769100000000000E-003   1.7419047546580362E+021
   6.8756399999999997E-003   1.7492913216774359E+021
   6.8743600000000004E-003   1.7629744119134675E+021
   6.8717600000000002E-003   1.7702256233042978E+021
   6.8691799999999999E-003   1.7757225487121425E+021
   6.8680399999999997E-003   1.7783691180763505E+021
   6.8669100000000004E-003   1.7947578130975621E+021
   6.8650999999999998E-003   1.7990257150329217E+021
   6.8633000000000001E-003   1.8032949139241917E+021
   6.8615000000000004E-003   1.8075654597127601E+021
   6.8596999999999998E-003   1.8204775964832760E+021
   6.8556600000000004E-003   1.8336370074281344E+021
   6.8516400000000000E-003   1.8537508509928414E+021
   6.8426600000000004E-003   1.8846557907513143E+021
   6.8226800000000002E-003   1.9287603442598884E+021
   6.8047799999999999E-003   1.9675247780717150E+021
   6.7903900000000003E-003   2.0047193229237349E+021
   6.7769900000000001E-003   2.0494750835141352E+021
   6.7572600000000002E-003   2.1012324122805160E+021
   6.7387599999999999E-003   2.1479273773324228E+021
   6.7223400000000003E-003   2.1925662672561318E+021
   6.7059900000000002E-003   2.2380955245423679E+021
   6.6898200000000000E-003   2.2873371669981113E+021
   6.6710800000000002E-003   2.3361379105908790E+021
   6.6554700000000001E-003   2.3818925214819575E+021
   6.6394999999999996E-003   2.4307539339445603E+021
   6.6221099999999996E-003   2.4841472629287436E+021
   6.6035399999999998E-003   2.5459458666627649E+021
   6.5811300000000001E-003   2.6058353802270925E+021
   6.5645399999999998E-003   2.6628839240980706E+021
   6.5446200000000001E-003   2.7258831321606909E+021
   6.5249599999999998E-003   2.7838130238934929E+021
   6.5086700000000003E-003   2.8282635731886187E+021
   6.4980100000000002E-003   2.8763328882999301E+021
   6.4795800000000004E-003   2.9262765691097899E+021
   6.4682799999999999E-003   2.9833121511667883E+021
   6.4459299999999999E-003   3.0495935877269218E+021
   6.4296700000000002E-003   3.1063808423535669E+021
   6.4135700000000004E-003   3.1584698128995115E+021
   6.4004400000000003E-003   3.2055757982210741E+021
   6.3874099999999996E-003   3.2842429194971450E+021
   6.3572000000000004E-003   3.3956081792391698E+021
   6.3275199999999997E-003   3.4781364556906790E+021
   6.3139600000000004E-003   3.5500968053775747E+021
   6.2903100000000003E-003   3.6164133315843635E+021
   6.2801599999999999E-003   3.6851242994078245E+021
   6.2557600000000000E-003   3.7832115795779345E+021
   6.2316899999999998E-003   3.8619874885601759E+021
   6.2177999999999999E-003   3.9195520795315578E+021
   6.2040100000000003E-003   3.9936995317700457E+021
   6.1826800000000003E-003   4.0850289861534962E+021
   6.1615899999999998E-003   4.1624071821054087E+021
   6.1473800000000000E-003   4.2247718824058033E+021
   6.1332799999999996E-003   4.3213693345418476E+021
   6.1042199999999996E-003   4.4534001236929293E+021
   6.0755799999999997E-003   4.5635635777660387E+021
   6.0571499999999999E-003   4.6509017615834651E+021
   6.0388899999999999E-003   4.7220962245437854E+021
   6.0278399999999996E-003   4.7753472739452251E+021
   6.0168499999999998E-003   4.8666380279977775E+021
   5.9906500000000001E-003   5.0233015248564792E+021
   5.9542900000000001E-003   5.1901478618083696E+021
   5.9257700000000003E-003   5.3126231797700787E+021
   5.9078200000000003E-003   5.4224413667434032E+021
   5.8846599999999999E-003   5.5475341203022943E+021
   5.8617499999999998E-003   5.6970828579516627E+021
   5.8306299999999998E-003   5.8739277601179309E+021
   5.7992499999999997E-003   6.0111661898996226E+021
   5.7833600000000004E-003   6.1037483029505497E+021
   5.7675799999999996E-003   6.2464644109082244E+021
   5.7352799999999997E-003   6.4413992620630202E+021
   5.7034199999999998E-003   6.6430712964055617E+021
   5.6705499999999999E-003   6.8511095749642342E+021
   5.6381100000000000E-003   7.0659810808881417E+021
   5.6046600000000000E-003   7.2885328902352640E+021
   5.5716500000000000E-003   7.5176928376191818E+021
   5.5376100000000001E-003   7.7549372821735526E+021
   5.5040000000000002E-003   8.0001284143511272E+021
   5.4693500000000004E-003   8.2530539168633476E+021
   5.4351299999999998E-003   8.4479729558075547E+021
   5.4176299999999997E-003   8.5806737414436254E+021
   5.4002399999999997E-003   8.7849414379770248E+021
   5.3646600000000003E-003   9.0643641214914926E+021
   5.3295100000000000E-003   9.2792751432705298E+021
   5.3115300000000001E-003   9.4258579303006606E+021
   5.2936600000000004E-003   9.6499588500905903E+021
   5.2574900000000001E-003   9.9582752927717293E+021
   5.2209999999999999E-003   1.0276975413572846E+022
   5.1841600000000002E-003   1.0606408554522448E+022
   5.1469999999999997E-003   1.0946978277197926E+022
   5.1094900000000004E-003   1.1299077468640185E+022
   5.0716299999999997E-003   1.1663117098559742E+022
   5.0334300000000002E-003   1.2039520755263239E+022
   4.9948600000000003E-003   1.2428725108040356E+022
   4.9559399999999998E-003   1.2831201484450078E+022
   4.9166499999999998E-003   1.3142093719047061E+022
   4.8967799999999999E-003   1.3353844248697331E+022
   4.8770000000000003E-003   1.3568827621367324E+022
   4.8569299999999998E-003   1.3787835337613888E+022
   4.8369600000000004E-003   1.4074702036061510E+022
   4.8051900000000000E-003   1.4431650915627964E+022
   4.7736400000000000E-003   1.4730631808448740E+022
   4.7530799999999998E-003   1.4969184639957103E+022
   4.7326099999999999E-003   1.5212080110910778E+022
   4.7118500000000001E-003   1.5459053984191426E+022
   4.6911799999999997E-003   1.5710325803962415E+022
   4.6702200000000001E-003   1.5965907081576262E+022
   4.6493500000000000E-003   1.6226008815959047E+022
   4.6281800000000000E-003   1.6490644151455132E+022
   4.6071000000000003E-003   1.6759899053000053E+022
   4.5857199999999997E-003   1.7033949060965769E+022
   4.5644300000000004E-003   1.7312792494929883E+022
   4.5428400000000002E-003   1.7596684665705277E+022
   4.5213299999999996E-003   1.7885701402558319E+022
   4.4995299999999998E-003   1.8179894233669667E+022
   4.4777999999999997E-003   1.8479338790588961E+022
   4.4557700000000004E-003   1.8784367039382509E+022
   4.4338199999999998E-003   1.9095057589526004E+022
   4.4115700000000001E-003   1.9411464911947018E+022
   4.3893900000000000E-003   1.9733854309567101E+022
   4.3669099999999999E-003   2.0062069955572334E+022
   4.3444900000000003E-003   2.0396845821586741E+022
   4.3217700000000000E-003   2.0738005400005376E+022
   4.2991200000000000E-003   2.1085903425648942E+022
   4.2761600000000002E-003   2.1440571165399430E+022
   4.2532600000000000E-003   2.1801684144653808E+022
   4.2301400000000003E-003   2.2170816977922892E+022
   4.2069000000000004E-003   2.2547539992815939E+022
   4.1835400000000003E-003   2.2932128576268222E+022
   4.1600400000000003E-003   2.3324765907174199E+022
   4.1364100000000001E-003   2.3726025869806528E+022
   4.1126499999999998E-003   2.4135938164197786E+022
   4.0887600000000003E-003   2.4555399958526878E+022
   4.0647299999999999E-003   2.4984303689485372E+022
   4.0405700000000003E-003   2.5423165302093147E+022
   4.0162599999999998E-003   2.5872551755038058E+022
   3.9918100000000001E-003   2.6332566444808677E+022
   3.9672199999999996E-003   2.6803595827941504E+022
   3.9424899999999999E-003   2.7286216293066497E+022
   3.9176100000000002E-003   2.7780664568925995E+022
   3.8925700000000001E-003   2.8287260985009176E+022
   3.8673900000000001E-003   2.8807278716326032E+022
   3.8420500000000001E-003   2.9340702054078537E+022
   3.8165600000000001E-003   2.9889034749779135E+022
   3.7908999999999998E-003   3.0454293045346646E+022
   3.7650800000000001E-003   3.1037674785439838E+022
   3.7391000000000000E-003   3.1637238124979992E+022
   3.7129500000000000E-003   3.2250041689554924E+022
   3.6866300000000002E-003   3.2874352902302536E+022
   3.6601300000000002E-003   3.3510314729346980E+022
   3.6334599999999998E-003   3.4158084537898683E+022
   3.6066100000000001E-003   3.4817827823273816E+022
   3.5795800000000002E-003   3.5489721344707831E+022
   3.5523500000000001E-003   3.6173947430757691E+022
   3.5249399999999998E-003   3.6870698284251370E+022
   3.4973299999999999E-003   3.7580172754944675E+022
   3.4695199999999998E-003   3.8302574821314537E+022
   3.4415100000000001E-003   3.9038116156452905E+022
   3.4133000000000002E-003   3.9787012466175505E+022
   3.3848699999999999E-003   4.0549486103876396E+022
   3.3562200000000000E-003   4.1325764202735451E+022
   3.3273500000000002E-003   4.2116077461934801E+022
   3.2982599999999999E-003   4.2920663331264742E+022
   3.2689300000000002E-003   4.3739762760861604E+022
   3.2393600000000002E-003   4.4573620039975625E+022
   3.2095499999999998E-003   4.5422484061784199E+022
   3.1794900000000001E-003   4.6286610486646840E+022
   3.1491800000000001E-003   4.7166254909311842E+022
   3.1186000000000000E-003   4.8061678631610432E+022
   3.0877500000000002E-003   4.8973148088640159E+022
   3.0566199999999999E-003   4.9900930565157629E+022
   3.0252000000000000E-003   5.0845299350146375E+022
   2.9935000000000001E-003   5.1806528868214483E+022
   2.9614799999999998E-003   5.2784898933267427E+022
   2.9291600000000001E-003   5.3780692575082743E+022
   2.8965100000000001E-003   5.4794193275950767E+022
   2.8635300000000000E-003   5.5825691102858353E+022
   2.8302100000000001E-003   5.6875477327851679E+022
   2.7965400000000001E-003   5.7943844033374187E+022
   2.7624899999999998E-003   5.9031089423549232E+022
   2.7280700000000000E-003   6.0137513226309464E+022
   2.6932499999999999E-003   6.1263416206012931E+022
   2.6580200000000001E-003   6.2409101183299451E+022
   2.6223700000000002E-003   6.3574873928455252E+022
   2.5862799999999998E-003   6.4761040103618749E+022
   2.5497300000000001E-003   6.5967910533555097E+022
   2.5127000000000001E-003   6.7195792394914019E+022
   2.4751700000000001E-003   6.8444995541920486E+022
   2.4371100000000001E-003   6.9715831548289833E+022
   2.3985199999999999E-003   7.1008609058801161E+022
   2.3593500000000001E-003   7.2323639434351642E+022
   2.3195799999999999E-003   7.3660992386406327E+022
   2.2791800000000000E-003   7.5022896559195259E+022
   2.2381200000000001E-003   7.6407990798379372E+022
   2.1963600000000001E-003   7.7816576958529821E+022
   2.1538500000000001E-003   7.9248953183710076E+022
   2.1105700000000000E-003   8.0705413954343837E+022
   2.0664500000000001E-003   8.2185794314603936E+022
   2.0214400000000002E-003   8.3692650717616219E+022
   1.9754899999999999E-003   8.5224598263691592E+022
   1.9285299999999999E-003   8.6777510782981066E+022
   1.8808000000000000E-003   8.8361833046327062E+022
   1.8312500000000000E-003   8.9976376522877952E+022
   1.7807599999999999E-003   9.1611724593074268E+022
   1.7288900000000001E-003   9.3036009278663314E+022
   1.6892999999999999E-003   9.4312882468075845E+022
   1.6482199999999999E-003   9.6150326277036860E+022
   1.5708499999999999E-003   9.7944423252266811E+022
   1.5275300000000000E-003   9.9288407677749615E+022
   1.4821000000000001E-003   1.0131570174643415E+023
   1.3879500000000000E-003   1.0354042244122020E+023
   1.3229600000000000E-003   1.0536589535025877E+023
   1.2551600000000000E-003   1.0720393620730911E+023
   1.1802900000000001E-003   1.0916386497573886E+023
   1.1005699999999999E-003   1.1115237746827189E+023
   1.0087900000000001E-003   1.1338515648131489E+023
   8.9933000000000005E-004   1.1618272898853346E+023
   7.0640999999999998E-004   1.1890824706038679E+023
   5.6782999999999996E-004   1.2059268739894514E+023
   4.8414999999999998E-004   1.2160642923800336E+023
   3.8298000000000000E-004   1.2233957301813625E+023
   3.1386000000000001E-004   1.2293672307848247E+023
   2.5072000000000001E-004   1.2312080646263667E+023
   2.0165000000000000E-004   1.2350177635878708E+023
   1.6417000000000000E-004   1.2358113833094565E+023
   1.3642999999999999E-004   1.2373920726910035E+023
   1.1689000000000000E-004   1.2376180750857225E+023
   1.0404999999999999E-004   1.2383556539968821E+023
   8.6870000000000000E-005   1.2388156508491660E+023
   6.8949999999999995E-005   1.2390880530862709E+023
   5.4719999999999998E-005   1.2394794519818334E+023
   4.3430000000000003E-005   1.2396086393706872E+023
   3.4470000000000000E-005   1.2396804994693823E+023
   2.7359999999999999E-005   1.2398203702004102E+023
   2.1719999999999999E-005   1.2398514197812953E+023
   1.7240000000000001E-005   1.2399149041923030E+023
   1.3679999999999999E-005   1.2399753493615640E+023
