   8.9562500000000007E-003   246142653734480.47     
   8.9561799999999993E-003   396925673013102.69     
   8.9561399999999996E-003   500918465244731.94     
   8.9561199999999997E-003   585163320340167.50     
   8.9560999999999998E-003   658036513838426.25     
   8.9560799999999999E-003   723192188910708.00     
   8.9560700000000000E-003   782713186038154.12     
   8.9560500000000001E-003   837882113764140.62     
   8.9560400000000002E-003   889568900583934.50     
   8.9560300000000002E-003   938336835780325.62     
   8.9560200000000003E-003   984622674585190.25     
   8.9560100000000004E-003   1028765582250078.6     
   8.9560100000000004E-003   1071010953922604.9     
   8.9560000000000004E-003   1111562010090884.6     
   8.9559900000000005E-003   1150595814139967.2     
   8.9559800000000005E-003   1188272283867247.8     
   8.9559800000000005E-003   1224736086734744.5     
   8.9559700000000006E-003   1260113040695218.8     
   8.9559600000000007E-003   1294505532341530.0     
   8.9559600000000007E-003   1327996497596826.8     
   8.9559500000000007E-003   1368683065427554.0     
   8.9559500000000007E-003   1415998894167915.2     
   8.9559400000000008E-003   1461826317605003.2     
   8.9559300000000008E-003   1506319386253089.5     
   8.9559199999999992E-003   1542481342581505.8     
   8.9559199999999992E-003   1570834139388938.0     
   8.9559099999999992E-003   1598718548397170.8     
   8.9559099999999992E-003   1626162078553376.5     
   8.9559099999999992E-003   1659873185195176.5     
   8.9558999999999993E-003   1699546834180823.8     
   8.9558899999999993E-003   1738410108345044.2     
   8.9558899999999993E-003   1776516141216347.8     
   8.9558799999999994E-003   1807735498395604.5     
   8.9558799999999994E-003   1832359944736945.8     
   8.9558799999999994E-003   1856689647725284.5     
   8.9558699999999995E-003   1880732299267253.2     
   8.9558699999999995E-003   1916252479906426.0     
   8.9558599999999995E-003   1951212946276624.5     
   8.9558599999999995E-003   1974181642478916.0     
   8.9558599999999995E-003   2008144085755155.5     
   8.9558499999999996E-003   2052616008744507.2     
   8.9558399999999996E-003   2096184023981072.0     
   8.9558399999999996E-003   2138902049922515.0     
   8.9558299999999997E-003   2170427314132612.8     
   8.9558299999999997E-003   2191191068056776.0     
   8.9558299999999997E-003   2211767206219090.0     
   8.9558299999999997E-003   2232158225795336.2     
   8.9558199999999998E-003   2262393535275361.0     
   8.9558199999999998E-003   2302119379974009.0     
   8.9558099999999998E-003   2341176158036988.0     
   8.9558099999999998E-003   2379592886650873.0     
   8.9557999999999999E-003   2423624429300119.5     
   8.9557999999999999E-003   2472985099685938.0     
   8.9557899999999999E-003   2521351592330043.5     
   8.9557800000000000E-003   2568770469628689.5     
   8.9557800000000000E-003   2615285328796029.5     
   8.9557700000000001E-003   2660936884051030.0     
   8.9557700000000001E-003   2705764510354903.5     
   8.9557600000000001E-003   2749800505298860.5     
   8.9557600000000001E-003   2798419106926299.0     
   8.9557500000000002E-003   2851368303758529.5     
   8.9557500000000002E-003   2903219126973652.5     
   8.9557400000000002E-003   2941437737710637.0     
   8.9557400000000002E-003   2966583180135067.0     
   8.9557300000000003E-003   3003818403729973.0     
   8.9557300000000003E-003   3052663225617301.0     
   8.9557200000000003E-003   3100600143026259.0     
   8.9557200000000003E-003   3147673507384931.0     
   8.9557100000000004E-003   3193925183194456.5     
   8.9557100000000004E-003   3239394710049524.5     
   8.9557000000000005E-003   3284120142122114.5     
   8.9557000000000005E-003   3328135372109527.0     
   8.9556900000000005E-003   3371474589353844.0     
   8.9556900000000005E-003   3414168273439170.0     
   8.9556800000000006E-003   3476995143367383.5     
   8.9556700000000006E-003   3548764773655814.5     
   8.9556600000000007E-003   3608926339817207.5     
   8.9556600000000007E-003   3667934374116429.5     
   8.9556500000000008E-003   3711498309369121.5     
   8.9556500000000008E-003   3740186119224064.0     
   8.9556400000000008E-003   3782701719683324.5     
   8.9556400000000008E-003   3838541859591032.5     
   8.9556299999999991E-003   3920371630207917.0     
   8.9556199999999992E-003   4000310358857317.5     
   8.9556099999999993E-003   4052431616113353.0     
   8.9556099999999993E-003   4103708157054065.0     
   8.9555999999999993E-003   4154173805997640.0     
   8.9555999999999993E-003   4203861459449088.5     
   8.9555899999999994E-003   4252801391221222.5     
   8.9555899999999994E-003   4301025753583337.0     
   8.9555799999999994E-003   4348568974956981.0     
   8.9555799999999994E-003   4403198789573780.0     
   8.9555699999999995E-003   4464634387094936.0     
   8.9555599999999996E-003   4554766413523786.0     
   8.9555499999999996E-003   4643014329252159.0     
   8.9555399999999997E-003   4700667484139601.0     
   8.9555399999999997E-003   4757481037546393.0     
   8.9555299999999997E-003   4813490816672476.0     
   8.9555199999999998E-003   4875563000007763.0     
   8.9555199999999998E-003   4943456467831065.0     
   8.9555099999999999E-003   5010230963637549.0     
   8.9554999999999999E-003   5075916001408738.0     
   8.9554900000000000E-003   5140538760073131.0     
   8.9554900000000000E-003   5204125706809259.0     
   8.9554800000000000E-003   5297511018277589.0     
   8.9554700000000001E-003   5394989225403506.0     
   8.9554600000000002E-003   5466536293468404.0     
   8.9554500000000002E-003   5536873943380988.0     
   8.9554400000000003E-003   5606061130618543.0     
   8.9554400000000003E-003   5674152484788348.0     
   8.9554300000000003E-003   5741206133803229.0     
   8.9554200000000004E-003   5807275721280127.0     
   8.9554100000000005E-003   5872411480966230.0     
   8.9554100000000005E-003   5936658853378767.0     
   8.9554000000000005E-003   6000061918222114.0     
   8.9553900000000006E-003   6062656864914154.0     
   8.9553900000000006E-003   6124477251530741.0     
   8.9553800000000006E-003   6215730523650100.0     
   8.9553700000000007E-003   6335093112879040.0     
   8.9553500000000008E-003   6451857494703928.0     
   8.9553399999999991E-003   6566163719159015.0     
   8.9553299999999992E-003   6678128409669090.0     
   8.9553199999999993E-003   6787860013020532.0     
   8.9552999999999994E-003   6895460527567945.0     
   8.9552899999999994E-003   7001028634731836.0     
   8.9552799999999995E-003   7104651689114628.0     
   8.9552699999999996E-003   7206409899149428.0     
   8.9552599999999996E-003   7306378619722273.0     
   8.9552499999999997E-003   7404632817035125.0     
   8.9552399999999997E-003   7501247355134519.0     
   8.9552299999999998E-003   7596294052997438.0     
   8.9552199999999998E-003   7689842008354841.0     
   8.9552099999999999E-003   7781960648091102.0     
   8.9552000000000000E-003   7917446796551663.0     
   8.9551800000000001E-003   8093882323052659.0     
   8.9551600000000002E-003   8223246413369800.0     
   8.9551500000000003E-003   8308020442757156.0     
   8.9551400000000003E-003   8391754624505603.0     
   8.9551300000000004E-003   8474495521699053.0     
   8.9551200000000004E-003   8583273464998659.0     
   8.9551100000000005E-003   8717077341853546.0     
   8.9550900000000006E-003   8848529080776974.0     
   8.9550800000000007E-003   8945731288513550.0     
   8.9550700000000007E-003   9009836849894942.0     
   8.9550600000000008E-003   9105000579295780.0     
   8.9550500000000009E-003   9230293708724038.0     
   8.9550299999999992E-003   9353745945975418.0     
   8.9550199999999993E-003   9475391842484780.0     
   8.9550099999999994E-003   9595277646910184.0     
   8.9549999999999994E-003   9713458367376262.0     
   8.9549799999999995E-003   9887507002999512.0     
   8.9549599999999997E-003   10058356941286728.     
   8.9549499999999997E-003   10170256284444944.     
   8.9549299999999998E-003   10280683864538606.     
   8.9549199999999999E-003   10389671831242608.     
   8.9549100000000000E-003   10550436007863390.     
   8.9548900000000001E-003   10760473877275508.     
   8.9548600000000003E-003   10965711790274636.     
   8.9548400000000004E-003   11166462893680276.     
   8.9548200000000005E-003   11338786251884030.     
   8.9548000000000006E-003   11484114006633500.     
   8.9547900000000007E-003   11627443385450224.     
   8.9547700000000008E-003   11768891556913746.     
   8.9547600000000008E-003   11977495401476176.     
   8.9547299999999993E-003   12182532800413776.     
   8.9547099999999994E-003   12317036537946752.     
   8.9546999999999995E-003   12449944435778978.     
   8.9546899999999995E-003   12581301040078716.     
   8.9546699999999996E-003   12775386071296816.     
   8.9546399999999998E-003   13029295203940830.     
   8.9546199999999999E-003   13277721281073744.     
   8.9545900000000001E-003   13521028763733368.     
   8.9545700000000002E-003   13759555785335732.     
   8.9545400000000004E-003   13993588913415718.     
   8.9545200000000005E-003   14223373385560064.     
   8.9544900000000007E-003   14449139211807388.     
   8.9544700000000008E-003   14671109636638144.     
   8.9544399999999993E-003   14889491879016938.     
   8.9544199999999994E-003   15104443790748854.     
   8.9543999999999995E-003   15350990878411526.     
   8.9543699999999997E-003   15627583977513516.     
   8.9543399999999999E-003   15898858146034286.     
   8.9543100000000000E-003   16165153610380794.     
   8.9542800000000002E-003   16426765256676904.     
   8.9542600000000003E-003   16620137462497794.     
   8.9542400000000005E-003   16747664891026942.     
   8.9542300000000005E-003   16936971243686040.     
   8.9542000000000007E-003   17186099511041208.     
   8.9541800000000008E-003   17431579675949256.     
   8.9541499999999993E-003   17673624168041360.     
   8.9541299999999994E-003   17971436934685874.     
   8.9540899999999996E-003   18322405497718456.     
   8.9540499999999999E-003   18581295092915752.     
   8.9540399999999999E-003   18836311116366048.     
   8.9540000000000002E-003   19088023285444960.     
   8.9539800000000003E-003   19281324105954696.     
   8.9539600000000004E-003   19499800338578760.     
   8.9539400000000005E-003   19715706127917880.     
   8.9539200000000006E-003   19929113587601908.     
   8.9539000000000007E-003   20244564205160988.     
   8.9538499999999993E-003   20555101268756312.     
   8.9538299999999994E-003   20759256201353744.     
   8.9538099999999995E-003   21011388846672716.     
   8.9537799999999997E-003   21309792631556620.     
   8.9537499999999999E-003   21749037049509412.     
   8.9536900000000003E-003   22179604385726716.     
   8.9536600000000004E-003   22461736174820188.     
   8.9536300000000006E-003   22740242893411192.     
   8.9536100000000007E-003   23015279962458472.     
   8.9535799999999992E-003   23421484292053216.     
   8.9535199999999995E-003   23952465101816468.     
   8.9534699999999998E-003   24386144841277280.     
   8.9534400000000000E-003   24727490052885292.     
   8.9534000000000002E-003   25105879030691044.     
   8.9533600000000005E-003   25519734190758028.     
   8.9533200000000007E-003   25926939334654340.     
   8.9532799999999992E-003   26327807512331736.     
   8.9532399999999995E-003   26820338043810176.     
   8.9531799999999998E-003   27256266563109556.     
   8.9531599999999999E-003   27543000649211160.     
   8.9531300000000001E-003   27826821318879952.     
   8.9531000000000003E-003   28107819886044452.     
   8.9530700000000005E-003   28524094084303284.     
   8.9530200000000008E-003   29070082187638016.     
   8.9529699999999993E-003   29606067705869332.     
   8.9529199999999996E-003   30132558788822968.     
   8.9528600000000000E-003   30650028632166960.     
   8.9528200000000002E-003   31242872386372076.     
   8.9527500000000006E-003   31907045344036928.     
   8.9526899999999993E-003   32477170926585360.     
   8.9526399999999996E-003   32957994715918640.     
   8.9525999999999998E-003   33431907699683304.     
   8.9525500000000001E-003   33899190720785200.     
   8.9525100000000003E-003   34436336143836856.     
   8.9524500000000007E-003   35040320160120840.     
   8.9523899999999993E-003   35634339354735328.     
   8.9523399999999996E-003   36218896987284336.     
   8.9522800000000000E-003   36794374443539856.     
   8.9522300000000003E-003   37361127615641232.     
   8.9521800000000006E-003   37919516795295064.     
   8.9521300000000009E-003   38469919243524024.     
   8.9520799999999994E-003   39012683270921496.     
   8.9520299999999997E-003   39548121392352280.     
   8.9519800000000000E-003   40207487443897352.     
   8.9519100000000004E-003   40984823753645984.     
   8.9518400000000008E-003   41621459066062096.     
   8.9517899999999994E-003   42123705679188304.     
   8.9517399999999997E-003   42619913293411104.     
   8.9516999999999999E-003   43110309008768248.     
   8.9516500000000002E-003   43835434629399048.     
   8.9515700000000007E-003   44783841128422288.     
   8.9514799999999995E-003   45482022479542744.     
   8.9514399999999997E-003   45941506750555608.     
   8.9514000000000000E-003   46509448766670736.     
   8.9513400000000003E-003   47181993125457488.     
   8.9512800000000007E-003   47845200223240200.     
   8.9512199999999993E-003   48499535230110544.     
   8.9511599999999997E-003   49252255521339664.     
   8.9510900000000001E-003   50099131326797720.     
   8.9510100000000006E-003   50725343114110592.     
   8.9509800000000007E-003   51138716006719696.     
   8.9509399999999992E-003   51752806112607368.     
   8.9508699999999997E-003   52560794845754464.     
   8.9508000000000001E-003   53356970155907768.     
   8.9507300000000005E-003   54141876560679160.     
   8.9506599999999992E-003   55299278209962800.     
   8.9505299999999999E-003   56807283001783280.     
   8.9504000000000007E-003   57913459835806648.     
   8.9503399999999993E-003   58639768944427000.     
   8.9502699999999998E-003   59357475879531536.     
   8.9502100000000001E-003   60066885336675784.     
   8.9501500000000005E-003   60942485239825280.     
   8.9500599999999993E-003   61977468112293024.     
   8.9499799999999997E-003   62827411633474920.     
   8.9499200000000001E-003   63499532013294000.     
   8.9498600000000005E-003   64330216639373448.     
   8.9497799999999992E-003   65313503629091608.     
   8.9496999999999997E-003   66282656130919664.     
   8.9496200000000001E-003   67238260760598224.     
   8.9495400000000006E-003   68180880303857616.     
   8.9494599999999994E-003   69111047391180400.     
   8.9493799999999998E-003   70029262729439896.     
   8.9493100000000003E-003   70935979810757888.     
   8.9492300000000007E-003   71831608916974680.     
   8.9491599999999994E-003   72716525280128192.     
   8.9490899999999998E-003   73735946952528720.     
   8.9489900000000004E-003   74884518789893296.     
   8.9488999999999992E-003   75734874496130720.     
   8.9488499999999995E-003   76296814226311360.     
   8.9488099999999998E-003   77255891956560064.     
   8.9487000000000004E-003   78598079175101456.     
   8.9485899999999993E-003   79650453193556048.     
   8.9485199999999997E-003   80424014126875552.     
   8.9484600000000001E-003   81381295027858768.     
   8.9483700000000006E-003   82516075749340784.     
   8.9482799999999994E-003   83636264464794560.     
   8.9481900000000000E-003   84742394312245728.     
   8.9481000000000005E-003   86015907976784912.     
   8.9479899999999994E-003   87449645010432272.     
   8.9478700000000001E-003   88510295322733456.     
   8.9478200000000004E-003   89210881012544976.     
   8.9477600000000008E-003   90252296515687920.     
   8.9476499999999997E-003   91623185829579424.     
   8.9475500000000003E-003   92974948062931008.     
   8.9474399999999992E-003   94308379832112896.     
   8.9473399999999998E-003   95624252733308992.     
   8.9472400000000004E-003   96923305115609056.     
   8.9471299999999993E-003   98206261017878192.     
   8.9470399999999999E-003   99473816320744592.     
   8.9469400000000004E-003   1.0072661637339850E+017
   8.9468399999999993E-003   1.0196523745657037E+017
   8.9467499999999998E-003   1.0349459658220298E+017
   8.9466100000000007E-003   1.0530263961542606E+017
   8.9464699999999998E-003   1.0678768748668509E+017
   8.9463800000000003E-003   1.0796245278564834E+017
   8.9462900000000008E-003   1.0912566707001493E+017
   8.9461999999999996E-003   1.1027767565127837E+017
   8.9461200000000001E-003   1.1170262126197654E+017
   8.9459899999999992E-003   1.1339062771936672E+017
   8.9458599999999999E-003   1.1505590098421483E+017
   8.9457400000000006E-003   1.1669940698557534E+017
   8.9456199999999996E-003   1.1832209992069024E+017
   8.9455000000000003E-003   1.1992483665457149E+017
   8.9453799999999993E-003   1.2124554646583216E+017
   8.9452999999999998E-003   1.2229289943173330E+017
   8.9452200000000003E-003   1.2384917446827694E+017
   8.9450699999999994E-003   1.2589623042421782E+017
   8.9449200000000003E-003   1.2766245974672595E+017
   8.9448099999999992E-003   1.2915894811456405E+017
   8.9447099999999998E-003   1.3063977060561661E+017
   8.9446000000000005E-003   1.3210546604000315E+017
   8.9444899999999994E-003   1.3379720534664237E+017
   8.9443500000000002E-003   1.3570697385418651E+017
   8.9442199999999993E-003   1.3759270906505512E+017
   8.9440800000000001E-003   1.3945530248662208E+017
   8.9439500000000009E-003   1.4129557061988533E+017
   8.9438199999999999E-003   1.4311428850821738E+017
   8.9436900000000007E-003   1.4491222827117866E+017
   8.9435599999999997E-003   1.4669014980116035E+017
   8.9434400000000004E-003   1.4844877752902886E+017
   8.9433099999999995E-003   1.5018880005312013E+017
   8.9431900000000002E-003   1.5191084642349149E+017
   8.9430699999999991E-003   1.5361545004548403E+017
   8.9429499999999999E-003   1.5572284391476160E+017
   8.9427800000000009E-003   1.5821745806384733E+017
   8.9426100000000001E-003   1.6026878650165139E+017
   8.9424900000000009E-003   1.6189305690734022E+017
   8.9423799999999998E-003   1.6350264119456122E+017
   8.9422700000000004E-003   1.6509801053854973E+017
   8.9421599999999993E-003   1.6746627076840365E+017
   8.9419500000000006E-003   1.7057697079749398E+017
   8.9417400000000001E-003   1.7287626113240320E+017
   8.9416300000000008E-003   1.7439444263654061E+017
   8.9415299999999996E-003   1.7665022612369219E+017
   8.9413300000000008E-003   1.7961650561061366E+017
   8.9411300000000003E-003   1.8181118767103424E+017
   8.9410300000000009E-003   1.8326132837349078E+017
   8.9409299999999997E-003   1.8541779937137667E+017
   8.9407400000000008E-003   1.8825743137107971E+017
   8.9405500000000002E-003   1.9105925806135997E+017
   8.9403699999999996E-003   1.9381315096832970E+017
   8.9401900000000006E-003   1.9665568684025475E+017
   8.9399900000000001E-003   2.0037477993772355E+017
   8.9396900000000001E-003   2.0413602483366150E+017
   8.9394899999999996E-003   2.0643014673352512E+017
   8.9393900000000002E-003   2.0869763860060653E+017
   8.9391899999999996E-003   2.1167456376291866E+017
   8.9389900000000008E-003   2.1460354080580333E+017
   8.9388000000000002E-003   2.1748717498186435E+017
   8.9386099999999996E-003   2.2103332512631846E+017
   8.9383299999999995E-003   2.2520361265401936E+017
   8.9380599999999994E-003   2.2996451978861088E+017
   8.9377099999999998E-003   2.3527353287051706E+017
   8.9373700000000000E-003   2.3916848802769536E+017
   8.9371999999999993E-003   2.4172917838358429E+017
   8.9370400000000003E-003   2.4426103520135286E+017
   8.9368799999999995E-003   2.4676511938883146E+017
   8.9367200000000004E-003   2.4955061684888403E+017
   8.9365299999999998E-003   2.5260700022215242E+017
   8.9363299999999993E-003   2.5562478195306157E+017
   8.9361500000000003E-003   2.5860549157506502E+017
   8.9359599999999997E-003   2.6242854927330118E+017
   8.9356699999999997E-003   2.6705387358829213E+017
   8.9353899999999997E-003   2.7216083393624525E+017
   8.9350400000000000E-003   2.7772086620037165E+017
   8.9347100000000002E-003   2.8375303443711002E+017
   8.9343200000000008E-003   2.9022641011253235E+017
   8.9339399999999996E-003   2.9498580020555866E+017
   8.9337500000000007E-003   2.9811765228425613E+017
   8.9335700000000001E-003   3.0326804944024755E+017
   8.9331500000000008E-003   3.1033273939503821E+017
   8.9327499999999997E-003   3.1675285003352090E+017
   8.9324199999999999E-003   3.2256822432295104E+017
   8.9320900000000002E-003   3.2922684794077286E+017
   8.9316699999999992E-003   3.3667841381504941E+017
   8.9312699999999998E-003   3.4397353790553178E+017
   8.9308800000000004E-003   3.5112259282425760E+017
   8.9304899999999993E-003   3.5639307893490451E+017
   8.9303100000000003E-003   3.5986659579623411E+017
   8.9301199999999997E-003   3.6416466822120365E+017
   8.9298499999999996E-003   3.6925942601989152E+017
   8.9295899999999994E-003   3.7595243940885402E+017
   8.9291600000000002E-003   3.8416367183929248E+017
   8.9287399999999992E-003   3.9184225206704614E+017
   8.9283799999999996E-003   3.9901775860198310E+017
   8.9280200000000001E-003   4.0612747324971354E+017
   8.9276700000000004E-003   4.1317507157236173E+017
   8.9273200000000007E-003   4.2126033569213338E+017
   8.9268799999999999E-003   4.3032934560594970E+017
   8.9264500000000007E-003   4.3922693962745818E+017
   8.9260299999999997E-003   4.4796264853996749E+017
   8.9256300000000004E-003   4.5654512384856358E+017
   8.9252299999999993E-003   4.6498285530600160E+017
   8.9248499999999998E-003   4.7173746543220538E+017
   8.9246099999999995E-003   4.7687492307658253E+017
   8.9243800000000009E-003   4.8196331410457914E+017
   8.9241600000000004E-003   4.8700424083582189E+017
   8.9239300000000001E-003   4.9448015318525357E+017
   8.9234899999999992E-003   5.0429451078973389E+017
   8.9230700000000000E-003   5.1489942281994643E+017
   8.9225799999999994E-003   5.2625437623248115E+017
   8.9221000000000005E-003   5.3689677687580397E+017
   8.9216699999999996E-003   5.4686402711569651E+017
   8.9212600000000003E-003   5.5789242776526931E+017
   8.9207699999999997E-003   5.6993004592349523E+017
   8.9202799999999992E-003   5.8175432385186598E+017
   8.9198100000000002E-003   5.9337883385081882E+017
   8.9193599999999994E-003   6.0200443255404518E+017
   8.9191300000000008E-003   6.1058797534023514E+017
   8.9186900000000000E-003   6.1907291341327232E+017
   8.9184699999999995E-003   6.2581917883290432E+017
   8.9181699999999996E-003   6.3363755687845619E+017
   8.9178799999999996E-003   6.4137714274464384E+017
   8.9175899999999995E-003   6.4904083653919590E+017
   8.9172999999999995E-003   6.5932442843622502E+017
   8.9168300000000006E-003   6.7213256252791078E+017
   8.9163599999999999E-003   6.8486031749825024E+017
   8.9158999999999992E-003   6.9751303799363686E+017
   8.9154600000000001E-003   7.1204657420260365E+017
   8.9148800000000000E-003   7.2837488705894502E+017
   8.9143199999999999E-003   7.4047254361897805E+017
   8.9140399999999998E-003   7.4849940355667341E+017
   8.9137699999999997E-003   7.6048538802039629E+017
   8.9132299999999994E-003   7.7629388952721651E+017
   8.9127100000000008E-003   7.9189634984738112E+017
   8.9122000000000003E-003   8.0730461714755187E+017
   8.9117099999999998E-003   8.2450560806723392E+017
   8.9110999999999999E-003   8.4342437359947264E+017
   8.9105100000000000E-003   8.6213725486032371E+017
   8.9099299999999999E-003   8.8065784411026202E+017
   8.9093699999999998E-003   8.9896562325752038E+017
   8.9088299999999995E-003   9.1707295316465958E+017
   8.9082899999999993E-003   9.3147555848742810E+017
   8.9079699999999994E-003   9.4229250110409677E+017
   8.9076599999999995E-003   9.5302297338706483E+017
   8.9073499999999996E-003   9.6366985430871450E+017
   8.9070499999999997E-003   9.7961138760936333E+017
   8.9064499999999998E-003   1.0006813181618998E+018
   8.9058599999999998E-003   1.0233333347398808E+018
   8.9051900000000003E-003   1.0475044481740867E+018
   8.9045500000000007E-003   1.0714860578730999E+018
   8.9039099999999993E-003   1.0952933241267789E+018
   8.9032899999999995E-003   1.1138508247587991E+018
   8.9029399999999998E-003   1.1273258347770266E+018
   8.9025900000000002E-003   1.1407561793650481E+018
   8.9022500000000004E-003   1.1541432436871572E+018
   8.9019200000000007E-003   1.1708212473202939E+018
   8.9014200000000002E-003   1.1907043189967713E+018
   8.9009299999999996E-003   1.2139217968868232E+018
   8.9002800000000000E-003   1.2403630035444513E+018
   8.8996500000000003E-003   1.2666265723380081E+018
   8.8990300000000005E-003   1.2927259028470259E+018
   8.8984200000000006E-003   1.3121481114619717E+018
   8.8981200000000007E-003   1.3250698001112069E+018
   8.8978300000000007E-003   1.3396928846937295E+018
   8.8974499999999995E-003   1.3559852822286479E+018
   8.8970899999999999E-003   1.3803354057568443E+018
   8.8963600000000007E-003   1.4124752825953293E+018
   8.8956599999999997E-003   1.4364300304152138E+018
   8.8953200000000000E-003   1.4523548237630651E+018
   8.8949800000000002E-003   1.4699914582773263E+018
   8.8945599999999993E-003   1.4893062948283405E+018
   8.8941599999999999E-003   1.5084718774362691E+018
   8.8937600000000006E-003   1.5274929865672678E+018
   8.8933599999999995E-003   1.5466577965533169E+018
   8.8929600000000001E-003   1.5659646691779451E+018
   8.8925700000000007E-003   1.5948835974521636E+018
   8.8917900000000001E-003   1.6331295925193554E+018
   8.8910399999999994E-003   1.6615911977904371E+018
   8.8906699999999998E-003   1.6805506228044662E+018
   8.8903000000000003E-003   1.7012981945866555E+018
   8.8898699999999994E-003   1.7238000937493238E+018
   8.8894400000000002E-003   1.7461344791752279E+018
   8.8890099999999993E-003   1.7796636638595679E+018
   8.8881800000000007E-003   1.8131941601822664E+018
   8.8877599999999998E-003   1.8355689586779374E+018
   8.8873500000000005E-003   1.8577883922758188E+018
   8.8869499999999994E-003   1.8882104207707707E+018
   8.8862600000000000E-003   1.9266261522564385E+018
   8.8855800000000006E-003   1.9652374929148037E+018
   8.8848899999999995E-003   2.0040471773722647E+018
   8.8842299999999999E-003   2.0412476962788959E+018
   8.8836100000000001E-003   2.0768886298615380E+018
   8.8830100000000002E-003   2.1059430698398541E+018
   8.8826300000000007E-003   2.1285557115052600E+018
   8.8822599999999995E-003   2.1645378579730109E+018
   8.8814500000000008E-003   2.2135470892680937E+018
   8.8806600000000003E-003   2.2520289025405448E+018
   8.8801999999999996E-003   2.2802683989441236E+018
   8.8797600000000004E-003   2.3215217277879849E+018
   8.8789000000000003E-003   2.3754428695810340E+018
   8.8780700000000001E-003   2.4328140978592251E+018
   8.8771400000000004E-003   2.4935222338421412E+018
   8.8762300000000006E-003   2.5409071322648192E+018
   8.8757200000000001E-003   2.5753536455225871E+018
   8.8752099999999997E-003   2.6098794516117274E+018
   8.8747099999999992E-003   2.6444851178360796E+018
   8.8742100000000004E-003   2.6921863973528156E+018
   8.8733400000000004E-003   2.7523390532140851E+018
   8.8724900000000002E-003   2.8043455147363389E+018
   8.8718500000000006E-003   2.8486303450942986E+018
   8.8712099999999992E-003   2.8891643256229248E+018
   8.8706800000000006E-003   2.9445953929207214E+018
   8.8696199999999999E-003   3.0209155432505774E+018
   8.8684999999999996E-003   3.0804683062355302E+018
   8.8679499999999994E-003   3.1201929083884815E+018
   8.8674099999999992E-003   3.1801303912660895E+018
   8.8663400000000003E-003   3.2604474209543962E+018
   8.8653099999999995E-003   3.3380069229449190E+018
   8.8643500000000000E-003   3.4019801937385472E+018
   8.8636900000000005E-003   3.4549280735616932E+018
   8.8630299999999992E-003   3.5320790001615002E+018
   8.8617799999999997E-003   3.6326575217285960E+018
   8.8605699999999999E-003   3.7346791226041539E+018
   8.8593300000000003E-003   3.8381079759310464E+018
   8.8581200000000006E-003   3.9303898384744259E+018
   8.8571699999999993E-003   4.0119319027288494E+018
   8.8562499999999995E-003   4.1117725819143516E+018
   8.8549100000000006E-003   4.2000879216520172E+018
   8.8542599999999992E-003   4.2584046478286275E+018
   8.8536099999999996E-003   4.3397451727495900E+018
   8.8524699999999994E-003   4.4434704807064079E+018
   8.8513499999999991E-003   4.5241384232757325E+018
   8.8507299999999994E-003   4.5823770543247519E+018
   8.8501099999999996E-003   4.6564337004283648E+018
   8.8491600000000000E-003   4.7459296144381655E+018
   8.8482300000000003E-003   4.8596596622625516E+018
   8.8468000000000001E-003   4.9655461424143432E+018
   8.8460499999999994E-003   5.0501796148235530E+018
   8.8450899999999999E-003   5.1449363495786803E+018
   8.8441400000000003E-003   5.2610588439273861E+018
   8.8427799999999997E-003   5.3638327884965652E+018
   8.8421100000000002E-003   5.4317482342005248E+018
   8.8414500000000007E-003   5.5369187299904440E+018
   8.8400800000000002E-003   5.6431152576530903E+018
   8.8394100000000007E-003   5.7132949345450557E+018
   8.8387399999999994E-003   5.7899549841130844E+018
   8.8379600000000006E-003   5.8729569852754913E+018
   8.8371800000000000E-003   5.9787690788358410E+018
   8.8359900000000002E-003   6.1067124973828874E+018
   8.8348200000000002E-003   6.2139496667142236E+018
   8.8340199999999997E-003   6.3010862434089339E+018
   8.8332399999999991E-003   6.3882878433974651E+018
   8.8324500000000004E-003   6.5236585079176878E+018
   8.8308199999999996E-003   6.7047621584598047E+018
   8.8292400000000004E-003   6.8894584367861361E+018
   8.8275999999999997E-003   7.0308067737031649E+018
   8.8267899999999993E-003   7.1240715480643410E+018
   8.8259900000000006E-003   7.2692410408327700E+018
   8.8243200000000001E-003   7.4643077462226831E+018
   8.8226899999999994E-003   7.6629365086444493E+018
   8.8210000000000007E-003   7.8147992512403948E+018
   8.8201700000000004E-003   7.9147876244467323E+018
   8.8193500000000001E-003   8.0174511765836882E+018
   8.8184800000000001E-003   8.1226188689057403E+018
   8.8176200000000000E-003   8.2267166444177766E+018
   8.8167799999999998E-003   8.3297218861286441E+018
   8.8159399999999995E-003   8.4353711505670994E+018
   8.8150599999999996E-003   8.5434594547435448E+018
   8.8141899999999995E-003   8.7031879785462835E+018
   8.8124899999999992E-003   8.8636996513504604E+018
   8.8115899999999994E-003   8.9740968357842514E+018
   8.8107099999999994E-003   9.0830210474047621E+018
   8.8098299999999994E-003   9.1904690153217577E+018
   8.8089699999999993E-003   9.3006822424720978E+018
   8.8080599999999995E-003   9.4127680705762406E+018
   8.8071599999999996E-003   9.5231050113228493E+018
   8.8062799999999997E-003   9.6318107372764385E+018
   8.8053999999999997E-003   9.7427609300596224E+018
   8.8044700000000000E-003   9.8556931391036539E+018
   8.8035600000000002E-003   9.9666990001076101E+018
   8.8026600000000003E-003   1.0075937130834960E+019
   8.8017700000000004E-003   1.0187273076619932E+019
   8.8008300000000008E-003   1.0300476648481810E+019
   8.7998999999999994E-003   1.0411588841083265E+019
   8.7989799999999996E-003   1.0520895078665722E+019
   8.7980799999999998E-003   1.0632191824126116E+019
   8.7971200000000003E-003   1.0745410366201547E+019
   8.7961800000000007E-003   1.0856514923279722E+019
   8.7952499999999992E-003   1.0965984510273399E+019
   8.7943299999999995E-003   1.1077570817658001E+019
   8.7933600000000001E-003   1.1191279717858451E+019
   8.7924000000000006E-003   1.1303052963062671E+019
   8.7914499999999993E-003   1.1413406793720154E+019
   8.7905199999999996E-003   1.1526130314604003E+019
   8.7895300000000003E-003   1.1641250761411041E+019
   8.7885600000000008E-003   1.1754687310321691E+019
   8.7875999999999996E-003   1.1866931520985596E+019
   8.7866500000000000E-003   1.1981997632477567E+019
   8.7856400000000008E-003   1.2099376571369658E+019
   8.7846599999999997E-003   1.2214311346463105E+019
   8.7836800000000003E-003   1.2330300711433406E+019
   8.7827200000000008E-003   1.2513237737193222E+019
   8.7806900000000007E-003   1.2755816977391741E+019
   8.7787300000000002E-003   1.2937289226577897E+019
   8.7776899999999995E-003   1.3063023569196663E+019
   8.7766700000000003E-003   1.3187406319743121E+019
   8.7756699999999993E-003   1.3313253543836117E+019
   8.7746800000000000E-003   1.3513150427038169E+019
   8.7725900000000002E-003   1.3777532408927975E+019
   8.7705600000000002E-003   1.3974837769748412E+019
   8.7694999999999995E-003   1.4112274935331486E+019
   8.7684500000000005E-003   1.4318097947184108E+019
   8.7663900000000006E-003   1.4598683149530431E+019
   8.7642499999999995E-003   1.4811408697985430E+019
   8.7631900000000006E-003   1.4954541972422457E+019
   8.7621599999999997E-003   1.5182439255393579E+019
   8.7599800000000005E-003   1.5482719503229993E+019
   8.7578599999999993E-003   1.5784007443637541E+019
   8.7556400000000003E-003   1.6014541143515556E+019
   8.7545599999999998E-003   1.6167520131805671E+019
   8.7534899999999992E-003   1.6408481488444801E+019
   8.7512400000000004E-003   1.6730792124701813E+019
   8.7490599999999995E-003   1.7059901007305794E+019
   8.7467799999999991E-003   1.7395481777314249E+019
   8.7445500000000002E-003   1.7646542625963790E+019
   8.7433900000000002E-003   1.7820688688696836E+019
   8.7422400000000001E-003   1.8088312292746551E+019
   8.7399000000000001E-003   1.8441969660787923E+019
   8.7376199999999998E-003   1.8796127243715686E+019
   8.7353299999999995E-003   1.9163840145914442E+019
   8.7329399999999998E-003   1.9538772676737118E+019
   8.7305999999999998E-003   1.9818823960160313E+019
   8.7293800000000001E-003   2.0113627185700454E+019
   8.7269700000000006E-003   2.0452243364657734E+019
   8.7251700000000008E-003   2.0749848738788684E+019
   8.7233199999999997E-003   2.1101663210753315E+019
   8.7209100000000001E-003   2.1510993945195327E+019
   8.7183899999999995E-003   2.1871842649646383E+019
   8.7165500000000000E-003   2.2183598357932290E+019
   8.7146499999999991E-003   2.2507359526550663E+019
   8.7127500000000000E-003   2.2827861913973608E+019
   8.7108800000000007E-003   2.3140109861809623E+019
   8.7090699999999993E-003   2.3444148131541156E+019
   8.7072999999999994E-003   2.3716368863492841E+019
   8.7058399999999994E-003   2.3961336703692771E+019
   8.7044099999999992E-003   2.4224016130168898E+019
   8.7027700000000003E-003   2.4499875251845751E+019
   8.7011599999999995E-003   2.4776351112672125E+019
   8.6994800000000008E-003   2.5058338642883047E+019
   8.6978300000000001E-003   2.5404902598437126E+019
   8.6954700000000003E-003   2.5794598876161516E+019
   8.6931700000000001E-003   2.6114554661353574E+019
   8.6914899999999996E-003   2.6387088171055464E+019
   8.6898400000000008E-003   2.6727885452449571E+019
   8.6874199999999995E-003   2.7110837176713642E+019
   8.6850599999999997E-003   2.7425720222359437E+019
   8.6833199999999996E-003   2.7690379380835312E+019
   8.6816099999999993E-003   2.7949299507887505E+019
   8.6798899999999991E-003   2.8205445244165779E+019
   8.6781900000000006E-003   2.8516908029738889E+019
   8.6757499999999994E-003   2.8862542322680119E+019
   8.6733599999999998E-003   2.9169858935075496E+019
   8.6712300000000003E-003   2.9451612907298607E+019
   8.6691600000000004E-003   2.9723952168969875E+019
   8.6670299999999992E-003   2.9990678900970107E+019
   8.6649599999999993E-003   3.0272982152917037E+019
   8.6624900000000001E-003   3.0566160255736639E+019
   8.6600800000000006E-003   3.0849351236008219E+019
   8.6576099999999996E-003   3.1119989870828614E+019
   8.6552199999999999E-003   3.1335123133465858E+019
   8.6534699999999999E-003   3.1522213210856382E+019
   8.6517599999999997E-003   3.1793216135351878E+019
   8.6485899999999994E-003   3.2121926963588870E+019
   8.6455500000000001E-003   3.2379252065402749E+019
   8.6434300000000006E-003   3.2593993144093225E+019
   8.6413800000000006E-003   3.2813125677982720E+019
   8.6392799999999992E-003   3.3033545741366387E+019
   8.6372399999999992E-003   3.3370900864372105E+019
   8.6331499999999992E-003   3.3712837691896959E+019
   8.6310899999999992E-003   3.3949405449273651E+019
   8.6290900000000007E-003   3.4238361295940440E+019
   8.6263099999999999E-003   3.4492413262553494E+019
   8.6249599999999992E-003   3.4663074952076382E+019
   8.6236400000000001E-003   3.4933994338598007E+019
   8.6208699999999992E-003   3.5211513520457609E+019
   8.6195200000000003E-003   3.5448714987890803E+019
   8.6174900000000002E-003   3.5744279246781833E+019
   8.6154200000000004E-003   3.5997379075926049E+019
   8.6140699999999997E-003   3.6310476337747046E+019
   8.6113400000000003E-003   3.6633386810970055E+019
   8.6099699999999998E-003   3.6853701493901898E+019
   8.6086099999999992E-003   3.7135970481614488E+019
   8.6065699999999992E-003   3.7488400599739384E+019
   8.6044899999999994E-003   3.7790417829594006E+019
   8.6031300000000005E-003   3.8032822149327692E+019
   8.6017899999999998E-003   3.8415065883850031E+019
   8.5989900000000008E-003   3.8874117342173233E+019
   8.5969400000000008E-003   3.9208020815422472E+019
   8.5955500000000004E-003   3.9557408224614072E+019
   8.5934400000000008E-003   4.0055179914560512E+019
   8.5906899999999998E-003   4.0491452450865258E+019
   8.5892499999999997E-003   4.0872495951705850E+019
   8.5871300000000001E-003   4.1329455953038459E+019
   8.5850600000000003E-003   4.1884131694814167E+019
   8.5821700000000001E-003   4.2414918121684361E+019
   8.5803800000000003E-003   4.2828545777404879E+019
   8.5786200000000003E-003   4.3340303418600014E+019
   8.5760699999999999E-003   4.3943957142825886E+019
   8.5735800000000008E-003   4.4613051658091364E+019
   8.5706099999999993E-003   4.5159061915438342E+019
   8.5691499999999993E-003   4.5525581972411941E+019
   8.5677099999999992E-003   4.6151964680224621E+019
   8.5642900000000004E-003   4.7028932405462467E+019
   8.5609699999999993E-003   4.7721399499295195E+019
   8.5590600000000003E-003   4.8384058539758887E+019
   8.5560199999999993E-003   4.9272155951142494E+019
   8.5525500000000008E-003   5.0070290680013865E+019
   8.5502500000000006E-003   5.0669167585218454E+019
   8.5482600000000002E-003   5.1229054163665551E+019
   8.5462899999999998E-003   5.1922445949823713E+019
   8.5434800000000009E-003   5.2717770521991283E+019
   8.5407199999999999E-003   5.3478250162566832E+019
   8.5382900000000005E-003   5.4191832628845527E+019
   8.5358900000000008E-003   5.4804469402183508E+019
   8.5342200000000003E-003   5.5306690729652838E+019
   8.5325799999999997E-003   5.6040214290816696E+019
   8.5294099999999994E-003   5.7021087008666583E+019
   8.5263200000000004E-003   5.7751956636341780E+019
   8.5247199999999995E-003   5.8256231637612814E+019
   8.5231400000000002E-003   5.8877015267289055E+019
   8.5208699999999998E-003   5.9609377882686947E+019
   8.5186299999999993E-003   6.0554504649660375E+019
   8.5151299999999992E-003   6.1732032429769515E+019
   8.5115899999999994E-003   6.3015397474981085E+019
   8.5076100000000005E-003   6.4173451048713798E+019
   8.5048899999999993E-003   6.5138794978992054E+019
   8.5021200000000002E-003   6.6330107070819009E+019
   8.4982300000000007E-003   6.7922882596577149E+019
   8.4933400000000003E-003   6.9214948192180232E+019
   8.4911799999999992E-003   7.0012976096030876E+019
   8.4890499999999997E-003   7.0952692788629709E+019
   8.4861899999999994E-003   7.2055058739021660E+019
   8.4832399999999995E-003   7.3174271191310787E+019
   8.4803299999999995E-003   7.4311533973035631E+019
   8.4773399999999999E-003   7.5478866742240854E+019
   8.4743300000000004E-003   7.6650175009245151E+019
   8.4713700000000006E-003   7.7645660382022386E+019
   8.4692799999999992E-003   7.8871004630550299E+019
   8.4651699999999993E-003   8.0757315470023852E+019
   8.4599500000000008E-003   8.2563033789478846E+019
   8.4562700000000001E-003   8.3966622539898651E+019
   8.4530700000000000E-003   8.5300613036432081E+019
   8.4498100000000003E-003   8.7113763244063654E+019
   8.4443499999999998E-003   8.9004908387764634E+019
   8.4407500000000003E-003   9.0169185245209412E+019
   8.4388299999999996E-003   9.1495848791157899E+019
   8.4345300000000008E-003   9.3317656660270858E+019
   8.4303199999999998E-003   9.4721624517853413E+019
   8.4279999999999997E-003   9.5720185433566986E+019
   8.4256999999999995E-003   9.7192103866464240E+019
   8.4212599999999999E-003   9.9117446058733273E+019
   8.4168999999999997E-003   1.0047301329742712E+020
   8.4150800000000001E-003   1.0127167796369642E+020
   8.4132800000000004E-003   1.0262561546822441E+020
   8.4089899999999999E-003   1.0452344567359342E+020
   8.4047800000000006E-003   1.0594082407673014E+020
   8.4025999999999997E-003   1.0691942889325709E+020
   8.4004400000000003E-003   1.0830282766910716E+020
   8.3964999999999995E-003   1.1008372614604866E+020
   8.3926199999999999E-003   1.1159429177107613E+020
   8.3898900000000005E-003   1.1284133023438999E+020
   8.3871999999999992E-003   1.1426306212475627E+020
   8.3837400000000006E-003   1.1585601944255331E+020
   8.3803400000000000E-003   1.1767073671454717E+020
   8.3759799999999999E-003   1.1970021685792049E+020
   8.3716999999999993E-003   1.2156475343110450E+020
   8.3680700000000000E-003   1.2397343550258065E+020
   8.3615700000000005E-003   1.2621179315766015E+020
   8.3586900000000002E-003   1.2768033146094975E+020
   8.3554800000000002E-003   1.2922484383497963E+020
   8.3523099999999999E-003   1.3160883047432700E+020
   8.3457099999999992E-003   1.3480838386857488E+020
   8.3392699999999993E-003   1.3811296037036684E+020
   8.3323800000000003E-003   1.4151930531501030E+020
   8.3256500000000004E-003   1.4410715405752926E+020
   8.3220199999999994E-003   1.4593640726461438E+020
   8.3184299999999999E-003   1.4787220326260667E+020
   8.3144199999999994E-003   1.4991322032409746E+020
   8.3104700000000004E-003   1.5184935249070513E+020
   8.3069000000000007E-003   1.5368371119743956E+020
   8.3033800000000008E-003   1.5588572761174707E+020
   8.2984400000000007E-003   1.5844747234130107E+020
   8.2935900000000000E-003   1.6128804648976276E+020
   8.2876700000000005E-003   1.6439687250033417E+020
   8.2818600000000003E-003   1.6730075984131126E+020
   8.2767799999999992E-003   1.7001236679399273E+020
   8.2717699999999995E-003   1.7281945866404948E+020
   8.2663300000000006E-003   1.7546721345743435E+020
   8.2620799999999998E-003   1.7777931136601404E+020
   8.2578900000000004E-003   1.8089341118096320E+020
   8.2508000000000008E-003   1.8478907148618885E+020
   8.2438500000000005E-003   1.8846863878857651E+020
   8.2376700000000008E-003   1.9192361504526746E+020
   8.2315900000000004E-003   1.9514439132150579E+020
   8.2262099999999994E-003   1.9930436288048634E+020
   8.2170799999999999E-003   2.0297512203292446E+020
   8.2134500000000006E-003   2.0506711905095837E+020
   8.2098599999999994E-003   2.0818177308142486E+020
   8.2027799999999998E-003   2.1229699466400170E+020
   8.1958299999999994E-003   2.1563091074158294E+020
   8.1914799999999992E-003   2.1820153311521722E+020
   8.1871800000000005E-003   2.2121917600307724E+020
   8.1813900000000002E-003   2.2467525959718555E+020
   8.1756799999999994E-003   2.2851342300550526E+020
   8.1686999999999992E-003   2.3366617540214925E+020
   8.1587900000000008E-003   2.3886821338461903E+020
   8.1517599999999992E-003   2.4227036050830000E+020
   8.1478000000000002E-003   2.4611297659431734E+020
   8.1394699999999993E-003   2.5129291881874017E+020
   8.1312999999999993E-003   2.5522159234605852E+020
   8.1270100000000005E-003   2.5793836817953889E+020
   8.1227599999999997E-003   2.6063857023486194E+020
   8.1185600000000004E-003   2.6332406503776613E+020
   8.1143900000000008E-003   2.6749760713468818E+020
   8.1056400000000008E-003   2.7312780571083155E+020
   8.0970599999999997E-003   2.7887892373655201E+020
   8.0881000000000008E-003   2.8474866926871636E+020
   8.0793099999999993E-003   2.8920676358468714E+020
   8.0746900000000007E-003   2.9228317192981237E+020
   8.0701300000000000E-003   2.9534290400308888E+020
   8.0655999999999992E-003   2.9838634161726738E+020
   8.0611199999999997E-003   3.0311705763165943E+020
   8.0517100000000001E-003   3.0949665156928917E+020
   8.0424799999999994E-003   3.1431904813960685E+020
   8.0376400000000004E-003   3.1766227947453415E+020
   8.0328399999999994E-003   3.2098774299720391E+020
   8.0280899999999999E-003   3.2429569270676921E+020
   8.0233900000000000E-003   3.2943494078400011E+020
   8.0135099999999997E-003   3.3636937146524605E+020
   8.0038300000000000E-003   3.4343739734674938E+020
   7.9937199999999993E-003   3.5066751304038239E+020
   7.9837999999999992E-003   3.5616082157826179E+020
   7.9785900000000007E-003   3.5995009937934968E+020
   7.9734400000000000E-003   3.6371969114783606E+020
   7.9683299999999992E-003   3.6747065375664328E+020
   7.9632799999999997E-003   3.7329552035633077E+020
   7.9526700000000002E-003   3.8115592577480943E+020
   7.9422699999999995E-003   3.8709650881103954E+020
   7.9368100000000007E-003   3.9121518655563268E+020
   7.9313999999999999E-003   3.9531293268144908E+020
   7.9260500000000005E-003   3.9939000702307251E+020
   7.9207500000000007E-003   4.0572195368964725E+020
   7.9096300000000008E-003   4.1426775095827995E+020
   7.8987199999999997E-003   4.2299148140054361E+020
   7.8873299999999997E-003   4.3190284240442379E+020
   7.8761600000000001E-003   4.3867499346098854E+020
   7.8703000000000002E-003   4.4334550650294475E+020
   7.8645000000000000E-003   4.4799293841082129E+020
   7.8587599999999994E-003   4.5261838664523717E+020
   7.8530700000000002E-003   4.5979719348680065E+020
   7.8411399999999999E-003   4.6948727644834306E+020
   7.8294300000000001E-003   4.7681498244361676E+020
   7.8232900000000001E-003   4.8189125728253418E+020
   7.8172199999999997E-003   4.8945369144758036E+020
   7.8052299999999998E-003   4.9978073660501380E+020
   7.7927300000000003E-003   5.0770335123545214E+020
   7.7865699999999996E-003   5.1294160709718416E+020
   7.7804700000000003E-003   5.2107601310688005E+020
   7.7676799999999999E-003   5.3205837016736183E+020
   7.7551299999999998E-003   5.4036260914100581E+020
   7.7485499999999999E-003   5.4611675801741466E+020
   7.7420400000000004E-003   5.5335521672056576E+020
   7.7321899999999999E-003   5.6207324117441151E+020
   7.7224700000000004E-003   5.7089726270130337E+020
   7.7124999999999997E-003   5.7984803579999283E+020
   7.7026600000000001E-003   5.8901723908101485E+020
   7.6923699999999996E-003   5.9839671795019507E+020
   7.6822100000000001E-003   6.0790483049252363E+020
   7.6717900000000004E-003   6.2046071309806548E+020
   7.6553000000000003E-003   6.3397882185929733E+020
   7.6430400000000003E-003   6.4569099739796249E+020
   7.6306600000000000E-003   6.5760631618944893E+020
   7.6181599999999997E-003   6.7130052193124444E+020
   7.6023499999999999E-003   6.8519525415617154E+020
   7.5896699999999997E-003   6.9790424317072048E+020
   7.5765499999999996E-003   7.1094207799314979E+020
   7.5634099999999996E-003   7.2337977207630306E+020
   7.5516799999999999E-003   7.3491668506343100E+020
   7.5405000000000003E-003   7.4864682955120876E+020
   7.5246200000000001E-003   7.6340318618865317E+020
   7.5115499999999997E-003   7.7606226994316706E+020
   7.4998599999999997E-003   7.8897651850842368E+020
   7.4860400000000002E-003   8.0390424457831567E+020
   7.4708800000000001E-003   8.1687659631448870E+020
   7.4609300000000002E-003   8.2868204609818473E+020
   7.4469200000000001E-003   8.4358229999575079E+020
   7.4304400000000000E-003   8.5755522027874052E+020
   7.4145699999999997E-003   8.7064579448561310E+020
   7.3998800000000002E-003   8.7940186266489717E+020
   7.3857999999999997E-003   8.8562413104628577E+020
   7.3698799999999997E-003   8.8143845205187979E+020
   7.3635899999999997E-003   8.8923034049887941E+020
   7.3487099999999996E-003   8.6904058304584116E+020
   7.3292399999999999E-003   8.6337725608216402E+020
   7.3154300000000004E-003   8.3061956732818502E+020
   7.3020799999999999E-003   7.7697229129240019E+020
   7.2869099999999997E-003   7.4582217237165900E+020
   7.2729900000000000E-003   7.2623453242429578E+020
   7.2670900000000004E-003   6.9778604079800831E+020
   7.2612199999999997E-003   6.7106183503791732E+020
   7.2468999999999997E-003   6.4822560576032263E+020
   7.2411500000000000E-003   6.3539054442422521E+020
   7.2345800000000000E-003   6.1091579717453768E+020
   7.2294700000000000E-003   6.0959959786104357E+020
   7.2213700000000004E-003   5.9664864681773459E+020
   7.2161800000000000E-003   5.7923525317507193E+020
   7.2113100000000003E-003   5.6918876152896507E+020
   7.2069100000000004E-003   5.7221803620806400E+020
   7.2016500000000004E-003   5.5646628842846906E+020
   7.1958500000000002E-003   5.4465611229709088E+020
   7.1900699999999998E-003   5.4225883780285569E+020
   7.1865699999999998E-003   5.4044580569246630E+020
   7.1818000000000003E-003   5.3443556413148391E+020
   7.1794199999999997E-003   5.3181112316823201E+020
   7.1776299999999999E-003   5.2947223058365317E+020
   7.1734700000000004E-003   5.2849564258739264E+020
   7.1710799999999998E-003   5.2734760327278474E+020
   7.1677700000000004E-003   5.2589595570878539E+020
   7.1650500000000001E-003   5.2311406104204431E+020
   7.1590000000000004E-003   5.2031911835862178E+020
   7.1544599999999996E-003   5.2036903821542693E+020
   7.1493299999999997E-003   5.1813027866216484E+020
   7.1433299999999998E-003   5.1766202703389544E+020
   7.1386200000000000E-003   5.1776159344364493E+020
   7.1341199999999999E-003   5.1766122573751294E+020
   7.1297599999999997E-003   5.1831054074159307E+020
   7.1257999999999998E-003   5.1892563592835813E+020
   7.1207600000000003E-003   5.1960067883926323E+020
   7.1186799999999996E-003   5.2033815889549866E+020
   7.1145499999999999E-003   5.2113490598082943E+020
   7.1117999999999997E-003   5.2212816862411981E+020
   7.1076899999999998E-003   5.2309923094863256E+020
   7.1056499999999998E-003   5.2412299056707738E+020
   7.1016500000000001E-003   5.2555813210408760E+020
   7.0977599999999998E-003   5.2668728232937010E+020
   7.0958300000000000E-003   5.2758734967518698E+020
   7.0933100000000002E-003   5.2918143530109187E+020
   7.0882799999999998E-003   5.3142279352802627E+020
   7.0832800000000000E-003   5.3378550127520042E+020
   7.0783100000000000E-003   5.3563212336233362E+020
   7.0758300000000000E-003   5.3672963128088645E+020
   7.0739699999999997E-003   5.3816985050373954E+020
   7.0702700000000000E-003   5.4012208565609169E+020
   7.0666300000000000E-003   5.4208486215323504E+020
   7.0630399999999996E-003   5.4404533231674799E+020
   7.0595199999999997E-003   5.4600366618646905E+020
   7.0560600000000003E-003   5.4828946338854778E+020
   7.0515300000000003E-003   5.5041454016475234E+020
   7.0487500000000003E-003   5.5204698964264996E+020
   7.0459600000000004E-003   5.5421277033486693E+020
   7.0413899999999998E-003   5.5664957972216932E+020
   7.0378000000000003E-003   5.5869982128685639E+020
   7.0346300000000000E-003   5.6051215205231231E+020
   7.0318899999999998E-003   5.6281570377726434E+020
   7.0272800000000003E-003   5.6576656637670346E+020
   7.0224800000000002E-003   5.6926967375766074E+020
   7.0162699999999998E-003   5.7224490304839818E+020
   7.0133499999999998E-003   5.7415259957208842E+020
   7.0104299999999998E-003   5.7654506042141868E+020
   7.0060599999999997E-003   5.7991610610504532E+020
   7.0002700000000003E-003   5.8278320298160456E+020
   6.9973800000000001E-003   5.8467799872454125E+020
   6.9944999999999998E-003   5.8715986217032332E+020
   6.9900300000000004E-003   5.9075183418404910E+020
   6.9837700000000003E-003   5.9408746758624130E+020
   6.9801500000000001E-003   5.9741353812362016E+020
   6.9740200000000000E-003   6.0158555183388085E+020
   6.9679800000000004E-003   6.0481921660988332E+020
   6.9645400000000000E-003   6.0681376708652224E+020
   6.9623400000000000E-003   6.0906382669368446E+020
   6.9579400000000001E-003   6.1244650328687890E+020
   6.9526099999999997E-003   6.1540278457929433E+020
   6.9494700000000001E-003   6.1826610571018096E+020
   6.9444600000000004E-003   6.2091341197942994E+020
   6.9419599999999996E-003   6.2351801938166822E+020
   6.9370899999999999E-003   6.2776937720616819E+020
   6.9299799999999996E-003   6.3204202533948529E+020
   6.9251199999999999E-003   6.3552733039302869E+020
   6.9202700000000001E-003   6.4027317606058400E+020
   6.9119500000000000E-003   6.4489999870556019E+020
   6.9075200000000003E-003   6.4918921593291591E+020
   6.9001599999999998E-003   6.5314945701554264E+020
   6.8967999999999998E-003   6.5509681185036553E+020
   6.8947799999999997E-003   6.5683291124751257E+020
   6.8921000000000000E-003   6.6000383353438785E+020
   6.8862000000000003E-003   6.6440917329454065E+020
   6.8802400000000001E-003   6.6917812051124657E+020
   6.8734099999999999E-003   6.7389410166689300E+020
   6.8677399999999998E-003   6.7764768155396918E+020
   6.8634400000000002E-003   6.8175224493473045E+020
   6.8569199999999999E-003   6.8627052639498312E+020
   6.8515800000000003E-003   6.8953325769794938E+020
   6.8484000000000001E-003   6.9304439464925266E+020
   6.8424200000000001E-003   6.9703208295051572E+020
   6.8381600000000002E-003   7.0031362912091780E+020
   6.8339200000000003E-003   7.0484043440052594E+020
   6.8265200000000000E-003   7.0939538291746498E+020
   6.8223199999999998E-003   7.1351436223792769E+020
   6.8160399999999998E-003   7.1901213670853719E+020
   6.8084299999999999E-003   7.2441726168134923E+020
   6.8024799999999996E-003   7.2870654666882259E+020
   6.7977300000000001E-003   7.3179587443987985E+020
   6.7947700000000003E-003   7.3418260865214552E+020
   6.7918199999999996E-003   7.3607938280980296E+020
   6.7901100000000002E-003   7.3746824746065907E+020
   6.7884000000000000E-003   7.3850866971371084E+020
   6.7875399999999999E-003   7.3920172270487863E+020
   6.7866899999999997E-003   7.4267707470660279E+020
   6.7858399999999996E-003   7.4338517757773939E+020
   6.7849900000000003E-003   7.4409327255149281E+020
   6.7841300000000002E-003   7.4480135975447495E+020
   6.7832800000000000E-003   7.4550943701604722E+020
   6.7824299999999999E-003   7.4621750905384219E+020
   6.7815799999999997E-003   7.4727948848545582E+020
   6.7798800000000003E-003   7.4906803624102330E+020
   6.7773000000000000E-003   7.5126662895867108E+020
   6.7746200000000003E-003   7.5457266500470191E+020
   6.7694100000000000E-003   7.5885788361817679E+020
   6.7644300000000001E-003   7.6276659650003993E+020
   6.7601400000000004E-003   7.6841733070333608E+020
   6.7510900000000004E-003   7.7630256606835599E+020
   6.7416300000000002E-003   7.8742745313210401E+020
   6.7251899999999998E-003   8.0165936161206449E+020
   6.7088299999999998E-003   8.1594388604936113E+020
   6.6926499999999996E-003   8.3146415070810446E+020
   6.6739000000000000E-003   8.4691814681523742E+020
   6.6582899999999999E-003   8.6129642697571133E+020
   6.6423000000000003E-003   8.7666315554785565E+020
   6.6248899999999996E-003   8.9342424864986563E+020
   6.6063099999999998E-003   9.1278117728347593E+020
   6.5838900000000002E-003   9.3145392527885900E+020
   6.5672800000000000E-003   9.4916538160367940E+020
   6.5473600000000003E-003   9.6861404975785522E+020
   6.5276800000000001E-003   9.8651181251005907E+020
   6.5113699999999998E-003   1.0000687393955966E+021
   6.5007099999999998E-003   1.0148467965642434E+021
   6.4822600000000001E-003   1.0300946756826578E+021
   6.4709600000000004E-003   1.0475438701057008E+021
   6.4485899999999997E-003   1.0678020068616545E+021
   6.4323100000000001E-003   1.0849831256885173E+021
   6.4162000000000004E-003   1.1006594002966728E+021
   6.4030600000000003E-003   1.1148160198846144E+021
   6.3900199999999997E-003   1.1384923300252425E+021
   6.3597899999999997E-003   1.1718350392374856E+021
   6.3300800000000001E-003   1.1963067126117952E+021
   6.3165199999999999E-003   1.2176493218513410E+021
   6.2928400000000001E-003   1.2372527211248476E+021
   6.2826899999999996E-003   1.2575138441704332E+021
   6.2582699999999998E-003   1.2863166884592256E+021
   6.2341799999999998E-003   1.3091876316109679E+021
   6.2202700000000000E-003   1.3260403118633976E+021
   6.2064700000000004E-003   1.3476304802963170E+021
   6.1851199999999997E-003   1.3740257391449379E+021
   6.1640200000000001E-003   1.3962602972882222E+021
   6.1498000000000004E-003   1.4142738724857129E+021
   6.1356800000000001E-003   1.4421823889357385E+021
   6.1066000000000002E-003   1.4799087314688176E+021
   6.0779400000000004E-003   1.5111692361426146E+021
   6.0594899999999998E-003   1.5358498293510879E+021
   6.0412199999999999E-003   1.5557665668372271E+021
   6.0301599999999997E-003   1.5708591526040696E+021
   6.0191600000000000E-003   1.5965567354588561E+021
   5.9929400000000004E-003   1.6321589163756403E+021
   5.9565599999999996E-003   1.6779874772797340E+021
   5.9280200000000000E-003   1.7114231877444685E+021
   5.9100600000000000E-003   1.7412696398064425E+021
   5.8868899999999997E-003   1.7751875984934434E+021
   5.8639599999999997E-003   1.8155001370085805E+021
   5.8328299999999998E-003   1.8629895378891915E+021
   5.8014199999999998E-003   1.8996669029223390E+021
   5.7855299999999997E-003   1.9243539990543312E+021
   5.7697399999999998E-003   1.9622037253100596E+021
   5.7374200000000000E-003   2.0137185925590577E+021
   5.7055400000000003E-003   2.0666750168077569E+021
   5.6726499999999996E-003   2.1210668619400539E+021
   5.6401999999999997E-003   2.1769492221082337E+021
   5.6067299999999999E-003   2.2344310391289351E+021
   5.5737000000000000E-003   2.2934375006212205E+021
   5.5396400000000002E-003   2.3541315381218674E+021
   5.5060100000000004E-003   2.4165121022287875E+021
   5.4713499999999998E-003   2.4806092864668875E+021
   5.4371100000000002E-003   2.5297947954246299E+021
   5.4196000000000001E-003   2.5631374184864762E+021
   5.4022000000000002E-003   2.6142667063612791E+021
   5.3666000000000000E-003   2.6839353829094625E+021
   5.3314299999999998E-003   2.7373621994358781E+021
   5.3134499999999999E-003   2.7736220536452678E+021
   5.2955700000000003E-003   2.8288225194408972E+021
   5.2593800000000001E-003   2.9045378421502352E+021
   5.2228700000000001E-003   2.9824044845287599E+021
   5.1860200000000004E-003   3.0624824868413453E+021
   5.1488300000000001E-003   3.1448472459474219E+021
   5.1113100000000000E-003   3.2295693136125294E+021
   5.0734300000000003E-003   3.3167214259306480E+021
   5.0352100000000000E-003   3.4063821192518146E+021
   4.9966300000000002E-003   3.4986326303971103E+021
   4.9576899999999998E-003   3.5935459748715000E+021
   4.9183899999999999E-003   3.6668745025894928E+021
   4.8985000000000001E-003   3.7163514381375756E+021
   4.8787099999999996E-003   3.7666628370804921E+021
   4.8586300000000001E-003   3.8175926551404568E+021
   4.8386499999999999E-003   3.8840773080584149E+021
   4.8068700000000004E-003   3.9667652624688695E+021
   4.7752999999999997E-003   4.0358172784683699E+021
   4.7547300000000004E-003   4.0907251093003074E+021
   4.7342599999999997E-003   4.1463946778969915E+021
   4.7134899999999999E-003   4.2028963724579522E+021
   4.6928100000000004E-003   4.2602185690007360E+021
   4.6718400000000000E-003   4.3183889103769169E+021
   4.6509600000000000E-003   4.3774033272568739E+021
   4.6297800000000000E-003   4.4372902182924316E+021
   4.6086900000000004E-003   4.4980584861029567E+021
   4.5873099999999998E-003   4.5597239870521396E+021
   4.5660099999999997E-003   4.6223026665805751E+021
   4.5444099999999996E-003   4.6858082863950563E+021
   4.5228899999999999E-003   4.7502537821035252E+021
   4.5010800000000002E-003   4.8156652346689087E+021
   4.4793400000000001E-003   4.8820540998234837E+021
   4.4573000000000000E-003   4.9494380075585446E+021
   4.4353400000000003E-003   5.0178310958903554E+021
   4.4130799999999998E-003   5.0872609283058791E+021
   4.3908899999999997E-003   5.1577374953939822E+021
   4.3683999999999997E-003   5.2292916249606184E+021
   4.3459700000000002E-003   5.3019296285729342E+021
   4.3232499999999998E-003   5.3756843280791618E+021
   4.3005800000000000E-003   5.4505690528098759E+021
   4.2776100000000003E-003   5.5266144384628745E+021
   4.2547100000000001E-003   5.6036832205882419E+021
   4.2315800000000004E-003   5.6821099775827284E+021
   4.2083299999999997E-003   5.7617662433372982E+021
   4.1849599999999997E-003   5.8426783069061985E+021
   4.1614499999999997E-003   5.9248721065684312E+021
   4.1378099999999996E-003   6.0083792907507912E+021
   4.1140400000000002E-003   6.0932252910226946E+021
   4.0901399999999999E-003   6.1794501332005762E+021
   4.0660999999999996E-003   6.2670782349583330E+021
   4.0419300000000000E-003   6.3561449433824556E+021
   4.0176099999999996E-003   6.4466882595099488E+021
   3.9931599999999999E-003   6.5387366547884731E+021
   3.9685600000000003E-003   6.6323246518812394E+021
   3.9438099999999999E-003   6.7274921075393870E+021
   3.9189200000000002E-003   6.8242708086795755E+021
   3.8938800000000002E-003   6.9226943635250878E+021
   3.8686900000000001E-003   7.0228238299371279E+021
   3.8433400000000002E-003   7.1246850420299425E+021
   3.8178299999999999E-003   7.2283483605504958E+021
   3.7921700000000001E-003   7.3339027855374968E+021
   3.7663400000000000E-003   7.4414148746419173E+021
   3.7403499999999999E-003   7.5508513406070156E+021
   3.7141900000000000E-003   7.6621405967310819E+021
   3.6878599999999998E-003   7.7752452932562510E+021
   3.6613499999999998E-003   7.8901883768069014E+021
   3.6346700000000000E-003   8.0069945217350002E+021
   3.6078099999999999E-003   8.1256897402296179E+021
   3.5807700000000000E-003   8.2463014822838555E+021
   3.5535300000000001E-003   8.3688582532381152E+021
   3.5261099999999998E-003   8.4933898536710926E+021
   3.4984899999999999E-003   8.6199270960945263E+021
   3.4706699999999999E-003   8.7485018238165356E+021
   3.4426499999999998E-003   8.8791468911819500E+021
   3.4144200000000000E-003   9.0118960972528343E+021
   3.3859799999999998E-003   9.1467841559867142E+021
   3.3573299999999999E-003   9.2838467488701324E+021
   3.3284500000000002E-003   9.4231203478453659E+021
   3.2993400000000000E-003   9.5646425015408174E+021
   3.2699999999999999E-003   9.7084514788391298E+021
   3.2404299999999999E-003   9.8545864435846087E+021
   3.2106100000000000E-003   1.0003087501031826E+022
   3.1805399999999999E-003   1.0153995579474731E+022
   3.1502100000000001E-003   1.0307352557588255E+022
   3.1196200000000000E-003   1.0463201065155821E+022
   3.0887599999999999E-003   1.0621584802752754E+022
   3.0576200000000000E-003   1.0782548242636607E+022
   3.0261900000000002E-003   1.0946136737330475E+022
   2.9944699999999999E-003   1.1112396621714742E+022
   2.9624500000000002E-003   1.1281375214665424E+022
   2.9301200000000000E-003   1.1453120524481349E+022
   2.8974600000000001E-003   1.1627681799426418E+022
   2.8644700000000000E-003   1.1805109086013897E+022
   2.8311299999999998E-003   1.1985453429345141E+022
   2.7974499999999999E-003   1.2168766745120382E+022
   2.7633900000000001E-003   1.2355102130815042E+022
   2.7289500000000000E-003   1.2544513589411372E+022
   2.6941199999999999E-003   1.2737056116840040E+022
   2.6588900000000001E-003   1.2932785859058312E+022
   2.6232199999999999E-003   1.3131759721335352E+022
   2.5871200000000000E-003   1.3334036039422741E+022
   2.5505500000000000E-003   1.3539674022471369E+022
   2.5135100000000000E-003   1.3748733821958056E+022
   2.4759700000000001E-003   1.3961277011343259E+022
   2.4378999999999998E-003   1.4177365913893440E+022
   2.3992900000000001E-003   1.4397064315998501E+022
   2.3601099999999999E-003   1.4620436850925925E+022
   2.3203299999999998E-003   1.4847541859489143E+022
   2.2799200000000000E-003   1.5078506361461462E+022
   2.2388400000000002E-003   1.5313346238738715E+022
   2.1970599999999998E-003   1.5552130725015559E+022
   2.1545499999999999E-003   1.5794930137955287E+022
   2.1112499999999998E-003   1.6041816152786040E+022
   2.0671100000000000E-003   1.6292847551059000E+022
   2.0220899999999998E-003   1.6548167779466147E+022
   1.9761200000000000E-003   1.6807800511210168E+022
   1.9291499999999999E-003   1.7070984165430605E+022
   1.8814000000000001E-003   1.7339466975929115E+022
   1.8318399999999999E-003   1.7613424311881781E+022
   1.7813300000000000E-003   1.7891092511260093E+022
   1.7294500000000000E-003   1.8137171284703882E+022
   1.6898400000000000E-003   1.8352090738823220E+022
   1.6487500000000000E-003   1.8659444849656482E+022
   1.5713599999999999E-003   1.8973912791582140E+022
   1.5280199999999999E-003   1.9199700515042527E+022
   1.4825800000000001E-003   1.9539992914260400E+022
   1.3883999999999999E-003   1.9928470790302805E+022
   1.3233800000000001E-003   2.0238838028406159E+022
   1.2555600000000000E-003   2.0558685947267174E+022
   1.1806700000000000E-003   2.0892982209609330E+022
   1.1009200000000000E-003   2.1241627243656025E+022
   1.0091099999999999E-003   2.1624339312058172E+022
   8.9961999999999996E-004   2.2112520176460586E+022
   7.0664000000000002E-004   2.2621049737624750E+022
   5.6800999999999998E-004   2.2910003377720214E+022
   4.8430000000000001E-004   2.3090941527617863E+022
   3.8309999999999999E-004   2.3237891247233319E+022
   3.1396000000000001E-004   2.3330831489668263E+022
   2.5080000000000002E-004   2.3389537785302533E+022
   2.0170999999999999E-004   2.3433869590712721E+022
   1.6422000000000000E-004   2.3456571094010320E+022
   1.3647000000000000E-004   2.3473464824292696E+022
   1.1692999999999999E-004   2.3481284293121095E+022
   1.0408000000000001E-004   2.3488805694998695E+022
   8.6899999999999998E-005   2.3495600340535240E+022
   6.8969999999999999E-005   2.3500625700347970E+022
   5.4740000000000001E-005   2.3504434985009506E+022
   4.3449999999999999E-005   2.3506491208370099E+022
   3.4480000000000002E-005   2.3507758792609809E+022
   2.7370000000000001E-005   2.3508834102879986E+022
   2.1719999999999999E-005   2.3509344656457139E+022
   1.7240000000000001E-005   2.3509794706363897E+022
   1.3679999999999999E-005   2.3510193497597400E+022
