   8.8967400000000002E-003   852269598466192.38     
   8.8967300000000003E-003   1163249281836289.8     
   8.8967200000000003E-003   1411799801956285.0     
   8.8967200000000003E-003   1623053609288140.5     
   8.8967200000000003E-003   1808600901284437.5     
   8.8967100000000004E-003   1975433192074749.5     
   8.8967100000000004E-003   2127832795693229.2     
   8.8967100000000004E-003   2268751942588347.0     
   8.8967000000000004E-003   2399852673671884.0     
   8.8967000000000004E-003   2522708470844910.0     
   8.8967000000000004E-003   2638572368232839.5     
   8.8967000000000004E-003   2748437088597162.0     
   8.8967000000000004E-003   2853059215124439.5     
   8.8966900000000005E-003   2953022469876766.0     
   8.8966900000000005E-003   3048801624381564.0     
   8.8966900000000005E-003   3140795720705682.0     
   8.8966900000000005E-003   3229340258699587.5     
   8.8966900000000005E-003   3314727339579144.5     
   8.8966900000000005E-003   3397225357874910.5     
   8.8966900000000005E-003   3477080325287210.5     
   8.8966800000000006E-003   3573336465628929.5     
   8.8966800000000006E-003   3684558595204359.0     
   8.8966800000000006E-003   3791328326611441.5     
   8.8966800000000006E-003   3894035070498874.0     
   8.8966800000000006E-003   3976874258121390.0     
   8.8966800000000006E-003   4041299933193051.5     
   8.8966800000000006E-003   4104251327173538.5     
   8.8966700000000006E-003   4165800498599436.0     
   8.8966700000000006E-003   4240779297973231.5     
   8.8966700000000006E-003   4328289962149767.0     
   8.8966700000000006E-003   4413182472824835.0     
   8.8966700000000006E-003   4495653754251592.5     
   8.8966700000000006E-003   4562730600192063.0     
   8.8966700000000006E-003   4615277874764421.0     
   8.8966700000000006E-003   4666934012986027.0     
   8.8966600000000007E-003   4717740448385076.0     
   8.8966600000000007E-003   4792298074682565.0     
   8.8966600000000007E-003   4865431170070472.0     
   8.8966600000000007E-003   4913200278035966.0     
   8.8966600000000007E-003   4983458458260462.0     
   8.8966600000000007E-003   5075071197027315.0     
   8.8966600000000007E-003   5164297104021207.0     
   8.8966600000000007E-003   5251285307012431.0     
   8.8966500000000007E-003   5315230809463814.0     
   8.8966500000000007E-003   5357159703691968.0     
   8.8966500000000007E-003   5398594912929158.0     
   8.8966500000000007E-003   5439550032123343.0     
   8.8966500000000007E-003   5500021939711705.0     
   8.8966500000000007E-003   5579194799837133.0     
   8.8966500000000007E-003   5656647894111514.0     
   8.8966500000000007E-003   5732461028431450.0     
   8.8966500000000007E-003   5818861139423921.0     
   8.8966500000000007E-003   5915210597633462.0     
   8.8966400000000008E-003   6009059004949382.0     
   8.8966400000000008E-003   6100556727903697.0     
   8.8966400000000008E-003   6189852044133109.0     
   8.8966400000000008E-003   6277084076331331.0     
   8.8966400000000008E-003   6362382143932013.0     
   8.8966400000000008E-003   6445868518853875.0     
   8.8966300000000009E-003   6537696402571051.0     
   8.8966300000000009E-003   6637420764415889.0     
   8.8966300000000009E-003   6734809732470097.0     
   8.8966300000000009E-003   6806522686395690.0     
   8.8966300000000009E-003   6853606189597970.0     
   8.8966300000000009E-003   6923193200183406.0     
   8.8966300000000009E-003   7014450937437564.0     
   8.8966199999999992E-003   7103882784791869.0     
   8.8966199999999992E-003   7191574022603493.0     
   8.8966199999999992E-003   7277603341428830.0     
   8.8966199999999992E-003   7362043901146407.0     
   8.8966199999999992E-003   7444959861369418.0     
   8.8966199999999992E-003   7526384440968637.0     
   8.8966199999999992E-003   7606342177878245.0     
   8.8966099999999992E-003   7684859203717134.0     
   8.8966099999999992E-003   7799665342058875.0     
   8.8966099999999992E-003   7930246865735362.0     
   8.8966099999999992E-003   8038813743505825.0     
   8.8966099999999992E-003   8144700444729138.0     
   8.8965999999999993E-003   8222655131736725.0     
   8.8965999999999993E-003   8273818589215595.0     
   8.8965999999999993E-003   8349430213423988.0     
   8.8965999999999993E-003   8448675442240580.0     
   8.8965999999999993E-003   8593686872309242.0     
   8.8965899999999994E-003   8736157199551993.0     
   8.8965899999999994E-003   8829403400680885.0     
   8.8965899999999994E-003   8921738595865660.0     
   8.8965899999999994E-003   9013359979018808.0     
   8.8965899999999994E-003   9104448407651836.0     
   8.8965899999999994E-003   9195168117474806.0     
   8.8965799999999994E-003   9285659692956424.0     
   8.8965799999999994E-003   9375998131117654.0     
   8.8965799999999994E-003   9481208253842016.0     
   8.8965799999999994E-003   9601441843056230.0     
   8.8965799999999994E-003   9781485267498970.0     
   8.8965699999999995E-003   9962488002508156.0     
   8.8965699999999995E-003   10083128128815950.     
   8.8965699999999995E-003   10203911800639744.     
   8.8965699999999995E-003   10324727833328686.     
   8.8965599999999995E-003   10460485775927398.     
   8.8965599999999995E-003   10611046353029352.     
   8.8965599999999995E-003   10761026974505838.     
   8.8965599999999995E-003   10910207569683090.     
   8.8965599999999995E-003   11058383581102012.     
   8.8965499999999996E-003   11205366819840082.     
   8.8965499999999996E-003   11422991157525542.     
   8.8965499999999996E-003   11651645417837654.     
   8.8965399999999997E-003   11820099015828454.     
   8.8965399999999997E-003   11985946405734060.     
   8.8965399999999997E-003   12149127050070746.     
   8.8965399999999997E-003   12309617349309272.     
   8.8965399999999997E-003   12467424432928548.     
   8.8965299999999997E-003   12622580689393738.     
   8.8965299999999997E-003   12775142505520476.     
   8.8965299999999997E-003   12925221738837630.     
   8.8965299999999997E-003   13072952247774330.     
   8.8965199999999998E-003   13218464453188408.     
   8.8965199999999998E-003   13361880210507854.     
   8.8965199999999998E-003   13573204764114658.     
   8.8965199999999998E-003   13848790683194022.     
   8.8965099999999998E-003   14117801230937992.     
   8.8965099999999998E-003   14380858715225402.     
   8.8965099999999998E-003   14638492788394490.     
   8.8964999999999999E-003   14891133504482732.     
   8.8964999999999999E-003   15139126624404068.     
   8.8964900000000000E-003   15382759528427118.     
   8.8964900000000000E-003   15622268688739962.     
   8.8964900000000000E-003   15857854929735004.     
   8.8964800000000000E-003   16089689565052144.     
   8.8964800000000000E-003   16317923191685176.     
   8.8964800000000000E-003   16542683099829000.     
   8.8964800000000000E-003   16764054003357538.     
   8.8964700000000001E-003   16982109051750278.     
   8.8964700000000001E-003   17196920454736082.     
   8.8964700000000001E-003   17513258958432436.     
   8.8964600000000001E-003   17924268809317198.     
   8.8964600000000001E-003   18224705912131340.     
   8.8964500000000002E-003   18421476809195696.     
   8.8964500000000002E-003   18615350632594020.     
   8.8964500000000002E-003   18806300074148304.     
   8.8964400000000003E-003   19056373060201620.     
   8.8964400000000003E-003   19361365248128844.     
   8.8964400000000003E-003   19657864023824888.     
   8.8964300000000003E-003   19874502576375052.     
   8.8964300000000003E-003   20016284631306508.     
   8.8964300000000003E-003   20225006137895516.     
   8.8964200000000004E-003   20495771699506048.     
   8.8964200000000004E-003   20758049551906104.     
   8.8964200000000004E-003   21011890545179856.     
   8.8964100000000004E-003   21257672300873676.     
   8.8964100000000004E-003   21496036668647240.     
   8.8964100000000004E-003   21840690531955224.     
   8.8964000000000005E-003   22172546732154892.     
   8.8963900000000005E-003   22386990329811216.     
   8.8963900000000005E-003   22597087691796284.     
   8.8963900000000005E-003   22803393654878664.     
   8.8963800000000006E-003   23106036692363208.     
   8.8963800000000006E-003   23500348826694288.     
   8.8963700000000007E-003   23885134664901384.     
   8.8963600000000007E-003   24262053098012396.     
   8.8963600000000007E-003   24586576510486668.     
   8.8963500000000008E-003   24860938224680876.     
   8.8963500000000008E-003   25131958639407488.     
   8.8963400000000008E-003   25399641532533836.     
   8.8963400000000008E-003   25794662202372020.     
   8.8963299999999992E-003   26183135113988516.     
   8.8963299999999992E-003   26438104501654472.     
   8.8963199999999992E-003   26689891117099512.     
   8.8963199999999992E-003   26938371069812628.     
   8.8963199999999992E-003   27304528892345984.     
   8.8963099999999993E-003   27780326044596196.     
   8.8962999999999993E-003   28241021522127556.     
   8.8962899999999994E-003   28685146400128836.     
   8.8962799999999995E-003   29111172954365404.     
   8.8962799999999995E-003   29517832441043072.     
   8.8962699999999995E-003   29904847920733792.     
   8.8962599999999996E-003   30273251803222744.     
   8.8962499999999996E-003   30624126007573352.     
   8.8962499999999996E-003   30958508334993692.     
   8.8962399999999997E-003   31277977422873172.     
   8.8962299999999998E-003   31634290996805648.     
   8.8962299999999998E-003   32023670118649320.     
   8.8962199999999998E-003   32396922072048944.     
   8.8962099999999999E-003   32757248016292928.     
   8.8961999999999999E-003   33107438302064552.     
   8.8961900000000000E-003   33365312482442136.     
   8.8961900000000000E-003   33534830936594872.     
   8.8961800000000001E-003   33786043214530136.     
   8.8961700000000001E-003   34117818122328072.     
   8.8961700000000001E-003   34446344347741212.     
   8.8961600000000002E-003   34772645800967220.     
   8.8961500000000002E-003   35177102605642216.     
   8.8961400000000003E-003   35658646020590548.     
   8.8961300000000004E-003   36016943862654256.     
   8.8961200000000004E-003   36370705936813864.     
   8.8961100000000005E-003   36722343147518592.     
   8.8961100000000005E-003   36992753491795472.     
   8.8961000000000005E-003   37299217209163152.     
   8.8960900000000006E-003   37602660174993136.     
   8.8960800000000007E-003   37903023330802984.     
   8.8960800000000007E-003   38346961273489968.     
   8.8960600000000008E-003   38785215902710952.     
   8.8960600000000008E-003   39072934719541272.     
   8.8960500000000008E-003   39427781176811528.     
   8.8960399999999992E-003   39847115772175368.     
   8.8960299999999992E-003   40461143459924392.     
   8.8960099999999993E-003   41060698927223312.     
   8.8959999999999994E-003   41450775130042104.     
   8.8959899999999995E-003   41833890811396200.     
   8.8959799999999995E-003   42210532083978792.     
   8.8959699999999996E-003   42763649217552608.     
   8.8959499999999997E-003   43484228517285712.     
   8.8959399999999998E-003   44071801914777136.     
   8.8959199999999999E-003   44533762244088224.     
   8.8959099999999999E-003   45046192490909760.     
   8.8959000000000000E-003   45608344949515536.     
   8.8958900000000000E-003   46163647275969200.     
   8.8958700000000002E-003   46712962081735392.     
   8.8958600000000002E-003   47391461693763352.     
   8.8958400000000003E-003   47998204073371584.     
   8.8958300000000004E-003   48399179049499616.     
   8.8958200000000005E-003   48798130924439704.     
   8.8958100000000005E-003   49195155113163584.     
   8.8958000000000006E-003   49786215283557048.     
   8.8957800000000007E-003   50569544112692704.     
   8.8957600000000008E-003   51345842488239608.     
   8.8957399999999992E-003   52114509244567592.     
   8.8957299999999993E-003   52874924128566104.     
   8.8957099999999994E-003   53750254759366104.     
   8.8956899999999995E-003   54735705289925320.     
   8.8956599999999997E-003   55584073030396808.     
   8.8956499999999997E-003   56299819637119056.     
   8.8956299999999999E-003   57005217334037448.     
   8.8956199999999999E-003   57700176019240136.     
   8.8956000000000000E-003   58497499467015120.     
   8.8955800000000002E-003   59391776346058296.     
   8.8955600000000003E-003   60267578309523088.     
   8.8955400000000004E-003   61124769032589744.     
   8.8955200000000005E-003   61963314375341912.     
   8.8955000000000006E-003   62783521721371608.     
   8.8954800000000007E-003   63585715683231272.     
   8.8954600000000009E-003   64370182990699312.     
   8.8954499999999992E-003   65137181659609600.     
   8.8954299999999993E-003   65887109755194760.     
   8.8954099999999994E-003   66801725988407960.     
   8.8953799999999996E-003   67867341808402008.     
   8.8953599999999997E-003   68730846989424648.     
   8.8953399999999998E-003   69407130640749352.     
   8.8953200000000000E-003   70071072236322384.     
   8.8953100000000000E-003   70723396326597552.     
   8.8952900000000001E-003   71682044864097864.     
   8.8952600000000003E-003   72926794716539872.     
   8.8952300000000005E-003   73837937647986944.     
   8.8952100000000006E-003   74435395528744720.     
   8.8952000000000007E-003   75172132583083472.     
   8.8951800000000008E-003   76043683834003360.     
   8.8951499999999992E-003   76902697110774576.     
   8.8951299999999994E-003   77750138815518608.     
   8.8951099999999995E-003   78724343760397712.     
   8.8950799999999997E-003   79820957757342496.     
   8.8950499999999998E-003   80632818573855264.     
   8.8950399999999999E-003   81168220000480304.     
   8.8950300000000000E-003   81962773310133280.     
   8.8950000000000001E-003   83008736794727552.     
   8.8949700000000003E-003   84038424531716080.     
   8.8949500000000004E-003   85052250937441104.     
   8.8949200000000006E-003   86050660389833104.     
   8.8949000000000007E-003   87034014094846160.     
   8.8948699999999992E-003   88479876222792912.     
   8.8948199999999995E-003   89897944468304912.     
   8.8947999999999996E-003   90826066357172560.     
   8.8947699999999998E-003   91742015648939232.     
   8.8947499999999999E-003   92646265244023232.     
   8.8947300000000000E-003   93760116387438976.     
   8.8946900000000002E-003   95075273982953296.     
   8.8946600000000004E-003   96154430175218384.     
   8.8946400000000005E-003   97006598682881024.     
   8.8946100000000007E-003   98058615999278048.     
   8.8945799999999992E-003   99304068726985840.     
   8.8945499999999993E-003   1.0053107610610518E+017
   8.8945199999999995E-003   1.0174063202193872E+017
   8.8944899999999997E-003   1.0293369460295750E+017
   8.8944599999999999E-003   1.0411103542580264E+017
   8.8944300000000000E-003   1.0527325213536389E+017
   8.8944000000000002E-003   1.0642088896781810E+017
   8.8943700000000004E-003   1.0755454088417283E+017
   8.8943400000000006E-003   1.0867505889341731E+017
   8.8943100000000008E-003   1.0996601898519598E+017
   8.8942699999999993E-003   1.1142273399776022E+017
   8.8942399999999994E-003   1.1250328655998357E+017
   8.8942199999999996E-003   1.1321687463806763E+017
   8.8941999999999997E-003   1.1443349720903563E+017
   8.8941599999999999E-003   1.1614054335542269E+017
   8.8941100000000002E-003   1.1748195691986290E+017
   8.8940900000000003E-003   1.1846785408211136E+017
   8.8940600000000005E-003   1.1968799106258550E+017
   8.8940300000000007E-003   1.2113671739219390E+017
   8.8939899999999992E-003   1.2256821122663142E+017
   8.8939499999999994E-003   1.2398323921190160E+017
   8.8939199999999996E-003   1.2561333901463986E+017
   8.8938699999999999E-003   1.2745210123686219E+017
   8.8938300000000001E-003   1.2881535889810853E+017
   8.8938100000000003E-003   1.2971525318077550E+017
   8.8937800000000004E-003   1.3105195259553963E+017
   8.8937400000000007E-003   1.3281417929251659E+017
   8.8936999999999992E-003   1.3455243904711926E+017
   8.8936499999999995E-003   1.3626761022883670E+017
   8.8936099999999997E-003   1.3796050453944616E+017
   8.8935699999999999E-003   1.3963186492183886E+017
   8.8935300000000002E-003   1.4128241310253576E+017
   8.8934900000000004E-003   1.4291285863980778E+017
   8.8934500000000007E-003   1.4452391038456506E+017
   8.8934099999999992E-003   1.4611627186626621E+017
   8.8933699999999994E-003   1.4808016670064666E+017
   8.8933199999999997E-003   1.5040205861346666E+017
   8.8932600000000001E-003   1.5230890842781053E+017
   8.8932300000000002E-003   1.5381524068471203E+017
   8.8931900000000005E-003   1.5530577661531923E+017
   8.8931500000000007E-003   1.5678100881736899E+017
   8.8931199999999992E-003   1.5860338309622499E+017
   8.8930699999999994E-003   1.6076183366352861E+017
   8.8930099999999998E-003   1.6288940224400208E+017
   8.8929600000000001E-003   1.6498734076176227E+017
   8.8929100000000004E-003   1.6705696336559024E+017
   8.8928700000000006E-003   1.6909952954007222E+017
   8.8928199999999992E-003   1.7078254041837645E+017
   8.8927899999999994E-003   1.7211592417367523E+017
   8.8927499999999996E-003   1.7409441879372493E+017
   8.8926900000000000E-003   1.7669862269274528E+017
   8.8926300000000003E-003   1.7894601615190291E+017
   8.8925900000000006E-003   1.8084881692265821E+017
   8.8925400000000009E-003   1.8273130742153779E+017
   8.8924999999999994E-003   1.8459409063844922E+017
   8.8924499999999997E-003   1.8674240204461034E+017
   8.8924000000000000E-003   1.8916741254071920E+017
   8.8923400000000003E-003   1.9156046508584186E+017
   8.8922900000000006E-003   1.9392270029113360E+017
   8.8922299999999992E-003   1.9625513499002646E+017
   8.8921799999999995E-003   1.9855863567224266E+017
   8.8921199999999999E-003   2.0083402793026752E+017
   8.8920700000000002E-003   2.0308209113457594E+017
   8.8920200000000005E-003   2.0530355916379283E+017
   8.8919700000000008E-003   2.0749921922949168E+017
   8.8919199999999993E-003   2.0966993891711706E+017
   8.8918699999999996E-003   2.1181656707013494E+017
   8.8918199999999999E-003   2.1446598725990819E+017
   8.8917500000000003E-003   2.1760100332039693E+017
   8.8916800000000008E-003   2.2017823037198074E+017
   8.8916299999999993E-003   2.2221617942906221E+017
   8.8915799999999996E-003   2.2423447197219629E+017
   8.8915399999999999E-003   2.2623369375343504E+017
   8.8914900000000002E-003   2.2919540664233389E+017
   8.8914000000000007E-003   2.3308606584817344E+017
   8.8913099999999995E-003   2.3596240806960726E+017
   8.8912699999999997E-003   2.3785836563057594E+017
   8.8912300000000000E-003   2.4067111415233978E+017
   8.8911400000000005E-003   2.4437227455564390E+017
   8.8910599999999992E-003   2.4711254684538499E+017
   8.8910199999999995E-003   2.4892080429849123E+017
   8.8909799999999997E-003   2.5160624261420045E+017
   8.8909000000000002E-003   2.5514411298924042E+017
   8.8908200000000007E-003   2.5863247251001776E+017
   8.8907399999999994E-003   2.6207340284695306E+017
   8.8906699999999998E-003   2.6563910586463661E+017
   8.8905900000000003E-003   2.7031896119258086E+017
   8.8904599999999993E-003   2.7508657373638342E+017
   8.8903699999999999E-003   2.7800427098986851E+017
   8.8903300000000001E-003   2.8088670583793286E+017
   8.8902500000000006E-003   2.8468528583379066E+017
   8.8901599999999994E-003   2.8843216138860826E+017
   8.8900799999999999E-003   2.9212940255091494E+017
   8.8900000000000003E-003   2.9668131633371334E+017
   8.8898799999999993E-003   3.0205205132736730E+017
   8.8897700000000000E-003   3.0819092234502675E+017
   8.8896200000000009E-003   3.1505671266858176E+017
   8.8894700000000000E-003   3.2011001883299059E+017
   8.8894000000000004E-003   3.2343074433089318E+017
   8.8893300000000008E-003   3.2671681882395757E+017
   8.8892599999999995E-003   3.2996941321247994E+017
   8.8891899999999999E-003   3.3358911652691034E+017
   8.8891000000000005E-003   3.3756504706097478E+017
   8.8890199999999992E-003   3.4149324655260128E+017
   8.8889299999999997E-003   3.4537526394943046E+017
   8.8888500000000002E-003   3.5035270155383296E+017
   8.8887199999999993E-003   3.5638368494385690E+017
   8.8885900000000000E-003   3.6304357032194477E+017
   8.8884399999999992E-003   3.7030292242935258E+017
   8.8882800000000001E-003   3.7817906127694848E+017
   8.8880999999999995E-003   3.8663914087356762E+017
   8.8879300000000005E-003   3.9286836718151008E+017
   8.8878399999999993E-003   3.9696200086363821E+017
   8.8877599999999998E-003   4.0368265298279008E+017
   8.8875599999999992E-003   4.1291517458755744E+017
   8.8873700000000003E-003   4.2130627243430938E+017
   8.8872199999999995E-003   4.2702001353383277E+017
   8.8871400000000000E-003   4.3078345345034560E+017
   8.8870600000000004E-003   4.3513105328640467E+017
   8.8869599999999993E-003   4.4004700318503846E+017
   8.8868599999999999E-003   4.4731050665404384E+017
   8.8866599999999994E-003   4.5681902302623155E+017
   8.8864700000000005E-003   4.6612886101453184E+017
   8.8862799999999999E-003   4.7299381850442515E+017
   8.8861900000000004E-003   4.7751117383688506E+017
   8.8860999999999992E-003   4.8309558940719738E+017
   8.8859600000000000E-003   4.8971475132990982E+017
   8.8858300000000008E-003   4.9839716999726195E+017
   8.8856100000000004E-003   5.0905185972533888E+017
   8.8853999999999999E-003   5.1901044612292262E+017
   8.8852199999999992E-003   5.2830820212382029E+017
   8.8850300000000004E-003   5.3751384441572109E+017
   8.8848499999999997E-003   5.4663255470432205E+017
   8.8846700000000008E-003   5.5707947570772486E+017
   8.8844400000000004E-003   5.6879096790692870E+017
   8.8842100000000000E-003   5.8026618706794150E+017
   8.8839899999999996E-003   5.9151830169438362E+017
   8.8837699999999992E-003   6.0256033772419379E+017
   8.8835600000000004E-003   6.1340463448763059E+017
   8.8833499999999999E-003   6.2208226231615130E+017
   8.8832200000000007E-003   6.2867274817295744E+017
   8.8830999999999997E-003   6.3519518827533645E+017
   8.8829700000000004E-003   6.4165149373122957E+017
   8.8828499999999994E-003   6.5120803338739981E+017
   8.8825999999999992E-003   6.6374789791107059E+017
   8.8823700000000005E-003   6.7727218409310797E+017
   8.8820900000000005E-003   6.9173296654885926E+017
   8.8818200000000003E-003   7.0526472744474368E+017
   8.8815800000000000E-003   7.1791525428521830E+017
   8.8813399999999997E-003   7.3188431205431744E+017
   8.8810499999999997E-003   7.4718375655106560E+017
   8.8807699999999996E-003   7.6231239429702413E+017
   8.8804999999999995E-003   7.7727549083781670E+017
   8.8802299999999994E-003   7.8844937835696550E+017
   8.8800900000000002E-003   7.9957989214733798E+017
   8.8798300000000000E-003   8.1065458310181491E+017
   8.8797000000000008E-003   8.1947134836703936E+017
   8.8795200000000001E-003   8.2972445025548685E+017
   8.8793399999999995E-003   8.3990430709037990E+017
   8.8791700000000005E-003   8.5001222096434739E+017
   8.8789999999999997E-003   8.6360182647491456E+017
   8.8786999999999998E-003   8.8060606077122304E+017
   8.8784199999999997E-003   8.9756407461221619E+017
   8.8781399999999996E-003   9.1447876774049613E+017
   8.8778599999999996E-003   9.3396034778197069E+017
   8.8775000000000000E-003   9.5594034856587405E+017
   8.8771500000000003E-003   9.7229299240672205E+017
   8.8769699999999997E-003   9.8315329678271962E+017
   8.8768000000000007E-003   9.9938427342696154E+017
   8.8764599999999992E-003   1.0208659751058781E+018
   8.8761299999999994E-003   1.0421237063855519E+018
   8.8757999999999997E-003   1.0631691963006470E+018
   8.8754799999999998E-003   1.0867111425100676E+018
   8.8750900000000004E-003   1.1126780380604385E+018
   8.8747099999999992E-003   1.1384226347655172E+018
   8.8743299999999997E-003   1.1639578739445286E+018
   8.8739600000000002E-003   1.1892492143042527E+018
   8.8736000000000006E-003   1.2143088383661248E+018
   8.8732399999999993E-003   1.2342790278448650E+018
   8.8730300000000005E-003   1.2492858812324500E+018
   8.8728200000000000E-003   1.2641842478825188E+018
   8.8726099999999995E-003   1.2789767512394575E+018
   8.8724100000000007E-003   1.3011291509662963E+018
   8.8719999999999997E-003   1.3304518952582953E+018
   8.8716000000000003E-003   1.3620013019008696E+018
   8.8711499999999995E-003   1.3957048527275523E+018
   8.8707000000000005E-003   1.4291744344804257E+018
   8.8702599999999996E-003   1.4624265859411876E+018
   8.8698300000000004E-003   1.4883693797052503E+018
   8.8695900000000001E-003   1.5072068065213665E+018
   8.8693499999999998E-003   1.5259864962211927E+018
   8.8691099999999995E-003   1.5447107221744561E+018
   8.8688800000000009E-003   1.5680404919953769E+018
   8.8685199999999995E-003   1.5958698387666647E+018
   8.8681799999999998E-003   1.6283735177242941E+018
   8.8677200000000008E-003   1.6654106430287176E+018
   8.8672700000000000E-003   1.7022076338859261E+018
   8.8668199999999992E-003   1.7387812669742062E+018
   8.8663900000000000E-003   1.7660092432655606E+018
   8.8661699999999996E-003   1.7841218278737492E+018
   8.8659600000000009E-003   1.8046200690916175E+018
   8.8656900000000007E-003   1.8274621265934080E+018
   8.8654300000000005E-003   1.8615949735532608E+018
   8.8649000000000002E-003   1.9066949554604557E+018
   8.8643899999999998E-003   1.9402242847699226E+018
   8.8641299999999996E-003   1.9625073645083062E+018
   8.8638799999999993E-003   1.9871821999831009E+018
   8.8635799999999994E-003   2.0142027658833464E+018
   8.8632799999999994E-003   2.0410105845948477E+018
   8.8629799999999995E-003   2.0676121513636329E+018
   8.8626899999999995E-003   2.0944102250134656E+018
   8.8623899999999995E-003   2.1214025730124884E+018
   8.8620999999999995E-003   2.1618166121651231E+018
   8.8615199999999995E-003   2.2152578678844575E+018
   8.8609499999999994E-003   2.2550200323358625E+018
   8.8606699999999993E-003   2.2814958546819087E+018
   8.8603999999999992E-003   2.3104600004476646E+018
   8.8600699999999994E-003   2.3418635638230282E+018
   8.8597399999999996E-003   2.3730212352718843E+018
   8.8594199999999998E-003   2.4197653865172434E+018
   8.8587800000000001E-003   2.4664948381641114E+018
   8.8584600000000003E-003   2.4976580787270932E+018
   8.8581500000000004E-003   2.5285932602005243E+018
   8.8578400000000005E-003   2.5709266425572029E+018
   8.8573100000000002E-003   2.6243541934262436E+018
   8.8567799999999999E-003   2.6780112364544399E+018
   8.8562499999999995E-003   2.7318985014717056E+018
   8.8557299999999992E-003   2.7835094578421402E+018
   8.8552500000000003E-003   2.8329211250343107E+018
   8.8547799999999996E-003   2.8731791533135539E+018
   8.8544799999999996E-003   2.9044958727622129E+018
   8.8541899999999996E-003   2.9542987965912448E+018
   8.8535500000000000E-003   3.0220349170650291E+018
   8.8529300000000002E-003   3.0747899368807475E+018
   8.8525700000000006E-003   3.1130820926769879E+018
   8.8522099999999992E-003   3.1683248372781404E+018
   8.8515299999999998E-003   3.2394428609858038E+018
   8.8508600000000003E-003   3.3142064902701937E+018
   8.8501099999999996E-003   3.3929904563401436E+018
   8.8493800000000004E-003   3.4547072104232991E+018
   8.8489599999999995E-003   3.4998767686821468E+018
   8.8485500000000002E-003   3.5455007700511130E+018
   8.8481400000000009E-003   3.5916250814239396E+018
   8.8477299999999998E-003   3.6558278658910694E+018
   8.8470200000000006E-003   3.7378608316593992E+018
   8.8463199999999995E-003   3.8098640105557197E+018
   8.8457899999999992E-003   3.8720232986875684E+018
   8.8452700000000006E-003   3.9295190173660529E+018
   8.8448299999999997E-003   4.0087641924521467E+018
   8.8439599999999997E-003   4.1181193699876731E+018
   8.8430300000000000E-003   4.2028240397201597E+018
   8.8425699999999993E-003   4.2587319786661652E+018
   8.8421200000000002E-003   4.3420040055946911E+018
   8.8412300000000003E-003   4.4517917573699220E+018
   8.8403700000000002E-003   4.5570440950284534E+018
   8.8395699999999997E-003   4.6437700420526592E+018
   8.8390099999999996E-003   4.7154923501995735E+018
   8.8384599999999994E-003   4.8199096742080266E+018
   8.8374100000000004E-003   4.9558778653578598E+018
   8.8363899999999995E-003   5.0936222322212588E+018
   8.8353400000000006E-003   5.2330933341746176E+018
   8.8343099999999997E-003   5.3573906608239114E+018
   8.8334999999999993E-003   5.4671147291981814E+018
   8.8327100000000006E-003   5.6013293763559250E+018
   8.8315700000000004E-003   5.7199346875267604E+018
   8.8310100000000002E-003   5.7981921289165537E+018
   8.8304500000000001E-003   5.9072709261571021E+018
   8.8294700000000007E-003   6.0462425562864333E+018
   8.8285099999999995E-003   6.1542282046661939E+018
   8.8279599999999993E-003   6.2321402918567404E+018
   8.8274300000000007E-003   6.3311570980417833E+018
   8.8266100000000004E-003   6.4507319510056878E+018
   8.8258000000000000E-003   6.6025588084587110E+018
   8.8245600000000004E-003   6.7437912873145283E+018
   8.8239000000000008E-003   6.8565961012333619E+018
   8.8230600000000006E-003   6.9828114260278774E+018
   8.8222400000000003E-003   7.1373729761803817E+018
   8.8210400000000005E-003   7.2740663994016369E+018
   8.8204600000000005E-003   7.3643477596498719E+018
   8.8198800000000004E-003   7.5040791430520166E+018
   8.8186700000000007E-003   7.6450851002237327E+018
   8.8180800000000007E-003   7.7382205039376732E+018
   8.8175000000000007E-003   7.8399148025219604E+018
   8.8167999999999996E-003   7.9499729722114652E+018
   8.8161200000000002E-003   8.0902112273230940E+018
   8.8150599999999996E-003   8.2596662570792346E+018
   8.8140200000000005E-003   8.4016030548211732E+018
   8.8133199999999995E-003   8.5168779983265577E+018
   8.8126200000000002E-003   8.6321802980315996E+018
   8.8119200000000009E-003   8.8110783934491228E+018
   8.8104700000000008E-003   9.0501881573182761E+018
   8.8090600000000005E-003   9.2937693253261189E+018
   8.8075800000000006E-003   9.4799603903246008E+018
   8.8068599999999997E-003   9.6027193372023501E+018
   8.8061500000000004E-003   9.7936454094628618E+018
   8.8046500000000007E-003   1.0049796365500412E+019
   8.8031800000000007E-003   1.0310145424227504E+019
   8.8016499999999994E-003   1.0508835369905637E+019
   8.8009000000000004E-003   1.0639454970194172E+019
   8.8001599999999996E-003   1.0773412565100485E+019
   8.7993800000000007E-003   1.0910431091916268E+019
   8.7986100000000001E-003   1.1045857594806716E+019
   8.7978399999999995E-003   1.1179647332780622E+019
   8.7970900000000005E-003   1.1316657940919792E+019
   8.7962900000000000E-003   1.1456556241529524E+019
   8.7954999999999995E-003   1.1662786160351826E+019
   8.7939500000000000E-003   1.1869241118380859E+019
   8.7931299999999997E-003   1.2010875114218797E+019
   8.7923299999999992E-003   1.2150255822334374E+019
   8.7915300000000005E-003   1.2287373966083820E+019
   8.7907500000000000E-003   1.2427795228576444E+019
   8.7899199999999997E-003   1.2570027073490033E+019
   8.7890999999999993E-003   1.2709560449787009E+019
   8.7882900000000007E-003   1.2846592075847186E+019
   8.7874900000000002E-003   1.2985990976897159E+019
   8.7866400000000001E-003   1.3127337563453037E+019
   8.7857999999999999E-003   1.3265717129278126E+019
   8.7849799999999995E-003   1.3401395859428456E+019
   8.7841599999999992E-003   1.3539147909858775E+019
   8.7833000000000008E-003   1.3678613398982105E+019
   8.7824500000000007E-003   1.3814873928204610E+019
   8.7816000000000005E-003   1.3948407742408071E+019
   8.7807700000000002E-003   1.4083795362302136E+019
   8.7798900000000003E-003   1.4220951529803149E+019
   8.7790200000000002E-003   1.4354910527879819E+019
   8.7781700000000001E-003   1.4486469553432834E+019
   8.7773199999999999E-003   1.4620056065928047E+019
   8.7764200000000001E-003   1.4755710360487830E+019
   8.7755400000000001E-003   1.4888508598379162E+019
   8.7746600000000001E-003   1.5019302343358159E+019
   8.7738000000000000E-003   1.5152502489827858E+019
   8.7728900000000002E-003   1.5288184315038906E+019
   8.7719900000000003E-003   1.5421464176931719E+019
   8.7711000000000004E-003   1.5553144644892944E+019
   8.7702200000000004E-003   1.5687926801820678E+019
   8.7692900000000008E-003   1.5825007790369812E+019
   8.7683699999999993E-003   1.5958481999114029E+019
   8.7674699999999994E-003   1.6094043792536670E+019
   8.7665699999999996E-003   1.6308841872520358E+019
   8.7646900000000003E-003   1.6591821743715047E+019
   8.7628600000000008E-003   1.6802297892585677E+019
   8.7618999999999995E-003   1.6948214358377695E+019
   8.7609500000000000E-003   1.7092345019426617E+019
   8.7600100000000004E-003   1.7239200119316380E+019
   8.7590800000000007E-003   1.7474085051402973E+019
   8.7571400000000001E-003   1.7782487166817686E+019
   8.7552399999999992E-003   1.8011143897675012E+019
   8.7542399999999999E-003   1.8170809786702680E+019
   8.7532600000000006E-003   1.8410529108973455E+019
   8.7513299999999999E-003   1.8737054649914069E+019
   8.7493199999999997E-003   1.8983499978111193E+019
   8.7483300000000003E-003   1.9150364531096666E+019
   8.7473499999999992E-003   1.9417952360064242E+019
   8.7453099999999992E-003   1.9767635291117801E+019
   8.7433100000000007E-003   2.0116137478570160E+019
   8.7412299999999991E-003   2.0382492193164104E+019
   8.7402000000000001E-003   2.0559465621363565E+019
   8.7392000000000008E-003   2.0839190195395805E+019
   8.7370799999999995E-003   2.1212237473689747E+019
   8.7350099999999996E-003   2.1592907847512912E+019
   8.7328500000000003E-003   2.1980774108526703E+019
   8.7307500000000007E-003   2.2269453177792078E+019
   8.7296400000000003E-003   2.2469833660322111E+019
   8.7285499999999999E-003   2.2778669633969115E+019
   8.7263400000000008E-003   2.3185470073965433E+019
   8.7241799999999998E-003   2.3592397072035402E+019
   8.7220000000000006E-003   2.4014589589839589E+019
   8.7197200000000002E-003   2.4444757299976651E+019
   8.7174999999999996E-003   2.4764304107292967E+019
   8.7163299999999996E-003   2.5102358973333979E+019
   8.7140499999999992E-003   2.5488681562118529E+019
   8.7123300000000008E-003   2.5828086480361206E+019
   8.7105599999999991E-003   2.6229416903409373E+019
   8.7082600000000007E-003   2.6695502680407437E+019
   8.7058499999999994E-003   2.7104450189853409E+019
   8.7040899999999994E-003   2.7457170352201167E+019
   8.7022799999999997E-003   2.7824916510354239E+019
   8.7004600000000001E-003   2.8187597859896091E+019
   8.6986700000000004E-003   2.8539694211477434E+019
   8.6969400000000002E-003   2.8881242937982108E+019
   8.6952300000000000E-003   2.9185646297445511E+019
   8.6938399999999996E-003   2.9459410150997684E+019
   8.6924700000000008E-003   2.9752862448624718E+019
   8.6908899999999997E-003   3.0059482680974299E+019
   8.6893400000000003E-003   3.0365038582734242E+019
   8.6877299999999994E-003   3.0676725852343906E+019
   8.6861500000000001E-003   3.1060680287835808E+019
   8.6838799999999997E-003   3.1486261211550786E+019
   8.6816600000000008E-003   3.1829971371511525E+019
   8.6800499999999999E-003   3.2123665762450076E+019
   8.6784600000000007E-003   3.2492174984647512E+019
   8.6761300000000006E-003   3.2898501334711726E+019
   8.6738600000000003E-003   3.3226118011731284E+019
   8.6721799999999998E-003   3.3500171317573333E+019
   8.6705299999999992E-003   3.3765599132002365E+019
   8.6688600000000005E-003   3.4026668481890095E+019
   8.6672299999999997E-003   3.4343127637719896E+019
   8.6648599999999999E-003   3.4685755561634710E+019
   8.6625599999999997E-003   3.4982180413069672E+019
   8.6604999999999998E-003   3.5250309151208448E+019
   8.6584899999999996E-003   3.5504024405944025E+019
   8.6564299999999997E-003   3.5748841900115562E+019
   8.6544299999999994E-003   3.6002974590017511E+019
   8.6520299999999998E-003   3.6260640967044911E+019
   8.6496999999999997E-003   3.6502744734811185E+019
   8.6473000000000001E-003   3.6726210430016209E+019
   8.6449800000000000E-003   3.6894438229438489E+019
   8.6432799999999997E-003   3.7044105192822219E+019
   8.6416099999999992E-003   3.7262544026025476E+019
   8.6385300000000002E-003   3.7517334975611339E+019
   8.6355700000000004E-003   3.7706469606426771E+019
   8.6335100000000005E-003   3.7866737366739771E+019
   8.6315100000000002E-003   3.8032380527823086E+019
   8.6294700000000002E-003   3.8199327601261437E+019
   8.6274799999999999E-003   3.8457590288627204E+019
   8.6234799999999993E-003   3.8721742069245960E+019
   8.6214699999999991E-003   3.8908480476692120E+019
   8.6195100000000004E-003   3.9140594020602167E+019
   8.6168000000000008E-003   3.9346921183810429E+019
   8.6154800000000000E-003   3.9487517985683489E+019
   8.6141900000000007E-003   3.9714135510646268E+019
   8.6114799999999995E-003   3.9948962434074059E+019
   8.6101500000000004E-003   4.0152732254241407E+019
   8.6081700000000001E-003   4.0409629383521419E+019
   8.6061400000000000E-003   4.0632053063528292E+019
   8.6048199999999991E-003   4.0910383236107616E+019
   8.6021399999999994E-003   4.1200832108303106E+019
   8.6007900000000005E-003   4.1400514187048387E+019
   8.5994599999999997E-003   4.1658902208805716E+019
   8.5974599999999995E-003   4.1984796229281554E+019
   8.5954199999999994E-003   4.2266625149166084E+019
   8.5940800000000005E-003   4.2494262085673927E+019
   8.5927699999999996E-003   4.2855657079421149E+019
   8.5900100000000004E-003   4.3294054585544663E+019
   8.5880000000000001E-003   4.3615400260743791E+019
   8.5866299999999996E-003   4.3953729884834701E+019
   8.5845599999999998E-003   4.4439245937565041E+019
   8.5818500000000002E-003   4.4867548144746963E+019
   8.5804399999999999E-003   4.5243624911782052E+019
   8.5783500000000002E-003   4.5696892992926908E+019
   8.5763100000000002E-003   4.6250171107566510E+019
   8.5734599999999998E-003   4.6782149745476731E+019
   8.5716999999999998E-003   4.7199115178457326E+019
   8.5699699999999997E-003   4.7716857500157977E+019
   8.5674500000000008E-003   4.8329545055242691E+019
   8.5649999999999997E-003   4.9012336309444157E+019
   8.5620699999999998E-003   4.9570701021509861E+019
   8.5606299999999996E-003   4.9947213162889626E+019
   8.5592099999999994E-003   5.0592111559757013E+019
   8.5558400000000003E-003   5.1498409742020076E+019
   8.5525600000000007E-003   5.2217104759213425E+019
   8.5506699999999998E-003   5.2905814195413180E+019
   8.5476700000000003E-003   5.3832107953324794E+019
   8.5442399999999998E-003   5.4666958966159057E+019
   8.5419699999999994E-003   5.5294551636392993E+019
   8.5400000000000007E-003   5.5882564466442322E+019
   8.5380700000000000E-003   5.6613072570761585E+019
   8.5352899999999992E-003   5.7449893345794384E+019
   8.5325599999999998E-003   5.8252832763238269E+019
   8.5301500000000002E-003   5.9007175023395537E+019
   8.5277800000000004E-003   5.9656590365358481E+019
   8.5261399999999998E-003   6.0189285903423414E+019
   8.5245100000000008E-003   6.0967738940537381E+019
   8.5213800000000003E-003   6.2012012450934825E+019
   8.5183099999999994E-003   6.2789916676070752E+019
   8.5167400000000001E-003   6.3327640534469853E+019
   8.5151700000000007E-003   6.3990515297598300E+019
   8.5129300000000001E-003   6.4773142779078066E+019
   8.5107099999999995E-003   6.5784256423576019E+019
   8.5072499999999992E-003   6.7045915432680350E+019
   8.5037399999999992E-003   6.8423168553461039E+019
   8.4998000000000001E-003   6.9667367462859235E+019
   8.4971000000000005E-003   7.0705760825033318E+019
   8.4943599999999994E-003   7.1988724106758177E+019
   8.4905099999999997E-003   7.3705632373214233E+019
   8.4856700000000007E-003   7.5099837329015570E+019
   8.4835299999999995E-003   7.5961621293321667E+019
   8.4814199999999999E-003   7.6976990621491167E+019
   8.4785799999999995E-003   7.8168734260580041E+019
   8.4756599999999994E-003   7.9379350243063480E+019
   8.4727799999999992E-003   8.0610151212370969E+019
   8.4698099999999995E-003   8.1874149449069232E+019
   8.4668299999999998E-003   8.3143085906195186E+019
   8.4638900000000000E-003   8.4221987703623238E+019
   8.4618200000000001E-003   8.5550358273281655E+019
   8.4577500000000000E-003   8.7597610366487085E+019
   8.4525699999999995E-003   8.9558307890308907E+019
   8.4489300000000003E-003   9.1083052269483737E+019
   8.4457500000000001E-003   9.2533247976766915E+019
   8.4425100000000003E-003   9.4505224884747092E+019
   8.4370899999999995E-003   9.6563305764899783E+019
   8.4335299999999998E-003   9.7831266955754897E+019
   8.4316200000000008E-003   9.9277014618020970E+019
   8.4273600000000001E-003   1.0126331057691612E+020
   8.4231800000000006E-003   1.0279475927045512E+020
   8.4208700000000004E-003   1.0388442940086698E+020
   8.4185900000000001E-003   1.0549164537481970E+020
   8.4141800000000003E-003   1.0759477544245137E+020
   8.4098599999999999E-003   1.0907637042024620E+020
   8.4080500000000002E-003   1.0994960808774738E+020
   8.4062700000000004E-003   1.1143051760848300E+020
   8.4020099999999997E-003   1.1350755271970598E+020
   8.3978200000000003E-003   1.1505869405717414E+020
   8.3956599999999992E-003   1.1613078476579760E+020
   8.3935099999999999E-003   1.1764696771330307E+020
   8.3896000000000005E-003   1.1959996921492473E+020
   8.3857500000000008E-003   1.2125744663729875E+020
   8.3830399999999996E-003   1.2262643864186411E+020
   8.3803599999999999E-003   1.2418795026665082E+020
   8.3769299999999994E-003   1.2593846575318509E+020
   8.3735500000000004E-003   1.2793393791710169E+020
   8.3692200000000001E-003   1.3016704608126992E+020
   8.3649599999999994E-003   1.3221981460100691E+020
   8.3613600000000000E-003   1.3487369979171327E+020
   8.3549100000000001E-003   1.3734213156304169E+020
   8.3520399999999998E-003   1.3896278899555736E+020
   8.3488499999999997E-003   1.4066823917832715E+020
   8.3456999999999993E-003   1.4330248712055847E+020
   8.3391500000000000E-003   1.4684148355545127E+020
   8.3327399999999999E-003   1.5050092333381707E+020
   8.3258900000000007E-003   1.5427762104397532E+020
   8.3192000000000006E-003   1.5714896408547993E+020
   8.3155899999999994E-003   1.5918088656127577E+020
   8.3120299999999998E-003   1.6133262499775208E+020
   8.3080399999999992E-003   1.6360299413041581E+020
   8.3041100000000000E-003   1.6575818602997436E+020
   8.3005600000000002E-003   1.6780147078989234E+020
   8.2970600000000002E-003   1.7025605971192476E+020
   8.2921499999999999E-003   1.7311411479140391E+020
   8.2873200000000008E-003   1.7628636188077795E+020
   8.2814399999999993E-003   1.7976178787648474E+020
   8.2756600000000007E-003   1.8301135213188602E+020
   8.2705999999999995E-003   1.8604885998265526E+020
   8.2656199999999996E-003   1.8919560526569970E+020
   8.2602100000000005E-003   1.9216811394867950E+020
   8.2559799999999996E-003   1.9476557262838029E+020
   8.2518100000000000E-003   1.9826737016533228E+020
   8.2447600000000003E-003   2.0265348178038594E+020
   8.2378399999999997E-003   2.0680219222286228E+020
   8.2316899999999998E-003   2.1070224477994867E+020
   8.2256499999999993E-003   2.1434093141940329E+020
   8.2202899999999999E-003   2.1904837663712356E+020
   8.2112000000000001E-003   2.2320814050130461E+020
   8.2075900000000007E-003   2.2558109310310715E+020
   8.2040199999999994E-003   2.2911723430329198E+020
   8.1969699999999996E-003   2.3379523924160328E+020
   8.1900600000000007E-003   2.3759000038328907E+020
   8.1857300000000004E-003   2.4051893892661753E+020
   8.1814399999999999E-003   2.4396051977943473E+020
   8.1756699999999995E-003   2.4790654269455447E+020
   8.1699900000000002E-003   2.5229429821163051E+020
   8.1630499999999998E-003   2.5819394864590678E+020
   8.1531799999999995E-003   2.6416061529853071E+020
   8.1461799999999994E-003   2.6806855438653535E+020
   8.1422300000000003E-003   2.7248797531665223E+020
   8.1339399999999992E-003   2.7845440965521890E+020
   8.1258000000000007E-003   2.8298639067976188E+020
   8.1215300000000001E-003   2.8612403504036037E+020
   8.1172999999999992E-003   2.8924533073938658E+020
   8.1131099999999998E-003   2.9235242900232546E+020
   8.1089600000000001E-003   2.9718669924722953E+020
   8.1002499999999998E-003   3.0371894110292469E+020
   8.0917100000000002E-003   3.1040409971626246E+020
   8.0827799999999995E-003   3.1724029180483050E+020
   8.0740199999999995E-003   3.2244128341331149E+020
   8.0694200000000008E-003   3.2603477475337149E+020
   8.0648700000000000E-003   3.2961238554518179E+020
   8.0603600000000008E-003   3.3317450062647080E+020
   8.0558999999999995E-003   3.3871844666613255E+020
   8.0465299999999997E-003   3.4620824953904156E+020
   8.0373300000000005E-003   3.5187945462224572E+020
   8.0325099999999997E-003   3.5581682417868040E+020
   8.0277300000000003E-003   3.5973748245005953E+020
   8.0230000000000006E-003   3.6364165671065964E+020
   8.0183100000000007E-003   3.6971538841419534E+020
   8.0084700000000002E-003   3.7792662650268248E+020
   7.9988200000000002E-003   3.8631427361131633E+020
   7.9887399999999994E-003   3.9491425931308256E+020
   7.9788600000000008E-003   4.0146155472198671E+020
   7.9736700000000004E-003   4.0598447275353493E+020
   7.9685299999999997E-003   4.1048923834822053E+020
   7.9634500000000004E-003   4.1497703253235689E+020
   7.9584100000000008E-003   4.2195644419382713E+020
   7.9478299999999995E-003   4.3139503071995560E+020
   7.9374600000000003E-003   4.3854279850914093E+020
   7.9320199999999997E-003   4.4350671305151513E+020
   7.9266400000000004E-003   4.4845165921267994E+020
   7.9212999999999992E-003   4.5337784560476298E+020
   7.9160099999999994E-003   4.6104067612579496E+020
   7.9049299999999992E-003   4.7140628825163157E+020
   7.8940499999999997E-003   4.8201534942740080E+020
   7.8826999999999994E-003   4.9288175971613730E+020
   7.8715599999999997E-003   5.0115924682656907E+020
   7.8657199999999997E-003   5.0687778354057078E+020
   7.8599399999999993E-003   5.1257600543866867E+020
   7.8542100000000004E-003   5.1825512157616695E+020
   7.8485399999999993E-003   5.2708447075483294E+020
   7.8366400000000006E-003   5.3903251066940247E+020
   7.8249700000000005E-003   5.4808954129780926E+020
   7.8188500000000005E-003   5.5437583890276601E+020
   7.8127900000000000E-003   5.6375795544808745E+020
   7.8008399999999999E-003   5.7660415490620234E+020
   7.7883800000000001E-003   5.8648571483396342E+020
   7.7822400000000002E-003   5.9303077665914487E+020
   7.7761499999999999E-003   6.0321460677097790E+020
   7.7633900000000002E-003   6.1700185782775015E+020
   7.7508799999999999E-003   6.2745476797292321E+020
   7.7443199999999998E-003   6.3471303276704943E+020
   7.7378200000000003E-003   6.4386023733942485E+020
   7.7279999999999996E-003   6.5490299228773732E+020
   7.7183000000000000E-003   6.6610739993333714E+020
   7.7083600000000000E-003   6.7750148059670145E+020
   7.6985500000000002E-003   6.8920369648365889E+020
   7.6882799999999996E-003   7.0120475560017409E+020
   7.6781499999999999E-003   7.1340228719397936E+020
   7.6677500000000001E-003   7.2955865474475557E+020
   7.6513099999999997E-003   7.4701474438130172E+020
   7.6390700000000004E-003   7.6219315145755512E+020
   7.6267200000000000E-003   7.7768311463897229E+020
   7.6142600000000003E-003   7.9554719131281457E+020
   7.5984800000000003E-003   8.1374018940802734E+020
   7.5858399999999999E-003   8.3043974648986206E+020
   7.5727399999999997E-003   8.4763020778004899E+020
   7.5596400000000003E-003   8.6408458092633155E+020
   7.5479299999999996E-003   8.7939565864489229E+020
   7.5367699999999999E-003   8.9767802965404995E+020
   7.5209300000000003E-003   9.1740070076870191E+020
   7.5078899999999997E-003   9.3438097401986823E+020
   7.4962199999999996E-003   9.5176576820406977E+020
   7.4824300000000000E-003   9.7192989964442416E+020
   7.4673099999999996E-003   9.8951561261499928E+020
   7.4573800000000004E-003   1.0055840895608994E+021
   7.4433900000000002E-003   1.0259342949081861E+021
   7.4269599999999998E-003   1.0451289245026269E+021
   7.4111200000000002E-003   1.0631792701091310E+021
   7.3964499999999997E-003   1.0753799757194727E+021
   7.3823999999999999E-003   1.0841882710431420E+021
   7.3665199999999997E-003   1.0787824967672263E+021
   7.3602399999999997E-003   1.0896286075085547E+021
   7.3453900000000003E-003   1.0629493010236602E+021
   7.3259500000000003E-003   1.0560730861533086E+021
   7.3121699999999998E-003   1.0134432887754292E+021
   7.2988400000000000E-003   9.4504591692871788E+020
   7.2836999999999997E-003   9.0697208903356816E+020
   7.2698099999999998E-003   8.8367467212218302E+020
   7.2639200000000001E-003   8.4974483429789585E+020
   7.2580600000000002E-003   8.1934925026657436E+020
   7.2437600000000001E-003   7.9454659711733085E+020
   7.2380200000000004E-003   7.8119114415089254E+020
   7.2314600000000003E-003   7.5578001367873067E+020
   7.2263600000000002E-003   7.5582316262968485E+020
   7.2182699999999997E-003   7.4414401879073004E+020
   7.2130900000000001E-003   7.2861759187312430E+020
   7.2082300000000004E-003   7.2098580814024514E+020
   7.2038299999999996E-003   7.2523206161693475E+020
   7.1985800000000004E-003   7.1432704535233534E+020
   7.1927800000000002E-003   7.0858548197323860E+020
   7.1870199999999997E-003   7.0948889639161954E+020
   7.1835199999999997E-003   7.1072133198718108E+020
   7.1787500000000002E-003   7.1007926284183234E+020
   7.1763800000000004E-003   7.1050097151799434E+020
   7.1745999999999997E-003   7.1188243624453590E+020
   7.1704400000000001E-003   7.1413457479884027E+020
   7.1680499999999996E-003   7.1620734998409681E+020
   7.1647400000000002E-003   7.1868355564081879E+020
   7.1620299999999998E-003   7.2301512501752771E+020
   7.1559800000000002E-003   7.2949283347452474E+020
   7.1514600000000001E-003   7.3525258695411106E+020
   7.1463300000000002E-003   7.4460946798170774E+020
   7.1403400000000002E-003   7.5366143948891672E+020
   7.1356299999999996E-003   7.6183187121807727E+020
   7.1311400000000002E-003   7.7098223342401513E+020
   7.1267900000000000E-003   7.7894594124504577E+020
   7.1228300000000001E-003   7.8869062285534560E+020
   7.1177899999999997E-003   7.9659875262023991E+020
   7.1157199999999999E-003   8.0352607803718173E+020
   7.1115900000000001E-003   8.1185168095695222E+020
   7.1088499999999999E-003   8.1982878884059965E+020
   7.1047400000000000E-003   8.2727537633088019E+020
   7.1027000000000000E-003   8.3465090128291640E+020
   7.0987100000000003E-003   8.4442521177082783E+020
   7.0948199999999999E-003   8.5177984105593897E+020
   7.0928900000000001E-003   8.5751856130401213E+020
   7.0903700000000004E-003   8.6719466475023591E+020
   7.0853499999999998E-003   8.8016724622632459E+020
   7.0803600000000000E-003   8.9324632629862741E+020
   7.0753900000000000E-003   9.0310975314829784E+020
   7.0729100000000000E-003   9.0874526564857833E+020
   7.0710599999999997E-003   9.1612985470771986E+020
   7.0673600000000000E-003   9.2594780082645906E+020
   7.0637199999999999E-003   9.3560208092033188E+020
   7.0601400000000003E-003   9.4506867767222587E+020
   7.0566200000000004E-003   9.5434439207190672E+020
   7.0531600000000002E-003   9.6503544209106679E+020
   7.0486400000000001E-003   9.7482480985942052E+020
   7.0458500000000002E-003   9.8221467638749908E+020
   7.0430700000000002E-003   9.9183932419243101E+020
   7.0384999999999996E-003   1.0026389806932176E+021
   7.0349200000000001E-003   1.0115090124762504E+021
   7.0317499999999998E-003   1.0192293218236455E+021
   7.0290099999999996E-003   1.0289917514513775E+021
   7.0244100000000000E-003   1.0411260172739796E+021
   7.0196099999999999E-003   1.0559496509309849E+021
   7.0134100000000003E-003   1.0675711233588067E+021
   7.0104900000000003E-003   1.0757391072378787E+021
   7.0075700000000003E-003   1.0869667966205568E+021
   7.0032100000000002E-003   1.0953519486640682E+021
   6.9974199999999999E-003   1.1144258981455854E+021
   6.9945399999999996E-003   1.1163092764045498E+021
   6.9916600000000002E-003   1.1237087863524983E+021
   6.9871999999999998E-003   1.1364692834440384E+021
   6.9809399999999997E-003   1.1531887257898629E+021
   6.9773300000000003E-003   1.1626932717673879E+021
   6.9712000000000003E-003   1.1801265064547543E+021
   6.9651599999999998E-003   1.1845141955405766E+021
   6.9617300000000002E-003   1.1926848419797331E+021
   6.9595300000000002E-003   1.2063283703436062E+021
   6.9551400000000003E-003   1.2116124277692991E+021
   6.9498099999999998E-003   1.2393414454009528E+021
   6.9466800000000002E-003   1.2372392048025364E+021
   6.9416699999999996E-003   1.2414367033952040E+021
   6.9391699999999997E-003   1.2468676814457183E+021
   6.9343000000000000E-003   1.2739993133475504E+021
   6.9271999999999997E-003   1.2793018427475241E+021
   6.9223399999999999E-003   1.2947662912903103E+021
   6.9175000000000000E-003   1.3056119191195086E+021
   6.9091899999999999E-003   1.3176233861272232E+021
   6.9047600000000002E-003   1.3310379935297244E+021
   6.9010800000000004E-003   1.3414551059094915E+021
   6.8974099999999997E-003   1.3532257133105290E+021
   6.8947200000000000E-003   1.3549468761677777E+021
   6.8927099999999998E-003   1.3644730957298438E+021
   6.8890399999999999E-003   1.3751114998137309E+021
   6.8874599999999998E-003   1.3839564769800817E+021
   6.8849200000000001E-003   1.3915663888638015E+021
   6.8828900000000000E-003   1.4013317753480080E+021
   6.8813099999999999E-003   1.4041526523067708E+021
   6.8797399999999996E-003   1.4098448274992401E+021
   6.8784400000000004E-003   1.4141665112873425E+021
   6.8771400000000003E-003   1.4182604456234189E+021
   6.8758600000000001E-003   1.4234339116366577E+021
   6.8745899999999999E-003   1.4328586126398928E+021
   6.8719899999999997E-003   1.4383739079777848E+021
   6.8694000000000003E-003   1.4425137728891010E+021
   6.8682700000000001E-003   1.4446042184520449E+021
   6.8671399999999999E-003   1.4555530749113698E+021
   6.8653300000000002E-003   1.4589162472037420E+021
   6.8635299999999996E-003   1.4622801922524043E+021
   6.8617299999999999E-003   1.4656448972840514E+021
   6.8599300000000002E-003   1.4748612935028352E+021
   6.8558899999999999E-003   1.4846543001234330E+021
   6.8518600000000004E-003   1.4997530470724264E+021
   6.8428899999999999E-003   1.5243887124387571E+021
   6.8229099999999997E-003   1.5592393759993857E+021
   6.8050000000000003E-003   1.5898016558055238E+021
   6.7906199999999998E-003   1.6186031234896841E+021
   6.7772199999999996E-003   1.6532451539508228E+021
   6.7574799999999997E-003   1.6934183883974128E+021
   6.7389800000000003E-003   1.7298412624798254E+021
   6.7225499999999999E-003   1.7646160511704160E+021
   6.7061999999999998E-003   1.7999799522170784E+021
   6.6900299999999996E-003   1.8382517932834635E+021
   6.6712899999999999E-003   1.8762314005632723E+021
   6.6556899999999997E-003   1.9117796645807435E+021
   6.6397100000000001E-003   1.9497443451669525E+021
   6.6223100000000002E-003   1.9912164760630539E+021
   6.6037500000000002E-003   2.0391899831118062E+021
   6.5813399999999998E-003   2.0856649517507118E+021
   6.5647400000000003E-003   2.1298773345611193E+021
   6.5448299999999997E-003   2.1786577734239532E+021
   6.5251700000000003E-003   2.2235277489158884E+021
   6.5088699999999999E-003   2.2578793050169950E+021
   6.4982199999999999E-003   2.2950522689074446E+021
   6.4797800000000001E-003   2.3336585028432240E+021
   6.4684800000000004E-003   2.3777203896445137E+021
   6.4461299999999996E-003   2.4289606511468557E+021
   6.4298599999999999E-003   2.4727646722957215E+021
   6.4137600000000001E-003   2.5129107530849468E+021
   6.4006300000000000E-003   2.5492016011297560E+021
   6.3876000000000002E-003   2.6097851574401305E+021
   6.3573900000000001E-003   2.6955250942985288E+021
   6.3277100000000003E-003   2.7589858079879416E+021
   6.3141500000000001E-003   2.8142784951118038E+021
   6.2905000000000001E-003   2.8652447679987382E+021
   6.2803499999999996E-003   2.9179712520896397E+021
   6.2559499999999997E-003   2.9932324646517998E+021
   6.2318800000000004E-003   3.0535755798866821E+021
   6.2179799999999997E-003   3.0977229204629168E+021
   6.2041900000000001E-003   3.1545192488650995E+021
   6.1828600000000001E-003   3.2244019104219257E+021
   6.1617699999999996E-003   3.2835672630874729E+021
   6.1475599999999998E-003   3.3312872824257213E+021
   6.1334600000000003E-003   3.4051112466317957E+021
   6.1043900000000003E-003   3.5059487475579413E+021
   6.0757500000000004E-003   3.5900167332146237E+021
   6.0573199999999997E-003   3.6566025910733630E+021
   6.0390599999999997E-003   3.7108160022685905E+021
   6.0280100000000003E-003   3.7514300476795666E+021
   6.0170299999999996E-003   3.8209635508824682E+021
   5.9908200000000000E-003   3.9402351597683149E+021
   5.9544600000000000E-003   4.0671633014904093E+021
   5.9259400000000002E-003   4.1602281489794025E+021
   5.9079900000000001E-003   4.2436424135575585E+021
   5.8848299999999997E-003   4.3386388508374341E+021
   5.8619099999999997E-003   4.4521065606232487E+021
   5.8307999999999997E-003   4.5862270116166202E+021
   5.7994099999999996E-003   4.6902044606599471E+021
   5.7835200000000003E-003   4.7603756416795043E+021
   5.7677400000000004E-003   4.8684536434944838E+021
   5.7354399999999996E-003   5.0159996447363747E+021
   5.7035699999999998E-003   5.1685048345429667E+021
   5.6706999999999999E-003   5.3257748576531917E+021
   5.6382699999999999E-003   5.4881216349900552E+021
   5.6048100000000000E-003   5.6560928451925440E+021
   5.5718000000000000E-003   5.8290817280734858E+021
   5.5377500000000001E-003   6.0080136434268494E+021
   5.5041400000000002E-003   6.1928371485590055E+021
   5.4695000000000004E-003   6.3834816996878435E+021
   5.4352799999999998E-003   6.5303090765964121E+021
   5.4177799999999996E-003   6.6302627790014414E+021
   5.4003799999999998E-003   6.7840704572037781E+021
   5.3648000000000003E-003   6.9943896668278798E+021
   5.3296500000000000E-003   7.1561325973964818E+021
   5.3116700000000001E-003   7.2664143353637807E+021
   5.2938000000000004E-003   7.4349465245830779E+021
   5.2576300000000001E-003   7.6668080830519789E+021
   5.2211300000000000E-003   7.9064122312135457E+021
   5.1843000000000002E-003   8.1540223407648607E+021
   5.1471299999999998E-003   8.4099428153045014E+021
   5.1096199999999996E-003   8.6744710387520672E+021
   5.0717599999999998E-003   8.9479171878116917E+021
   5.0335500000000004E-003   9.2306043960945677E+021
   4.9949900000000004E-003   9.5228664427475443E+021
   4.9560699999999999E-003   9.8250518564904486E+021
   4.9167799999999999E-003   1.0058730638670960E+022
   4.8969000000000000E-003   1.0217621848524673E+022
   4.8771200000000004E-003   1.0379105527455344E+022
   4.8570499999999999E-003   1.0543437166047698E+022
   4.8370799999999997E-003   1.0758643310630527E+022
   4.8053100000000001E-003   1.1026637419862555E+022
   4.7737600000000002E-003   1.1251135732946120E+022
   4.7532000000000000E-003   1.1430227266790645E+022
   4.7327300000000001E-003   1.1612483586057166E+022
   4.7119700000000002E-003   1.1797831964987073E+022
   4.6912999999999998E-003   1.1986383739998444E+022
   4.6703400000000003E-003   1.2178176047958301E+022
   4.6494600000000002E-003   1.2373321457624829E+022
   4.6282900000000002E-003   1.2571859403963583E+022
   4.6072099999999996E-003   1.2773848334741138E+022
   4.5858399999999999E-003   1.2979401615349935E+022
   4.5645399999999997E-003   1.3188539136181159E+022
   4.5429499999999996E-003   1.3401413526742192E+022
   4.5214499999999998E-003   1.3618082569371836E+022
   4.4996400000000001E-003   1.3838604831917399E+022
   4.4779099999999999E-003   1.4063037062672311E+022
   4.4558799999999997E-003   1.4291575363318344E+022
   4.4339300000000000E-003   1.4524280603240363E+022
   4.4116800000000003E-003   1.4761215370182974E+022
   4.3895000000000002E-003   1.5002532978374048E+022
   4.3670100000000002E-003   1.5248191813722848E+022
   4.3445999999999997E-003   1.5498582508170090E+022
   4.3218800000000002E-003   1.5753655233942389E+022
   4.2992200000000003E-003   1.6013612555723837E+022
   4.2762599999999996E-003   1.6278510233182215E+022
   4.2533600000000003E-003   1.6548037074556497E+022
   4.2302499999999996E-003   1.6823372581535052E+022
   4.2069999999999998E-003   1.7104162990694865E+022
   4.1836399999999998E-003   1.7390583540232527E+022
   4.1601399999999997E-003   1.7682763516839599E+022
   4.1365100000000004E-003   1.7981036784127731E+022
   4.1127500000000001E-003   1.8285453770977383E+022
   4.0888599999999997E-003   1.8596522130287907E+022
   4.0648300000000002E-003   1.8914221166824350E+022
   4.0406599999999997E-003   1.9238859498229894E+022
   4.0163600000000001E-003   1.9570774458313571E+022
   3.9919100000000004E-003   1.9910057504498090E+022
   3.9673199999999999E-003   2.0256951330933326E+022
   3.9425800000000002E-003   2.0611799686306377E+022
   3.9176999999999997E-003   2.0974766378694071E+022
   3.8926700000000000E-003   2.1346059313035646E+022
   3.8674800000000000E-003   2.1726396676211164E+022
   3.8421400000000000E-003   2.2115808028332718E+022
   3.8166500000000000E-003   2.2515136906745147E+022
   3.7909900000000002E-003   2.2925502289906479E+022
   3.7651700000000000E-003   2.3347584591238441E+022
   3.7391899999999999E-003   2.3780379392833472E+022
   3.7130399999999999E-003   2.4222343223613376E+022
   3.6867200000000001E-003   2.4672581473896541E+022
   3.6602200000000001E-003   2.5131208755076573E+022
   3.6335500000000001E-003   2.5598346798833374E+022
   3.6067000000000000E-003   2.6074125590281299E+022
   3.5796600000000001E-003   2.6558680918833481E+022
   3.5524400000000000E-003   2.7052154283132774E+022
   3.5250199999999998E-003   2.7554692475084924E+022
   3.4974099999999998E-003   2.8066448265706589E+022
   3.4696100000000001E-003   2.8587578417890323E+022
   3.4415900000000000E-003   2.9118243962248971E+022
   3.4133800000000001E-003   2.9658610459340983E+022
   3.3849499999999999E-003   3.0208847581595614E+022
   3.3563000000000000E-003   3.0769129964959456E+022
   3.3274300000000001E-003   3.1339633704563093E+022
   3.2983299999999999E-003   3.1920540657277754E+022
   3.2690000000000002E-003   3.2512036277842631E+022
   3.2394400000000001E-003   3.3114308534805385E+022
   3.2096300000000002E-003   3.3727549216490816E+022
   3.1795700000000001E-003   3.4351954657485521E+022
   3.1492500000000001E-003   3.4987722694002897E+022
   3.1186700000000000E-003   3.5635056752592375E+022
   3.0878199999999998E-003   3.6294162366307490E+022
   3.0566899999999999E-003   3.6965247723805677E+022
   3.0252700000000000E-003   3.7648525768050977E+022
   2.9935600000000001E-003   3.8344211913290046E+022
   2.9615499999999999E-003   3.9052525452613044E+022
   2.9292300000000001E-003   3.9773687734887418E+022
   2.8965800000000002E-003   4.0507924580740865E+022
   2.8636000000000000E-003   4.1255463466891160E+022
   2.8302800000000001E-003   4.2016536380516174E+022
   2.7966000000000002E-003   4.2791377901716672E+022
   2.7625499999999999E-003   4.3580225078700966E+022
   2.7281300000000001E-003   4.4383318024319587E+022
   2.6933100000000000E-003   4.5200900269465567E+022
   2.6580800000000002E-003   4.6033218048444720E+022
   2.6224299999999998E-003   4.6880519840278535E+022
   2.5863399999999999E-003   4.7743056840370002E+022
   2.5497800000000002E-003   4.8621083046266077E+022
   2.5127499999999998E-003   4.9514854028600085E+022
   2.4752200000000002E-003   5.0424628082772227E+022
   2.4371699999999998E-003   5.1350667120152771E+022
   2.3985700000000000E-003   5.2293231740704128E+022
   2.3594000000000002E-003   5.3252585937682089E+022
   2.3196300000000000E-003   5.4228869632205930E+022
   2.2792300000000001E-003   5.5223364792942521E+022
   2.2381699999999998E-003   5.6235457141998629E+022
   2.1963999999999998E-003   5.7265415207427443E+022
   2.1538999999999998E-003   5.8313506584320631E+022
   2.1106100000000002E-003   5.9379999295917173E+022
   2.0664899999999998E-003   6.0464920398119643E+022
   2.0214899999999999E-003   6.1569736953161337E+022
   1.9755300000000001E-003   6.2693835177473771E+022
   1.9285699999999999E-003   6.3834112468689816E+022
   1.8808399999999999E-003   6.4998225947607370E+022
   1.8312900000000000E-003   6.6185888703872200E+022
   1.7807999999999999E-003   6.7389947702182414E+022
   1.7289300000000001E-003   6.8445584796695937E+022
   1.6893399999999999E-003   6.9384011020935715E+022
   1.6482599999999999E-003   7.0732381245365725E+022
   1.5708899999999999E-003   7.2071275553897153E+022
   1.5275600000000001E-003   7.3060251181939643E+022
   1.4821400000000001E-003   7.4552513024754998E+022
   1.3879800000000000E-003   7.6213809481605504E+022
   1.3229900000000000E-003   7.7565360940119067E+022
   1.2551900000000000E-003   7.8938027654189100E+022
   1.1803199999999999E-003   8.0392497871495530E+022
   1.1005900000000000E-003   8.1883263432461004E+022
   1.0088100000000000E-003   8.3545108121149778E+022
   8.9935000000000004E-004   8.5641809155301759E+022
   7.0642999999999997E-004   8.7735241162710049E+022
   5.6784000000000001E-004   8.8991950412129581E+022
   4.8416000000000003E-004   8.9759040116396296E+022
   3.8298999999999999E-004   9.0337903725514800E+022
   3.1387000000000000E-004   9.0769607161595069E+022
   2.5072000000000001E-004   9.0947454093251001E+022
   2.0165000000000000E-004   9.1200655016625485E+022
   1.6417000000000000E-004   9.1273456199316881E+022
   1.3642999999999999E-004   9.1376282482059808E+022
   1.1690000000000000E-004   9.1399034665744676E+022
   1.0404999999999999E-004   9.1446476834499325E+022
   8.6870000000000000E-005   9.1479198821258120E+022
   6.8949999999999995E-005   9.1500069053791518E+022
   5.4719999999999998E-005   9.1524973776408989E+022
   4.3430000000000003E-005   9.1534384113637600E+022
   3.4470000000000000E-005   9.1539802392338228E+022
   2.7359999999999999E-005   9.1548276476616196E+022
   2.1719999999999999E-005   9.1550562594177344E+022
   1.7240000000000001E-005   9.1554352122407806E+022
   1.3679999999999999E-005   9.1557915980061961E+022
