   8.8821500000000001E-003   3015742640842933.0     
   8.8821500000000001E-003   3284131838878424.5     
   8.8821500000000001E-003   3522795194289617.5     
   8.8821500000000001E-003   3731715087012494.0     
   8.8821500000000001E-003   3921005629157429.5     
   8.8821500000000001E-003   4099492426530052.0     
   8.8821400000000002E-003   4268621136338346.0     
   8.8821400000000002E-003   4429494448452861.0     
   8.8821400000000002E-003   4582980137307245.0     
   8.8821400000000002E-003   4729796967646653.0     
   8.8821400000000002E-003   4870577378634075.0     
   8.8821400000000002E-003   5005894183776720.0     
   8.8821400000000002E-003   5136256771166023.0     
   8.8821400000000002E-003   5262111303304722.0     
   8.8821400000000002E-003   5383850537039096.0     
   8.8821400000000002E-003   5501805353439611.0     
   8.8821400000000002E-003   5616267046183821.0     
   8.8821300000000002E-003   5727489989181671.0     
   8.8821300000000002E-003   5835691598338245.0     
   8.8821300000000002E-003   5941063357453859.0     
   8.8821300000000002E-003   6068910947451897.0     
   8.8821300000000002E-003   6217402114658411.0     
   8.8821300000000002E-003   6360724737642797.0     
   8.8821300000000002E-003   6499250169483489.0     
   8.8821300000000002E-003   6611357229462368.0     
   8.8821300000000002E-003   6698850406125495.0     
   8.8821300000000002E-003   6784552847332989.0     
   8.8821300000000002E-003   6868537055545887.0     
   8.8821300000000002E-003   6971145740712334.0     
   8.8821300000000002E-003   7091162622168597.0     
   8.8821200000000003E-003   7207889114102132.0     
   8.8821200000000003E-003   7321520225076099.0     
   8.8821200000000003E-003   7414037263949844.0     
   8.8821200000000003E-003   7486609526938601.0     
   8.8821200000000003E-003   7557992727156400.0     
   8.8821200000000003E-003   7628232850302992.0     
   8.8821200000000003E-003   7731408308255217.0     
   8.8821200000000003E-003   7832464092465452.0     
   8.8821200000000003E-003   7898504362933848.0     
   8.8821200000000003E-003   7995658447849128.0     
   8.8821200000000003E-003   8122147761384644.0     
   8.8821200000000003E-003   8245184208745150.0     
   8.8821200000000003E-003   8364969547724458.0     
   8.8821200000000003E-003   8452865904402897.0     
   8.8821200000000003E-003   8510480218181414.0     
   8.8821100000000004E-003   8567373742938224.0     
   8.8821100000000004E-003   8623564150190184.0     
   8.8821100000000004E-003   8706500949148747.0     
   8.8821100000000004E-003   8814871693864339.0     
   8.8821100000000004E-003   8920717234553703.0     
   8.8821100000000004E-003   9024145937410304.0     
   8.8821100000000004E-003   9141839289186444.0     
   8.8821100000000004E-003   9272760402942512.0     
   8.8821100000000004E-003   9400000142200906.0     
   8.8821100000000004E-003   9523771962850020.0     
   8.8821100000000004E-003   9644278458055488.0     
   8.8821100000000004E-003   9761708327195060.0     
   8.8821100000000004E-003   9876234039203712.0     
   8.8821000000000004E-003   9988022540034696.0     
   8.8821000000000004E-003   10110648144256018.     
   8.8821000000000004E-003   10243342890139678.     
   8.8821000000000004E-003   10372475471206264.     
   8.8821000000000004E-003   10467193399609338.     
   8.8821000000000004E-003   10529281442175102.     
   8.8821000000000004E-003   10620888944095858.     
   8.8821000000000004E-003   10740534097017542.     
   8.8821000000000004E-003   10857349969702220.     
   8.8821000000000004E-003   10971483778644678.     
   8.8820900000000005E-003   11083062826342468.     
   8.8820900000000005E-003   11192204573720852.     
   8.8820900000000005E-003   11299023304979934.     
   8.8820900000000005E-003   11403624792056306.     
   8.8820900000000005E-003   11506112403170322.     
   8.8820900000000005E-003   11606582179724034.     
   8.8820900000000005E-003   11753531216103592.     
   8.8820900000000005E-003   11920119517446672.     
   8.8820900000000005E-003   12058742242893298.     
   8.8820800000000005E-003   12193824581325226.     
   8.8820800000000005E-003   12293012170106860.     
   8.8820800000000005E-003   12358096974093188.     
   8.8820800000000005E-003   12454227616048088.     
   8.8820800000000005E-003   12579929612217868.     
   8.8820800000000005E-003   12763112895253392.     
   8.8820800000000005E-003   12940982395933264.     
   8.8820800000000005E-003   13056461923643748.     
   8.8820800000000005E-003   13169710234931674.     
   8.8820700000000006E-003   13280828415240966.     
   8.8820700000000006E-003   13389905720531130.     
   8.8820700000000006E-003   13497017975765602.     
   8.8820700000000006E-003   13602242449541048.     
   8.8820700000000006E-003   13705652413442746.     
   8.8820700000000006E-003   13824047135124242.     
   8.8820700000000006E-003   13956603104051780.     
   8.8820700000000006E-003   14149903582405386.     
   8.8820600000000006E-003   14337647962941958.     
   8.8820600000000006E-003   14459508015681266.     
   8.8820600000000006E-003   14578961901654420.     
   8.8820600000000006E-003   14696098253857518.     
   8.8820600000000006E-003   14825189415139126.     
   8.8820600000000006E-003   14965503001402580.     
   8.8820500000000007E-003   15102638607559448.     
   8.8820500000000007E-003   15236743488345868.     
   8.8820500000000007E-003   15367974597835298.     
   8.8820500000000007E-003   15496471671917420.     
   8.8820500000000007E-003   15684146955277242.     
   8.8820400000000008E-003   15878759236973466.     
   8.8820400000000008E-003   16020748804165170.     
   8.8820400000000008E-003   16159624331453000.     
   8.8820400000000008E-003   16295547799195530.     
   8.8820400000000008E-003   16428688881935592.     
   8.8820400000000008E-003   16559206215370770.     
   8.8820300000000008E-003   16687228496410412.     
   8.8820300000000008E-003   16812883898861998.     
   8.8820300000000008E-003   16936285101611048.     
   8.8820300000000008E-003   17057524510867682.     
   8.8820300000000008E-003   17176696645566916.     
   8.8820300000000008E-003   17293917888354962.     
   8.8820199999999992E-003   17466254363610892.     
   8.8820199999999992E-003   17690476242920882.     
   8.8820199999999992E-003   17908987161329540.     
   8.8820099999999992E-003   18122588883338372.     
   8.8820099999999992E-003   18331946554544980.     
   8.8820099999999992E-003   18537565973579356.     
   8.8820099999999992E-003   18739946123210436.     
   8.8819999999999993E-003   18939602154789356.     
   8.8819999999999993E-003   19137034907481804.     
   8.8819999999999993E-003   19332578442603416.     
   8.8819899999999993E-003   19526436087812992.     
   8.8819899999999993E-003   19718805768019840.     
   8.8819899999999993E-003   19909896325014356.     
   8.8819899999999993E-003   20099901806944324.     
   8.8819799999999994E-003   20288948636438276.     
   8.8819799999999994E-003   20477041399882188.     
   8.8819799999999994E-003   20757024050843988.     
   8.8819699999999994E-003   21127620398489660.     
   8.8819699999999994E-003   21403567321059772.     
   8.8819699999999994E-003   21586122815186868.     
   8.8819599999999995E-003   21767759061679468.     
   8.8819599999999995E-003   21948446001861884.     
   8.8819599999999995E-003   22187608085841348.     
   8.8819599999999995E-003   22484248239308344.     
   8.8819499999999996E-003   22777842029893676.     
   8.8819499999999996E-003   22996156395372012.     
   8.8819499999999996E-003   23140547065083896.     
   8.8819399999999996E-003   23355393618469912.     
   8.8819399999999996E-003   23639130869456604.     
   8.8819399999999996E-003   23919393014209604.     
   8.8819299999999997E-003   24196105750982476.     
   8.8819299999999997E-003   24469199714412092.     
   8.8819299999999997E-003   24738632191714744.     
   8.8819199999999997E-003   25135480698637536.     
   8.8819199999999997E-003   25524688655891916.     
   8.8819099999999998E-003   25779353326220148.     
   8.8819099999999998E-003   26030362251880204.     
   8.8819099999999998E-003   26277748412406464.     
   8.8819099999999998E-003   26641953119523572.     
   8.8818999999999999E-003   27115785882581116.     
   8.8818899999999999E-003   27576366824552520.     
   8.8818899999999999E-003   28024188696059496.     
   8.8818800000000000E-003   28405921944761728.     
   8.8818800000000000E-003   28725793682013780.     
   8.8818700000000000E-003   29039155275612560.     
   8.8818700000000000E-003   29346233524568652.     
   8.8818700000000000E-003   29795624937434684.     
   8.8818600000000001E-003   30231937952088636.     
   8.8818500000000002E-003   30516086032779716.     
   8.8818500000000002E-003   30795057003458828.     
   8.8818500000000002E-003   31069109855120776.     
   8.8818400000000002E-003   31471679026679052.     
   8.8818400000000002E-003   31993844344723956.     
   8.8818300000000003E-003   32501791060888976.     
   8.8818200000000003E-003   32997921103334908.     
   8.8818100000000004E-003   33484312189873392.     
   8.8818100000000004E-003   33962657138507084.     
   8.8818000000000005E-003   34434115494808928.     
   8.8817900000000005E-003   34899315083272896.     
   8.8817900000000005E-003   35358801837793808.     
   8.8817800000000006E-003   35813069275691804.     
   8.8817800000000006E-003   36262499645382816.     
   8.8817700000000006E-003   36780665232396920.     
   8.8817600000000007E-003   37365619887493592.     
   8.8817500000000008E-003   37942448544797600.     
   8.8817500000000008E-003   38511046605261896.     
   8.8817400000000008E-003   39071303684743560.     
   8.8817299999999991E-003   39486253671812008.     
   8.8817299999999991E-003   39760086229602408.     
   8.8817199999999992E-003   40166678617094128.     
   8.8817199999999992E-003   40701749792028744.     
   8.8817099999999993E-003   41228491243370464.     
   8.8816999999999993E-003   41746983345973448.     
   8.8816999999999993E-003   42383476786944656.     
   8.8816899999999994E-003   43130971679953824.     
   8.8816799999999994E-003   43680191964636832.     
   8.8816699999999995E-003   44219537654053056.     
   8.8816599999999996E-003   44749605382329096.     
   8.8816599999999996E-003   45155371100708592.     
   8.8816499999999996E-003   45612315980647632.     
   8.8816499999999996E-003   46062093117249856.     
   8.8816399999999997E-003   46504787611094672.     
   8.8816299999999997E-003   47155731508197232.     
   8.8816199999999998E-003   47791036042876816.     
   8.8816199999999998E-003   48206056670199592.     
   8.8816099999999999E-003   48715311161025976.     
   8.8815999999999999E-003   49312448302375672.     
   8.8815900000000000E-003   50180397817981424.     
   8.8815800000000000E-003   51015490142993968.     
   8.8815700000000001E-003   51555765468152712.     
   8.8815600000000001E-003   52083838301013432.     
   8.8815500000000002E-003   52600621826918136.     
   8.8815500000000002E-003   53356411475293992.     
   8.8815300000000003E-003   54332864922706768.     
   8.8815200000000004E-003   55123233680345512.     
   8.8815100000000004E-003   55741820870773904.     
   8.8815000000000005E-003   56424725866814776.     
   8.8814900000000006E-003   57169229521598976.     
   8.8814700000000007E-003   57899789182656984.     
   8.8814600000000007E-003   58617650152233312.     
   8.8814500000000008E-003   59497687909559016.     
   8.8814400000000009E-003   60276272779781128.     
   8.8814299999999992E-003   60786913812661120.     
   8.8814199999999992E-003   61291351567495024.     
   8.8814099999999993E-003   61789600487220072.     
   8.8813999999999994E-003   62524687314524016.     
   8.8813899999999994E-003   63483844697316240.     
   8.8813699999999995E-003   64417942468545536.     
   8.8813599999999996E-003   65327945022963968.     
   8.8813399999999997E-003   66215131747488144.     
   8.8813299999999998E-003   67222699657325360.     
   8.8813099999999999E-003   68341592846125592.     
   8.8812900000000000E-003   69294490126817480.     
   8.8812800000000001E-003   70092886469858280.     
   8.8812700000000001E-003   70875847840316424.     
   8.8812500000000003E-003   71644517681145344.     
   8.8812400000000003E-003   72524384478610992.     
   8.8812200000000004E-003   73510449574921456.     
   8.8812100000000005E-003   74477469269452992.     
   8.8811900000000006E-003   75427299230592208.     
   8.8811700000000007E-003   76361649079652032.     
   8.8811600000000008E-003   77282171994794128.     
   8.8811399999999992E-003   78190322712128960.     
   8.8811299999999992E-003   79086940387334624.     
   8.8811099999999994E-003   79972666269680656.     
   8.8810999999999994E-003   80848124784950816.     
   8.8810799999999995E-003   81928292244040496.     
   8.8810599999999996E-003   83206712181305232.     
   8.8810399999999998E-003   84257990363411920.     
   8.8810199999999999E-003   85089436074513216.     
   8.8810099999999999E-003   85913127095760176.     
   8.8810000000000000E-003   86729353894448736.     
   8.8809800000000001E-003   87938918557515824.     
   8.8809600000000002E-003   89528626871784272.     
   8.8809300000000004E-003   90703994194524688.     
   8.8809200000000005E-003   91478598247404304.     
   8.8809000000000006E-003   92437353507257488.     
   8.8808800000000007E-003   93575241961547056.     
   8.8808700000000008E-003   94699229704014464.     
   8.8808499999999992E-003   95809644863779520.     
   8.8808299999999993E-003   97087966860991680.     
   8.8808099999999994E-003   98527724011212080.     
   8.8807799999999996E-003   99593331414766176.     
   8.8807699999999996E-003   1.0029652031293995E+017
   8.8807599999999997E-003   1.0134076362705315E+017
   8.8807399999999998E-003   1.0271541804038402E+017
   8.8807100000000000E-003   1.0406982162470240E+017
   8.8806900000000001E-003   1.0540464389355802E+017
   8.8806700000000002E-003   1.0672051240533214E+017
   8.8806500000000003E-003   1.0801800081597394E+017
   8.8806300000000005E-003   1.0992977715367360E+017
   8.8805900000000007E-003   1.1180538080322059E+017
   8.8805700000000008E-003   1.1303463292409589E+017
   8.8805499999999992E-003   1.1424813901981138E+017
   8.8805299999999993E-003   1.1544642505493390E+017
   8.8805099999999994E-003   1.1692332410751418E+017
   8.8804799999999996E-003   1.1866736373145390E+017
   8.8804499999999998E-003   1.2009839500076576E+017
   8.8804299999999999E-003   1.2122873711438878E+017
   8.8804100000000000E-003   1.2262431367647477E+017
   8.8803900000000002E-003   1.2427568634965376E+017
   8.8803600000000003E-003   1.2590230538473608E+017
   8.8803300000000005E-003   1.2750530215332675E+017
   8.8803100000000006E-003   1.2908569639960877E+017
   8.8802800000000008E-003   1.3064440886127109E+017
   8.8802599999999992E-003   1.3218232077505690E+017
   8.8802299999999994E-003   1.3370023767682398E+017
   8.8802099999999995E-003   1.3519885916349045E+017
   8.8801899999999996E-003   1.3667879195446666E+017
   8.8801599999999998E-003   1.3838209297188608E+017
   8.8801300000000000E-003   1.4029998402053234E+017
   8.8801000000000001E-003   1.4171924512858298E+017
   8.8800800000000003E-003   1.4265594327441574E+017
   8.8800700000000003E-003   1.4425205306699382E+017
   8.8800300000000006E-003   1.4648378789167568E+017
   8.8800000000000007E-003   1.4823126925782042E+017
   8.8799800000000009E-003   1.4951341128351382E+017
   8.8799599999999992E-003   1.5109746771409264E+017
   8.8799299999999994E-003   1.5297294857616544E+017
   8.8798999999999996E-003   1.5482168736706605E+017
   8.8798699999999998E-003   1.5664514833085462E+017
   8.8798400000000000E-003   1.5874183427938861E+017
   8.8798000000000002E-003   1.6110114782201014E+017
   8.8797600000000004E-003   1.6284675589245363E+017
   8.8797400000000005E-003   1.6399861865958134E+017
   8.8797200000000007E-003   1.6570940215282010E+017
   8.8796900000000008E-003   1.6796343580974342E+017
   8.8796499999999993E-003   1.7018696128022051E+017
   8.8796199999999995E-003   1.7238178417524342E+017
   8.8795799999999998E-003   1.7454944145808758E+017
   8.8795499999999999E-003   1.7669127618785350E+017
   8.8795100000000002E-003   1.7880842078195443E+017
   8.8794800000000004E-003   1.8090180165110918E+017
   8.8794500000000005E-003   1.8297218341908752E+017
   8.8794200000000007E-003   1.8502019820662326E+017
   8.8793799999999992E-003   1.8754850768116768E+017
   8.8793399999999995E-003   1.9054071057077334E+017
   8.8792899999999998E-003   1.9300053682820339E+017
   8.8792599999999999E-003   1.9494566492053363E+017
   8.8792300000000001E-003   1.9687180920330310E+017
   8.8792000000000003E-003   1.9877940040560742E+017
   8.8791700000000005E-003   2.0113770592926656E+017
   8.8791300000000007E-003   2.0393232207159597E+017
   8.8790799999999993E-003   2.0668876426606320E+017
   8.8790399999999995E-003   2.0940845837324419E+017
   8.8789999999999997E-003   2.1209264719222918E+017
   8.8789600000000000E-003   2.1474241139852288E+017
   8.8789200000000002E-003   2.1692547019283414E+017
   8.8788900000000004E-003   2.1865523345664614E+017
   8.8788700000000005E-003   2.2122235414620637E+017
   8.8788099999999991E-003   2.2459855458437994E+017
   8.8787599999999994E-003   2.2750979481214701E+017
   8.8787299999999996E-003   2.2997352288327946E+017
   8.8786899999999998E-003   2.3240931344650544E+017
   8.8786500000000001E-003   2.3481792208882835E+017
   8.8786200000000003E-003   2.3759414048206237E+017
   8.8785700000000006E-003   2.4072474723182957E+017
   8.8785200000000009E-003   2.4381153167375664E+017
   8.8784699999999994E-003   2.4685628359404288E+017
   8.8784299999999997E-003   2.4986075388148323E+017
   8.8783800000000000E-003   2.5282666274457286E+017
   8.8783400000000002E-003   2.5575567582383418E+017
   8.8783000000000004E-003   2.5864937638705773E+017
   8.8782500000000007E-003   2.6150922984959405E+017
   8.8782099999999992E-003   2.6433657822729325E+017
   8.8781699999999995E-003   2.6713267326014272E+017
   8.8781299999999997E-003   2.6989867629165418E+017
   8.8780800000000000E-003   2.7331451841723370E+017
   8.8780200000000004E-003   2.7735731591057206E+017
   8.8779600000000007E-003   2.8068133966866691E+017
   8.8779199999999992E-003   2.8331093513411718E+017
   8.8778899999999994E-003   2.8591563922170598E+017
   8.8778499999999996E-003   2.8849615048729414E+017
   8.8778099999999999E-003   2.9232112017448294E+017
   8.8777300000000003E-003   2.9734505297232653E+017
   8.8776600000000008E-003   3.0105832786749376E+017
   8.8776199999999993E-003   3.0350685189131610E+017
   8.8775899999999994E-003   3.0714050947189651E+017
   8.8775199999999999E-003   3.1191988172188282E+017
   8.8774500000000003E-003   3.1545697714010349E+017
   8.8774100000000005E-003   3.1779153985275930E+017
   8.8773800000000007E-003   3.2125919516517894E+017
   8.8773099999999994E-003   3.2582534207223910E+017
   8.8772399999999998E-003   3.3032650823484922E+017
   8.8771800000000001E-003   3.3476566577114790E+017
   8.8771200000000005E-003   3.3936586661380890E+017
   8.8770499999999992E-003   3.4540588588972166E+017
   8.8769399999999998E-003   3.5155927097672794E+017
   8.8768700000000002E-003   3.5532692209316026E+017
   8.8768300000000005E-003   3.5905222548983802E+017
   8.8767599999999992E-003   3.6396286482308755E+017
   8.8766899999999996E-003   3.6880938255204730E+017
   8.8766200000000000E-003   3.7359451485903526E+017
   8.8765500000000004E-003   3.7949092334257376E+017
   8.8764499999999993E-003   3.8645347099625171E+017
   8.8763599999999998E-003   3.9442163351445645E+017
   8.8762300000000006E-003   4.0334103691678074E+017
   8.8760999999999996E-003   4.0990793621229965E+017
   8.8760400000000000E-003   4.1422554571022771E+017
   8.8759800000000003E-003   4.1849857876489926E+017
   8.8759200000000007E-003   4.2272829745728416E+017
   8.8758599999999993E-003   4.2743580384421530E+017
   8.8757899999999997E-003   4.3260638484127130E+017
   8.8757200000000001E-003   4.3771504596030010E+017
   8.8756500000000006E-003   4.4276366455381389E+017
   8.8755799999999992E-003   4.4923784716648403E+017
   8.8754699999999999E-003   4.5708089765248480E+017
   8.8753600000000005E-003   4.6574342339325037E+017
   8.8752299999999996E-003   4.7518658169360557E+017
   8.8751000000000003E-003   4.8543764156022022E+017
   8.8749499999999995E-003   4.9645533033652019E+017
   8.8748000000000004E-003   5.0457225530901946E+017
   8.8747199999999991E-003   5.0991163985374362E+017
   8.8746499999999996E-003   5.1868699391350950E+017
   8.8744900000000005E-003   5.3074927123536410E+017
   8.8743299999999997E-003   5.4172186856771386E+017
   8.8741900000000005E-003   5.4919712001056800E+017
   8.8741199999999992E-003   5.5412381332278176E+017
   8.8740599999999996E-003   5.5981724597549075E+017
   8.8739700000000001E-003   5.6625632043848256E+017
   8.8738900000000006E-003   5.7577624955568365E+017
   8.8737199999999999E-003   5.8823916847412608E+017
   8.8735499999999991E-003   6.0044386244411482E+017
   8.8733900000000001E-003   6.0944093889432653E+017
   8.8733200000000005E-003   6.1536222394693504E+017
   8.8732399999999993E-003   6.2268267924576243E+017
   8.8731200000000000E-003   6.3135833318684890E+017
   8.8730100000000006E-003   6.4274089175770086E+017
   8.8728300000000000E-003   6.5670733952440909E+017
   8.8726499999999993E-003   6.6976565761397082E+017
   8.8724900000000002E-003   6.8196642445645299E+017
   8.8723299999999995E-003   6.9405715979536870E+017
   8.8721700000000004E-003   7.0604421417851405E+017
   8.8720199999999996E-003   7.1978975110189862E+017
   8.8718200000000007E-003   7.3520943454498010E+017
   8.8716300000000001E-003   7.5033016906342630E+017
   8.8714399999999995E-003   7.6516557443479731E+017
   8.8712500000000007E-003   7.7972772064568666E+017
   8.8710700000000000E-003   7.9402764395820390E+017
   8.8708899999999993E-003   8.0546576925066803E+017
   8.8707800000000000E-003   8.1415340866383002E+017
   8.8706700000000006E-003   8.2275056512576896E+017
   8.8705699999999995E-003   8.3126016979422042E+017
   8.8704600000000002E-003   8.4385983597271322E+017
   8.8702499999999997E-003   8.6038870259243827E+017
   8.8700500000000009E-003   8.7822111607907738E+017
   8.8698100000000005E-003   8.9729730373075405E+017
   8.8695800000000002E-003   9.1516095775954688E+017
   8.8693699999999997E-003   9.3189013304309990E+017
   8.8691699999999991E-003   9.5046823017854400E+017
   8.8689200000000006E-003   9.7084454407259802E+017
   8.8686800000000003E-003   9.9094178856357158E+017
   8.8684499999999999E-003   1.0107722604472125E+018
   8.8682099999999996E-003   1.0255446333782135E+018
   8.8681000000000003E-003   1.0402508362752854E+018
   8.8678699999999999E-003   1.0548472019848060E+018
   8.8677600000000006E-003   1.0664598440499492E+018
   8.8676099999999997E-003   1.0799455981304797E+018
   8.8674500000000007E-003   1.0933184765632645E+018
   8.8672999999999998E-003   1.1065815344699542E+018
   8.8671600000000007E-003   1.1243975229106180E+018
   8.8669100000000004E-003   1.1466506522668986E+018
   8.8666600000000002E-003   1.1688134747354908E+018
   8.8664199999999999E-003   1.1908935780874455E+018
   8.8661799999999995E-003   1.2163015488575232E+018
   8.8658599999999997E-003   1.2449266040326728E+018
   8.8655599999999998E-003   1.2661907068438098E+018
   8.8654100000000007E-003   1.2803066884291830E+018
   8.8652599999999998E-003   1.3013937594150024E+018
   8.8649699999999998E-003   1.3292600221019530E+018
   8.8646799999999998E-003   1.3567983352329541E+018
   8.8643899999999998E-003   1.3840246230394655E+018
   8.8641199999999996E-003   1.4144413219051858E+018
   8.8637700000000000E-003   1.4479328126501857E+018
   8.8634400000000002E-003   1.4810825022241948E+018
   8.8631100000000004E-003   1.5139087040782840E+018
   8.8627900000000006E-003   1.5463696500409300E+018
   8.8624700000000008E-003   1.5784843526784422E+018
   8.8621599999999991E-003   1.6040394544691569E+018
   8.8619700000000003E-003   1.6232285477277693E+018
   8.8617899999999996E-003   1.6422646359577034E+018
   8.8616100000000007E-003   1.6611522148642296E+018
   8.8614300000000000E-003   1.6894210695400361E+018
   8.8610700000000004E-003   1.7267918291384602E+018
   8.8607200000000007E-003   1.7669567216682399E+018
   8.8603199999999997E-003   1.8098103136525693E+018
   8.8599300000000002E-003   1.8523175148644803E+018
   8.8595400000000008E-003   1.8945018525421115E+018
   8.8591599999999996E-003   1.9273773819854579E+018
   8.8589399999999992E-003   1.9512366504768412E+018
   8.8587300000000004E-003   1.9750101539214282E+018
   8.8585199999999999E-003   1.9987012239967124E+018
   8.8583099999999994E-003   2.0282059784019034E+018
   8.8579899999999996E-003   2.0633744843076687E+018
   8.8576899999999997E-003   2.1044217251392044E+018
   8.8572800000000004E-003   2.1511461427122926E+018
   8.8568799999999993E-003   2.1975190955325061E+018
   8.8564799999999999E-003   2.2435589719214505E+018
   8.8560900000000005E-003   2.2777950595960154E+018
   8.8558999999999999E-003   2.3005562510113784E+018
   8.8557099999999993E-003   2.3263005358039183E+018
   8.8554600000000008E-003   2.3549679525682949E+018
   8.8552300000000004E-003   2.3977750825708959E+018
   8.8547499999999998E-003   2.4542622639161887E+018
   8.8542900000000008E-003   2.4962056091799188E+018
   8.8540600000000004E-003   2.5240632992414239E+018
   8.8538400000000000E-003   2.5548929109230290E+018
   8.8535599999999999E-003   2.5886297297425526E+018
   8.8532899999999998E-003   2.6220777122956508E+018
   8.8530299999999996E-003   2.6552456502862362E+018
   8.8527599999999994E-003   2.6886359557765207E+018
   8.8524899999999993E-003   2.7222454330877691E+018
   8.8522300000000009E-003   2.7725316377783091E+018
   8.8517000000000005E-003   2.8389443190207063E+018
   8.8511900000000001E-003   2.8882991802428892E+018
   8.8509299999999999E-003   2.9211418581382912E+018
   8.8506799999999997E-003   2.9570510552071885E+018
   8.8503799999999997E-003   2.9959598631279729E+018
   8.8500899999999997E-003   3.0345402128618988E+018
   8.8497899999999997E-003   3.0923843725999908E+018
   8.8492099999999997E-003   3.1501506420059807E+018
   8.8489199999999997E-003   3.1886530692983107E+018
   8.8486399999999996E-003   3.2268551628175836E+018
   8.8483499999999996E-003   3.2791082248146785E+018
   8.8478600000000008E-003   3.3450056088004506E+018
   8.8473800000000002E-003   3.4111360597780977E+018
   8.8468999999999996E-003   3.4774995497417170E+018
   8.8464200000000007E-003   3.5409279519843236E+018
   8.8459799999999998E-003   3.6011409276312847E+018
   8.8455500000000006E-003   3.6496468473093115E+018
   8.8452800000000005E-003   3.6870165621303316E+018
   8.8450000000000004E-003   3.7458379101804170E+018
   8.8444100000000005E-003   3.8249213239010755E+018
   8.8438400000000004E-003   3.8864681649170775E+018
   8.8435000000000007E-003   3.9314921557226245E+018
   8.8431699999999992E-003   3.9972815742098678E+018
   8.8425399999999994E-003   4.0837279486934436E+018
   8.8419299999999996E-003   4.1767723006417449E+018
   8.8412300000000003E-003   4.2766485481662147E+018
   8.8405500000000008E-003   4.3553358916511708E+018
   8.8401599999999997E-003   4.4125970471516355E+018
   8.8397800000000002E-003   4.4699218128879488E+018
   8.8393900000000008E-003   4.5273112247626675E+018
   8.8390099999999996E-003   4.6063131417905219E+018
   8.8383500000000000E-003   4.7062591824288389E+018
   8.8377000000000004E-003   4.7937681806572093E+018
   8.8372099999999999E-003   4.8692648240117299E+018
   8.8367199999999993E-003   4.9390562964669286E+018
   8.8363100000000000E-003   5.0351922237395661E+018
   8.8354899999999997E-003   5.1677360216406661E+018
   8.8346199999999996E-003   5.2703074995371131E+018
   8.8342000000000004E-003   5.3379699603356867E+018
   8.8337799999999994E-003   5.4386948701584701E+018
   8.8329499999999991E-003   5.5713815737876306E+018
   8.8321400000000005E-003   5.6984768121031127E+018
   8.8313899999999997E-003   5.8031211200243333E+018
   8.8308599999999994E-003   5.8896114568192922E+018
   8.8303400000000008E-003   6.0154521138587771E+018
   8.8293499999999997E-003   6.1791691754339062E+018
   8.8283900000000002E-003   6.3448678453224806E+018
   8.8273999999999991E-003   6.5124870705756221E+018
   8.8264299999999997E-003   6.6617403459923999E+018
   8.8256700000000007E-003   6.7933988979273124E+018
   8.8249200000000000E-003   6.9543272290697994E+018
   8.8238399999999995E-003   7.0964271475859610E+018
   8.8233099999999991E-003   7.1901344511688776E+018
   8.8227800000000006E-003   7.3206814904905247E+018
   8.8218499999999991E-003   7.4868861351789681E+018
   8.8209399999999993E-003   7.6159437376078100E+018
   8.8204300000000006E-003   7.7090147453901578E+018
   8.8199200000000002E-003   7.8272442229938176E+018
   8.8191399999999996E-003   7.9699374479765627E+018
   8.8183700000000007E-003   8.1509964501125939E+018
   8.8171900000000008E-003   8.3192928479860541E+018
   8.8165699999999993E-003   8.4536357344407204E+018
   8.8157700000000006E-003   8.6038627619358372E+018
   8.8149800000000000E-003   8.7877108922003773E+018
   8.8138399999999999E-003   8.9501886951675515E+018
   8.8132799999999997E-003   9.0574469144980521E+018
   8.8127299999999995E-003   9.2233726890023281E+018
   8.8115799999999994E-003   9.3906997395778744E+018
   8.8110099999999993E-003   9.5011645169106760E+018
   8.8104499999999992E-003   9.6217304741201080E+018
   8.8097899999999996E-003   9.7521501535410094E+018
   8.8091400000000000E-003   9.9182523674213642E+018
   8.8081199999999991E-003   1.0118808830232670E+019
   8.8071299999999998E-003   1.0286672468077294E+019
   8.8064600000000003E-003   1.0422930451365419E+019
   8.8057900000000008E-003   1.0559144301654131E+019
   8.8051099999999997E-003   1.0770366454629468E+019
   8.8037299999999992E-003   1.1052387579554329E+019
   8.8023700000000003E-003   1.1339344357121208E+019
   8.8009600000000000E-003   1.1558424081571359E+019
   8.8002600000000007E-003   1.1702755758789978E+019
   8.7995799999999996E-003   1.1927056633130217E+019
   8.7981299999999995E-003   1.2227538066939449E+019
   8.7967299999999991E-003   1.2532417450634848E+019
   8.7952499999999992E-003   1.2764703449143357E+019
   8.7945300000000001E-003   1.2917194145347576E+019
   8.7938200000000008E-003   1.3073417195060236E+019
   8.7930600000000001E-003   1.3232991677016615E+019
   8.7923199999999993E-003   1.3390505425753356E+019
   8.7915800000000002E-003   1.3545890641098580E+019
   8.7908499999999994E-003   1.3704796456031402E+019
   8.7900800000000005E-003   1.3866764430095811E+019
   8.7893199999999998E-003   1.4104992657544483E+019
   8.7878200000000000E-003   1.4342681047866710E+019
   8.7870299999999995E-003   1.4505367617355624E+019
   8.7862600000000006E-003   1.4665090964662895E+019
   8.7854900000000000E-003   1.4821836468014569E+019
   8.7847299999999993E-003   1.4982143795862985E+019
   8.7839300000000006E-003   1.5143911348859290E+019
   8.7831300000000001E-003   1.5302113985652212E+019
   8.7823499999999995E-003   1.5457031410354172E+019
   8.7815700000000007E-003   1.5614153175562353E+019
   8.7807500000000004E-003   1.5772913015310914E+019
   8.7799400000000000E-003   1.5927769259344114E+019
   8.7791399999999995E-003   1.6079098918701580E+019
   8.7783500000000007E-003   1.6232200772666462E+019
   8.7775200000000005E-003   1.6386599097777015E+019
   8.7766900000000002E-003   1.6536807669297324E+019
   8.7758699999999999E-003   1.6683499947777075E+019
   8.7750699999999994E-003   1.6831647679008254E+019
   8.7742099999999993E-003   1.6981165143850000E+019
   8.7733700000000008E-003   1.7126557348817041E+019
   8.7725400000000005E-003   1.7268937825682004E+019
   8.7717200000000002E-003   1.7413010432681671E+019
   8.7708500000000002E-003   1.7558865041758265E+019
   8.7699900000000001E-003   1.7701118736615901E+019
   8.7691399999999999E-003   1.7840950614333745E+019
   8.7682999999999997E-003   1.7982989228563175E+019
   8.7674099999999998E-003   1.8127371355088013E+019
   8.7665399999999997E-003   1.8268819869747769E+019
   8.7656699999999997E-003   1.8408435798715953E+019
   8.7648199999999996E-003   1.8551194583075799E+019
   8.7639099999999998E-003   1.8696027245178302E+019
   8.7630199999999998E-003   1.8836312243662422E+019
   8.7621399999999999E-003   1.8979828697541087E+019
   8.7612699999999998E-003   1.9208460850776941E+019
   8.7594400000000003E-003   1.9507972867681481E+019
   8.7576500000000005E-003   1.9729654480309981E+019
   8.7567099999999991E-003   1.9883545328697958E+019
   8.7557899999999994E-003   2.0035411460091019E+019
   8.7548699999999997E-003   2.0191323824774783E+019
   8.7539699999999998E-003   2.0442530117382156E+019
   8.7520700000000007E-003   2.0770312833959727E+019
   8.7502199999999995E-003   2.1012001073037840E+019
   8.7492500000000001E-003   2.1181275795343565E+019
   8.7482900000000006E-003   2.1436193800002937E+019
   8.7463999999999997E-003   2.1783446313037423E+019
   8.7444399999999992E-003   2.2044646431477805E+019
   8.7434699999999997E-003   2.2222652903313113E+019
   8.7425200000000002E-003   2.2510132350472659E+019
   8.7405199999999999E-003   2.2883261026874905E+019
   8.7385599999999994E-003   2.3253152666711433E+019
   8.7365199999999994E-003   2.3535798284476097E+019
   8.7355200000000001E-003   2.3723917382140723E+019
   8.7345400000000007E-003   2.4022351537999655E+019
   8.7324599999999992E-003   2.4419597214544937E+019
   8.7304400000000008E-003   2.4825078326219891E+019
   8.7283199999999995E-003   2.5238306722297262E+019
   8.7262599999999996E-003   2.5544694130347487E+019
   8.7251800000000008E-003   2.5757613446840365E+019
   8.7241100000000002E-003   2.6086782672957559E+019
   8.7219399999999992E-003   2.6519478812934107E+019
   8.7198199999999997E-003   2.6952259368969622E+019
   8.7176800000000002E-003   2.7401364056738390E+019
   8.7154399999999996E-003   2.7859043963645518E+019
   8.7132600000000004E-003   2.8197688984180818E+019
   8.7121200000000003E-003   2.8557670758063182E+019
   8.7098699999999998E-003   2.8967565756240585E+019
   8.7081799999999994E-003   2.9327798850914439E+019
   8.7064499999999993E-003   2.9754118226097029E+019
   8.7041800000000006E-003   3.0248828568312619E+019
   8.7018200000000007E-003   3.0681513529656431E+019
   8.7000800000000007E-003   3.1054426860299575E+019
   8.6983000000000008E-003   3.1444711021572002E+019
   8.6965099999999993E-003   3.1828641303148126E+019
   8.6947499999999994E-003   3.2200487623751401E+019
   8.6930400000000008E-003   3.2560265371043037E+019
   8.6913700000000003E-003   3.2879870765220819E+019
   8.6899999999999998E-003   3.3167291727652475E+019
   8.6886399999999992E-003   3.3475431082813444E+019
   8.6870899999999997E-003   3.3796205345753387E+019
   8.6855700000000001E-003   3.4114526488565625E+019
   8.6839800000000009E-003   3.4439423673310147E+019
   8.6824199999999997E-003   3.4840638828955030E+019
   8.6801799999999991E-003   3.5280382125704290E+019
   8.6779999999999999E-003   3.5630895130933166E+019
   8.6764100000000007E-003   3.5931414796534673E+019
   8.6748399999999996E-003   3.6309833510807458E+019
   8.6725399999999994E-003   3.6720791375477322E+019
   8.6703000000000006E-003   3.7046869837160923E+019
   8.6686400000000000E-003   3.7318785614952301E+019
   8.6670099999999993E-003   3.7580070975919546E+019
   8.6653700000000004E-003   3.7836008057108464E+019
   8.6637499999999996E-003   3.8145801690295468E+019
   8.6614199999999995E-003   3.8474349999794258E+019
   8.6591499999999991E-003   3.8751987005924033E+019
   8.6571100000000008E-003   3.9000543044470940E+019
   8.6551300000000005E-003   3.9231543951478505E+019
   8.6530900000000004E-003   3.9451922813639516E+019
   8.6511100000000000E-003   3.9677153932519965E+019
   8.6487400000000002E-003   3.9901123242677895E+019
   8.6464400000000000E-003   4.0106843469824352E+019
   8.6440700000000002E-003   4.0291149277793305E+019
   8.6417600000000001E-003   4.0422619866851680E+019
   8.6400799999999996E-003   4.0543991122325471E+019
   8.6384400000000007E-003   4.0724590795011441E+019
   8.6353899999999997E-003   4.0929796594294841E+019
   8.6324599999999998E-003   4.1076336732057870E+019
   8.6304199999999998E-003   4.1205148758176113E+019
   8.6284299999999994E-003   4.1342364200568717E+019
   8.6264099999999993E-003   4.1483341187886940E+019
   8.6244400000000006E-003   4.1708269633023492E+019
   8.6204799999999998E-003   4.1945965380777189E+019
   8.6184899999999995E-003   4.2120043561138717E+019
   8.6165500000000006E-003   4.2342508427011080E+019
   8.6138599999999992E-003   4.2544782103000973E+019
   8.6125500000000001E-003   4.2685252199989740E+019
   8.6112600000000008E-003   4.2915812957902635E+019
   8.6085699999999994E-003   4.3159073329065083E+019
   8.6072600000000003E-003   4.3373742468709704E+019
   8.6052899999999998E-003   4.3648352054240461E+019
   8.6032799999999996E-003   4.3889325740566036E+019
   8.6019700000000004E-003   4.4194754959227445E+019
   8.5993100000000006E-003   4.4517633714049753E+019
   8.5979699999999999E-003   4.4741713863689839E+019
   8.5966500000000008E-003   4.5034190629482848E+019
   8.5946600000000005E-003   4.5406419872833454E+019
   8.5926300000000004E-003   4.5730952169172722E+019
   8.5913099999999996E-003   4.5994873232322142E+019
   8.5900000000000004E-003   4.6417089424774291E+019
   8.5872599999999993E-003   4.6932725820927992E+019
   8.5852600000000008E-003   4.7313229349828977E+019
   8.5839000000000002E-003   4.7716236789380792E+019
   8.5818400000000003E-003   4.8297840200133534E+019
   8.5791500000000007E-003   4.8813210394952532E+019
   8.5777500000000003E-003   4.9268280190681473E+019
   8.5756700000000005E-003   4.9818744176208986E+019
   8.5736400000000004E-003   5.0493998456012849E+019
   8.5708099999999999E-003   5.1146371587876323E+019
   8.5690599999999999E-003   5.1658703740138308E+019
   8.5673299999999997E-003   5.2297899960561975E+019
   8.5648400000000006E-003   5.3055524883008446E+019
   8.5623899999999996E-003   5.3899091377865458E+019
   8.5594799999999995E-003   5.4593135635206668E+019
   8.5580499999999993E-003   5.5061490304318906E+019
   8.5566400000000008E-003   5.5869380822024700E+019
   8.5532799999999999E-003   5.7001189749457215E+019
   8.5500200000000002E-003   5.7894526799337136E+019
   8.5481399999999992E-003   5.8755396985976259E+019
   8.5451599999999996E-003   5.9915099088795271E+019
   8.5417400000000008E-003   6.0961630833048789E+019
   8.5394800000000003E-003   6.1746819509200863E+019
   8.5375199999999998E-003   6.2483253913761325E+019
   8.5355899999999992E-003   6.3399101975602594E+019
   8.5328200000000000E-003   6.4447608414479254E+019
   8.5301100000000005E-003   6.5450966506766615E+019
   8.5277100000000008E-003   6.6394573070223393E+019
   8.5253499999999992E-003   6.7204255738332676E+019
   8.5237100000000003E-003   6.7869484456668684E+019
   8.5220899999999995E-003   6.8844325119583470E+019
   8.5189700000000007E-003   7.0145306053070946E+019
   8.5159199999999997E-003   7.1111601942826172E+019
   8.5143500000000004E-003   7.1780765759369945E+019
   8.5127899999999992E-003   7.2605773333007655E+019
   8.5105500000000004E-003   7.3578336896864027E+019
   8.5083499999999996E-003   7.4832524681692266E+019
   8.5048999999999993E-003   7.6397056345275613E+019
   8.5013999999999992E-003   7.8103301088456983E+019
   8.4974800000000000E-003   7.9642861015080452E+019
   8.4947900000000003E-003   8.0927357843800605E+019
   8.4920599999999992E-003   8.2514021984279036E+019
   8.4882199999999994E-003   8.4635900699744961E+019
   8.4834000000000003E-003   8.6359691409024270E+019
   8.4812700000000008E-003   8.7425385976741069E+019
   8.4791599999999995E-003   8.8681355750539313E+019
   8.4763300000000007E-003   9.0156224947973407E+019
   8.4734200000000006E-003   9.1655436855135142E+019
   8.4705500000000003E-003   9.3180862070058418E+019
   8.4676000000000005E-003   9.4748904114081169E+019
   8.4646200000000008E-003   9.6324753819448394E+019
   8.4616899999999991E-003   9.7666182981283234E+019
   8.4596299999999992E-003   9.9323904039455343E+019
   8.4555700000000008E-003   1.0187404894567598E+020
   8.4504100000000002E-003   1.0432188751247838E+020
   8.4467799999999992E-003   1.0623123232425488E+020
   8.4436100000000007E-003   1.0805025807044379E+020
   8.4403800000000008E-003   1.1052935045812756E+020
   8.4349799999999999E-003   1.1312194112659692E+020
   8.4314200000000002E-003   1.1472250952162968E+020
   8.4295199999999994E-003   1.1655161534170064E+020
   8.4252700000000003E-003   1.1906857063450332E+020
   8.4211000000000008E-003   1.2101313814960472E+020
   8.4188100000000005E-003   1.2239893985482996E+020
   8.4165300000000002E-003   1.2444682692306241E+020
   8.4121300000000003E-003   1.2713182223753578E+020
   8.4078199999999999E-003   1.2902740193164147E+020
   8.4060200000000002E-003   1.3014613344926982E+020
   8.4042400000000003E-003   1.3204591641364169E+020
   8.3999899999999995E-003   1.3471600054389270E+020
   8.3958200000000000E-003   1.3671364540693522E+020
   8.3936600000000007E-003   1.3809678010786485E+020
   8.3915199999999995E-003   1.4005568401703733E+020
   8.3876200000000001E-003   1.4258398880816433E+020
   8.3837700000000005E-003   1.4473404911081615E+020
   8.3810699999999991E-003   1.4651285692446112E+020
   8.3783999999999994E-003   1.4854508725300530E+020
   8.3749800000000006E-003   1.5082746305488699E+020
   8.3715999999999999E-003   1.5343456111700338E+020
   8.3672899999999995E-003   1.5635879351636486E+020
   8.3630400000000004E-003   1.5905286546143507E+020
   8.3594499999999992E-003   1.6254442820409960E+020
   8.3530099999999993E-003   1.6580111041753484E+020
   8.3501500000000006E-003   1.6794385890556114E+020
   8.3469700000000004E-003   1.7020263852035758E+020
   8.3438200000000001E-003   1.7369923821534777E+020
   8.3372800000000007E-003   1.7841175881939599E+020
   8.3309000000000005E-003   1.8330235934406587E+020
   8.3240599999999994E-003   1.8836842431877110E+020
   8.3173799999999992E-003   1.9223177135180408E+020
   8.3137799999999998E-003   1.9497283393972116E+020
   8.3102300000000000E-003   1.9788141095435790E+020
   8.3062499999999994E-003   2.0095693720688935E+020
   8.3023200000000002E-003   2.0388255955961161E+020
   8.2987900000000003E-003   2.0666177995670081E+020
   8.2952900000000003E-003   2.1000746565310575E+020
   8.2903899999999999E-003   2.1391280847697963E+020
   8.2855700000000008E-003   2.1825964927097818E+020
   8.2796999999999992E-003   2.2303636635790154E+020
   8.2739300000000005E-003   2.2751596464578671E+020
   8.2688799999999993E-003   2.3171513752510592E+020
   8.2639099999999993E-003   2.3607604342126907E+020
   8.2585100000000002E-003   2.4020888931245199E+020
   8.2542899999999992E-003   2.4382828055883262E+020
   8.2501299999999996E-003   2.4872058772480472E+020
   8.2430899999999998E-003   2.5486925511453875E+020
   8.2361899999999991E-003   2.6070685293243217E+020
   8.2300499999999992E-003   2.6621250647196359E+020
   8.2240100000000003E-003   2.7136287191108560E+020
   8.2186700000000008E-003   2.7805163134240103E+020
   8.2095899999999992E-003   2.8398430913925156E+020
   8.2059899999999998E-003   2.8737712082421721E+020
   8.2024200000000002E-003   2.9244478871471951E+020
   8.1953900000000003E-003   2.9917075802850309E+020
   8.1884899999999997E-003   3.0464495701636533E+020
   8.1841599999999994E-003   3.0888104866974328E+020
   8.1798900000000004E-003   3.1387065303137092E+020
   8.1741299999999999E-003   3.1960770472841118E+020
   8.1684500000000007E-003   3.2600690932432083E+020
   8.1615200000000002E-003   3.3464388403818843E+020
   8.1516699999999997E-003   3.4341732669022385E+020
   8.1446799999999996E-003   3.4918415112600112E+020
   8.1407400000000005E-003   3.5572538989247968E+020
   8.1324499999999994E-003   3.6458837495636931E+020
   8.1243300000000008E-003   3.7134477283844581E+020
   8.1200700000000001E-003   3.7603529983021292E+020
   8.1158399999999992E-003   3.8071125844865312E+020
   8.1116599999999997E-003   3.8537580821404693E+020
   8.1075200000000000E-003   3.9265253052731025E+020
   8.0988199999999996E-003   4.0252267682562644E+020
   8.0902900000000000E-003   4.1266782614220590E+020
   8.0813699999999992E-003   4.2308772921496273E+020
   8.0726300000000008E-003   4.3104593398916900E+020
   8.0680400000000003E-003   4.3655961034324115E+020
   8.0634899999999995E-003   4.4206125021727569E+020
   8.0589900000000003E-003   4.4755121945891439E+020
   8.0545300000000007E-003   4.5611937312876927E+020
   8.0451700000000008E-003   4.6774086485438169E+020
   8.0359899999999998E-003   4.7657167851317448E+020
   8.0311700000000007E-003   4.8272263190323148E+020
   8.0263899999999996E-003   4.8886162423536334E+020
   8.0216699999999998E-003   4.9498874283851828E+020
   8.0169899999999999E-003   5.0454792355286896E+020
   8.0071599999999993E-003   5.1752426365942222E+020
   7.9975199999999993E-003   5.3083824122988003E+020
   7.9874600000000000E-003   5.4455642351389848E+020
   7.9775799999999997E-003   5.5504361863970429E+020
   7.9723999999999993E-003   5.6230969576829118E+020
   7.9672700000000003E-003   5.6956397444351931E+020
   7.9621899999999992E-003   5.7680813068315086E+020
   7.9571599999999996E-003   5.8810722928583914E+020
   7.9465999999999998E-003   6.0345255512870984E+020
   7.9362400000000007E-003   6.1511551332972298E+020
   7.9308000000000000E-003   6.2324417515738746E+020
   7.9254200000000007E-003   6.3136164039902324E+020
   7.9200899999999994E-003   6.3946783560355598E+020
   7.9148099999999996E-003   6.5211542344827457E+020
   7.9037399999999994E-003   6.6929821286626938E+020
   7.8928799999999997E-003   6.8696950603436537E+020
   7.8815399999999994E-003   7.0516089254192913E+020
   7.8704099999999996E-003   7.1907885429019456E+020
   7.8645799999999995E-003   7.2872428190724142E+020
   7.8588000000000009E-003   7.3835966326083774E+020
   7.8530800000000001E-003   7.4798667323859206E+020
   7.8474100000000008E-003   7.6299888878716597E+020
   7.8355300000000003E-003   7.8340424310147305E+020
   7.8238700000000001E-003   7.9892919258912837E+020
   7.8177500000000000E-003   8.0974576915465463E+020
   7.8117000000000004E-003   8.2593896446797296E+020
   7.7997600000000002E-003   8.4821393924023229E+020
   7.7873100000000004E-003   8.6542550003334054E+020
   7.7811699999999996E-003   8.7685610919955399E+020
   7.7750900000000001E-003   8.9470058597121288E+020
   7.7623500000000003E-003   9.1896800276853477E+020
   7.7498400000000000E-003   9.3743241525107727E+020
   7.7432899999999999E-003   9.5030551394302244E+020
   7.7368000000000003E-003   9.6657434745498829E+020
   7.7269799999999996E-003   9.8629146779525644E+020
   7.7172999999999999E-003   1.0063696509973127E+021
   7.7073599999999999E-003   1.0268707524816672E+021
   7.6975600000000000E-003   1.0480099526775067E+021
   7.6873000000000002E-003   1.0697705839542824E+021
   7.6771799999999996E-003   1.0919734784747999E+021
   7.6667899999999997E-003   1.1215134334355499E+021
   7.6503600000000001E-003   1.1535942806952781E+021
   7.6381399999999999E-003   1.1816337401641372E+021
   7.6258000000000003E-003   1.2103699413636790E+021
   7.6133399999999997E-003   1.2436682893319531E+021
   7.5975799999999996E-003   1.2777486056573040E+021
   7.5849400000000001E-003   1.3091781498960947E+021
   7.5718499999999998E-003   1.3416730090760102E+021
   7.5587600000000003E-003   1.3729054745310470E+021
   7.5470600000000004E-003   1.4020756641783614E+021
   7.5359199999999998E-003   1.4370418479336385E+021
   7.5200900000000001E-003   1.4749091433713157E+021
   7.5070500000000004E-003   1.5076050723183162E+021
   7.4953900000000002E-003   1.5410868088713346E+021
   7.4816099999999996E-003   1.5801409495569405E+021
   7.4665000000000000E-003   1.6142941717336209E+021
   7.4565700000000000E-003   1.6452178976213138E+021
   7.4425999999999997E-003   1.6843281991627802E+021
   7.4261700000000002E-003   1.7200520233504114E+021
   7.4103499999999996E-003   1.7534994842743763E+021
   7.3956899999999999E-003   1.7733076533131975E+021
   7.3816500000000000E-003   1.7844059542292799E+021
   7.3657699999999998E-003   1.7641287738169059E+021
   7.3594999999999997E-003   1.7828243386652251E+021
   7.3446600000000003E-003   1.7100896431279883E+021
   7.3252300000000003E-003   1.6851346650325697E+021
   7.3114599999999997E-003   1.5853076894589167E+021
   7.2981399999999998E-003   1.4390160334278634E+021
   7.2830100000000004E-003   1.3604515291650230E+021
   7.2691199999999996E-003   1.3141534357783621E+021
   7.2632299999999999E-003   1.2512950660267497E+021
   7.2573799999999999E-003   1.1963669731277498E+021
   7.2430899999999998E-003   1.1532826221001021E+021
   7.2373500000000000E-003   1.1308693636779166E+021
   7.2307999999999999E-003   1.0904535116666649E+021
   7.2256999999999998E-003   1.0903959649302847E+021
   7.2176100000000002E-003   1.0730396550208477E+021
   7.2124299999999997E-003   1.0513052087907235E+021
   7.2075799999999999E-003   1.0418581600933932E+021
   7.2031800000000000E-003   1.0481860164204028E+021
   7.1979300000000000E-003   1.0366362086580473E+021
   7.1921399999999996E-003   1.0337724497138356E+021
   7.1863700000000001E-003   1.0376367340201279E+021
   7.1828800000000000E-003   1.0417956213790485E+021
   7.1781099999999997E-003   1.0460629227664683E+021
   7.1757399999999999E-003   1.0496179197202689E+021
   7.1739600000000001E-003   1.0550852321591812E+021
   7.1697999999999996E-003   1.0611722459030494E+021
   7.1674199999999999E-003   1.0671119448007752E+021
   7.1641099999999996E-003   1.0744403479706044E+021
   7.1613900000000001E-003   1.0878765984918762E+021
   7.1553500000000004E-003   1.1068753739318210E+021
   7.1508300000000004E-003   1.1207259387041538E+021
   7.1457100000000004E-003   1.1471279355241917E+021
   7.1397199999999996E-003   1.1708187901850575E+021
   7.1350099999999998E-003   1.1918258111201115E+021
   7.1305199999999996E-003   1.2161863365784361E+021
   7.1261700000000002E-003   1.2364585754840646E+021
   7.1222100000000003E-003   1.2620423187231904E+021
   7.1171799999999999E-003   1.2828207477363119E+021
   7.1151100000000000E-003   1.3009702576265327E+021
   7.1109800000000003E-003   1.3232663386025862E+021
   7.1082400000000000E-003   1.3444029553582148E+021
   7.1041300000000002E-003   1.3643221052983128E+021
   7.1020900000000001E-003   1.3841332066723423E+021
   7.0981000000000004E-003   1.4105576199322070E+021
   7.0942200000000000E-003   1.4305886391534926E+021
   7.0922800000000003E-003   1.4463347698847706E+021
   7.0897699999999996E-003   1.4729705168638357E+021
   7.0847499999999999E-003   1.5089808397702275E+021
   7.0797600000000000E-003   1.5456744548445761E+021
   7.0747900000000001E-003   1.5736027602616142E+021
   7.0723200000000000E-003   1.5895735472772156E+021
   7.0704599999999998E-003   1.6106994829084252E+021
   7.0667600000000001E-003   1.6389925216941077E+021
   7.0631299999999999E-003   1.6670076810887863E+021
   7.0595500000000004E-003   1.6946592517735425E+021
   7.0560299999999996E-003   1.7219165054101621E+021
   7.0525700000000002E-003   1.7536240711371029E+021
   7.0480500000000001E-003   1.7828845452598326E+021
   7.0452700000000002E-003   1.8050627357316224E+021
   7.0424900000000002E-003   1.8340240122277630E+021
   7.0379199999999996E-003   1.8663825372285058E+021
   7.0343400000000000E-003   1.8934520230057049E+021
   7.0311699999999998E-003   1.9171024865905740E+021
   7.0284299999999996E-003   1.9473111095708609E+021
   7.0238300000000000E-003   1.9848038539144714E+021
   7.0190299999999999E-003   2.0317534179070905E+021
   7.0128400000000002E-003   2.0670583496380973E+021
   7.0099200000000002E-003   2.0940370309758921E+021
   7.0070000000000002E-003   2.1314502398447955E+021
   7.0026400000000001E-003   2.1544721772368395E+021
   6.9968499999999998E-003   2.2226621568058933E+021
   6.9939700000000004E-003   2.2230797519905987E+021
   6.9910900000000002E-003   2.2447903600078228E+021
   6.9866299999999998E-003   2.2873227035134588E+021
   6.9803799999999996E-003   2.3436470316534271E+021
   6.9767600000000003E-003   2.3734490086525606E+021
   6.9706300000000002E-003   2.4343117561358949E+021
   6.9645999999999996E-003   2.4392878664171599E+021
   6.9611700000000000E-003   2.4677085174210259E+021
   6.9589700000000001E-003   2.5175870938168909E+021
   6.9545800000000001E-003   2.5311058136865335E+021
   6.9492499999999997E-003   2.6401260610475750E+021
   6.9461200000000001E-003   2.6205072199472859E+021
   6.9411100000000003E-003   2.6269815004292364E+021
   6.9386200000000004E-003   2.6411946401319517E+021
   6.9337499999999998E-003   2.7490153444364418E+021
   6.9266500000000003E-003   2.7535284116857338E+021
   6.9217899999999997E-003   2.8098938581902248E+021
   6.9169499999999998E-003   2.8413917485481465E+021
   6.9086399999999997E-003   2.8761161424095155E+021
   6.9042100000000000E-003   2.9269340779990121E+021
   6.9005300000000002E-003   2.9649918156131045E+021
   6.8968700000000003E-003   3.0103532808950215E+021
   6.8941799999999998E-003   3.0104365378003031E+021
   6.8921599999999996E-003   3.0483401022164844E+021
   6.8884999999999997E-003   3.0913899557112518E+021
   6.8869200000000004E-003   3.1293824491659109E+021
   6.8843799999999998E-003   3.1595773470177792E+021
   6.8823399999999998E-003   3.2046126270698152E+021
   6.8807699999999996E-003   3.2116634924270082E+021
   6.8792000000000002E-003   3.2361649301276407E+021
   6.8779000000000002E-003   3.2535308362049787E+021
   6.8766000000000001E-003   3.2696249322966955E+021
   6.8753199999999999E-003   3.2921052889002840E+021
   6.8740499999999996E-003   3.3357069600620502E+021
   6.8714500000000003E-003   3.3527990280153910E+021
   6.8688700000000000E-003   3.3662173122800213E+021
   6.8677299999999998E-003   3.3715918776545418E+021
   6.8665999999999996E-003   3.4281264537126641E+021
   6.8647900000000000E-003   3.4368887426699331E+021
   6.8629900000000002E-003   3.4456548424622633E+021
   6.8611899999999997E-003   3.4544249393012697E+021
   6.8593899999999999E-003   3.4921409923215477E+021
   6.8553599999999996E-003   3.5259341541478352E+021
   6.8513300000000001E-003   3.5760792518853945E+021
   6.8423599999999996E-003   3.6349769679547584E+021
   6.8223800000000003E-003   3.7232981038425718E+021
   6.8044799999999999E-003   3.8017033057873376E+021
   6.7900900000000004E-003   3.8832530688932535E+021
   6.7767000000000001E-003   3.9813530312790565E+021
   6.7569700000000002E-003   4.0933375725913600E+021
   6.7384699999999999E-003   4.1919406667706348E+021
   6.7220500000000002E-003   4.2865543267604932E+021
   6.7057000000000002E-003   4.3841953075203130E+021
   6.6895300000000000E-003   4.4892493540317573E+021
   6.6707900000000002E-003   4.5925365475755468E+021
   6.6551900000000001E-003   4.6899215463019357E+021
   6.6392200000000004E-003   4.7936537358817684E+021
   6.6218300000000004E-003   4.9069227228211509E+021
   6.6032599999999997E-003   5.0380108713840744E+021
   6.5808500000000001E-003   5.1649765863815517E+021
   6.5642599999999997E-003   5.2862971389857591E+021
   6.5443500000000000E-003   5.4205105517490350E+021
   6.5246899999999997E-003   5.5434135903455423E+021
   6.5084000000000001E-003   5.6385572714624896E+021
   6.4977500000000001E-003   5.7408232434534512E+021
   6.4793100000000003E-003   5.8471522902004938E+021
   6.4680199999999997E-003   5.9685353661239656E+021
   6.4456699999999997E-003   6.1088423659243705E+021
   6.4294100000000000E-003   6.2300033323124759E+021
   6.4133100000000002E-003   6.3413553246498844E+021
   6.4001800000000001E-003   6.4420313424992099E+021
   6.3871600000000002E-003   6.6099270299718318E+021
   6.3569500000000001E-003   6.8471474239247976E+021
   6.3272700000000003E-003   7.0233886912622541E+021
   6.3137100000000002E-003   7.1770558888267387E+021
   6.2900600000000001E-003   7.3182241885594006E+021
   6.2799199999999996E-003   7.4650873011529109E+021
   6.2555199999999997E-003   7.6742672191403999E+021
   6.2314500000000004E-003   7.8431541298769366E+021
   6.2175599999999996E-003   7.9654740946915353E+021
   6.2037699999999999E-003   8.1235793872259289E+021
   6.1824400000000000E-003   8.3188231710179915E+021
   6.1613600000000003E-003   8.4843687999677609E+021
   6.1471499999999997E-003   8.6169438913821808E+021
   6.1330500000000001E-003   8.8229339418397780E+021
   6.1039900000000001E-003   9.1043925450907682E+021
   6.0753500000000002E-003   9.3392833889455990E+021
   6.0569200000000004E-003   9.5257707664325309E+021
   6.0386700000000003E-003   9.6783720340972351E+021
   6.0276200000000000E-003   9.7913012443291551E+021
   6.0166300000000002E-003   9.9857745116332514E+021
   5.9904299999999997E-003   1.0319054619005717E+022
   5.9540699999999997E-003   1.0673688898025585E+022
   5.9255499999999999E-003   1.0934460579904802E+022
   5.9076099999999998E-003   1.1167925589907457E+022
   5.8844500000000003E-003   1.1433289004896456E+022
   5.8615300000000002E-003   1.1750751394230551E+022
   5.8304200000000002E-003   1.2125372874982404E+022
   5.7990400000000001E-003   1.2416467415996450E+022
   5.7831499999999999E-003   1.2611830320848767E+022
   5.7673799999999999E-003   1.2913390373111218E+022
   5.7350800000000000E-003   1.3324761161279451E+022
   5.7032100000000002E-003   1.3750374247322893E+022
   5.6703500000000002E-003   1.4188092620150959E+022
   5.6379100000000003E-003   1.4639363890740717E+022
   5.6044700000000003E-003   1.5107167875124026E+022
   5.5714500000000004E-003   1.5586207845875379E+022
   5.5374100000000004E-003   1.6082171433946219E+022
   5.5038099999999996E-003   1.6593871757680996E+022
   5.4691599999999998E-003   1.7119455631918471E+022
   5.4349500000000000E-003   1.7524282222808058E+022
   5.4174499999999999E-003   1.7799189961677933E+022
   5.4000599999999999E-003   1.8221925416136092E+022
   5.3644799999999996E-003   1.8799086366040703E+022
   5.3293300000000002E-003   1.9241581770061065E+022
   5.3113500000000003E-003   1.9543095127683461E+022
   5.2934899999999997E-003   2.0003823038751043E+022
   5.2573200000000002E-003   2.0635389401824710E+022
   5.2208200000000001E-003   2.1286418173485642E+022
   5.1839900000000003E-003   2.1957480197702375E+022
   5.1468299999999998E-003   2.2649242392511069E+022
   5.1093199999999997E-003   2.3362341626777052E+022
   5.0714699999999998E-003   2.4097453148943327E+022
   5.0332600000000003E-003   2.4855233628768337E+022
   4.9947000000000004E-003   2.5636344644635416E+022
   4.9557799999999999E-003   2.6441685552260071E+022
   4.9164999999999999E-003   2.7058233849913530E+022
   4.8966200000000000E-003   2.7480952358727341E+022
   4.8768400000000003E-003   2.7907063980161633E+022
   4.8567799999999998E-003   2.8342803307357842E+022
   4.8368100000000004E-003   2.8913012806794177E+022
   4.8050300000000001E-003   2.9617899848769554E+022
   4.7734900000000000E-003   3.0206563031351621E+022
   4.7529299999999998E-003   3.0675822226771093E+022
   4.7324600000000000E-003   3.1154140706017208E+022
   4.7117000000000001E-003   3.1639281376458235E+022
   4.6910299999999997E-003   3.2132381109431833E+022
   4.6700700000000001E-003   3.2633069141993242E+022
   4.6492000000000000E-003   3.3142346928955526E+022
   4.6280300000000000E-003   3.3659837595171699E+022
   4.6069500000000003E-003   3.4185763534486561E+022
   4.5855799999999997E-003   3.4720697815154498E+022
   4.5642900000000004E-003   3.5264336550556573E+022
   4.5427000000000002E-003   3.5817671793368489E+022
   4.5211899999999996E-003   3.6380818021774373E+022
   4.4993899999999998E-003   3.6953592579516526E+022
   4.4776599999999996E-003   3.7536122617802946E+022
   4.4556400000000003E-003   3.8129715659915475E+022
   4.4336799999999997E-003   3.8734472250329502E+022
   4.4114300000000000E-003   3.9350192760977449E+022
   4.3892499999999999E-003   3.9977944889619521E+022
   4.3667699999999999E-003   4.0616446038723099E+022
   4.3443600000000002E-003   4.1269113269453828E+022
   4.3216399999999999E-003   4.1934522897465583E+022
   4.2989899999999999E-003   4.2614126795249353E+022
   4.2760300000000001E-003   4.3307542613589269E+022
   4.2531299999999999E-003   4.4014964397947729E+022
   4.2300100000000002E-003   4.4739375282644031E+022
   4.2067800000000002E-003   4.5480318177022501E+022
   4.1834100000000003E-003   4.6238645919237928E+022
   4.1599100000000002E-003   4.7014766795204525E+022
   4.1362899999999999E-003   4.7810917622851672E+022
   4.1125299999999997E-003   4.8626748548648584E+022
   4.0886400000000002E-003   4.9465955552355104E+022
   4.0646099999999998E-003   5.0327518202043757E+022
   4.0404400000000002E-003   5.1213316692989188E+022
   4.0161399999999996E-003   5.2125441850876277E+022
   3.9916900000000000E-003   5.3063840903952278E+022
   3.9671100000000003E-003   5.4029764720139944E+022
   3.9423699999999997E-003   5.5025315405171429E+022
   3.9174900000000000E-003   5.6051046835843727E+022
   3.8924599999999999E-003   5.7107886885885115E+022
   3.8672699999999999E-003   5.8201070330305231E+022
   3.8419399999999999E-003   5.9329999282604461E+022
   3.8164399999999999E-003   6.0500931137752785E+022
   3.7907900000000000E-003   6.1722415537571731E+022
   3.7649699999999999E-003   6.2999344043485223E+022
   3.7389900000000002E-003   6.4322532197382457E+022
   3.7128399999999998E-003   6.5678291372596003E+022
   3.6865200000000000E-003   6.7058340348866039E+022
   3.6600299999999999E-003   6.8462814279688570E+022
   3.6333600000000000E-003   6.9891880925353539E+022
   3.6065099999999998E-003   7.1345730733523360E+022
   3.5794700000000000E-003   7.2824583684069576E+022
   3.5522499999999999E-003   7.4328672051211379E+022
   3.5248400000000000E-003   7.5858248340674921E+022
   3.4972300000000000E-003   7.7413584805628821E+022
   3.4694200000000000E-003   7.8994954591501273E+022
   3.4414100000000002E-003   8.0602652745315461E+022
   3.4131999999999999E-003   8.2236979243164866E+022
   3.3847700000000001E-003   8.3898237611034286E+022
   3.3561200000000002E-003   8.5586752399040057E+022
   3.3272499999999999E-003   8.7302839394584553E+022
   3.2981600000000001E-003   8.9046831077206081E+022
   3.2688299999999999E-003   9.0819059950134713E+022
   3.2392699999999998E-003   9.2619860752688084E+022
   3.2094599999999999E-003   9.4449576136248211E+022
   3.1794000000000002E-003   9.6308547110495979E+022
   3.1490899999999998E-003   9.8197122375038158E+022
   3.1185100000000001E-003   1.0011564618486357E+023
   3.0876599999999999E-003   1.0206446550065237E+023
   3.0565300000000000E-003   1.0404393079867601E+023
   3.0251200000000001E-003   1.0605438535043192E+023
   2.9934100000000002E-003   1.0809617966810644E+023
   2.9613999999999999E-003   1.1016965882442136E+023
   2.9290700000000002E-003   1.1227516171791851E+023
   2.8964300000000002E-003   1.1441303336677123E+023
   2.8634500000000000E-003   1.1658360774165202E+023
   2.8301300000000001E-003   1.1878721659946158E+023
   2.7964499999999998E-003   1.2102418886691649E+023
   2.7624099999999999E-003   1.2329484676151156E+023
   2.7279900000000000E-003   1.2559950298766819E+023
   2.6931699999999999E-003   1.2793846529327031E+023
   2.6579500000000001E-003   1.3031203936295852E+023
   2.6223000000000002E-003   1.3272050355317815E+023
   2.5861999999999999E-003   1.3516414112388676E+023
   2.5496500000000001E-003   1.3764322232532057E+023
   2.5126200000000001E-003   1.4015799745899861E+023
   2.4751000000000000E-003   1.4270870539206998E+023
   2.4370500000000001E-003   1.4529556909058497E+023
   2.3984499999999999E-003   1.4791879022202028E+023
   2.3592800000000001E-003   1.5057855879425006E+023
   2.3195099999999999E-003   1.5327395513042981E+023
   2.2791199999999999E-003   1.5601377413917419E+023
   2.2380500000000001E-003   1.5879060226426457E+023
   2.1962900000000000E-003   1.6160451693959398E+023
   2.1537900000000000E-003   1.6445557138041317E+023
   2.1105099999999999E-003   1.6734376767806803E+023
   2.0663900000000000E-003   1.7026706885009556E+023
   2.0213800000000001E-003   1.7323552272711700E+023
   1.9754299999999998E-003   1.7624158883131748E+023
   1.9284700000000001E-003   1.7927819813023858E+023
   1.8807400000000001E-003   1.8236599311468436E+023
   1.8312000000000001E-003   1.8549574741602293E+023
   1.7807100000000000E-003   1.8865206874750260E+023
   1.7288399999999999E-003   1.9131797759355002E+023
   1.6892500000000000E-003   1.9380172108863703E+023
   1.6481800000000000E-003   1.9739896486989516E+023
   1.5708100000000000E-003   2.0064918742625264E+023
   1.5274799999999999E-003   2.0324772443198865E+023
   1.4820600000000001E-003   2.0716110347066146E+023
   1.3879100000000000E-003   2.1118131889545830E+023
   1.3229200000000000E-003   2.1461436454892635E+023
   1.2551299999999999E-003   2.1793642173848655E+023
   1.1802600000000000E-003   2.2158456193189786E+023
   1.1005399999999999E-003   2.2511620476992896E+023
   1.0087600000000000E-003   2.2921877218380298E+023
   8.9930999999999995E-004   2.3419928851416207E+023
   7.0638999999999999E-004   2.3849816101282232E+023
   5.6780999999999997E-004   2.4156551436996813E+023
   4.8413999999999998E-004   2.4329479268000458E+023
   3.8297000000000000E-004   2.4428532397055635E+023
   3.1385000000000001E-004   2.4552269110542261E+023
   2.5071000000000002E-004   2.4542178820426754E+023
   2.0164000000000000E-004   2.4645015305233115E+023
   1.6417000000000000E-004   2.4644847138382354E+023
   1.3642999999999999E-004   2.4689916411508279E+023
   1.1689000000000000E-004   2.4687692870382539E+023
   1.0404000000000000E-004   2.4709305086328151E+023
   8.6870000000000000E-005   2.4719407653826988E+023
   6.8949999999999995E-005   2.4723783219732883E+023
   5.4719999999999998E-005   2.4735545191114356E+023
   4.3430000000000003E-005   2.4738144857551858E+023
   3.4470000000000000E-005   2.4739392511590945E+023
   2.7359999999999999E-005   2.4744055248657550E+023
   2.1710000000000001E-005   2.4744654651124314E+023
   1.7240000000000001E-005   2.4746832158980588E+023
   1.3679999999999999E-005   2.4748953185488539E+023
