   8.9156300000000008E-003   385047275810910.81     
   8.9156099999999992E-003   609099605794119.75     
   8.9155999999999992E-003   775682434864460.88     
   8.9155899999999993E-003   912822418099256.62     
   8.9155799999999993E-003   1031474434679559.9     
   8.9155799999999993E-003   1136576185037721.8     
   8.9155699999999994E-003   1231516150284979.0     
   8.9155699999999994E-003   1318780973105119.2     
   8.9155599999999995E-003   1400073172877140.5     
   8.9155599999999995E-003   1476489138447980.8     
   8.9155499999999995E-003   1548788598978736.8     
   8.9155499999999995E-003   1617545062312434.0     
   8.9155499999999995E-003   1683212391979654.0     
   8.9155399999999996E-003   1746139258925421.8     
   8.9155399999999996E-003   1806620499806702.0     
   8.9155399999999996E-003   1864917051023921.2     
   8.9155299999999996E-003   1921256487245444.5     
   8.9155299999999996E-003   1975835119026424.5     
   8.9155299999999996E-003   2028821499818283.0     
   8.9155299999999996E-003   2080358996147178.0     
   8.9155199999999997E-003   2142758406199023.0     
   8.9155199999999997E-003   2215445149057447.5     
   8.9155199999999997E-003   2285815390240180.5     
   8.9155099999999998E-003   2354124934320650.0     
   8.9155099999999998E-003   2409742532281280.0     
   8.9155099999999998E-003   2453271614266508.0     
   8.9155099999999998E-003   2496085045604722.0     
   8.9154999999999998E-003   2538218620376496.5     
   8.9154999999999998E-003   2589871806182912.0     
   8.9154999999999998E-003   2650714627491745.5     
   8.9154999999999998E-003   2710243662947353.5     
   8.9154999999999998E-003   2768534408001052.5     
   8.9154899999999999E-003   2816296069410535.5     
   8.9154899999999999E-003   2853883494041158.0     
   8.9154899999999999E-003   2890994570012526.0     
   8.9154899999999999E-003   2927643488853490.0     
   8.9154899999999999E-003   2981633602929619.0     
   8.9154799999999999E-003   3034986966115080.0     
   8.9154799999999999E-003   3069968174692220.0     
   8.9154799999999999E-003   3121619391882324.0     
   8.9154799999999999E-003   3189476649122852.0     
   8.9154700000000000E-003   3256101000131895.5     
   8.9154700000000000E-003   3321601852717368.0     
   8.9154700000000000E-003   3370153804732600.5     
   8.9154700000000000E-003   3402141686595372.0     
   8.9154700000000000E-003   3433894541044041.5     
   8.9154700000000000E-003   3465419335252830.0     
   8.9154600000000001E-003   3512195593771755.5     
   8.9154600000000001E-003   3573950537546556.0     
   8.9154600000000001E-003   3634867657078195.5     
   8.9154600000000001E-003   3694955627963565.5     
   8.9154600000000001E-003   3763929409630463.5     
   8.9154500000000001E-003   3841466139825818.5     
   8.9154500000000001E-003   3917518066124577.5     
   8.9154500000000001E-003   3992131776326986.5     
   8.9154400000000002E-003   4065414051717558.0     
   8.9154400000000002E-003   4137499288860439.0     
   8.9154400000000002E-003   4208542378971454.0     
   8.9154400000000002E-003   4278712215072018.5     
   8.9154300000000002E-003   4356767095749775.0     
   8.9154300000000002E-003   4442859315596848.5     
   8.9154300000000002E-003   4528541391226776.0     
   8.9154300000000002E-003   4592825867345823.0     
   8.9154200000000003E-003   4635623613205486.0     
   8.9154200000000003E-003   4699815506088136.0     
   8.9154200000000003E-003   4785886026392932.0     
   8.9154200000000003E-003   4872516437745986.0     
   8.9154100000000003E-003   4959847670529856.0     
   8.9154100000000003E-003   5047903067435402.0     
   8.9154100000000003E-003   5136641043365301.0     
   8.9154100000000003E-003   5225968191884153.0     
   8.9154100000000003E-003   5315749953865009.0     
   8.9154000000000004E-003   5405818991904384.0     
   8.9154000000000004E-003   5495985501688707.0     
   8.9154000000000004E-003   5630801301373155.0     
   8.9153900000000005E-003   5787183910598211.0     
   8.9153900000000005E-003   5919556228066865.0     
   8.9153900000000005E-003   6050032555102346.0     
   8.9153900000000005E-003   6146503856175600.0     
   8.9153800000000005E-003   6210052971229457.0     
   8.9153800000000005E-003   6304168839636351.0     
   8.9153800000000005E-003   6427378590355939.0     
   8.9153800000000005E-003   6606897219234338.0     
   8.9153700000000006E-003   6779954018845773.0     
   8.9153700000000006E-003   6891708184316999.0     
   8.9153700000000006E-003   7000661084813524.0     
   8.9153700000000006E-003   7106916671908678.0     
   8.9153600000000006E-003   7210595934402150.0     
   8.9153600000000006E-003   7311831416720202.0     
   8.9153600000000006E-003   7410545122918902.0     
   8.9153600000000006E-003   7507420527084502.0     
   8.9153500000000007E-003   7617892891139665.0     
   8.9153500000000007E-003   7740963860607000.0     
   8.9153500000000007E-003   7919661284958399.0     
   8.9153400000000008E-003   8091813179372133.0     
   8.9153400000000008E-003   8203168019242252.0     
   8.9153400000000008E-003   8312007602662088.0     
   8.9153400000000008E-003   8418472199130649.0     
   8.9153300000000008E-003   8535505792079342.0     
   8.9153300000000008E-003   8662365716447048.0     
   8.9153300000000008E-003   8785973169198034.0     
   8.9153199999999991E-003   8906436516444045.0     
   8.9153199999999991E-003   9023834811444112.0     
   8.9153199999999991E-003   9138260168369306.0     
   8.9153199999999991E-003   9304378374956858.0     
   8.9153099999999992E-003   9475628070095452.0     
   8.9153099999999992E-003   9599858886504516.0     
   8.9152999999999993E-003   9720854110466928.0     
   8.9152999999999993E-003   9838804513987916.0     
   8.9152999999999993E-003   9953875889598440.0     
   8.9152999999999993E-003   10066231780524768.     
   8.9152899999999993E-003   10176031700132658.     
   8.9152899999999993E-003   10283433855836702.     
   8.9152899999999993E-003   10388593629190006.     
   8.9152799999999994E-003   10491654217254426.     
   8.9152799999999994E-003   10592732176807002.     
   8.9152799999999994E-003   10691931337756946.     
   8.9152799999999994E-003   10837124180286414.     
   8.9152699999999994E-003   11025384748609750.     
   8.9152699999999994E-003   11207641033761820.     
   8.9152599999999995E-003   11384346107740926.     
   8.9152599999999995E-003   11555825102354436.     
   8.9152499999999996E-003   11722309095693964.     
   8.9152499999999996E-003   11883995889359396.     
   8.9152399999999996E-003   12041230387303582.     
   8.9152399999999996E-003   12194350639628286.     
   8.9152299999999997E-003   12343625758057982.     
   8.9152299999999997E-003   12489266151230170.     
   8.9152199999999997E-003   12631467232871216.     
   8.9152199999999997E-003   12770466071443212.     
   8.9152199999999997E-003   12906516174907116.     
   8.9152099999999998E-003   13039878114577464.     
   8.9152099999999998E-003   13170815694505016.     
   8.9151999999999999E-003   13362776860664908.     
   8.9151999999999999E-003   13611791918548356.     
   8.9151899999999999E-003   13793633709440934.     
   8.9151800000000000E-003   13912356003295786.     
   8.9151800000000000E-003   14029376969517686.     
   8.9151800000000000E-003   14144758424445742.     
   8.9151700000000000E-003   14295927787554154.     
   8.9151700000000000E-003   14481309295921588.     
   8.9151600000000001E-003   14662525344719022.     
   8.9151500000000002E-003   14796042733627446.     
   8.9151500000000002E-003   14883706722805632.     
   8.9151500000000002E-003   15013277613987764.     
   8.9151400000000002E-003   15183353793659078.     
   8.9151400000000002E-003   15350159098314980.     
   8.9151300000000003E-003   15513855619071356.     
   8.9151300000000003E-003   15674673785362382.     
   8.9151200000000003E-003   15832840355374558.     
   8.9151200000000003E-003   16064767083788356.     
   8.9151100000000004E-003   16292946082783034.     
   8.9151000000000005E-003   16441914401637798.     
   8.9151000000000005E-003   16588760789800716.     
   8.9150900000000005E-003   16733537868030792.     
   8.9150900000000005E-003   16946496357400376.     
   8.9150800000000006E-003   17224318396505268.     
   8.9150700000000006E-003   17494532267804426.     
   8.9150600000000007E-003   17757130165445576.     
   8.9150500000000008E-003   17980930629380652.     
   8.9150400000000008E-003   18168207572446184.     
   8.9150299999999991E-003   18351627949671004.     
   8.9150299999999991E-003   18531364540165312.     
   8.9150199999999992E-003   18793807933443368.     
   8.9150099999999993E-003   19049954384897892.     
   8.9149999999999993E-003   19216547431965004.     
   8.9149999999999993E-003   19380375423257344.     
   8.9149899999999994E-003   19541624271746028.     
   8.9149799999999994E-003   19778492559969604.     
   8.9149699999999995E-003   20087392701382484.     
   8.9149599999999996E-003   20388710530125792.     
   8.9149499999999996E-003   20683491872710828.     
   8.9149399999999997E-003   20972508502811328.     
   8.9149299999999997E-003   21256203670804172.     
   8.9149199999999998E-003   21535035742981128.     
   8.9148999999999999E-003   21809531404344292.     
   8.9148900000000000E-003   22080020517819892.     
   8.9148800000000000E-003   22346544988341220.     
   8.9148700000000001E-003   22609161688592192.     
   8.9148600000000001E-003   22910494189636836.     
   8.9148500000000002E-003   23249168038603084.     
   8.9148400000000003E-003   23581700113697700.     
   8.9148200000000004E-003   23908279990065728.     
   8.9148100000000004E-003   24229028270026868.     
   8.9148000000000005E-003   24466222418471628.     
   8.9147900000000006E-003   24622329269249196.     
   8.9147900000000006E-003   24853508333067124.     
   8.9147800000000006E-003   25157369015181536.     
   8.9147600000000007E-003   25455721113382280.     
   8.9147500000000008E-003   25748715534496724.     
   8.9147400000000009E-003   26107223334424976.     
   8.9147299999999992E-003   26527585825430360.     
   8.9147099999999993E-003   26836121713567100.     
   8.9146999999999994E-003   27137841729395728.     
   8.9146799999999995E-003   27434626951412836.     
   8.9146799999999995E-003   27661277347805240.     
   8.9146699999999995E-003   27916500936619616.     
   8.9146599999999996E-003   28167724681288008.     
   8.9146499999999997E-003   28415123338178948.     
   8.9146399999999997E-003   28778926161149764.     
   8.9146199999999998E-003   29136063770135968.     
   8.9146099999999999E-003   29369842085018048.     
   8.9146000000000000E-003   29657706530231452.     
   8.9145800000000001E-003   29997788311414312.     
   8.9145700000000001E-003   30496651953715696.     
   8.9145400000000003E-003   30987041374849492.     
   8.9145300000000004E-003   31307917682152492.     
   8.9145100000000005E-003   31624781589535368.     
   8.9145000000000005E-003   31937789707484316.     
   8.9144900000000006E-003   32399412157301372.     
   8.9144600000000008E-003   33003711443426472.     
   8.9144399999999992E-003   33497445469706176.     
   8.9144199999999993E-003   33885419306416772.     
   8.9144099999999993E-003   34314978819002648.     
   8.9143899999999995E-003   34784589624699036.     
   8.9143699999999996E-003   35246201878892280.     
   8.9143499999999997E-003   35700106681547888.     
   8.9143299999999998E-003   36256411861292816.     
   8.9143000000000000E-003   36748694461201272.     
   8.9142900000000001E-003   37071510237216432.     
   8.9142700000000002E-003   37390550133203416.     
   8.9142600000000002E-003   37705934998730472.     
   8.9142500000000003E-003   38171819663545312.     
   8.9142200000000005E-003   38782032143765344.     
   8.9142000000000006E-003   39379552301209800.     
   8.9141700000000008E-003   39965165647855704.     
   8.9141499999999992E-003   40539616205650416.     
   8.9141199999999993E-003   41196139772625880.     
   8.9140899999999995E-003   41930642189765576.     
   8.9140599999999997E-003   42560255981633256.     
   8.9140399999999998E-003   43090147630871072.     
   8.9140100000000000E-003   43611889096666552.     
   8.9139900000000001E-003   44126000176560552.     
   8.9139700000000002E-003   44716377828537240.     
   8.9139400000000004E-003   45380202688551048.     
   8.9139100000000006E-003   46032538223532080.     
   8.9138900000000007E-003   46673943930648768.     
   8.9138599999999991E-003   47304952684019792.     
   8.9138299999999993E-003   47926027741356624.     
   8.9138099999999994E-003   48537553564546360.     
   8.9137799999999996E-003   49139905436880728.     
   8.9137599999999997E-003   49733458866747848.     
   8.9137299999999999E-003   50318576559265800.     
   8.9137100000000000E-003   51038044738954264.     
   8.9136700000000003E-003   51886320545898328.     
   8.9136400000000005E-003   52581199955173760.     
   8.9136100000000006E-003   53128846861909624.     
   8.9135900000000007E-003   53669756875085152.     
   8.9135699999999991E-003   54204125545308768.     
   8.9135399999999993E-003   54992853835462456.     
   8.9134999999999995E-003   56024800998255816.     
   8.9134599999999998E-003   56784734262741720.     
   8.9134399999999999E-003   57284035969018840.     
   8.9134200000000000E-003   57900561428611744.     
   8.9133800000000003E-003   58630580498961912.     
   8.9133500000000004E-003   59349950728872712.     
   8.9133200000000006E-003   60059138228253720.     
   8.9132900000000008E-003   60873794403605616.     
   8.9132599999999992E-003   61789801512954656.     
   8.9132199999999995E-003   62467089985241952.     
   8.9131999999999996E-003   62913466764724720.     
   8.9131799999999997E-003   63575575265918544.     
   8.9131400000000000E-003   64446729591753288.     
   8.9131100000000001E-003   65304112392059496.     
   8.9130700000000004E-003   66148164266478920.     
   8.9130400000000005E-003   67388631765450320.     
   8.9129699999999992E-003   69003684012879704.     
   8.9128999999999996E-003   70187782279881008.     
   8.9128699999999998E-003   70963286257712112.     
   8.9128400000000000E-003   71729018849218424.     
   8.9128000000000002E-003   72485380492707920.     
   8.9127700000000004E-003   73417635486667216.     
   8.9127300000000007E-003   74519252806221376.     
   8.9126799999999992E-003   75423585187563088.     
   8.9126499999999994E-003   76137705873980432.     
   8.9126199999999996E-003   77019184365573504.     
   8.9125799999999998E-003   78062632398892480.     
   8.9125300000000001E-003   79093591285821168.     
   8.9124900000000003E-003   80106748995178096.     
   8.9124500000000006E-003   81105486132776112.     
   8.9124100000000008E-003   82090391461761392.     
   8.9123699999999993E-003   83062069028572512.     
   8.9123299999999996E-003   84021045440014144.     
   8.9122899999999998E-003   84967744113928768.     
   8.9122500000000000E-003   85902519138022976.     
   8.9122100000000003E-003   86978076899975296.     
   8.9121600000000006E-003   88189398804572176.     
   8.9121100000000009E-003   89086268197401984.     
   8.9120899999999992E-003   89678074771036896.     
   8.9120599999999994E-003   90686245581800528.     
   8.9119999999999998E-003   92097559361673520.     
   8.9119500000000001E-003   93203892310049312.     
   8.9119100000000003E-003   94015801021265568.     
   8.9118800000000005E-003   95019219966926752.     
   8.9118300000000008E-003   96208424291122512.     
   8.9117799999999994E-003   97381485167186000.     
   8.9117399999999996E-003   98539125094270464.     
   8.9116899999999999E-003   99870471054264176.     
   8.9116300000000002E-003   1.0136919267988838E+017
   8.9115700000000006E-003   1.0247847326119216E+017
   8.9115400000000008E-003   1.0321022568410195E+017
   8.9115099999999992E-003   1.0429664428589306E+017
   8.9114499999999996E-003   1.0572773917683910E+017
   8.9113899999999999E-003   1.0713840342038965E+017
   8.9113300000000003E-003   1.0852936654654424E+017
   8.9112800000000006E-003   1.0990130549144136E+017
   8.9112199999999992E-003   1.1125487158770965E+017
   8.9111699999999995E-003   1.1259074472601059E+017
   8.9111199999999998E-003   1.1390965735074962E+017
   8.9110600000000002E-003   1.1521229547640880E+017
   8.9110100000000005E-003   1.1649928889601915E+017
   8.9109600000000008E-003   1.1808609002174082E+017
   8.9108899999999994E-003   1.1996164510751302E+017
   8.9108099999999999E-003   1.2150189244217022E+017
   8.9107600000000002E-003   1.2271888594173270E+017
   8.9107200000000004E-003   1.2392346531775120E+017
   8.9106700000000007E-003   1.2511609826484096E+017
   8.9106199999999993E-003   1.2658992214035173E+017
   8.9105499999999997E-003   1.2833610229868214E+017
   8.9104800000000001E-003   1.3005780342361726E+017
   8.9104200000000005E-003   1.3175592365641917E+017
   8.9103499999999992E-003   1.3343142938778957E+017
   8.9102899999999995E-003   1.3508528665371162E+017
   8.9102199999999999E-003   1.3644808801454074E+017
   8.9101800000000002E-003   1.3752782303709973E+017
   8.9101400000000004E-003   1.3912993858682035E+017
   8.9100499999999992E-003   1.4123808543538210E+017
   8.9099699999999997E-003   1.4305666629524522E+017
   8.9099100000000001E-003   1.4459591760766291E+017
   8.9098500000000004E-003   1.4611825384998704E+017
   8.9098000000000007E-003   1.4762425687636016E+017
   8.9097399999999993E-003   1.4936084798679194E+017
   8.9096599999999998E-003   1.5132093597223987E+017
   8.9095900000000002E-003   1.5325526674108819E+017
   8.9095100000000007E-003   1.5516494492667370E+017
   8.9094399999999994E-003   1.5705099887247085E+017
   8.9093699999999998E-003   1.5891434113641459E+017
   8.9093000000000002E-003   1.6075579149850294E+017
   8.9092300000000006E-003   1.6257609708950886E+017
   8.9091599999999993E-003   1.6437594147458397E+017
   8.9090999999999997E-003   1.6615597152063254E+017
   8.9090300000000001E-003   1.6791682764257120E+017
   8.9089600000000005E-003   1.6965913399107069E+017
   8.9089000000000008E-003   1.7181086575697306E+017
   8.9087999999999997E-003   1.7435866615088317E+017
   8.9087100000000002E-003   1.7645430459830064E+017
   8.9086500000000006E-003   1.7811211589642349E+017
   8.9085799999999993E-003   1.7975437575827862E+017
   8.9085199999999996E-003   1.8138147774521459E+017
   8.9084600000000000E-003   1.8379272266173005E+017
   8.9083400000000007E-003   1.8696056803048179E+017
   8.9082299999999996E-003   1.8930226086410541E+017
   8.9081700000000000E-003   1.9084579287544256E+017
   8.9081200000000003E-003   1.9313548478674198E+017
   8.9079999999999993E-003   1.9614681963339731E+017
   8.9078899999999999E-003   1.9837523866672400E+017
   8.9078400000000002E-003   1.9984555688331155E+017
   8.9077900000000005E-003   2.0202893610167382E+017
   8.9076799999999994E-003   2.0490450275280963E+017
   8.9075800000000000E-003   2.0773922271989645E+017
   8.9074800000000006E-003   2.1053487366097702E+017
   8.9073799999999995E-003   2.1343169632124829E+017
   8.9072700000000001E-003   2.1723425818584752E+017
   8.9070999999999994E-003   2.2110893613367648E+017
   8.9069900000000000E-003   2.2348094045988435E+017
   8.9069300000000004E-003   2.2582498664516835E+017
   8.9068199999999993E-003   2.2891427000690790E+017
   8.9067100000000000E-003   2.3196176273012915E+017
   8.9066000000000006E-003   2.3496916277004774E+017
   8.9064999999999995E-003   2.3867266345427469E+017
   8.9063400000000004E-003   2.4304372770724413E+017
   8.9061899999999996E-003   2.4804176633728640E+017
   8.9059900000000008E-003   2.5363247172054506E+017
   8.9058000000000002E-003   2.5774727869026538E+017
   8.9057000000000008E-003   2.6045157273600506E+017
   8.9056099999999996E-003   2.6312773601953405E+017
   8.9055200000000001E-003   2.6577667744027203E+017
   8.9054200000000007E-003   2.6872469012680051E+017
   8.9053099999999996E-003   2.7196296123972560E+017
   8.9052000000000003E-003   2.7516268171830195E+017
   8.9050899999999992E-003   2.7832514595006192E+017
   8.9049799999999998E-003   2.8238077769627818E+017
   8.9048100000000008E-003   2.8729523383982422E+017
   8.9046400000000001E-003   2.9272337726159789E+017
   8.9044399999999996E-003   2.9864116907873613E+017
   8.9042400000000008E-003   3.0506315706290502E+017
   8.9040000000000005E-003   3.1196133181297632E+017
   8.9037700000000001E-003   3.1704007951506368E+017
   8.9036600000000007E-003   3.2037860542645165E+017
   8.9035499999999997E-003   3.2586140630426522E+017
   8.9032999999999994E-003   3.3339209143981555E+017
   8.9030499999999992E-003   3.4023584281047366E+017
   8.9028400000000004E-003   3.4489594153621722E+017
   8.9027399999999993E-003   3.4796626158498707E+017
   8.9026399999999999E-003   3.5151405401900915E+017
   8.9025000000000007E-003   3.5552663770779117E+017
   8.9023699999999997E-003   3.6145806431933766E+017
   8.9021199999999995E-003   3.6922437420326458E+017
   8.9018599999999993E-003   3.7683054442141843E+017
   8.9016200000000007E-003   3.8244078437390624E+017
   8.9014999999999997E-003   3.8613403271520077E+017
   8.9013800000000004E-003   3.9070116918274035E+017
   8.9011999999999997E-003   3.9611559573870336E+017
   8.9010300000000007E-003   4.0321938135184243E+017
   8.9007500000000007E-003   4.1193504274780896E+017
   8.9004700000000006E-003   4.2008057656005344E+017
   8.9002300000000003E-003   4.2768677917230022E+017
   8.8999900000000000E-003   4.3525830052021421E+017
   8.8997499999999997E-003   4.4280502292957747E+017
   8.8995199999999993E-003   4.5150161320878355E+017
   8.8992099999999994E-003   4.6131840021901523E+017
   8.8989199999999994E-003   4.7100181870702470E+017
   8.8986299999999994E-003   4.8055722924503661E+017
   8.8983499999999993E-003   4.8997167610846528E+017
   8.8980699999999992E-003   4.9929060996079290E+017
   8.8978000000000008E-003   5.0678310205145830E+017
   8.8976400000000001E-003   5.1249221010726982E+017
   8.8974799999999993E-003   5.1815876055442765E+017
   8.8973200000000002E-003   5.2378372278416032E+017
   8.8971599999999994E-003   5.3213657948660941E+017
   8.8968499999999996E-003   5.4314805233980506E+017
   8.8965399999999997E-003   5.5508288309840352E+017
   8.8961900000000000E-003   5.6790979766665645E+017
   8.8958400000000003E-003   5.7997187307206170E+017
   8.8955400000000004E-003   5.9129930870302682E+017
   8.8952400000000004E-003   6.0386431763409203E+017
   8.8948800000000008E-003   6.1762674999355187E+017
   8.8945299999999995E-003   6.3118644994219059E+017
   8.8941799999999998E-003   6.4455433353819021E+017
   8.8938500000000000E-003   6.5450303760159078E+017
   8.8936799999999993E-003   6.6440861382142771E+017
   8.8933599999999995E-003   6.7423104609894771E+017
   8.8932000000000004E-003   6.8204663530233382E+017
   8.8929800000000000E-003   6.9112033997008512E+017
   8.8927599999999996E-003   7.0011704481579302E+017
   8.8925400000000009E-003   7.0903939274670067E+017
   8.8923300000000004E-003   7.2102686838383078E+017
   8.8919700000000008E-003   7.3599672381459085E+017
   8.8916299999999993E-003   7.5090556041534246E+017
   8.8912799999999997E-003   7.6575741771251136E+017
   8.8909499999999999E-003   7.8284734030252928E+017
   8.8905100000000008E-003   8.0209681642924531E+017
   8.8900799999999999E-003   8.1639403356738854E+017
   8.8898799999999993E-003   8.2588778131120038E+017
   8.8896700000000006E-003   8.4007454605775398E+017
   8.8892599999999995E-003   8.5882448730058739E+017
   8.8888600000000002E-003   8.7736124317794253E+017
   8.8884800000000007E-003   8.9569619902623872E+017
   8.8880999999999995E-003   9.1619208466300429E+017
   8.8876300000000005E-003   9.3877487286973875E+017
   8.8871699999999998E-003   9.6114696022551347E+017
   8.8867300000000007E-003   9.8332230001616909E+017
   8.8862999999999998E-003   1.0052735873116791E+018
   8.8858700000000006E-003   1.0270136273910601E+018
   8.8854499999999996E-003   1.0443289916047808E+018
   8.8852099999999993E-003   1.0573415881096846E+018
   8.8849600000000008E-003   1.0702586979881408E+018
   8.8847200000000005E-003   1.0830829910411020E+018
   8.8844800000000002E-003   1.1022925526431768E+018
   8.8840099999999995E-003   1.1277100682148604E+018
   8.8835500000000005E-003   1.1550586343191890E+018
   8.8830200000000002E-003   1.1842716059876900E+018
   8.8825099999999997E-003   1.2132847444758246E+018
   8.8820099999999992E-003   1.2421144224113766E+018
   8.8815100000000004E-003   1.2646063071256781E+018
   8.8812300000000004E-003   1.2809430397797171E+018
   8.8809600000000002E-003   1.2972311261150147E+018
   8.8806900000000001E-003   1.3134721939193889E+018
   8.8804200000000000E-003   1.3337115535690427E+018
   8.8800200000000006E-003   1.3578530988153183E+018
   8.8796199999999995E-003   1.3860545175814257E+018
   8.8790999999999991E-003   1.4181877090739310E+018
   8.8785900000000004E-003   1.4501138193401971E+018
   8.8780899999999999E-003   1.4818460514778330E+018
   8.8775999999999994E-003   1.5054653113724915E+018
   8.8773600000000008E-003   1.5211791942382164E+018
   8.8771200000000005E-003   1.5389627473106373E+018
   8.8768100000000006E-003   1.5587776738425782E+018
   8.8765100000000006E-003   1.5883898397464381E+018
   8.8759200000000007E-003   1.6275063427951514E+018
   8.8753500000000006E-003   1.6565821150515489E+018
   8.8750700000000005E-003   1.6759087782835098E+018
   8.8747900000000005E-003   1.6973112710202647E+018
   8.8744500000000007E-003   1.7207484992706701E+018
   8.8741099999999993E-003   1.7440014220864036E+018
   8.8737799999999995E-003   1.7670747083393260E+018
   8.8734599999999997E-003   1.7903168675430397E+018
   8.8731299999999999E-003   1.8137250570291953E+018
   8.8728000000000001E-003   1.8487731863979604E+018
   8.8721600000000005E-003   1.8951032197082895E+018
   8.8715300000000007E-003   1.9295648081716431E+018
   8.8712200000000008E-003   1.9525123841380974E+018
   8.8709099999999992E-003   1.9776158803355845E+018
   8.8705499999999996E-003   2.0048311348161979E+018
   8.8701900000000000E-003   2.0318310776696591E+018
   8.8698300000000004E-003   2.0723388341894664E+018
   8.8691299999999994E-003   2.1128185829923543E+018
   8.8687799999999997E-003   2.1398149816432625E+018
   8.8684400000000000E-003   2.1666125516272051E+018
   8.8681000000000003E-003   2.2032856844966830E+018
   8.8675100000000003E-003   2.2495649967136148E+018
   8.8669300000000003E-003   2.2960420651570847E+018
   8.8663500000000003E-003   2.3427157320257603E+018
   8.8657800000000002E-003   2.3874131012908477E+018
   8.8652599999999998E-003   2.4302012409309599E+018
   8.8647499999999994E-003   2.4650585634602532E+018
   8.8644299999999995E-003   2.4921737214019267E+018
   8.8640999999999998E-003   2.5352966507627628E+018
   8.8634100000000004E-003   2.5939855920684201E+018
   8.8627299999999992E-003   2.6400273937997614E+018
   8.8623399999999998E-003   2.6737895719925601E+018
   8.8619500000000004E-003   2.7230701066645524E+018
   8.8612099999999996E-003   2.7874110477751603E+018
   8.8605000000000003E-003   2.8553928611632620E+018
   8.8596899999999999E-003   2.9260227202349906E+018
   8.8588999999999994E-003   2.9801699592847391E+018
   8.8584500000000004E-003   3.0191020874534989E+018
   8.8580099999999995E-003   3.0578767050658284E+018
   8.8575600000000004E-003   3.0966067645529887E+018
   8.8571199999999996E-003   3.1499841819003587E+018
   8.8563600000000006E-003   3.2180148470283121E+018
   8.8556099999999999E-003   3.2783649695699456E+018
   8.8550399999999998E-003   3.3311523115765361E+018
   8.8544799999999996E-003   3.3805295348698895E+018
   8.8540000000000008E-003   3.4491559304541404E+018
   8.8530699999999993E-003   3.5440616958329462E+018
   8.8520700000000001E-003   3.6176115866281134E+018
   8.8515799999999995E-003   3.6661714514430131E+018
   8.8511000000000006E-003   3.7385201969753492E+018
   8.8501499999999993E-003   3.8339551167584164E+018
   8.8492299999999996E-003   3.9254957183759969E+018
   8.8483799999999994E-003   4.0009597554275302E+018
   8.8477799999999995E-003   4.0633909035034102E+018
   8.8471899999999996E-003   4.1543151907262520E+018
   8.8460799999999992E-003   4.2727858963576248E+018
   8.8449900000000005E-003   4.3928795555903974E+018
   8.8438700000000002E-003   4.5145557975042555E+018
   8.8427799999999997E-003   4.6230596909605468E+018
   8.8419299999999996E-003   4.7188892445904108E+018
   8.8410899999999994E-003   4.8361652868171715E+018
   8.8398699999999997E-003   4.9398632418960640E+018
   8.8392799999999997E-003   5.0083099702739087E+018
   8.8386999999999997E-003   5.1037467648802744E+018
   8.8376600000000007E-003   5.2254014752067348E+018
   8.8366399999999998E-003   5.3199792748473518E+018
   8.8360699999999997E-003   5.3882397747326044E+018
   8.8354999999999996E-003   5.4750172676566784E+018
   8.8346399999999995E-003   5.5798564156854897E+018
   8.8337899999999994E-003   5.7130347556025631E+018
   8.8324800000000002E-003   5.8369923107355576E+018
   8.8317900000000008E-003   5.9360383726118431E+018
   8.8309100000000008E-003   6.0469059430742364E+018
   8.8300400000000008E-003   6.1827337321675612E+018
   8.8287899999999996E-003   6.3029241664029809E+018
   8.8281699999999998E-003   6.3823326009525504E+018
   8.8275599999999999E-003   6.5052765105048658E+018
   8.8263000000000005E-003   6.6294055065273764E+018
   8.8256800000000007E-003   6.7114216464431933E+018
   8.8250599999999992E-003   6.8010012965736069E+018
   8.8243400000000000E-003   6.8979813031305124E+018
   8.8236200000000008E-003   7.0215977002277222E+018
   8.8225100000000004E-003   7.1710465119206810E+018
   8.8214299999999999E-003   7.2962903925121321E+018
   8.8206900000000008E-003   7.3980459761153751E+018
   8.8199600000000000E-003   7.4998642808638607E+018
   8.8192300000000008E-003   7.6579029642855127E+018
   8.8177199999999994E-003   7.8692831854052024E+018
   8.8162399999999995E-003   8.0847856581896847E+018
   8.8147099999999999E-003   8.2496468940724818E+018
   8.8139599999999992E-003   8.3583965940304998E+018
   8.8132100000000001E-003   8.5276194988272650E+018
   8.8116500000000007E-003   8.7548683388737812E+018
   8.8101299999999994E-003   8.9860914507466097E+018
   8.8085400000000001E-003   9.1627370729901660E+018
   8.8077599999999995E-003   9.2789634281889423E+018
   8.8069900000000007E-003   9.3982367720408945E+018
   8.8061800000000003E-003   9.5203350973983171E+018
   8.8053699999999999E-003   9.6411097404635300E+018
   8.8045799999999994E-003   9.7605272577437082E+018
   8.8038000000000005E-003   9.8829207402309038E+018
   8.8029700000000002E-003   1.0008023469015296E+019
   8.8021499999999999E-003   1.0192682825849905E+019
   8.8005400000000008E-003   1.0377905821619966E+019
   8.7997000000000006E-003   1.0505144370159016E+019
   8.7988700000000003E-003   1.0630527955041626E+019
   8.7980400000000000E-003   1.0754050098314406E+019
   8.7972299999999996E-003   1.0880651017918714E+019
   8.7963699999999995E-003   1.1009153565178180E+019
   8.7955199999999994E-003   1.1135441640716876E+019
   8.7946799999999992E-003   1.1259669841104955E+019
   8.7938600000000006E-003   1.1386259533410071E+019
   8.7929800000000006E-003   1.1514871460665188E+019
   8.7921200000000005E-003   1.1641044083975229E+019
   8.7912600000000004E-003   1.1764986547727964E+019
   8.7904200000000002E-003   1.1891072533728555E+019
   8.7895300000000003E-003   1.2019007457143982E+019
   8.7886500000000003E-003   1.2144298849036186E+019
   8.7877800000000002E-003   1.2267323355944215E+019
   8.7869200000000001E-003   1.2392328553424794E+019
   8.7860200000000003E-003   1.2519234877147173E+019
   8.7851200000000004E-003   1.2643484752076763E+019
   8.7842400000000005E-003   1.2765708948254853E+019
   8.7833600000000005E-003   1.2890060495558521E+019
   8.7824400000000007E-003   1.3016558788506327E+019
   8.7815299999999992E-003   1.3140652780681832E+019
   8.7806299999999993E-003   1.3263019568227811E+019
   8.7797399999999994E-003   1.3387825496403745E+019
   8.7787999999999998E-003   1.3515118093797065E+019
   8.7778700000000001E-003   1.3640352335539319E+019
   8.7769600000000003E-003   1.3764169949793647E+019
   8.7760500000000005E-003   1.3890995453158085E+019
   8.7750999999999992E-003   1.4020175170276915E+019
   8.7741499999999997E-003   1.4146318874977561E+019
   8.7732200000000000E-003   1.4273988214399212E+019
   8.7723000000000002E-003   1.4475765816459405E+019
   8.7703699999999996E-003   1.4742458712516311E+019
   8.7684900000000003E-003   1.4941391330496174E+019
   8.7674999999999993E-003   1.5079246360711062E+019
   8.7665299999999998E-003   1.5215508854197445E+019
   8.7655600000000004E-003   1.5353823168999266E+019
   8.7646100000000008E-003   1.5574231250976782E+019
   8.7626200000000005E-003   1.5864682649429637E+019
   8.7606699999999999E-003   1.6080733691827845E+019
   8.7596500000000008E-003   1.6231390891747766E+019
   8.7586499999999998E-003   1.6457267319914828E+019
   8.7566699999999994E-003   1.6765023974733607E+019
   8.7546099999999995E-003   1.6997810278374953E+019
   8.7536000000000003E-003   1.7154903765851656E+019
   8.7525999999999993E-003   1.7405882776638788E+019
   8.7504999999999996E-003   1.7735211360160197E+019
   8.7484599999999996E-003   1.8064522437435830E+019
   8.7463300000000001E-003   1.8316323347071861E+019
   8.7452899999999993E-003   1.8483505891479990E+019
   8.7442600000000002E-003   1.8747268661685776E+019
   8.7420899999999992E-003   1.9099521675210469E+019
   8.7399799999999996E-003   1.9459047005031010E+019
   8.7377800000000005E-003   1.9825463236081385E+019
   8.7356299999999994E-003   2.0098864867702665E+019
   8.7344999999999992E-003   2.0288560095214100E+019
   8.7333900000000006E-003   2.0580478645331456E+019
   8.7311300000000001E-003   2.0965582921242817E+019
   8.7289299999999993E-003   2.1350978797154628E+019
   8.7267100000000004E-003   2.1750937055518642E+019
   8.7243900000000003E-003   2.2158556720507679E+019
   8.7221299999999998E-003   2.2462162502111506E+019
   8.7209399999999999E-003   2.2782531845474263E+019
   8.7186099999999999E-003   2.3149547345673851E+019
   8.7168599999999999E-003   2.3472026695065985E+019
   8.7150600000000002E-003   2.3853266698213712E+019
   8.7127200000000002E-003   2.4296389073074799E+019
   8.7102700000000009E-003   2.4686072656043643E+019
   8.7084799999999993E-003   2.5022435551715250E+019
   8.7066399999999999E-003   2.5372418521082716E+019
   8.7047900000000004E-003   2.5718209628033577E+019
   8.7029700000000008E-003   2.6054482536921539E+019
   8.7012099999999992E-003   2.6381280579262349E+019
   8.6994800000000008E-003   2.6673192043433636E+019
   8.6980700000000005E-003   2.6935790408522252E+019
   8.6966700000000001E-003   2.7217313611541012E+019
   8.6950699999999992E-003   2.7512204035123458E+019
   8.6934999999999998E-003   2.7806899197249323E+019
   8.6918700000000008E-003   2.8107479592494146E+019
   8.6902600000000000E-003   2.8477309031098499E+019
   8.6879599999999998E-003   2.8890183284839719E+019
   8.6857099999999993E-003   2.9226397157964190E+019
   8.6840700000000003E-003   2.9513216653763690E+019
   8.6824599999999995E-003   2.9872469640086647E+019
   8.6800999999999996E-003   3.0272392268489032E+019
   8.6777899999999995E-003   3.0598074693214601E+019
   8.6760899999999991E-003   3.0871160096576950E+019
   8.6744200000000004E-003   3.1137008589360767E+019
   8.6727300000000000E-003   3.1399263050392887E+019
   8.6710699999999995E-003   3.1717654897525731E+019
   8.6686799999999998E-003   3.2066796144306061E+019
   8.6663499999999997E-003   3.2373200953547141E+019
   8.6642600000000000E-003   3.2652306938534027E+019
   8.6622299999999999E-003   3.2919390291485647E+019
   8.6601500000000001E-003   3.3179133098184208E+019
   8.6581200000000001E-003   3.3451560087677587E+019
   8.6556900000000006E-003   3.3731338865584382E+019
   8.6533300000000007E-003   3.3998183449754927E+019
   8.6509099999999995E-003   3.4249193395142238E+019
   8.6485599999999996E-003   3.4443983563899466E+019
   8.6468399999999994E-003   3.4614984308805771E+019
   8.6451600000000007E-003   3.4863417282532856E+019
   8.6420500000000001E-003   3.5159432850543571E+019
   8.6390600000000005E-003   3.5385778216234902E+019
   8.6369800000000007E-003   3.5575734191155511E+019
   8.6349500000000006E-003   3.5770473480732983E+019
   8.6328900000000007E-003   3.5966352384346563E+019
   8.6308900000000004E-003   3.6267196838103990E+019
   8.6268500000000001E-003   3.6572878698474484E+019
   8.6248200000000001E-003   3.6786148348154790E+019
   8.6228499999999996E-003   3.7048434852265009E+019
   8.6201200000000002E-003   3.7279936535477027E+019
   8.6187899999999994E-003   3.7436350354014962E+019
   8.6174800000000003E-003   3.7686222938307232E+019
   8.6147399999999992E-003   3.7943313126846243E+019
   8.6134100000000002E-003   3.8164454053364703E+019
   8.6114099999999999E-003   3.8441319180636996E+019
   8.6093699999999999E-003   3.8679469567286075E+019
   8.6080400000000008E-003   3.8975493383946453E+019
   8.6053399999999995E-003   3.9282302887704895E+019
   8.6039800000000007E-003   3.9492269096181555E+019
   8.6026399999999999E-003   3.9762465793090896E+019
   8.6006299999999997E-003   4.0101303050014867E+019
   8.5985699999999998E-003   4.0392809559285055E+019
   8.5972300000000008E-003   4.0627401948618727E+019
   8.5959000000000001E-003   4.0998389129505112E+019
   8.5931299999999992E-003   4.1445911895907434E+019
   8.5911000000000008E-003   4.1772520998834282E+019
   8.5897300000000003E-003   4.2115197940888257E+019
   8.5876400000000006E-003   4.2604974463013257E+019
   8.5849199999999994E-003   4.3035444167130153E+019
   8.5835000000000009E-003   4.3412277840575635E+019
   8.5813999999999994E-003   4.3865175473105043E+019
   8.5793399999999995E-003   4.4416251732167344E+019
   8.5764799999999992E-003   4.4944620734130078E+019
   8.5747099999999993E-003   4.5357523026221474E+019
   8.5729599999999993E-003   4.5869124565771862E+019
   8.5704400000000003E-003   4.6473371628604637E+019
   8.5679699999999994E-003   4.7144946532496916E+019
   8.5650299999999995E-003   4.7693237749040267E+019
   8.5635799999999995E-003   4.8062160542573576E+019
   8.5621499999999993E-003   4.8693042806083322E+019
   8.5587700000000003E-003   4.9578032813528302E+019
   8.5554700000000008E-003   5.0278538677356126E+019
   8.5535699999999999E-003   5.0948986055821066E+019
   8.5505600000000005E-003   5.1849067139594166E+019
   8.5471100000000001E-003   5.2659032882634351E+019
   8.5448299999999998E-003   5.3267387991882015E+019
   8.5428499999999994E-003   5.3836750819932865E+019
   8.5409100000000005E-003   5.4543079513968173E+019
   8.5381099999999998E-003   5.5352344879579791E+019
   8.5353800000000004E-003   5.6127854638681874E+019
   8.5329599999999992E-003   5.6855887776552018E+019
   8.5305799999999994E-003   5.7482097303327080E+019
   8.5289300000000005E-003   5.7995507169095107E+019
   8.5272899999999999E-003   5.8745347372361228E+019
   8.5241499999999994E-003   5.9750365385722757E+019
   8.5210700000000004E-003   6.0499118513556799E+019
   8.5194899999999994E-003   6.1016233828268147E+019
   8.5179200000000000E-003   6.1653338736622764E+019
   8.5156599999999995E-003   6.2405349350366749E+019
   8.5134400000000006E-003   6.3376568518668034E+019
   8.5099600000000004E-003   6.4587682628209943E+019
   8.5064400000000005E-003   6.5908967737090171E+019
   8.5024799999999998E-003   6.7102112311847027E+019
   8.4997800000000002E-003   6.8097429850644300E+019
   8.4970299999999992E-003   6.9326609890177843E+019
   8.4931599999999996E-003   7.0970949935080079E+019
   8.4883000000000007E-003   7.2305578990054236E+019
   8.4861599999999995E-003   7.3130257739460026E+019
   8.4840400000000000E-003   7.4101650203297137E+019
   8.4811899999999996E-003   7.5241453996793725E+019
   8.4782599999999996E-003   7.6398951524660199E+019
   8.4753699999999994E-003   7.7575376360123122E+019
   8.4723999999999997E-003   7.8783141563745042E+019
   8.4694000000000002E-003   7.9995226410215621E+019
   8.4664600000000003E-003   8.1025474270150066E+019
   8.4643800000000005E-003   8.2293269727021335E+019
   8.4602900000000005E-003   8.4246729319994049E+019
   8.4551000000000001E-003   8.6116714097877762E+019
   8.4514399999999993E-003   8.7570131524261609E+019
   8.4482499999999992E-003   8.8951859601394598E+019
   8.4450099999999993E-003   9.0829879849061253E+019
   8.4395800000000003E-003   9.2788941180626485E+019
   8.4360000000000008E-003   9.3995293924441014E+019
   8.4340800000000000E-003   9.5370123634062672E+019
   8.4298099999999994E-003   9.7258257070491140E+019
   8.4256200000000000E-003   9.8713383689213788E+019
   8.4233099999999998E-003   9.9748389116222030E+019
   8.4210199999999995E-003   1.0127430576397042E+020
   8.4165999999999998E-003   1.0327022826581408E+020
   8.4122599999999995E-003   1.0467562565302695E+020
   8.4104499999999999E-003   1.0550370296815613E+020
   8.4086600000000001E-003   1.0690759621291190E+020
   8.4043899999999994E-003   1.0887567886134547E+020
   8.4001900000000001E-003   1.1034501360140303E+020
   8.3980200000000008E-003   1.1136003563042821E+020
   8.3958699999999997E-003   1.1279503025926221E+020
   8.3919500000000005E-003   1.1464259760891199E+020
   8.3880900000000008E-003   1.1620986999635937E+020
   8.3853699999999996E-003   1.1750385304229611E+020
   8.3826899999999999E-003   1.1897925207935618E+020
   8.3792499999999995E-003   1.2063252626410311E+020
   8.3758600000000006E-003   1.2251623502309215E+020
   8.3715200000000003E-003   1.2462314656254524E+020
   8.3672499999999997E-003   1.2655892509244314E+020
   8.3636400000000003E-003   1.2906008168487222E+020
   8.3571700000000006E-003   1.3138490077236022E+020
   8.3543000000000003E-003   1.3291046996291237E+020
   8.3511000000000002E-003   1.3451518302043410E+020
   8.3479399999999999E-003   1.3699250722374427E+020
   8.3413700000000007E-003   1.4031812441702582E+020
   8.3349500000000007E-003   1.4375388216061642E+020
   8.3280899999999998E-003   1.4729650715570543E+020
   8.3213799999999997E-003   1.4998793809425508E+020
   8.3177700000000004E-003   1.5189126348804492E+020
   8.3141900000000008E-003   1.5390580585037755E+020
   8.3102000000000002E-003   1.5603027730745147E+020
   8.3062599999999993E-003   1.5804591944337939E+020
   8.3027099999999996E-003   1.5995594880194344E+020
   8.2991899999999997E-003   1.6224924297255240E+020
   8.2942799999999994E-003   1.6491781550699479E+020
   8.2894400000000003E-003   1.6787764169828005E+020
   8.2835400000000007E-003   1.7111785273944578E+020
   8.2777500000000004E-003   1.7414518261790238E+020
   8.2726799999999993E-003   1.7697289483211679E+020
   8.2676899999999994E-003   1.7990041070965617E+020
   8.2622700000000004E-003   1.8266355740316893E+020
   8.2580399999999995E-003   1.8507666412587490E+020
   8.2538500000000001E-003   1.8832770146771590E+020
   8.2467900000000004E-003   1.9239611183728535E+020
   8.2398599999999999E-003   1.9624057878547202E+020
   8.2337000000000000E-003   1.9985148121007748E+020
   8.2276399999999996E-003   2.0321787457271893E+020
   8.2222800000000002E-003   2.0756874970571430E+020
   8.2131700000000005E-003   2.1140963222773668E+020
   8.2095599999999994E-003   2.1359917893004414E+020
   8.2059799999999999E-003   2.1685995844558678E+020
   8.1989200000000002E-003   2.2116988192515670E+020
   8.1919899999999997E-003   2.2466290500185476E+020
   8.1876499999999994E-003   2.2735704518967847E+020
   8.1833600000000006E-003   2.3052062172493981E+020
   8.1775900000000002E-003   2.3414508539314346E+020
   8.1718899999999994E-003   2.3817180355375625E+020
   8.1649400000000007E-003   2.4358027969911846E+020
   8.1550600000000004E-003   2.4904350488903700E+020
   8.1480400000000005E-003   2.5261811332843281E+020
   8.1440899999999997E-003   2.5665715615270958E+020
   8.1357800000000004E-003   2.6210441696988214E+020
   8.1276300000000003E-003   2.6623772659611340E+020
   8.1233499999999997E-003   2.6909716590809262E+020
   8.1191200000000005E-003   2.7193995251847905E+020
   8.1149199999999994E-003   2.7476807471265825E+020
   8.1107699999999998E-003   2.7916489695208181E+020
   8.1020399999999996E-003   2.8509943829680806E+020
   8.0934900000000001E-003   2.9116515445608176E+020
   8.0845499999999994E-003   2.9735986693902303E+020
   8.0757799999999994E-003   3.0206739714861380E+020
   8.0711700000000008E-003   3.0531725393551832E+020
   8.0666100000000001E-003   3.0855056358180507E+020
   8.0621000000000009E-003   3.1176771317620880E+020
   8.0576299999999997E-003   3.1677056827429854E+020
   8.0482399999999999E-003   3.2352114070580514E+020
   8.0390400000000008E-003   3.2862653870632455E+020
   8.0342000000000000E-003   3.3216787427968706E+020
   8.0294200000000007E-003   3.3569165488099348E+020
   8.0246799999999993E-003   3.3919812725424528E+020
   8.0199899999999994E-003   3.4464827317979657E+020
   8.0101300000000007E-003   3.5200697873696771E+020
   8.0004700000000008E-003   3.5951277751934006E+020
   7.9903800000000001E-003   3.6719692681484829E+020
   7.9804799999999999E-003   3.7303919850118146E+020
   7.9752899999999995E-003   3.7707119166403183E+020
   7.9701500000000005E-003   3.8108385681866234E+020
   7.9650499999999996E-003   3.8507829869949505E+020
   7.9600100000000000E-003   3.9128439701671621E+020
   7.9494200000000004E-003   3.9966537920210508E+020
   7.9390399999999996E-003   4.0600348590680932E+020
   7.9335900000000008E-003   4.1040051293614722E+020
   7.9281999999999998E-003   4.1477710500862932E+020
   7.9228600000000003E-003   4.1913350564015505E+020
   7.9175700000000005E-003   4.2590299078270308E+020
   7.9064700000000005E-003   4.3504651087365754E+020
   7.8955799999999993E-003   4.4438881697800225E+020
   7.8842099999999991E-003   4.5394105115265886E+020
   7.8730599999999994E-003   4.6120624772994577E+020
   7.8672199999999994E-003   4.6621982446928750E+020
   7.8614300000000008E-003   4.7121106598902320E+020
   7.8557000000000002E-003   4.7618111503628291E+020
   7.8500199999999992E-003   4.8389942485239261E+020
   7.8381100000000006E-003   4.9432695657354232E+020
   7.8264200000000006E-003   5.0221878982722106E+020
   7.8203000000000005E-003   5.0768975308396796E+020
   7.8142300000000001E-003   5.1584545035198274E+020
   7.8022700000000000E-003   5.2699321249843308E+020
   7.7897900000000004E-003   5.3555356984962698E+020
   7.7836399999999997E-003   5.4121704758694353E+020
   7.7775500000000003E-003   5.5001800385223177E+020
   7.7647799999999998E-003   5.6191200100882540E+020
   7.7522499999999996E-003   5.7091392511727357E+020
   7.7456900000000004E-003   5.7715641545669948E+020
   7.7391900000000000E-003   5.8501433842683996E+020
   7.7293500000000003E-003   5.9448649634266887E+020
   7.7196499999999998E-003   6.0408226813630179E+020
   7.7096899999999999E-003   6.1382484655172053E+020
   7.6998800000000001E-003   6.2381458935014071E+020
   7.6895899999999996E-003   6.3404282619061142E+020
   7.6794599999999999E-003   6.4442125281356284E+020
   7.6690500000000002E-003   6.5814168541073900E+020
   7.6525899999999999E-003   6.7293241655731080E+020
   7.6403399999999998E-003   6.8576467787623183E+020
   7.6279800000000004E-003   6.9883429432695102E+020
   7.6155099999999998E-003   7.1387435731102125E+020
   7.5997199999999999E-003   7.2915566449812963E+020
   7.5870599999999996E-003   7.4315139544138777E+020
   7.5739500000000003E-003   7.5752765671960714E+020
   7.5608400000000001E-003   7.7125944952360468E+020
   7.5491200000000003E-003   7.8401189432468374E+020
   7.5379599999999998E-003   7.9920767631948107E+020
   7.5221100000000003E-003   8.1556237510000103E+020
   7.5090499999999998E-003   8.2961173211917962E+020
   7.4973699999999997E-003   8.4396377472980956E+020
   7.4835700000000002E-003   8.6057557501758826E+020
   7.4684399999999998E-003   8.7503144106585109E+020
   7.4584999999999999E-003   8.8820763887348128E+020
   7.4445099999999997E-003   9.0486102064957856E+020
   7.4280500000000003E-003   9.2051613377130476E+020
   7.4121999999999999E-003   9.3520712558170669E+020
   7.3975300000000003E-003   9.4508368339167950E+020
   7.3834599999999997E-003   9.5216070194707353E+020
   7.3675700000000004E-003   9.4761993908817887E+020
   7.3612900000000004E-003   9.5641316072970387E+020
   7.3464300000000001E-003   9.3423752264441843E+020
   7.3269800000000003E-003   9.2826859917238731E+020
   7.3131799999999999E-003   8.9246777198466053E+020
   7.2998500000000001E-003   8.3426945064645532E+020
   7.2846999999999999E-003   8.0108068666522481E+020
   7.2708000000000000E-003   7.8045016213124927E+020
   7.2649000000000004E-003   7.5041093043114344E+020
   7.2590399999999996E-003   7.2277171638406860E+020
   7.2447299999999996E-003   6.9961792144389086E+020
   7.2389899999999998E-003   6.8684119484210387E+020
   7.2324299999999998E-003   6.6248590355404017E+020
   7.2273299999999997E-003   6.6177013799820027E+020
   7.2192300000000001E-003   6.4962149259543301E+020
   7.2140399999999997E-003   6.3336157549223032E+020
   7.2091799999999999E-003   6.2454260982689510E+020
   7.2047900000000000E-003   6.2803151202625978E+020
   7.1995300000000000E-003   6.1466381537611940E+020
   7.1937299999999997E-003   6.0569300988425640E+020
   7.1879600000000002E-003   6.0476418079091720E+020
   7.1844700000000001E-003   6.0430106321973320E+020
   7.1796899999999999E-003   6.0072635340999478E+020
   7.1773200000000001E-003   5.9946994240159888E+020
   7.1755400000000002E-003   5.9878864415055531E+020
   7.1713699999999998E-003   5.9923088843068368E+020
   7.1689900000000001E-003   5.9950323448377377E+020
   7.1656799999999998E-003   5.9978417083438046E+020
   7.1629600000000003E-003   6.0014390216005255E+020
   7.1569099999999998E-003   6.0143151056225121E+020
   7.1523799999999998E-003   6.0396461917887345E+020
   7.1472599999999999E-003   6.0680421956194481E+020
   7.1412600000000000E-003   6.1047806223924357E+020
   7.1365600000000001E-003   6.1407526807337199E+020
   7.1320600000000000E-003   6.1798024047563597E+020
   7.1276999999999998E-003   6.2177978322012786E+020
   7.1237399999999999E-003   6.2632000124673550E+020
   7.1187000000000004E-003   6.3009441595053218E+020
   7.1166299999999997E-003   6.3347665439225073E+020
   7.1124999999999999E-003   6.3748409670168255E+020
   7.1097599999999997E-003   6.4144712904891931E+020
   7.1056499999999998E-003   6.4516210072072434E+020
   7.1036099999999998E-003   6.4887067002617096E+020
   7.0996100000000001E-003   6.5381927640599403E+020
   7.0957299999999997E-003   6.5756246365591713E+020
   7.0937900000000000E-003   6.6048863732118480E+020
   7.0912700000000002E-003   6.6545794783471495E+020
   7.0862599999999996E-003   6.7216149589393867E+020
   7.0812599999999998E-003   6.7895693947607345E+020
   7.0762899999999998E-003   6.8410402462634528E+020
   7.0738099999999998E-003   6.8706555411451478E+020
   7.0719499999999996E-003   6.9093959241747123E+020
   7.0682499999999999E-003   6.9610074817939794E+020
   7.0646099999999998E-003   7.0119013348966780E+020
   7.0610300000000003E-003   7.0619218256307343E+020
   7.0575100000000003E-003   7.1110608106703500E+020
   7.0540500000000001E-003   7.1677284078043726E+020
   7.0495300000000000E-003   7.2196927703909623E+020
   7.0467400000000001E-003   7.2590301005406208E+020
   7.0439600000000002E-003   7.3104389717136939E+020
   7.0393900000000004E-003   7.3675610857881534E+020
   7.0358000000000000E-003   7.4150518969817707E+020
   7.0326399999999997E-003   7.4564887496040854E+020
   7.0298899999999996E-003   7.5088204193885284E+020
   7.0252900000000000E-003   7.5743269710237624E+020
   7.0204899999999999E-003   7.6534595041109082E+020
   7.0142900000000003E-003   7.7128168299566517E+020
   7.0113700000000003E-003   7.7575694428810261E+020
   7.0084500000000003E-003   7.8125877933334423E+020
   7.0040900000000001E-003   7.8757716890292650E+020
   6.9982899999999999E-003   7.9389279466873435E+020
   6.9954099999999996E-003   7.9825079866218276E+020
   6.9925300000000003E-003   8.0255988783745964E+020
   6.9880699999999999E-003   8.1014779683370330E+020
   6.9818099999999998E-003   8.1684644773579955E+020
   6.9781899999999996E-003   8.2350461539015695E+020
   6.9720600000000004E-003   8.3179234240426161E+020
   6.9660199999999999E-003   8.3843824171722028E+020
   6.9625900000000003E-003   8.4135790643234210E+020
   6.9603900000000003E-003   8.4624148718197709E+020
   6.9559899999999996E-003   8.5271864607112207E+020
   6.9506600000000000E-003   8.5834178995325986E+020
   6.9475300000000004E-003   8.6378207157960206E+020
   6.9425199999999998E-003   8.6876472592088603E+020
   6.9400199999999999E-003   8.7363230549595206E+020
   6.9351500000000002E-003   8.8152765312961544E+020
   6.9280499999999998E-003   8.8940678924009459E+020
   6.9231900000000001E-003   8.9578908655910650E+020
   6.9183400000000003E-003   9.0440354178942658E+020
   6.9100300000000002E-003   9.1277614119333226E+020
   6.9055999999999996E-003   9.1819870008383124E+020
   6.9019199999999998E-003   9.2854940134226146E+020
   6.8982499999999999E-003   9.3214463801098751E+020
   6.8955600000000002E-003   9.3480966812835932E+020
   6.8935400000000001E-003   9.3650114686727592E+020
   6.8898800000000001E-003   9.4214827652334499E+020
   6.8882900000000000E-003   9.4662181589554862E+020
   6.8857600000000003E-003   9.5067171029518805E+020
   6.8837200000000003E-003   9.5542732630842134E+020
   6.8821400000000001E-003   9.5725535193204261E+020
   6.8805699999999999E-003   9.6016035738497856E+020
   6.8792699999999998E-003   9.6246789203367900E+020
   6.8779699999999997E-003   9.6468595663005155E+020
   6.8766900000000004E-003   9.6733511761807016E+020
   6.8754200000000001E-003   9.7198595199958240E+020
   6.8728200000000000E-003   9.7530323593702565E+020
   6.8702299999999997E-003   9.7774748248906295E+020
   6.8691000000000004E-003   9.7909178402425052E+020
   6.8679600000000002E-003   9.8411436717427760E+020
   6.8661599999999996E-003   9.8626987111109755E+020
   6.8643500000000000E-003   9.8842552853599683E+020
   6.8625500000000002E-003   9.9058134112169492E+020
   6.8607599999999996E-003   9.9550483097045710E+020
   6.8567100000000002E-003   1.0011908709771497E+021
   6.8526899999999998E-003   1.0100998025090399E+021
   6.8437100000000002E-003   1.0260063602221143E+021
   6.8237200000000001E-003   1.0483218849657171E+021
   6.8058099999999998E-003   1.0678383107417414E+021
   6.7914200000000003E-003   1.0857277866726608E+021
   6.7780200000000001E-003   1.1072167221741421E+021
   6.7582800000000002E-003   1.1322621504186514E+021
   6.7397700000000000E-003   1.1551403627130949E+021
   6.7233400000000004E-003   1.1769340623567963E+021
   6.7069900000000003E-003   1.1989937201383492E+021
   6.6908100000000002E-003   1.2228807609025133E+021
   6.6720700000000004E-003   1.2466342690822716E+021
   6.6564600000000003E-003   1.2687993204900233E+021
   6.6404799999999998E-003   1.2924649325885818E+021
   6.6230799999999999E-003   1.3182954655301724E+021
   6.6045000000000001E-003   1.3481346100001524E+021
   6.5820899999999996E-003   1.3770248761348024E+021
   6.5654900000000002E-003   1.4044332271064310E+021
   6.5455699999999997E-003   1.4346240481242618E+021
   6.5259100000000002E-003   1.4623986342822591E+021
   6.5096099999999999E-003   1.4835862850679926E+021
   6.4989499999999999E-003   1.5065139256656808E+021
   6.4805100000000001E-003   1.5303174145597679E+021
   6.4692100000000004E-003   1.5574294973936191E+021
   6.4468499999999996E-003   1.5889940476423863E+021
   6.4305800000000000E-003   1.6158728470292849E+021
   6.4144800000000002E-003   1.6404689884208966E+021
   6.4013500000000001E-003   1.6626787255409647E+021
   6.3883100000000003E-003   1.6996989227437311E+021
   6.3581000000000002E-003   1.7520521597482104E+021
   6.3284099999999996E-003   1.7907178574358291E+021
   6.3148500000000003E-003   1.8243291471035205E+021
   6.2911900000000003E-003   1.8553180087572216E+021
   6.2810399999999999E-003   1.8872663072611851E+021
   6.2566300000000000E-003   1.9328502292444731E+021
   6.2325499999999999E-003   1.9692965340266444E+021
   6.2186600000000000E-003   1.9959813449259386E+021
   6.2048600000000004E-003   2.0302297546773593E+021
   6.1835299999999996E-003   2.0722854055312260E+021
   6.1624399999999999E-003   2.1078386735492039E+021
   6.1482300000000002E-003   2.1365202091775649E+021
   6.1341199999999999E-003   2.1807745498104608E+021
   6.1050499999999999E-003   2.2411297368048843E+021
   6.0764000000000000E-003   2.2913506556513328E+021
   6.0579700000000002E-003   2.3310371280304863E+021
   6.0397100000000002E-003   2.3632886601193677E+021
   6.0286599999999999E-003   2.3874752155416233E+021
   6.0176600000000002E-003   2.4287815438802228E+021
   5.9914499999999997E-003   2.4995349213714506E+021
   5.9550899999999997E-003   2.5746742238178753E+021
   5.9265600000000000E-003   2.6296224837216486E+021
   5.9086099999999999E-003   2.6787908893548258E+021
   5.8854399999999996E-003   2.7347263116708618E+021
   5.8625200000000004E-003   2.8013814425548195E+021
   5.8313999999999996E-003   2.8800362689504435E+021
   5.8000100000000004E-003   2.9408770771915673E+021
   5.7841200000000002E-003   2.9819105159493819E+021
   5.7683400000000003E-003   3.0449763657812992E+021
   5.7360299999999996E-003   3.1309284833261776E+021
   5.7041599999999998E-003   3.2195363101011880E+021
   5.6712799999999999E-003   3.3107479314202094E+021
   5.6388400000000000E-003   3.4047002391501545E+021
   5.6053900000000000E-003   3.5016305947894177E+021
   5.5723600000000002E-003   3.6013329861216064E+021
   5.5383100000000003E-003   3.7041863720820550E+021
   5.5047000000000004E-003   3.8101880445082062E+021
   5.4700499999999997E-003   3.9193559679310821E+021
   5.4358200000000001E-003   4.0032674304393536E+021
   5.4183199999999999E-003   4.0603119099189726E+021
   5.4009200000000000E-003   4.1479614574759641E+021
   5.3653399999999997E-003   4.2676089475383888E+021
   5.3301800000000003E-003   4.3594971570973715E+021
   5.3122000000000004E-003   4.4220428810197879E+021
   5.2943299999999999E-003   4.5174699862499981E+021
   5.2581499999999996E-003   4.6485833993309462E+021
   5.2216500000000004E-003   4.7838037763932941E+021
   5.1848099999999998E-003   4.9232639428697753E+021
   5.1476300000000003E-003   5.0671201425631908E+021
   5.1101200000000001E-003   5.2155240155501832E+021
   5.0722600000000003E-003   5.3686329921034791E+021
   5.0340400000000000E-003   5.5266135619232218E+021
   4.9954800000000001E-003   5.6896380594893158E+021
   4.9565499999999997E-003   5.8578764885490213E+021
   4.9172499999999997E-003   5.9879806837258495E+021
   4.8973699999999998E-003   6.0761393571364780E+021
   4.8775900000000002E-003   6.1657888958665216E+021
   4.8575199999999997E-003   6.2568053972672342E+021
   4.8375500000000004E-003   6.3758493239502323E+021
   4.8057700000000000E-003   6.5240725768231002E+021
   4.7742100000000001E-003   6.6481052756164204E+021
   4.7536499999999999E-003   6.7469280237537188E+021
   4.7331800000000000E-003   6.8473385090608037E+021
   4.7124200000000002E-003   6.9493873281642466E+021
   4.6917399999999998E-003   7.0530932377954581E+021
   4.6707800000000002E-003   7.1584945031252049E+021
   4.6499000000000002E-003   7.2656168013178413E+021
   4.6287300000000002E-003   7.3744997138758107E+021
   4.6076499999999996E-003   7.4851686822961773E+021
   4.5862699999999999E-003   7.5976688812959277E+021
   4.5649699999999998E-003   7.7120233774448032E+021
   4.5433799999999996E-003   7.8282847497124651E+021
   4.5218699999999999E-003   7.9464817946710686E+021
   4.5000600000000002E-003   8.0666575195862813E+021
   4.4783300000000000E-003   8.1888394583341657E+021
   4.4562999999999998E-003   8.3130936973905646E+021
   4.4343500000000001E-003   8.4394511018278036E+021
   4.4120899999999996E-003   8.5679578097042021E+021
   4.3899100000000003E-003   8.6986613498604012E+021
   4.3674200000000003E-003   8.8315883744110261E+021
   4.3449999999999999E-003   8.9668351146821492E+021
   4.3222800000000004E-003   9.1044286014133843E+021
   4.2996199999999997E-003   9.2444304522591433E+021
   4.2766599999999998E-003   9.3868892525879791E+021
   4.2537599999999997E-003   9.5315860743108438E+021
   4.2306399999999999E-003   9.6791536320841463E+021
   4.2073900000000001E-003   9.8293735623316577E+021
   4.1840200000000001E-003   9.9823154785944454E+021
   4.1605200000000000E-003   1.0138038832127944E+022
   4.1368899999999998E-003   1.0296652473525453E+022
   4.1131300000000004E-003   1.0458198709375129E+022
   4.0892300000000001E-003   1.0622831667563431E+022
   4.0651999999999997E-003   1.0790577547820141E+022
   4.0410300000000001E-003   1.0961543646500297E+022
   4.0167299999999996E-003   1.1135845675317449E+022
   3.9922800000000000E-003   1.1313538166037135E+022
   3.9676800000000003E-003   1.1494713748244390E+022
   3.9429399999999998E-003   1.1679491464110648E+022
   3.9180600000000001E-003   1.1867944604193056E+022
   3.8930200000000001E-003   1.2060157887400219E+022
   3.8678300000000001E-003   1.2256349693602683E+022
   3.8424900000000001E-003   1.2456559454045860E+022
   3.8169900000000001E-003   1.2661040643879081E+022
   3.7913299999999999E-003   1.2870121608997006E+022
   3.7655100000000001E-003   1.3084016445146110E+022
   3.7395300000000000E-003   1.3302489586953626E+022
   3.7133700000000001E-003   1.3525158328705166E+022
   3.6870499999999999E-003   1.3751811078485589E+022
   3.6605499999999998E-003   1.3982505864775254E+022
   3.6338799999999999E-003   1.4217304104215522E+022
   3.6070199999999998E-003   1.4456270828062485E+022
   3.5799800000000000E-003   1.4699473670220687E+022
   3.5527599999999999E-003   1.4946983220297723E+022
   3.5253400000000001E-003   1.5198872617412163E+022
   3.4977300000000001E-003   1.5455217338655793E+022
   3.4699200000000000E-003   1.5716095199750423E+022
   3.4418999999999999E-003   1.5981586460572255E+022
   3.4136800000000001E-003   1.6251773224831041E+022
   3.3852499999999998E-003   1.6526739734279219E+022
   3.3565999999999999E-003   1.6806572851872144E+022
   3.3277300000000001E-003   1.7091360618427212E+022
   3.2986299999999999E-003   1.7381193712838182E+022
   3.2693000000000002E-003   1.7676164628433408E+022
   3.2397300000000001E-003   1.7976367824610590E+022
   3.2099099999999998E-003   1.8281899681387832E+022
   3.1798500000000001E-003   1.8592858707391593E+022
   3.1495300000000002E-003   1.8909345282362788E+022
   3.1189500000000001E-003   1.9231461642887544E+022
   3.0880899999999999E-003   1.9559312456377870E+022
   3.0569600000000001E-003   1.9893003821950481E+022
   3.0255400000000002E-003   2.0232644314448825E+022
   2.9938299999999998E-003   2.0578344130479223E+022
   2.9618100000000001E-003   2.0930215824945022E+022
   2.9294899999999999E-003   2.1288373868732623E+022
   2.8968300000000000E-003   2.1652934840983323E+022
   2.8638499999999998E-003   2.2024017265707186E+022
   2.8305299999999999E-003   2.2401741851385362E+022
   2.7968500000000000E-003   2.2786231473938616E+022
   2.7628000000000002E-003   2.3177610909184288E+022
   2.7283699999999999E-003   2.3576007593582607E+022
   2.6935499999999999E-003   2.3981550165614358E+022
   2.6583200000000000E-003   2.4394370226017863E+022
   2.6226600000000002E-003   2.4814601246568960E+022
   2.5865599999999999E-003   2.5242378802823357E+022
   2.5500100000000001E-003   2.5677841053538245E+022
   2.5129699999999998E-003   2.6121127253317213E+022
   2.4754400000000002E-003   2.6572380035465783E+022
   2.4373799999999998E-003   2.7031743611518247E+022
   2.3987800000000001E-003   2.7499364131747102E+022
   2.3596099999999998E-003   2.7975390059265668E+022
   2.3198400000000001E-003   2.8459940262391746E+022
   2.2794299999999998E-003   2.8953424579295407E+022
   2.2383600000000000E-003   2.9455774140413562E+022
   2.1965999999999999E-003   2.9967144888192391E+022
   2.1540900000000000E-003   3.0487696032403282E+022
   2.1107999999999999E-003   3.1017587434625551E+022
   2.0666700000000001E-003   3.1556920941026916E+022
   2.0216600000000002E-003   3.2106162592769672E+022
   1.9757099999999999E-003   3.2665256112398598E+022
   1.9287400000000000E-003   3.3232606177580345E+022
   1.8810000000000001E-003   3.3812010676568363E+022
   1.8314500000000001E-003   3.4403689092082276E+022
   1.7809600000000001E-003   3.5003930490288998E+022
   1.7290800000000000E-003   3.5534359975182842E+022
   1.6894799999999999E-003   3.6000716995997041E+022
   1.6484000000000000E-003   3.6669209938907841E+022
   1.5710300000000000E-003   3.7346887715901695E+022
   1.5276900000000000E-003   3.7838489383301267E+022
   1.4822600000000000E-003   3.8580245839149263E+022
   1.3881000000000000E-003   3.9420691566777772E+022
   1.3231000000000000E-003   4.0096845243041517E+022
   1.2553000000000000E-003   4.0790784743813895E+022
   1.1804200000000000E-003   4.1519983761230230E+022
   1.1006900000000001E-003   4.2276672721018237E+022
   1.0089000000000001E-003   4.3112286469521641E+022
   8.9943000000000000E-004   4.4175295760387937E+022
   7.0649000000000005E-004   4.5268434060028202E+022
   5.6789000000000004E-004   4.5901464457773773E+022
   4.8420000000000001E-004   4.6294681354382707E+022
   3.8301999999999998E-004   4.6606648795144946E+022
   3.1389999999999999E-004   4.6815135576017127E+022
   2.5074000000000000E-004   4.6930743465020150E+022
   2.0167000000000001E-004   4.7038244802167201E+022
   1.6419000000000001E-004   4.7083642522568275E+022
   1.3645000000000001E-004   4.7125687693461990E+022
   1.1691000000000000E-004   4.7140931178691947E+022
   1.0406000000000000E-004   4.7159933110563826E+022
   8.6879999999999995E-005   4.7175378324998903E+022
   6.8949999999999995E-005   4.7186235872550259E+022
   5.4729999999999999E-005   4.7196008744628116E+022
   4.3439999999999997E-005   4.7200599406690563E+022
   3.4480000000000002E-005   4.7203364415620019E+022
   2.7359999999999999E-005   4.7206368073406113E+022
   2.1719999999999999E-005   4.7207499147827034E+022
   1.7240000000000001E-005   4.7208797422734486E+022
   1.3679999999999999E-005   4.7209982792006675E+022
