   8.8842299999999999E-003   2356303721460932.0     
   8.8842200000000000E-003   2627987080257077.0     
   8.8842200000000000E-003   2861730957524244.5     
   8.8842200000000000E-003   3075378931292104.5     
   8.8842200000000000E-003   3272893948727406.0     
   8.8842200000000000E-003   3457228691320614.5     
   8.8842200000000000E-003   3630416837311673.5     
   8.8842100000000000E-003   3793975710758136.0     
   8.8842100000000000E-003   3949061009445159.5     
   8.8842100000000000E-003   4096626113175309.5     
   8.8842100000000000E-003   4237501618058722.0     
   8.8842100000000000E-003   4372401473409371.5     
   8.8842100000000000E-003   4501962112214050.5     
   8.8842100000000000E-003   4626739143925572.0     
   8.8842100000000000E-003   4747178151522308.0     
   8.8842100000000000E-003   4863638618242654.0     
   8.8842000000000001E-003   4976423687505947.0     
   8.8842000000000001E-003   5085798853931783.0     
   8.8842000000000001E-003   5192001330688362.0     
   8.8842000000000001E-003   5295234517299573.0     
   8.8842000000000001E-003   5420228712026563.0     
   8.8842000000000001E-003   5565076038853555.0     
   8.8842000000000001E-003   5704577435347851.0     
   8.8842000000000001E-003   5839175028871436.0     
   8.8842000000000001E-003   5947967887500647.0     
   8.8842000000000001E-003   6032806120648087.0     
   8.8842000000000001E-003   6115860058594674.0     
   8.8842000000000001E-003   6197217232097736.0     
   8.8841900000000001E-003   6296574005474859.0     
   8.8841900000000001E-003   6412762882006096.0     
   8.8841900000000001E-003   6525742679226251.0     
   8.8841900000000001E-003   6635706666308596.0     
   8.8841900000000001E-003   6725225775187991.0     
   8.8841900000000001E-003   6795428618974631.0     
   8.8841900000000001E-003   6864470171987049.0     
   8.8841900000000001E-003   6932387854780404.0     
   8.8841900000000001E-003   7032114486629784.0     
   8.8841900000000001E-003   7129761906205344.0     
   8.8841900000000001E-003   7193545978798752.0     
   8.8841900000000001E-003   7287333817063313.0     
   8.8841900000000001E-003   7409354987722697.0     
   8.8841900000000001E-003   7527943874208391.0     
   8.8841800000000002E-003   7643296049382419.0     
   8.8841800000000002E-003   7727869219274037.0     
   8.8841800000000002E-003   7783277304529182.0     
   8.8841800000000002E-003   7837969761126209.0     
   8.8841800000000002E-003   7891966298321379.0     
   8.8841800000000002E-003   7971628549873001.0     
   8.8841800000000002E-003   8075666679369035.0     
   8.8841800000000002E-003   8177229196474926.0     
   8.8841800000000002E-003   8276438079836404.0     
   8.8841800000000002E-003   8389300185912522.0     
   8.8841800000000002E-003   8514840046733936.0     
   8.8841800000000002E-003   8636857599633431.0     
   8.8841700000000003E-003   8755572465953425.0     
   8.8841700000000003E-003   8871184176003275.0     
   8.8841700000000003E-003   8983876327376479.0     
   8.8841700000000003E-003   9093819871722742.0     
   8.8841700000000003E-003   9201162673535210.0     
   8.8841700000000003E-003   9318934071073572.0     
   8.8841700000000003E-003   9446392767375614.0     
   8.8841700000000003E-003   9570417054443362.0     
   8.8841700000000003E-003   9661372948755622.0     
   8.8841700000000003E-003   9720977344498268.0     
   8.8841700000000003E-003   9808885967935874.0     
   8.8841600000000003E-003   9923640922803782.0     
   8.8841600000000003E-003   10035610548192036.     
   8.8841600000000003E-003   10144927415814626.     
   8.8841600000000003E-003   10251722030731770.     
   8.8841600000000003E-003   10356118002004366.     
   8.8841600000000003E-003   10458232377234292.     
   8.8841600000000003E-003   10558173323306640.     
   8.8841600000000003E-003   10656051625887340.     
   8.8841600000000003E-003   10751968180452678.     
   8.8841500000000004E-003   10892224739877508.     
   8.8841500000000004E-003   11051227125593836.     
   8.8841500000000004E-003   11183543552134632.     
   8.8841500000000004E-003   11312517833825676.     
   8.8841500000000004E-003   11407255512478820.     
   8.8841500000000004E-003   11469427697605238.     
   8.8841500000000004E-003   11561257089409928.     
   8.8841500000000004E-003   11681336792050388.     
   8.8841400000000004E-003   11856236874855538.     
   8.8841400000000004E-003   12025954898043536.     
   8.8841400000000004E-003   12135997236348730.     
   8.8841400000000004E-003   12243782367350030.     
   8.8841400000000004E-003   12349398159451000.     
   8.8841400000000004E-003   12452925865370576.     
   8.8841400000000004E-003   12554443996183796.     
   8.8841300000000005E-003   12654026207257360.     
   8.8841300000000005E-003   12751741039922524.     
   8.8841300000000005E-003   12863430968489050.     
   8.8841300000000005E-003   12988248715397300.     
   8.8841300000000005E-003   13169774617005542.     
   8.8841300000000005E-003   13345671674560584.     
   8.8841200000000006E-003   13459658327760990.     
   8.8841200000000006E-003   13571306702218496.     
   8.8841200000000006E-003   13680735359746698.     
   8.8841200000000006E-003   13801300235300260.     
   8.8841200000000006E-003   13932344608744590.     
   8.8841200000000006E-003   14060457868673386.     
   8.8841200000000006E-003   14185834487061902.     
   8.8841100000000006E-003   14308661698609816.     
   8.8841100000000006E-003   14429119412787824.     
   8.8841100000000006E-003   14605537891636390.     
   8.8841100000000006E-003   14789140536572860.     
   8.8841100000000006E-003   14923731615277938.     
   8.8841000000000007E-003   15055941058701058.     
   8.8841000000000007E-003   15185923499801666.     
   8.8841000000000007E-003   15313830472995086.     
   8.8841000000000007E-003   15439809488287878.     
   8.8841000000000007E-003   15564005977852480.     
   8.8840900000000007E-003   15686552660460566.     
   8.8840900000000007E-003   15807580503366904.     
   8.8840900000000007E-003   15927207392789826.     
   8.8840900000000007E-003   16045542643544830.     
   8.8840900000000007E-003   16162689640715732.     
   8.8840900000000007E-003   16336184549868462.     
   8.8840800000000008E-003   16564540238150552.     
   8.8840800000000008E-003   16789714414635484.     
   8.8840800000000008E-003   17012205566181680.     
   8.8840700000000009E-003   17232393951182616.     
   8.8840700000000009E-003   17450569792480974.     
   8.8840700000000009E-003   17666945934458736.     
   8.8840599999999992E-003   17881673047378850.     
   8.8840599999999992E-003   18094849585398424.     
   8.8840599999999992E-003   18306544474413652.     
   8.8840499999999992E-003   18516807414869016.     
   8.8840499999999992E-003   18725665589362860.     
   8.8840499999999992E-003   18933127033103328.     
   8.8840499999999992E-003   19139127953127756.     
   8.8840399999999993E-003   19343573160908572.     
   8.8840399999999993E-003   19546389121605404.     
   8.8840399999999993E-003   19847133068778780.     
   8.8840299999999994E-003   20242354160837608.     
   8.8840299999999994E-003   20534212968921436.     
   8.8840299999999994E-003   20726307848047056.     
   8.8840199999999994E-003   20916489624846112.     
   8.8840199999999994E-003   21104724683823996.     
   8.8840199999999994E-003   21352537111837292.     
   8.8840099999999995E-003   21657329345475404.     
   8.8840099999999995E-003   21956370530794076.     
   8.8840099999999995E-003   22176846408045856.     
   8.8840099999999995E-003   22321961529834988.     
   8.8839999999999995E-003   22536827802719832.     
   8.8839999999999995E-003   22818116659301716.     
   8.8839999999999995E-003   23093431321623348.     
   8.8839899999999996E-003   23362776807474996.     
   8.8839899999999996E-003   23626157466761824.     
   8.8839899999999996E-003   23883639357609940.     
   8.8839799999999997E-003   24259410643597528.     
   8.8839799999999997E-003   24623181604627352.     
   8.8839699999999997E-003   24859655162052544.     
   8.8839699999999997E-003   25091641978776456.     
   8.8839699999999997E-003   25319485630772424.     
   8.8839599999999998E-003   25654138331590224.     
   8.8839599999999998E-003   26089327665587348.     
   8.8839499999999998E-003   26513623613919736.     
   8.8839499999999998E-003   26928772725713612.     
   8.8839399999999999E-003   27285778184989836.     
   8.8839399999999999E-003   27587348681683976.     
   8.8839300000000000E-003   27885366781242716.     
   8.8839300000000000E-003   28180103940619044.     
   8.8839200000000000E-003   28615736397305536.     
   8.8839100000000001E-003   29046287000975168.     
   8.8839100000000001E-003   29329369654404544.     
   8.8839100000000001E-003   29609716306864572.     
   8.8839000000000001E-003   29887368569731056.     
   8.8839000000000001E-003   30298400437699772.     
   8.8838900000000002E-003   30837872558112116.     
   8.8838800000000002E-003   31367108090095304.     
   8.8838800000000002E-003   31886429238143012.     
   8.8838700000000003E-003   32396184267574956.     
   8.8838600000000004E-003   32896724681579500.     
   8.8838600000000004E-003   33388340996065588.     
   8.8838500000000004E-003   33871266498830416.     
   8.8838400000000005E-003   34345730306813212.     
   8.8838400000000005E-003   34811958317320740.     
   8.8838300000000005E-003   35270170475096772.     
   8.8838200000000006E-003   35794856089469208.     
   8.8838200000000006E-003   36381913906484072.     
   8.8838100000000007E-003   36955854230224616.     
   8.8838000000000007E-003   37516986896574304.     
   8.8837900000000008E-003   38065559999512520.     
   8.8837900000000008E-003   38468829782001088.     
   8.8837800000000008E-003   38733869449110248.     
   8.8837800000000008E-003   39125780194594664.     
   8.8837699999999992E-003   39637674635337464.     
   8.8837599999999992E-003   40137633127544840.     
   8.8837599999999992E-003   40625805975188096.     
   8.8837499999999993E-003   41219912734042992.     
   8.8837399999999993E-003   41909710601663048.     
   8.8837299999999994E-003   42411439479929440.     
   8.8837299999999994E-003   42901388066762384.     
   8.8837199999999995E-003   43379959885721776.     
   8.8837099999999995E-003   43745248788617264.     
   8.8836999999999996E-003   44155867257139864.     
   8.8836999999999996E-003   44559827781875136.     
   8.8836899999999996E-003   44957780371155472.     
   8.8836899999999996E-003   45544457734721776.     
   8.8836699999999998E-003   46121196348325240.     
   8.8836699999999998E-003   46500131094739240.     
   8.8836599999999998E-003   46968269801306128.     
   8.8836499999999999E-003   47523273534549560.     
   8.8836499999999999E-003   48341736858066456.     
   8.8836300000000000E-003   49148158457739112.     
   8.8836200000000001E-003   49677170242178296.     
   8.8836100000000001E-003   50199758203329128.     
   8.8836000000000002E-003   50715481907386344.     
   8.8836000000000002E-003   51474462315461104.     
   8.8835800000000003E-003   52459672436114160.     
   8.8835700000000004E-003   53255849238041064.     
   8.8835600000000004E-003   53876025182940728.     
   8.8835500000000005E-003   54556299946933512.     
   8.8835400000000005E-003   55291224600625304.     
   8.8835200000000007E-003   56004852777043664.     
   8.8835100000000007E-003   56698286954874368.     
   8.8835000000000008E-003   57537539775740280.     
   8.8834799999999992E-003   58268882180060256.     
   8.8834799999999992E-003   58743863536624752.     
   8.8834699999999992E-003   59209625865457520.     
   8.8834599999999993E-003   59666671344077720.     
   8.8834499999999993E-003   60336546712145184.     
   8.8834399999999994E-003   61204208895280400.     
   8.8834199999999995E-003   62045701764699072.     
   8.8834099999999996E-003   62864940307282936.     
   8.8833899999999997E-003   63665678304698848.     
   8.8833799999999997E-003   64579884656149448.     
   8.8833599999999999E-003   65603528988784552.     
   8.8833400000000000E-003   66483803734225648.     
   8.8833200000000001E-003   67227728605381104.     
   8.8833100000000002E-003   67962981109653288.     
   8.8833000000000002E-003   68690148181850304.     
   8.8832800000000003E-003   69528621363224664.     
   8.8832700000000004E-003   70475869099213824.     
   8.8832500000000005E-003   71411297902668688.     
   8.8832300000000006E-003   72335244300804848.     
   8.8832100000000008E-003   73248056794712848.     
   8.8832000000000008E-003   74150071514748512.     
   8.8831799999999992E-003   75041514641106560.     
   8.8831699999999993E-003   75922548821492352.     
   8.8831499999999994E-003   76793291764354688.     
   8.8831299999999995E-003   77653843982877232.     
   8.8831199999999996E-003   78714867524748016.     
   8.8830999999999997E-003   79968868952467728.     
   8.8830699999999999E-003   80998312159505664.     
   8.8830599999999999E-003   81811277712278640.     
   8.8830500000000000E-003   82615435647757280.     
   8.8830300000000001E-003   83411036469265136.     
   8.8830200000000002E-003   84587998259146400.     
   8.8829900000000003E-003   86130718933094656.     
   8.8829600000000005E-003   87268524552415680.     
   8.8829500000000006E-003   88017376638353680.     
   8.8829400000000006E-003   88943037448500176.     
   8.8829200000000007E-003   90039618016977920.     
   8.8829000000000009E-003   91120866448600752.     
   8.8828799999999992E-003   92187363981501888.     
   8.8828599999999994E-003   93413480866164960.     
   8.8828399999999995E-003   94792711073517568.     
   8.8828099999999997E-003   95812699006923264.     
   8.8827999999999997E-003   96485550687706480.     
   8.8827899999999998E-003   97484509451185824.     
   8.8827600000000000E-003   98799566689316576.     
   8.8827400000000001E-003   1.0009549207194674E+017
   8.8827200000000002E-003   1.0137318707887163E+017
   8.8827000000000003E-003   1.0263340886143534E+017
   8.8826800000000004E-003   1.0387680682634038E+017
   8.8826500000000006E-003   1.0570987336160210E+017
   8.8826100000000009E-003   1.0751158400026688E+017
   8.8825899999999992E-003   1.0869309082517139E+017
   8.8825699999999994E-003   1.0986030855205211E+017
   8.8825499999999995E-003   1.1101372693635685E+017
   8.8825299999999996E-003   1.1243620274919038E+017
   8.8824999999999998E-003   1.1411724848996232E+017
   8.8824699999999999E-003   1.1549700580087274E+017
   8.8824500000000001E-003   1.1658661994873872E+017
   8.8824300000000002E-003   1.1793129122890675E+017
   8.8824100000000003E-003   1.1952093161501226E+017
   8.8823800000000005E-003   1.2108473110510846E+017
   8.8823500000000007E-003   1.2262355570995862E+017
   8.8823300000000008E-003   1.2413830294062570E+017
   8.8822999999999992E-003   1.2562980930540734E+017
   8.8822699999999994E-003   1.2709888270735325E+017
   8.8822499999999995E-003   1.2854629068395174E+017
   8.8822199999999997E-003   1.2997278535551021E+017
   8.8821999999999998E-003   1.3137911333498610E+017
   8.8821700000000000E-003   1.3299523901601152E+017
   8.8821400000000002E-003   1.3481209729776882E+017
   8.8821100000000004E-003   1.3615515703049525E+017
   8.8821000000000004E-003   1.3704119760998381E+017
   8.8820800000000005E-003   1.3855055858810491E+017
   8.8820400000000008E-003   1.4066143644376045E+017
   8.8820099999999992E-003   1.4231583886225014E+017
   8.8819799999999994E-003   1.4353070716503366E+017
   8.8819599999999995E-003   1.4503341183028045E+017
   8.8819299999999997E-003   1.4681647116380563E+017
   8.8818999999999999E-003   1.4857784703977622E+017
   8.8818700000000000E-003   1.5031850948821632E+017
   8.8818400000000002E-003   1.5232324791883776E+017
   8.8818000000000005E-003   1.5458432557358166E+017
   8.8817600000000007E-003   1.5626123091499888E+017
   8.8817400000000008E-003   1.5736888181374531E+017
   8.8817199999999992E-003   1.5901545168647830E+017
   8.8816899999999994E-003   1.6118806695929600E+017
   8.8816499999999996E-003   1.6333313991747328E+017
   8.8816099999999999E-003   1.6545144554528045E+017
   8.8815800000000000E-003   1.6754382608193242E+017
   8.8815400000000003E-003   1.6961115420092160E+017
   8.8815100000000004E-003   1.7165426466723821E+017
   8.8814700000000007E-003   1.7367383316675814E+017
   8.8814400000000009E-003   1.7567043734703235E+017
   8.8814099999999993E-003   1.7764463097031526E+017
   8.8813699999999995E-003   1.8008066130995315E+017
   8.8813299999999998E-003   1.8296141604394262E+017
   8.8812800000000001E-003   1.8532764443790186E+017
   8.8812500000000003E-003   1.8719763690536154E+017
   8.8812200000000004E-003   1.8904837200517648E+017
   8.8811900000000006E-003   1.9088039806850950E+017
   8.8811600000000008E-003   1.9314429790361334E+017
   8.8811099999999994E-003   1.9582577408925587E+017
   8.8810699999999996E-003   1.9846934850032144E+017
   8.8810199999999999E-003   2.0107631159741693E+017
   8.8809800000000001E-003   2.0364787513821024E+017
   8.8809400000000004E-003   2.0618517877928890E+017
   8.8809000000000006E-003   2.0827473536323766E+017
   8.8808700000000008E-003   2.0992991358377046E+017
   8.8808399999999992E-003   2.1238562555705245E+017
   8.8807899999999995E-003   2.1561469444898960E+017
   8.8807399999999998E-003   2.1839877425917549E+017
   8.8807000000000001E-003   2.2075475846136797E+017
   8.8806600000000003E-003   2.2308416232381075E+017
   8.8806200000000005E-003   2.2538786641102083E+017
   8.8805900000000007E-003   2.2804363610766288E+017
   8.8805399999999993E-003   2.3103950173341741E+017
   8.8804899999999996E-003   2.3399446744517155E+017
   8.8804399999999999E-003   2.3691014399649187E+017
   8.8803900000000002E-003   2.3978807630180765E+017
   8.8803500000000004E-003   2.4262971493039488E+017
   8.8803000000000007E-003   2.4543642468716982E+017
   8.8802599999999992E-003   2.4820948954306835E+017
   8.8802099999999995E-003   2.5095012189378387E+017
   8.8801699999999997E-003   2.5365939687800051E+017
   8.8801300000000000E-003   2.5633831518496099E+017
   8.8800800000000003E-003   2.5898782331891846E+017
   8.8800400000000005E-003   2.6225877737393654E+017
   8.8799800000000009E-003   2.6612859337000714E+017
   8.8799199999999995E-003   2.6930908771555341E+017
   8.8798799999999997E-003   2.7182427703219667E+017
   8.8798400000000000E-003   2.7431491660122480E+017
   8.8798000000000002E-003   2.7678169339949616E+017
   8.8797600000000004E-003   2.8043670548210688E+017
   8.8796799999999992E-003   2.8523508614301936E+017
   8.8796099999999996E-003   2.8878023240994797E+017
   8.8795699999999998E-003   2.9111727432227072E+017
   8.8795300000000001E-003   2.9458477159370144E+017
   8.8794600000000005E-003   2.9914530157947341E+017
   8.8793899999999992E-003   3.0252066286082989E+017
   8.8793499999999994E-003   3.0474847519695200E+017
   8.8793199999999996E-003   3.0805769312721210E+017
   8.8792500000000000E-003   3.1241659618238029E+017
   8.8791800000000004E-003   3.1671488912823302E+017
   8.8791200000000008E-003   3.2095550876439226E+017
   8.8790499999999994E-003   3.2535152672068269E+017
   8.8789799999999999E-003   3.3112518484714970E+017
   8.8788700000000005E-003   3.3700952172415462E+017
   8.8787999999999992E-003   3.4061263469368352E+017
   8.8787599999999994E-003   3.4417470600377568E+017
   8.8786899999999998E-003   3.4886941583783878E+017
   8.8786100000000003E-003   3.5350128700363270E+017
   8.8785400000000007E-003   3.5807257750798317E+017
   8.8784699999999994E-003   3.6370247836455098E+017
   8.8783700000000000E-003   3.7034508604520960E+017
   8.8782700000000006E-003   3.7793988466394490E+017
   8.8781399999999996E-003   3.8643289404219789E+017
   8.8780100000000004E-003   3.9268186957140902E+017
   8.8779500000000008E-003   3.9678903939025542E+017
   8.8778899999999994E-003   4.0085317271699066E+017
   8.8778299999999997E-003   4.0487574752418029E+017
   8.8777700000000001E-003   4.0935251947690387E+017
   8.8776900000000006E-003   4.1427028656013280E+017
   8.8776199999999993E-003   4.1913034260807168E+017
   8.8775499999999997E-003   4.2393508331435853E+017
   8.8774700000000002E-003   4.3009937919002042E+017
   8.8773600000000008E-003   4.3757278270927981E+017
   8.8772499999999997E-003   4.4583230845927878E+017
   8.8771200000000005E-003   4.5484176645746458E+017
   8.8769799999999996E-003   4.6462583406970938E+017
   8.8768300000000005E-003   4.7514215886218278E+017
   8.8766799999999996E-003   4.8288651256544403E+017
   8.8766000000000001E-003   4.8797815241483642E+017
   8.8765300000000005E-003   4.9634104293120544E+017
   8.8763599999999998E-003   5.0782585991216000E+017
   8.8761900000000008E-003   5.1826149854158630E+017
   8.8760499999999999E-003   5.2536501194027302E+017
   8.8759900000000003E-003   5.3004426497639130E+017
   8.8759200000000007E-003   5.3545032427353024E+017
   8.8758299999999995E-003   5.4156372954720877E+017
   8.8757400000000000E-003   5.5060101571404128E+017
   8.8755699999999993E-003   5.6243627761287200E+017
   8.8754000000000003E-003   5.7403216029635731E+017
   8.8752399999999995E-003   5.8258766781878182E+017
   8.8751600000000000E-003   5.8822130729041344E+017
   8.8750800000000005E-003   5.9518993939474893E+017
   8.8749599999999994E-003   6.0345417906031462E+017
   8.8748500000000001E-003   6.1430227451730035E+017
   8.8746599999999995E-003   6.2761781824213670E+017
   8.8744700000000006E-003   6.4006550926662272E+017
   8.8743099999999998E-003   6.5168786924307264E+017
   8.8741500000000008E-003   6.6319314149648422E+017
   8.8739900000000000E-003   6.7458532896678605E+017
   8.8738399999999992E-003   6.8763234355779494E+017
   8.8736300000000004E-003   7.0225137394567680E+017
   8.8734299999999999E-003   7.1657408131518835E+017
   8.8732399999999993E-003   7.3062030878070630E+017
   8.8730500000000004E-003   7.4440901943804467E+017
   8.8728599999999998E-003   7.5795725723398221E+017
   8.8726800000000008E-003   7.6880299851120512E+017
   8.8725699999999998E-003   7.7704467910150157E+017
   8.8724600000000004E-003   7.8520422619393421E+017
   8.8723499999999993E-003   7.9328400706622131E+017
   8.8722400000000000E-003   8.0525111612851443E+017
   8.8720299999999995E-003   8.2095938410663654E+017
   8.8718200000000007E-003   8.3791000859094746E+017
   8.8715800000000004E-003   8.5603970178410394E+017
   8.8713400000000001E-003   8.7300835836984166E+017
   8.8711299999999996E-003   8.8887563246241382E+017
   8.8709199999999992E-003   9.0647608821069325E+017
   8.8706700000000006E-003   9.2578773445777907E+017
   8.8704200000000004E-003   9.4484065846217690E+017
   8.8701800000000001E-003   9.6364647600886477E+017
   8.8699499999999997E-003   9.7766124667726579E+017
   8.8698300000000004E-003   9.9161374961265715E+017
   8.8696000000000001E-003   1.0054694470556180E+018
   8.8694800000000008E-003   1.0164945627517504E+018
   8.8693299999999999E-003   1.0293027546192890E+018
   8.8691699999999991E-003   1.0420085017102920E+018
   8.8690200000000000E-003   1.0546148484012945E+018
   8.8688599999999992E-003   1.0715549784954324E+018
   8.8686100000000007E-003   1.0927267440190077E+018
   8.8683600000000005E-003   1.1138217135026118E+018
   8.8681100000000002E-003   1.1348445288976435E+018
   8.8678600000000000E-003   1.1590397599217411E+018
   8.8675500000000001E-003   1.1863048258859535E+018
   8.8672400000000002E-003   1.2065643557617096E+018
   8.8670799999999994E-003   1.2200143031987781E+018
   8.8669300000000003E-003   1.2401080641374139E+018
   8.8666300000000003E-003   1.2666709013464435E+018
   8.8663300000000004E-003   1.2929293111434926E+018
   8.8660500000000003E-003   1.3188982054954834E+018
   8.8657600000000003E-003   1.3479183119670892E+018
   8.8654100000000007E-003   1.3798846119555174E+018
   8.8650699999999992E-003   1.4115375171237194E+018
   8.8647399999999994E-003   1.4428956982894172E+018
   8.8644099999999997E-003   1.4739198495595620E+018
   8.8640799999999999E-003   1.5046276844116273E+018
   8.8637700000000000E-003   1.5290742602878717E+018
   8.8635799999999994E-003   1.5474356130653292E+018
   8.8633900000000005E-003   1.5656547933634140E+018
   8.8632099999999998E-003   1.5837356869220884E+018
   8.8630199999999992E-003   1.6108021461297495E+018
   8.8626599999999996E-003   1.6465964027459072E+018
   8.8623000000000000E-003   1.6850787413830490E+018
   8.8618900000000007E-003   1.7261499800134892E+018
   8.8614899999999996E-003   1.7668985588960461E+018
   8.8611000000000002E-003   1.8073441022117734E+018
   8.8607100000000008E-003   1.8388683698586711E+018
   8.8604900000000004E-003   1.8617465471781676E+018
   8.8602799999999999E-003   1.8845422984100979E+018
   8.8600599999999995E-003   1.9072583963132104E+018
   8.8598500000000007E-003   1.9355468921702756E+018
   8.8595299999999991E-003   1.9692641178310559E+018
   8.8592199999999992E-003   2.0086132471324997E+018
   8.8588000000000000E-003   2.0534025506597504E+018
   8.8583900000000007E-003   2.0978544545907341E+018
   8.8579899999999996E-003   2.1419909494424993E+018
   8.8575900000000003E-003   2.1748178607238387E+018
   8.8573999999999996E-003   2.1966445336880589E+018
   8.8572000000000008E-003   2.2213350400438822E+018
   8.8569600000000005E-003   2.2488339987468582E+018
   8.8567200000000002E-003   2.2899044946772088E+018
   8.8562399999999996E-003   2.3441209446126659E+018
   8.8557700000000007E-003   2.3843927216609219E+018
   8.8555400000000003E-003   2.4111447471824819E+018
   8.8553099999999999E-003   2.4407552910127683E+018
   8.8550299999999998E-003   2.4731638297201280E+018
   8.8547499999999998E-003   2.5053004853507159E+018
   8.8544799999999996E-003   2.5371735119914312E+018
   8.8542199999999995E-003   2.5692656710105226E+018
   8.8539399999999994E-003   2.6015741418124401E+018
   8.8536699999999992E-003   2.6499234176606387E+018
   8.8531400000000007E-003   2.7138031523806454E+018
   8.8526200000000003E-003   2.7612947959370450E+018
   8.8523600000000001E-003   2.7929047410053760E+018
   8.8521099999999998E-003   2.8274725511098143E+018
   8.8517999999999999E-003   2.8649349816253445E+018
   8.8515000000000000E-003   2.9020867858021402E+018
   8.8512100000000000E-003   2.9577944516016251E+018
   8.8506200000000000E-003   3.0134336214135501E+018
   8.8503200000000001E-003   3.0505179027033595E+018
   8.8500300000000000E-003   3.0873133205803069E+018
   8.8497500000000000E-003   3.1376427233580698E+018
   8.8492499999999995E-003   3.2011196449350825E+018
   8.8487600000000007E-003   3.2648295746328561E+018
   8.8482700000000001E-003   3.3287744993052247E+018
   8.8477899999999995E-003   3.3899782491367444E+018
   8.8473400000000004E-003   3.4483647999565645E+018
   8.8469099999999995E-003   3.4955116659834061E+018
   8.8466299999999994E-003   3.5318482189857106E+018
   8.8463499999999994E-003   3.5890013203613092E+018
   8.8457599999999994E-003   3.6656721084228291E+018
   8.8451699999999994E-003   3.7251652108389443E+018
   8.8448399999999996E-003   3.7685824703807109E+018
   8.8444999999999999E-003   3.8318716116932439E+018
   8.8438700000000002E-003   3.9147977582895201E+018
   8.8432400000000005E-003   4.0038563728560077E+018
   8.8425399999999994E-003   4.0994492558162427E+018
   8.8418500000000001E-003   4.1749869289188096E+018
   8.8414600000000006E-003   4.2301843189252521E+018
   8.8410699999999995E-003   4.2855031353595039E+018
   8.8406800000000001E-003   4.3408891719030093E+018
   8.8403000000000006E-003   4.4171401314861363E+018
   8.8396299999999994E-003   4.5136196257404114E+018
   8.8389699999999998E-003   4.5981051234173087E+018
   8.8384699999999993E-003   4.6710011414719519E+018
   8.8379800000000005E-003   4.7383952597902244E+018
   8.8375599999999995E-003   4.8312374511409797E+018
   8.8367399999999992E-003   4.9592602679218452E+018
   8.8358599999999992E-003   5.0583491528269947E+018
   8.8354300000000000E-003   5.1237201295039119E+018
   8.8350100000000008E-003   5.2210421659221391E+018
   8.8341700000000006E-003   5.3492649173165251E+018
   8.8333500000000002E-003   5.4721020964646574E+018
   8.8325999999999995E-003   5.5732535388445532E+018
   8.8320599999999992E-003   5.6568648841520732E+018
   8.8315400000000006E-003   5.7785283151953910E+018
   8.8305399999999996E-003   5.9368352987341036E+018
   8.8295700000000001E-003   6.0970833718187602E+018
   8.8285700000000009E-003   6.2592137902752748E+018
   8.8275999999999997E-003   6.4036005462949028E+018
   8.8268300000000008E-003   6.5309811267945820E+018
   8.8260700000000001E-003   6.6866983233488630E+018
   8.8249799999999996E-003   6.8242156721149624E+018
   8.8244499999999993E-003   6.9149087678766029E+018
   8.8239200000000007E-003   7.0412665434959391E+018
   8.8229799999999994E-003   7.2021568806325801E+018
   8.8220599999999996E-003   7.3271022650702520E+018
   8.8215399999999992E-003   7.4172144152800082E+018
   8.8210300000000005E-003   7.5316930701570109E+018
   8.8202400000000000E-003   7.6698727178398341E+018
   8.8194699999999994E-003   7.8452230291542497E+018
   8.8182799999999995E-003   8.0082343161199688E+018
   8.8176499999999998E-003   8.1383698092079903E+018
   8.8168499999999993E-003   8.2839057200717148E+018
   8.8160500000000006E-003   8.4620306048252140E+018
   8.8149100000000005E-003   8.6194696867373455E+018
   8.8143400000000004E-003   8.7234094261850112E+018
   8.8137900000000002E-003   8.8842134857830441E+018
   8.8126300000000001E-003   9.0463944205665352E+018
   8.8120600000000000E-003   9.1534701847690516E+018
   8.8114999999999999E-003   9.2703449503086428E+018
   8.8108300000000004E-003   9.3967816280811991E+018
   8.8101700000000008E-003   9.5578231143262802E+018
   8.8091500000000000E-003   9.7522937574624440E+018
   8.8081500000000007E-003   9.9150839036500767E+018
   8.8074699999999995E-003   1.0047234958508677E+019
   8.8068000000000000E-003   1.0179355620917981E+019
   8.8061200000000006E-003   1.0384248563599837E+019
   8.8047200000000003E-003   1.0657867814325121E+019
   8.8033599999999997E-003   1.0936330923838155E+019
   8.8019399999999994E-003   1.1148971852850434E+019
   8.8012400000000001E-003   1.1289079494933019E+019
   8.8005500000000007E-003   1.1506844578355698E+019
   8.7991000000000007E-003   1.1798648493664295E+019
   8.7976800000000004E-003   1.2094814448509807E+019
   8.7962000000000005E-003   1.2320530799751043E+019
   8.7954699999999997E-003   1.2468746452332083E+019
   8.7947600000000004E-003   1.2620618939742693E+019
   8.7939999999999997E-003   1.2775789177941346E+019
   8.7932500000000007E-003   1.2928992763283773E+019
   8.7925000000000000E-003   1.3080167058742411E+019
   8.7917700000000008E-003   1.3234806439606944E+019
   8.7910000000000002E-003   1.3392478795969745E+019
   8.7902299999999996E-003   1.3624487093461520E+019
   8.7887299999999998E-003   1.3856120592185967E+019
   8.7879399999999993E-003   1.4014731705128188E+019
   8.7871500000000005E-003   1.4170524183786279E+019
   8.7863799999999999E-003   1.4323484676271497E+019
   8.7856199999999992E-003   1.4479959556629381E+019
   8.7848100000000005E-003   1.4637976162701615E+019
   8.7840100000000001E-003   1.4792604962413621E+019
   8.7832299999999995E-003   1.4944108260485030E+019
   8.7824500000000007E-003   1.5097857285389816E+019
   8.7816200000000004E-003   1.5253316378923856E+019
   8.7808100000000000E-003   1.5405062987570217E+019
   8.7800099999999996E-003   1.5553450910552476E+019
   8.7792100000000008E-003   1.5703680720946649E+019
   8.7783700000000006E-003   1.5855300667164320E+019
   8.7775400000000003E-003   1.6002931271291734E+019
   8.7767200000000000E-003   1.6147204766959972E+019
   8.7759099999999996E-003   1.6293022913816181E+019
   8.7750499999999995E-003   1.6440299417512864E+019
   8.7742099999999993E-003   1.6583638041826689E+019
   8.7733700000000008E-003   1.6724085694800751E+019
   8.7725400000000005E-003   1.6866300208595907E+019
   8.7716700000000005E-003   1.7010360443601998E+019
   8.7708100000000004E-003   1.7150967567927491E+019
   8.7699500000000003E-003   1.7289232082316354E+019
   8.7691100000000001E-003   1.7429748546197309E+019
   8.7682200000000002E-003   1.7572640040693250E+019
   8.7673400000000002E-003   1.7712700427933053E+019
   8.7664700000000002E-003   1.7850968393480038E+019
   8.7656100000000001E-003   1.7992373014860761E+019
   8.7647000000000003E-003   1.8135900274842053E+019
   8.7638100000000003E-003   1.8275067050520207E+019
   8.7629200000000004E-003   1.8417217717109082E+019
   8.7620500000000004E-003   1.8643408144888734E+019
   8.7602099999999992E-003   1.8940047159465599E+019
   8.7584199999999994E-003   1.9159810398274548E+019
   8.7574799999999998E-003   1.9312317793143173E+019
   8.7565500000000001E-003   1.9462840657036022E+019
   8.7556300000000004E-003   1.9617126345676653E+019
   8.7547200000000006E-003   1.9865326052401979E+019
   8.7528199999999997E-003   2.0189574602709058E+019
   8.7509600000000003E-003   2.0428909238994928E+019
   8.7499799999999992E-003   2.0596422416756920E+019
   8.7490199999999997E-003   2.0848517961460048E+019
   8.7471300000000005E-003   2.1191894413570937E+019
   8.7451500000000001E-003   2.1450336398411985E+019
   8.7441900000000006E-003   2.1626222394434834E+019
   8.7432299999999994E-003   2.1909860250988761E+019
   8.7412199999999992E-003   2.2278475382120202E+019
   8.7392600000000004E-003   2.2644248598692717E+019
   8.7372200000000004E-003   2.2923735197861999E+019
   8.7362099999999995E-003   2.3109676881320927E+019
   8.7352200000000001E-003   2.3404424035259175E+019
   8.7331400000000003E-003   2.3796876688545386E+019
   8.7311100000000003E-003   2.4197403471594611E+019
   8.7289900000000007E-003   2.4605527015215235E+019
   8.7269200000000009E-003   2.4908330240305209E+019
   8.7258300000000004E-003   2.5118697335915004E+019
   8.7247599999999998E-003   2.5443704557808796E+019
   8.7225800000000006E-003   2.5871063382794334E+019
   8.7204599999999993E-003   2.6298472115876053E+019
   8.7183099999999999E-003   2.6741940418149319E+019
   8.7160699999999994E-003   2.7193812278924452E+019
   8.7138800000000002E-003   2.7528385230647460E+019
   8.7127400000000001E-003   2.7883680491150393E+019
   8.7104799999999996E-003   2.8288486509778391E+019
   8.7087899999999992E-003   2.8644193659485606E+019
   8.7070499999999992E-003   2.9065051469127148E+019
   8.7047800000000005E-003   2.9553448944937378E+019
   8.7024100000000007E-003   2.9980827235880391E+019
   8.7006700000000006E-003   3.0349185514811933E+019
   8.6988800000000008E-003   3.0734389564107141E+019
   8.6970799999999994E-003   3.1113471858904191E+019
   8.6953199999999994E-003   3.1480754293447774E+019
   8.6936099999999992E-003   3.1836258098960339E+019
   8.6919300000000005E-003   3.2152233656463479E+019
   8.6905600000000000E-003   3.2436369937249145E+019
   8.6891999999999994E-003   3.2740954676126646E+019
   8.6876499999999999E-003   3.3058222536177525E+019
   8.6861200000000003E-003   3.3373283907067687E+019
   8.6845299999999993E-003   3.3694786494586970E+019
   8.6829600000000000E-003   3.4091581774483718E+019
   8.6807199999999994E-003   3.4527333395577938E+019
   8.6785300000000003E-003   3.4875468067655139E+019
   8.6769299999999994E-003   3.5173715060314743E+019
   8.6753700000000000E-003   3.5548965903478034E+019
   8.6730599999999998E-003   3.5957554658719879E+019
   8.6708099999999993E-003   3.6282649435557040E+019
   8.6691500000000005E-003   3.6553842343075541E+019
   8.6675199999999997E-003   3.6814758375374000E+019
   8.6658700000000009E-003   3.7070471303061684E+019
   8.6642600000000000E-003   3.7379975736693694E+019
   8.6619200000000000E-003   3.7709336611971211E+019
   8.6596399999999997E-003   3.7988728324483056E+019
   8.6575999999999997E-003   3.8239189098320003E+019
   8.6556099999999993E-003   3.8472578215746560E+019
   8.6535799999999993E-003   3.8695528240910017E+019
   8.6515900000000007E-003   3.8923813190185992E+019
   8.6492099999999992E-003   3.9151341597425680E+019
   8.6469100000000007E-003   3.9360843940020421E+019
   8.6445299999999992E-003   3.9549172813079495E+019
   8.6422300000000007E-003   3.9684492117806932E+019
   8.6405400000000004E-003   3.9808355321272967E+019
   8.6388999999999997E-003   3.9991600960412082E+019
   8.6358400000000005E-003   4.0199891666053898E+019
   8.6329100000000006E-003   4.0348712995915948E+019
   8.6308600000000006E-003   4.0478285131803738E+019
   8.6288800000000002E-003   4.0615254333120954E+019
   8.6268500000000001E-003   4.0755094933957108E+019
   8.6248799999999997E-003   4.0976396285735641E+019
   8.6209100000000007E-003   4.1208183961493332E+019
   8.6189200000000004E-003   4.1376736606195040E+019
   8.6169699999999998E-003   4.1590963684665319E+019
   8.6142800000000002E-003   4.1784767274283139E+019
   8.6129699999999993E-003   4.1918919889437639E+019
   8.6116800000000000E-003   4.2138482236469420E+019
   8.6089900000000004E-003   4.2369334183583064E+019
   8.6076799999999995E-003   4.2572538830696636E+019
   8.6057000000000008E-003   4.2831858597264630E+019
   8.6036900000000006E-003   4.3058920003916448E+019
   8.6023699999999998E-003   4.3346149811084313E+019
   8.5997100000000000E-003   4.3649187136180380E+019
   8.5983699999999993E-003   4.3859173637773730E+019
   8.5970500000000002E-003   4.4132963671912923E+019
   8.5950599999999999E-003   4.4481038727993098E+019
   8.5930299999999998E-003   4.4784219293219455E+019
   8.5917000000000007E-003   4.5030512406462726E+019
   8.5903899999999998E-003   4.5424021312230719E+019
   8.5876500000000005E-003   4.5904416600866374E+019
   8.5856500000000002E-003   4.6258623070084293E+019
   8.5842899999999996E-003   4.6633438131096674E+019
   8.5822199999999998E-003   4.7174033024278618E+019
   8.5795400000000001E-003   4.7652944005431214E+019
   8.5781299999999998E-003   4.8075418464101679E+019
   8.5760500000000000E-003   4.8586305734193283E+019
   8.5740199999999999E-003   4.9212588703121048E+019
   8.5711899999999994E-003   4.9817227708981993E+019
   8.5694299999999994E-003   5.0292189633582932E+019
   8.5677099999999992E-003   5.0884184936735957E+019
   8.5652100000000002E-003   5.1585981411952288E+019
   8.5627600000000009E-003   5.2368307196267348E+019
   8.5598500000000008E-003   5.3010981780418003E+019
   8.5584100000000007E-003   5.3444810895379497E+019
   8.5570000000000004E-003   5.4191671631522865E+019
   8.5536399999999995E-003   5.5239781146315907E+019
   8.5503799999999998E-003   5.6068884039932043E+019
   8.5484900000000006E-003   5.6866642988315050E+019
   8.5455099999999992E-003   5.7941276461189726E+019
   8.5420900000000004E-003   5.8911070188998099E+019
   8.5398300000000000E-003   5.9639393051394802E+019
   8.5378699999999995E-003   6.0322439920424026E+019
   8.5359400000000005E-003   6.1171849792655114E+019
   8.5331699999999996E-003   6.2144664758658277E+019
   8.5304500000000002E-003   6.3076699046148784E+019
   8.5280500000000006E-003   6.3953115634177892E+019
   8.5256900000000007E-003   6.4706116392634524E+019
   8.5240500000000000E-003   6.5324527597653934E+019
   8.5224299999999992E-003   6.6230059034130538E+019
   8.5193100000000004E-003   6.7440834123517370E+019
   8.5162599999999995E-003   6.8341114776464065E+019
   8.5146800000000002E-003   6.8964264841245417E+019
   8.5131300000000007E-003   6.9732584306981839E+019
   8.5108900000000001E-003   7.0638857037810934E+019
   8.5086799999999994E-003   7.1808384147270312E+019
   8.5052300000000008E-003   7.3267615376735699E+019
   8.5017300000000007E-003   7.4859706336931660E+019
   8.4977999999999998E-003   7.6296968860299641E+019
   8.4951200000000001E-003   7.7496329044711899E+019
   8.4923800000000008E-003   7.8978039530708533E+019
   8.4885399999999993E-003   8.0960150101467005E+019
   8.4837100000000002E-003   8.2570289042827166E+019
   8.4815800000000007E-003   8.3565706739150520E+019
   8.4794799999999993E-003   8.4738787098126762E+019
   8.4766500000000005E-003   8.6116153491914031E+019
   8.4737300000000005E-003   8.7516014116935893E+019
   8.4708600000000002E-003   8.8940040110055686E+019
   8.4679100000000004E-003   9.0403464536912577E+019
   8.4649300000000007E-003   9.1873727027250414E+019
   8.4620000000000008E-003   9.3124849057315488E+019
   8.4599400000000009E-003   9.4669239094758834E+019
   8.4558700000000007E-003   9.7046429340753232E+019
   8.4507100000000002E-003   9.9326748264684749E+019
   8.4470699999999992E-003   1.0110381739124962E+020
   8.4439000000000007E-003   1.0279597369865555E+020
   8.4406800000000008E-003   1.0510062730709367E+020
   8.4352699999999999E-003   1.0750936084157320E+020
   8.4317100000000002E-003   1.0899549968610281E+020
   8.4298099999999994E-003   1.1069267626424490E+020
   8.4255600000000003E-003   1.1302701495831377E+020
   8.4213900000000008E-003   1.1482941444406007E+020
   8.4190900000000006E-003   1.1611330089768814E+020
   8.4168200000000002E-003   1.1800949060776234E+020
   8.4124200000000003E-003   1.2049420372331027E+020
   8.4080999999999999E-003   1.2224727394035748E+020
   8.4063000000000002E-003   1.2328149369808660E+020
   8.4045200000000004E-003   1.2503707090942997E+020
   8.4002699999999996E-003   1.2750296181863132E+020
   8.3960900000000002E-003   1.2934695729491352E+020
   8.3939300000000008E-003   1.3062298047146097E+020
   8.3917899999999997E-003   1.3242942001266860E+020
   8.3878900000000003E-003   1.3475957522190960E+020
   8.3840400000000006E-003   1.3673996477125419E+020
   8.3813399999999993E-003   1.3837759969148287E+020
   8.3786699999999995E-003   1.4024766399976687E+020
   8.3752500000000007E-003   1.4234679381914832E+020
   8.3718700000000000E-003   1.4474313609822996E+020
   8.3675499999999996E-003   1.4742919972047933E+020
   8.3633000000000006E-003   1.4990228460313802E+020
   8.3597099999999994E-003   1.5310515676368657E+020
   8.3532699999999994E-003   1.5609012905041238E+020
   8.3503999999999991E-003   1.5805287858256085E+020
   8.3472200000000007E-003   1.6012087086506725E+020
   8.3440800000000002E-003   1.6332009862766123E+020
   8.3375399999999992E-003   1.6762788083187761E+020
   8.3311500000000007E-003   1.7209378787746477E+020
   8.3243099999999997E-003   1.7671500276361278E+020
   8.3176299999999995E-003   1.8023623439432021E+020
   8.3140300000000000E-003   1.8273257778820252E+020
   8.3104700000000004E-003   1.8537994697943043E+020
   8.3064899999999997E-003   1.8817755311180700E+020
   8.3025600000000005E-003   1.9083722598599734E+020
   8.2990300000000006E-003   1.9336238218370390E+020
   8.2955300000000006E-003   1.9640040918046999E+020
   8.2906300000000002E-003   1.9994412813752225E+020
   8.2857999999999994E-003   2.0388532270929294E+020
   8.2799299999999996E-003   2.0821260388665252E+020
   8.2741700000000008E-003   2.1226739588618060E+020
   8.2691099999999997E-003   2.1606531352075282E+020
   8.2641399999999997E-003   2.2000702767102483E+020
   8.2587400000000005E-003   2.2373879898425711E+020
   8.2545199999999996E-003   2.2700507272776673E+020
   8.2503500000000000E-003   2.3141686209558924E+020
   8.2433100000000002E-003   2.3695638862077873E+020
   8.2364099999999996E-003   2.4221013009711088E+020
   8.2302699999999996E-003   2.4716077844591605E+020
   8.2242300000000008E-003   2.5178903917461540E+020
   8.2188899999999995E-003   2.5779284415194979E+020
   8.2098099999999997E-003   2.6311252143171538E+020
   8.2062000000000003E-003   2.6615272388630898E+020
   8.2026400000000006E-003   2.7069086043710315E+020
   8.1956000000000008E-003   2.7670871360426204E+020
   8.1886900000000002E-003   2.8160220383922379E+020
   8.1843699999999998E-003   2.8538630181826468E+020
   8.1800899999999992E-003   2.8984061745209554E+020
   8.1743300000000005E-003   2.9495834620708366E+020
   8.1686499999999995E-003   3.0066200549420165E+020
   8.1617200000000008E-003   3.0835243490788121E+020
   8.1518700000000003E-003   3.1615535024268568E+020
   8.1448800000000002E-003   3.2127942649827131E+020
   8.1409299999999993E-003   3.2708696378050878E+020
   8.1326499999999999E-003   3.3494848952579706E+020
   8.1245199999999997E-003   3.4093598412030870E+020
   8.1202600000000007E-003   3.4508963891606782E+020
   8.1160299999999998E-003   3.4922816721752451E+020
   8.1118500000000003E-003   3.5335434952512576E+020
   8.1077100000000006E-003   3.5978682764068913E+020
   8.0990100000000002E-003   3.6850334652889524E+020
   8.0904700000000006E-003   3.7745283348945653E+020
   8.0815499999999998E-003   3.8663450886694142E+020
   8.0728099999999997E-003   3.9364020035504701E+020
   8.0682199999999992E-003   3.9849059503080099E+020
   8.0636700000000002E-003   4.0332768719526599E+020
   8.0591699999999992E-003   4.0815185056067800E+020
   8.0547099999999996E-003   4.1567563713918534E+020
   8.0453399999999998E-003   4.2587068181563245E+020
   8.0361600000000005E-003   4.3361162406317595E+020
   8.0313399999999997E-003   4.3899863941232112E+020
   8.0265700000000002E-003   4.4437215319868945E+020
   8.0218400000000006E-003   4.4973230728270551E+020
   8.0171600000000006E-003   4.5808912547890207E+020
   8.0073300000000000E-003   4.6942209777208735E+020
   7.9976900000000000E-003   4.8103817854279877E+020
   7.9876200000000008E-003   4.9299234239817115E+020
   7.9777400000000005E-003   5.0212200647578354E+020
   7.9725600000000001E-003   5.0844310995632429E+020
   7.9674299999999993E-003   5.1475040387601623E+020
   7.9623500000000000E-003   5.2104536232182632E+020
   7.9573200000000004E-003   5.3085730311363651E+020
   7.9467500000000007E-003   5.4416982133323157E+020
   7.9363899999999998E-003   5.5428075558162465E+020
   7.9309600000000008E-003   5.6132098462583318E+020
   7.9255799999999998E-003   5.6834757712437261E+020
   7.9202500000000002E-003   5.7536057323767339E+020
   7.9149700000000003E-003   5.8629500552550508E+020
   7.9038900000000002E-003   6.0113586095888741E+020
   7.8930200000000006E-003   6.1638251612696294E+020
   7.8816800000000003E-003   6.3206003026287447E+020
   7.8705600000000004E-003   6.4404305260043895E+020
   7.8647200000000004E-003   6.5234180258650299E+020
   7.8589500000000000E-003   6.6062735432900451E+020
   7.8532199999999993E-003   6.6890120489243771E+020
   7.8475500000000000E-003   6.8179514174181055E+020
   7.8356699999999994E-003   6.9930449128837113E+020
   7.8239999999999994E-003   7.1261786757408870E+020
   7.8178899999999992E-003   7.2188466097777253E+020
   7.8118399999999996E-003   7.3574880837508569E+020
   7.7999000000000002E-003   7.5480101510968037E+020
   7.7874399999999996E-003   7.6950861535914689E+020
   7.7812999999999997E-003   7.7927163189663249E+020
   7.7752200000000002E-003   7.9450217827272281E+020
   7.7624800000000004E-003   8.1519588589215207E+020
   7.7499700000000001E-003   8.3093310070848946E+020
   7.7434200000000000E-003   8.4189373900895316E+020
   7.7369300000000004E-003   8.5573818087959731E+020
   7.7271099999999997E-003   8.7250292897552086E+020
   7.7174200000000000E-003   8.8956347091943424E+020
   7.7074800000000001E-003   9.0696868208591883E+020
   7.6976800000000001E-003   9.2490154013076265E+020
   7.6874200000000004E-003   9.4334867114417390E+020
   7.6772999999999997E-003   9.6215686350291075E+020
   7.6669099999999999E-003   9.8715949559280042E+020
   7.6504700000000004E-003   1.0142867946282505E+021
   7.6382500000000001E-003   1.0379735550264595E+021
   7.6259099999999996E-003   1.0622314841466054E+021
   7.6134499999999999E-003   1.0903168124827481E+021
   7.5976899999999998E-003   1.1190371988526422E+021
   7.5850500000000003E-003   1.1455025811146476E+021
   7.5719600000000000E-003   1.1728457435140239E+021
   7.5588699999999997E-003   1.1991098902100296E+021
   7.5471599999999998E-003   1.2236270494418749E+021
   7.5360200000000000E-003   1.2529994584128577E+021
   7.5201900000000004E-003   1.2847959561760699E+021
   7.5071499999999998E-003   1.3122492241620938E+021
   7.4954899999999996E-003   1.3403944915879914E+021
   7.4817099999999999E-003   1.3731795632501201E+021
   7.4666000000000003E-003   1.4018502424510991E+021
   7.4566700000000003E-003   1.4279496090311026E+021
   7.4426900000000001E-003   1.4610142004947510E+021
   7.4262699999999996E-003   1.4917078485309110E+021
   7.4104399999999999E-003   1.5205315730734304E+021
   7.3957800000000002E-003   1.5387414183612349E+021
   7.3817300000000004E-003   1.5504092681605483E+021
   7.3658600000000001E-003   1.5370052842864656E+021
   7.3595800000000001E-003   1.5536650566313698E+021
   7.3447499999999997E-003   1.5001978158486960E+021
   7.3253199999999997E-003   1.4835200411514752E+021
   7.3115400000000001E-003   1.4060484232917578E+021
   7.2982200000000002E-003   1.2889969471960051E+021
   7.2830899999999999E-003   1.2256914220477818E+021
   7.2692000000000000E-003   1.1880218713398544E+021
   7.2633100000000003E-003   1.1355272745348757E+021
   7.2574600000000003E-003   1.0895993518594484E+021
   7.2431600000000002E-003   1.0533346064901072E+021
   7.2374300000000004E-003   1.0343728805247396E+021
   7.2308700000000004E-003   9.9951062368238253E+020
   7.2257700000000003E-003   9.9985599716866025E+020
   7.2176799999999998E-003   9.8493344135689535E+020
   7.2125000000000002E-003   9.6586423127042988E+020
   7.2076500000000003E-003   9.5753830957913512E+020
   7.2032600000000004E-003   9.6339178799169510E+020
   7.1980100000000003E-003   9.5284987474454512E+020
   7.1922100000000001E-003   9.4993265179734953E+020
   7.1864399999999997E-003   9.5329040214787791E+020
   7.1829499999999996E-003   9.5699088632854426E+020
   7.1781800000000002E-003   9.6031318308515873E+020
   7.1758100000000003E-003   9.6320586083729631E+020
   7.1740299999999996E-003   9.6777677191473280E+020
   7.1698700000000001E-003   9.7299574269350222E+020
   7.1674900000000003E-003   9.7804397487910525E+020
   7.1641800000000000E-003   9.8422588846464631E+020
   7.1614599999999997E-003   9.9544472514251299E+020
   7.1554200000000000E-003   1.0113001852101716E+021
   7.1509000000000000E-003   1.0231093074936170E+021
   7.1457800000000000E-003   1.0450422033680853E+021
   7.1397900000000000E-003   1.0648408943258084E+021
   7.1350800000000002E-003   1.0823915864473714E+021
   7.1305900000000000E-003   1.1025837863479883E+021
   7.1262399999999998E-003   1.1194699698944849E+021
   7.1222799999999999E-003   1.1406318828661713E+021
   7.1172500000000003E-003   1.1577850786712917E+021
   7.1151799999999996E-003   1.1727544552945932E+021
   7.1110499999999998E-003   1.1910511723249035E+021
   7.1082999999999997E-003   1.2084053577373366E+021
   7.1041999999999998E-003   1.2247119775318658E+021
   7.1021599999999997E-003   1.2409009649668331E+021
   7.0981700000000000E-003   1.2624431907795205E+021
   7.0942899999999996E-003   1.2787324213012243E+021
   7.0923499999999999E-003   1.2915088141634715E+021
   7.0898300000000001E-003   1.3130877249416030E+021
   7.0848200000000004E-003   1.3421766211186068E+021
   7.0798299999999996E-003   1.3717140218914579E+021
   7.0748599999999997E-003   1.3941276086769277E+021
   7.0723799999999996E-003   1.4069324511231955E+021
   7.0705300000000002E-003   1.4238280498650659E+021
   7.0668299999999996E-003   1.4464034471959483E+021
   7.0631899999999996E-003   1.4687053381292434E+021
   7.0596100000000000E-003   1.4906695277564162E+021
   7.0561000000000000E-003   1.5122758390218157E+021
   7.0526399999999998E-003   1.5373401180759101E+021
   7.0481199999999997E-003   1.5604123899651270E+021
   7.0453299999999998E-003   1.5778726185153638E+021
   7.0425599999999998E-003   1.6006443584812021E+021
   7.0379900000000000E-003   1.6260288072467727E+021
   7.0343999999999997E-003   1.6472143086752998E+021
   7.0312400000000002E-003   1.6656962414304944E+021
   7.0285000000000000E-003   1.6892357761185496E+021
   7.0238999999999996E-003   1.7184342740597536E+021
   7.0191000000000003E-003   1.7547729984083258E+021
   7.0128999999999999E-003   1.7822734590836896E+021
   7.0099799999999999E-003   1.8029498718873295E+021
   7.0070599999999999E-003   1.8315101395927095E+021
   7.0026999999999997E-003   1.8499030125929620E+021
   6.9969200000000002E-003   1.9010538737346633E+021
   6.9940300000000000E-003   1.9023425650030194E+021
   6.9911499999999998E-003   1.9193528954950079E+021
   6.9866900000000003E-003   1.9517844398810131E+021
   6.9804400000000001E-003   1.9943706089073995E+021
   6.9768299999999998E-003   2.0173788566112035E+021
   6.9706999999999998E-003   2.0630911403077696E+021
   6.9646600000000001E-003   2.0685135607919521E+021
   6.9612299999999997E-003   2.0898501353721663E+021
   6.9590299999999997E-003   2.1267723161361085E+021
   6.9546399999999998E-003   2.1378842298413836E+021
   6.9493100000000002E-003   2.2170777102553580E+021
   6.9461799999999997E-003   2.2046745570421189E+021
   6.9411700000000000E-003   2.2108884573984305E+021
   6.9386800000000000E-003   2.2223592648309982E+021
   6.9338100000000003E-003   2.3005386287677731E+021
   6.9267100000000000E-003   2.3063629371780335E+021
   6.9218500000000002E-003   2.3479243224730092E+021
   6.9170100000000003E-003   2.3726030951412725E+021
   6.9087000000000003E-003   2.3997281689059716E+021
   6.9042699999999997E-003   2.4368331038223761E+021
   6.9005899999999998E-003   2.4648399732857310E+021
   6.8969299999999999E-003   2.4977295042978980E+021
   6.8942400000000003E-003   2.4988968756196682E+021
   6.8922200000000001E-003   2.5262308362239046E+021
   6.8885600000000002E-003   2.5570712541822766E+021
   6.8869800000000000E-003   2.5839525200971180E+021
   6.8844400000000004E-003   2.6056618011346621E+021
   6.8824000000000003E-003   2.6370008363356101E+021
   6.8808300000000001E-003   2.6427213565190944E+021
   6.8792599999999999E-003   2.6599975239167456E+021
   6.8779599999999998E-003   2.6724164119465773E+021
   6.8766599999999997E-003   2.6839770329588826E+021
   6.8753800000000004E-003   2.6997686217895780E+021
   6.8741100000000001E-003   2.7299735745322921E+021
   6.8715099999999999E-003   2.7429954120382625E+021
   6.8689199999999997E-003   2.7530959035289745E+021
   6.8677900000000004E-003   2.7574191910218068E+021
   6.8666600000000001E-003   2.7956722266421959E+021
   6.8648499999999996E-003   2.8026912186864789E+021
   6.8630499999999999E-003   2.8097131919070766E+021
   6.8612500000000002E-003   2.8167382718700459E+021
   6.8594499999999996E-003   2.8434908791785269E+021
   6.8554100000000001E-003   2.8684641671366212E+021
   6.8513899999999997E-003   2.9058907854465899E+021
   6.8424100000000002E-003   2.9545708318809580E+021
   6.8224399999999999E-003   3.0261094303491335E+021
   6.8045299999999996E-003   3.0893812926116617E+021
   6.7901500000000000E-003   3.1531922455947001E+021
   6.7767499999999998E-003   3.2299834611772052E+021
   6.7570199999999999E-003   3.3180954730590933E+021
   6.7385300000000004E-003   3.3964334919289919E+021
   6.7221000000000000E-003   3.4715180040030656E+021
   6.7057499999999999E-003   3.5486767118826346E+021
   6.6895899999999996E-003   3.6318883128883408E+021
   6.6708499999999999E-003   3.7139794498043836E+021
   6.6552399999999998E-003   3.7912361167533208E+021
   6.6392700000000001E-003   3.8736366909501960E+021
   6.6218800000000001E-003   3.9636693327335947E+021
   6.6033100000000003E-003   4.0679094226633611E+021
   6.5809099999999997E-003   4.1689308975739526E+021
   6.5643100000000003E-003   4.2653809721195370E+021
   6.5443999999999997E-003   4.3720451277889497E+021
   6.5247400000000002E-003   4.4699155277264018E+021
   6.5084499999999998E-003   4.5454398581268939E+021
   6.4977999999999998E-003   4.6268376047319693E+021
   6.4793600000000000E-003   4.7114663927275911E+021
   6.4680700000000002E-003   4.8081249938286188E+021
   6.4457200000000003E-003   4.9201247932665614E+021
   6.4294599999999997E-003   5.0165742833679477E+021
   6.4133599999999999E-003   5.1051737339268589E+021
   6.4002299999999998E-003   5.1853077688097492E+021
   6.3872000000000000E-003   5.3190668527782068E+021
   6.3569999999999998E-003   5.5082891612608591E+021
   6.3273100000000001E-003   5.6487951615348410E+021
   6.3137599999999999E-003   5.7713556104195573E+021
   6.2901099999999998E-003   5.8841232908304746E+021
   6.2799600000000002E-003   6.0012908494912760E+021
   6.2555700000000002E-003   6.1683851316839947E+021
   6.2314900000000001E-003   6.3030625344090716E+021
   6.2176000000000002E-003   6.4009805966200013E+021
   6.2038099999999997E-003   6.5274064050091511E+021
   6.1824799999999997E-003   6.6834228463956342E+021
   6.1614000000000000E-003   6.8157125948001894E+021
   6.1471900000000003E-003   6.9219547756634057E+021
   6.1330899999999999E-003   7.0868767449489993E+021
   6.1040299999999999E-003   7.3123461950439875E+021
   6.0753900000000000E-003   7.5005790025469972E+021
   6.0569700000000001E-003   7.6499915332034065E+021
   6.0387100000000001E-003   7.7721017731875256E+021
   6.0276599999999998E-003   7.8628708917402529E+021
   6.0166700000000000E-003   8.0189401830320746E+021
   5.9904700000000003E-003   8.2866564182283743E+021
   5.9541100000000003E-003   8.5717678571365702E+021
   5.9255899999999997E-003   8.7813648439151868E+021
   5.9076500000000004E-003   8.9691909461760331E+021
   5.8844900000000000E-003   9.1829338397956867E+021
   5.8615700000000000E-003   9.4386648526929558E+021
   5.8304600000000000E-003   9.7408200121179586E+021
   5.7990799999999999E-003   9.9755784333921532E+021
   5.7831899999999997E-003   1.0133499201246768E+022
   5.7674099999999997E-003   1.0377198870817615E+022
   5.7351199999999998E-003   1.0709936805798128E+022
   5.7032500000000000E-003   1.1054332663169584E+022
   5.6703800000000000E-003   1.1409099495730164E+022
   5.6379500000000001E-003   1.1775265741218528E+022
   5.6045000000000001E-003   1.2154868885034098E+022
   5.5714900000000001E-003   1.2544596576613886E+022
   5.5374500000000002E-003   1.2948238749768266E+022
   5.5038400000000003E-003   1.3365126435120358E+022
   5.4691999999999996E-003   1.3794209815139793E+022
   5.4349799999999998E-003   1.4124885138781600E+022
   5.4174799999999997E-003   1.4349707852957031E+022
   5.4000899999999998E-003   1.4695637766688943E+022
   5.3645100000000003E-003   1.5168437458146242E+022
   5.3293600000000000E-003   1.5531486568098753E+022
   5.3113900000000000E-003   1.5779005061165629E+022
   5.2935200000000003E-003   1.6157372798410982E+022
   5.2573500000000000E-003   1.6676925409381124E+022
   5.2208500000000000E-003   1.7213229323431482E+022
   5.1840200000000001E-003   1.7766801689794637E+022
   5.1468599999999996E-003   1.8338244946820023E+022
   5.1093500000000003E-003   1.8928138427522282E+022
   5.0714999999999996E-003   1.9537091796814082E+022
   5.0332900000000002E-003   2.0165713871473132E+022
   4.9947300000000002E-003   2.0814623149463112E+022
   4.9558099999999997E-003   2.1484579934210309E+022
   4.9165299999999997E-003   2.1999377112888536E+022
   4.8966499999999998E-003   2.2351449172430815E+022
   4.8768700000000002E-003   2.2707379225661314E+022
   4.8567999999999997E-003   2.3070836302447769E+022
   4.8368300000000003E-003   2.3546679734088233E+022
   4.8050599999999999E-003   2.4136488171975687E+022
   4.7735099999999999E-003   2.4629668422865205E+022
   4.7529499999999997E-003   2.5022981249948921E+022
   4.7324899999999998E-003   2.5423744625891080E+022
   4.7117299999999999E-003   2.5830644486386173E+022
   4.6910600000000004E-003   2.6244403357460996E+022
   4.6700999999999999E-003   2.6664837691259381E+022
   4.6492299999999999E-003   2.7092596242835728E+022
   4.6280599999999998E-003   2.7527493442109295E+022
   4.6069800000000001E-003   2.7969698502457908E+022
   4.5856100000000004E-003   2.8419617104723255E+022
   4.5643100000000002E-003   2.8877093234771046E+022
   4.5427300000000000E-003   2.9342799358172372E+022
   4.5212200000000003E-003   2.9816843665911312E+022
   4.4994099999999997E-003   3.0299165459797833E+022
   4.4776900000000003E-003   3.0789876909265620E+022
   4.4556600000000002E-003   3.1289866111770195E+022
   4.4337100000000004E-003   3.1799237637538214E+022
   4.4114599999999999E-003   3.2317920892106643E+022
   4.3892799999999997E-003   3.2846641066932460E+022
   4.3667899999999997E-003   3.3384630767753529E+022
   4.3443800000000001E-003   3.3934135766319232E+022
   4.3216599999999997E-003   3.4494303397596763E+022
   4.2990099999999998E-003   3.5066117080275260E+022
   4.2760500000000000E-003   3.5649398700797952E+022
   4.2531499999999998E-003   3.6244051930966141E+022
   4.2300400000000000E-003   3.6852620153344034E+022
   4.2068000000000001E-003   3.7474602866252716E+022
   4.1834300000000001E-003   3.8110622180848825E+022
   4.1599400000000000E-003   3.8761010931607284E+022
   4.1363099999999998E-003   3.9427308938742957E+022
   4.1125500000000004E-003   4.0109352204031960E+022
   4.0886600000000000E-003   4.0809652611766718E+022
   4.0646299999999996E-003   4.1527613042091111E+022
   4.0404700000000000E-003   4.2264547599526507E+022
   4.0161600000000004E-003   4.3021921604074169E+022
   3.9917199999999998E-003   4.3799773557179877E+022
   3.9671300000000001E-003   4.4599012676632322E+022
   3.9423899999999996E-003   4.5421111840617573E+022
   3.9175099999999999E-003   4.6266516654686340E+022
   3.8924799999999998E-003   4.7135920329513289E+022
   3.8673000000000002E-003   4.8032886957721982E+022
   3.8419600000000002E-003   4.8957093794960783E+022
   3.8164599999999998E-003   4.9912789316947956E+022
   3.7908099999999999E-003   5.0905749882543880E+022
   3.7649900000000002E-003   5.1939307261499575E+022
   3.7390100000000001E-003   5.3007391873375106E+022
   3.7128600000000001E-003   5.4100938425963194E+022
   3.6865399999999999E-003   5.5214491592017651E+022
   3.6600500000000002E-003   5.6348216152468161E+022
   3.6333799999999999E-003   5.7502299200702437E+022
   3.6065200000000002E-003   5.8676949380092674E+022
   3.5794899999999998E-003   5.9872392819332071E+022
   3.5522700000000002E-003   6.1088869790840762E+022
   3.5248599999999999E-003   6.2326635315581673E+022
   3.4972499999999999E-003   6.3585957309573249E+022
   3.4694399999999999E-003   6.4867112557175865E+022
   3.4414300000000001E-003   6.6170388378268281E+022
   3.4132099999999999E-003   6.7496079860927362E+022
   3.3847899999999999E-003   6.8844489268390026E+022
   3.3561400000000001E-003   7.0215929460947868E+022
   3.3272699999999998E-003   7.1610711848961717E+022
   3.2981799999999999E-003   7.3029162848694001E+022
   3.2688499999999998E-003   7.4471607658189546E+022
   3.2392900000000001E-003   7.5938377717475233E+022
   3.2094799999999998E-003   7.7429809113945264E+022
   3.1794200000000001E-003   7.8946241296108146E+022
   3.1491000000000002E-003   8.0488016354974802E+022
   3.1185200000000001E-003   8.2055481891241857E+022
   3.0876699999999998E-003   8.3648985696547616E+022
   3.0565499999999999E-003   8.5268876618166203E+022
   3.0251300000000000E-003   8.6915509279436229E+022
   2.9934200000000001E-003   8.8589236298082876E+022
   2.9614099999999998E-003   9.0290409880184129E+022
   2.9290900000000001E-003   9.2019388185814113E+022
   2.8964400000000001E-003   9.3776523810122238E+022
   2.8634699999999999E-003   9.5562171001872916E+022
   2.8301500000000000E-003   9.7376687445133209E+022
   2.7964700000000001E-003   9.9220418072166793E+022
   2.7624300000000002E-003   1.0109371969897722E+023
   2.7280000000000000E-003   1.0299693861729407E+023
   2.6931899999999998E-003   1.0493041755035868E+023
   2.6579600000000000E-003   1.0689449929885643E+023
   2.6223100000000001E-003   1.0888951710920534E+023
   2.5862200000000002E-003   1.1091580235436216E+023
   2.5496700000000000E-003   1.1297368234072643E+023
   2.5126400000000000E-003   1.1506346948617842E+023
   2.4751100000000000E-003   1.1718547802591360E+023
   2.4370600000000000E-003   1.1934000540859039E+023
   2.3984599999999998E-003   1.2152733914506350E+023
   2.3592900000000000E-003   1.2374776056969334E+023
   2.3195300000000002E-003   1.2600080812441272E+023
   2.2791299999999999E-003   1.2829253480267204E+023
   2.2380700000000000E-003   1.3061813388600132E+023
   2.1963000000000000E-003   1.3297781642092307E+023
   2.1538000000000000E-003   1.3537177453713632E+023
   2.1105199999999998E-003   1.3780017596372876E+023
   2.0663999999999999E-003   1.4026180405225539E+023
   2.0213900000000001E-003   1.4276359474074144E+023
   1.9754400000000002E-003   1.4530063145247197E+023
   1.9284800000000000E-003   1.4786662375568186E+023
   1.8807500000000000E-003   1.5047893081777794E+023
   1.8312100000000000E-003   1.5313183092563677E+023
   1.7807200000000000E-003   1.5581137133580201E+023
   1.7288500000000001E-003   1.5809989855705315E+023
   1.6892599999999999E-003   1.6020241281783713E+023
   1.6481800000000000E-003   1.6324048946529879E+023
   1.5708199999999999E-003   1.6606397483130366E+023
   1.5274900000000001E-003   1.6826820193298700E+023
   1.4820700000000000E-003   1.7158958666876090E+023
   1.3879200000000000E-003   1.7508421841469813E+023
   1.3229299999999999E-003   1.7802491270707748E+023
   1.2551299999999999E-003   1.8091177127379770E+023
   1.1802700000000000E-003   1.8404785660251697E+023
   1.1005399999999999E-003   1.8713598984906948E+023
   1.0087700000000000E-003   1.9067853459263916E+023
   8.9930999999999995E-004   1.9502834340477240E+023
   7.0640000000000004E-004   1.9895832094513591E+023
   5.6780999999999997E-004   2.0161419052950872E+023
   4.8413999999999998E-004   2.0314754582888111E+023
   3.8297000000000000E-004   2.0411151587279649E+023
   3.1386000000000001E-004   2.0513640813604105E+023
   2.5071000000000002E-004   2.0518346015227955E+023
   2.0164000000000000E-004   2.0597058289522496E+023
   1.6417000000000000E-004   2.0601416227678581E+023
   1.3642999999999999E-004   2.0635413588151402E+023
   1.1689000000000000E-004   2.0635441899060714E+023
   1.0404000000000000E-004   2.0651629877893904E+023
   8.6870000000000000E-005   2.0659843330791647E+023
   6.8949999999999995E-005   2.0663811026971191E+023
   5.4719999999999998E-005   2.0672564637880001E+023
   4.3430000000000003E-005   2.0674738940328667E+023
   3.4470000000000000E-005   2.0675837836060750E+023
   2.7359999999999999E-005   2.0679222091507297E+023
   2.1710000000000001E-005   2.0679730601333651E+023
   1.7240000000000001E-005   2.0681300738724209E+023
   1.3679999999999999E-005   2.0682822322710168E+023
