   8.8982400000000000E-003   785670726356974.12     
   8.8982300000000000E-003   1093872050278693.5     
   8.8982200000000001E-003   1338300533910502.2     
   8.8982200000000001E-003   1545261808381895.5     
   8.8982100000000001E-003   1726563062650567.5     
   8.8982100000000001E-003   1889313344517821.8     
   8.8982100000000001E-003   2037820490042921.0     
   8.8982000000000002E-003   2174711020019661.8     
   8.8982000000000002E-003   2301889697607550.5     
   8.8982000000000002E-003   2421154294354874.5     
   8.8982000000000002E-003   2533567474751650.0     
   8.8981900000000003E-003   2640123561074824.5     
   8.8981900000000003E-003   2741575358489724.5     
   8.8981900000000003E-003   2838472034956314.0     
   8.8981900000000003E-003   2931259933312202.5     
   8.8981900000000003E-003   3020332615121300.0     
   8.8981900000000003E-003   3106046985120775.5     
   8.8981800000000003E-003   3188709816776766.0     
   8.8981800000000003E-003   3268582961632683.0     
   8.8981800000000003E-003   3345896935822841.0     
   8.8981800000000003E-003   3439076892140950.0     
   8.8981800000000003E-003   3546737682837824.0     
   8.8981800000000003E-003   3650077398718749.5     
   8.8981700000000004E-003   3749457883085975.0     
   8.8981700000000004E-003   3829589491277343.5     
   8.8981700000000004E-003   3891883363164515.5     
   8.8981700000000004E-003   3952737698045119.5     
   8.8981700000000004E-003   4012228818383600.0     
   8.8981700000000004E-003   4084691604091302.5     
   8.8981700000000004E-003   4169278014194495.0     
   8.8981700000000004E-003   4251346700538610.5     
   8.8981600000000004E-003   4331087025644418.0     
   8.8981600000000004E-003   4395959312844977.5     
   8.8981600000000004E-003   4446788162674614.0     
   8.8981600000000004E-003   4496767117479856.5     
   8.8981600000000004E-003   4545937301431610.0     
   8.8981600000000004E-003   4618114091607869.0     
   8.8981600000000004E-003   4688962266082242.0     
   8.8981600000000004E-003   4735251162892602.0     
   8.8981600000000004E-003   4803348329434042.0     
   8.8981500000000005E-003   4892186450662056.0     
   8.8981500000000005E-003   4978741627619438.0     
   8.8981500000000005E-003   5063155774067902.0     
   8.8981500000000005E-003   5125229935365410.0     
   8.8981500000000005E-003   5165932313678131.0     
   8.8981500000000005E-003   5206158012946381.0     
   8.8981500000000005E-003   5245919540898735.0     
   8.8981500000000005E-003   5304624777936485.0     
   8.8981400000000006E-003   5381489944962056.0     
   8.8981400000000006E-003   5456682621302986.0     
   8.8981400000000006E-003   5530291919794517.0     
   8.8981400000000006E-003   5614203124431960.0     
   8.8981400000000006E-003   5707835148106690.0     
   8.8981400000000006E-003   5799113763386568.0     
   8.8981400000000006E-003   5888186128787371.0     
   8.8981300000000006E-003   5975192670588730.0     
   8.8981300000000006E-003   6060265774188317.0     
   8.8981300000000006E-003   6143531766003082.0     
   8.8981300000000006E-003   6225109340723709.0     
   8.8981300000000006E-003   6314940439087727.0     
   8.8981300000000006E-003   6412633221052737.0     
   8.8981200000000007E-003   6508175299882985.0     
   8.8981200000000007E-003   6578625630577468.0     
   8.8981200000000007E-003   6624914014476156.0     
   8.8981200000000007E-003   6693375498688683.0     
   8.8981200000000007E-003   6783272586876021.0     
   8.8981200000000007E-003   6871436808532839.0     
   8.8981200000000007E-003   6957898598788863.0     
   8.8981100000000007E-003   7042687571939687.0     
   8.8981100000000007E-003   7125833827427547.0     
   8.8981100000000007E-003   7207369289131637.0     
   8.8981100000000007E-003   7287345144767089.0     
   8.8981100000000007E-003   7365833992519869.0     
   8.8981100000000007E-003   7442905119531686.0     
   8.8981000000000008E-003   7555649091465318.0     
   8.8981000000000008E-003   7684181003227108.0     
   8.8981000000000008E-003   7791318043482450.0     
   8.8981000000000008E-003   7896131629371127.0     
   8.8981000000000008E-003   7973593074666793.0     
   8.8980900000000009E-003   8024596410892991.0     
   8.8980900000000009E-003   8100251448052446.0     
   8.8980900000000009E-003   8200146561992202.0     
   8.8980900000000009E-003   8347527054824720.0     
   8.8980900000000009E-003   8493964187563770.0     
   8.8980799999999992E-003   8590608604717547.0     
   8.8980799999999992E-003   8686864059413490.0     
   8.8980799999999992E-003   8782866197682303.0     
   8.8980799999999992E-003   8878734456569533.0     
   8.8980799999999992E-003   8974574950592491.0     
   8.8980799999999992E-003   9070478207773532.0     
   8.8980699999999992E-003   9166519993725008.0     
   8.8980699999999992E-003   9278701905939032.0     
   8.8980699999999992E-003   9407179193452818.0     
   8.8980699999999992E-003   9599726199469868.0     
   8.8980599999999993E-003   9792869197000880.0     
   8.8980599999999993E-003   9921144447570914.0     
   8.8980599999999993E-003   10049068889536936.     
   8.8980599999999993E-003   10176515799141450.     
   8.8980599999999993E-003   10319104626311166.     
   8.8980499999999994E-003   10476393219690194.     
   8.8980499999999994E-003   10632171233825620.     
   8.8980499999999994E-003   10786219659126648.     
   8.8980499999999994E-003   10938364520201172.     
   8.8980399999999994E-003   11088469178310426.     
   8.8980399999999994E-003   11309399974548420.     
   8.8980399999999994E-003   11539822877980774.     
   8.8980399999999994E-003   11708690962809664.     
   8.8980299999999995E-003   11874306128822248.     
   8.8980299999999995E-003   12036761348043302.     
   8.8980299999999995E-003   12196171801214522.     
   8.8980299999999995E-003   12352667760073492.     
   8.8980199999999995E-003   12506389280981762.     
   8.8980199999999995E-003   12657481986509934.     
   8.8980199999999995E-003   12806092770173698.     
   8.8980199999999995E-003   12952366523013066.     
   8.8980199999999995E-003   13096444975944998.     
   8.8980099999999996E-003   13238464001998570.     
   8.8980099999999996E-003   13447832679112146.     
   8.8980099999999996E-003   13721082088237092.     
   8.8979999999999997E-003   13988183625896246.     
   8.8979999999999997E-003   14249761112538768.     
   8.8979999999999997E-003   14506294253265516.     
   8.8979899999999997E-003   14758166833589268.     
   8.8979899999999997E-003   15005699813835518.     
   8.8979799999999998E-003   15249154422327948.     
   8.8979799999999998E-003   15488697586570792.     
   8.8979799999999998E-003   15724452349238358.     
   8.8979699999999998E-003   15956523895547980.     
   8.8979699999999998E-003   16185007029001136.     
   8.8979699999999998E-003   16409992860491442.     
   8.8979699999999998E-003   16631571775499084.     
   8.8979599999999999E-003   16849835532096040.     
   8.8979599999999999E-003   17064824181261180.     
   8.8979599999999999E-003   17381243980813688.     
   8.8979500000000000E-003   17791156727781912.     
   8.8979500000000000E-003   18089423001805196.     
   8.8979400000000000E-003   18283984351180848.     
   8.8979400000000000E-003   18474973434136768.     
   8.8979400000000000E-003   18662356362457852.     
   8.8979300000000001E-003   18906611663339208.     
   8.8979300000000001E-003   19202654572521640.     
   8.8979300000000001E-003   19488389545758472.     
   8.8979200000000001E-003   19695947076917264.     
   8.8979200000000001E-003   19831223669891272.     
   8.8979200000000001E-003   20029632142501952.     
   8.8979100000000002E-003   20286229946467400.     
   8.8979100000000002E-003   20534147567824924.     
   8.8979100000000002E-003   20774062710825420.     
   8.8979000000000003E-003   21007087261889656.     
   8.8979000000000003E-003   21234203163227756.     
   8.8978900000000003E-003   21564465615833956.     
   8.8978900000000003E-003   21886353832953684.     
   8.8978800000000004E-003   22095690284919672.     
   8.8978800000000004E-003   22301772419125548.     
   8.8978800000000004E-003   22504964190037488.     
   8.8978700000000004E-003   22804394461571280.     
   8.8978700000000004E-003   23196507275360968.     
   8.8978600000000005E-003   23580347881880420.     
   8.8978500000000006E-003   23956342986800060.     
   8.8978500000000006E-003   24279428673238728.     
   8.8978400000000006E-003   24552066476813808.     
   8.8978400000000006E-003   24820931085692224.     
   8.8978300000000007E-003   25085927499025568.     
   8.8978300000000007E-003   25475779778488660.     
   8.8978200000000007E-003   25856778539093984.     
   8.8978200000000007E-003   26105535139649588.     
   8.8978100000000008E-003   26349997552181632.     
   8.8978100000000008E-003   26589890516677724.     
   8.8978000000000008E-003   26940636395319188.     
   8.8978000000000008E-003   27389990400919796.     
   8.8977899999999992E-003   27817242702146204.     
   8.8977799999999992E-003   28222340260937776.     
   8.8977699999999993E-003   28606007019157200.     
   8.8977599999999994E-003   28969119478646524.     
   8.8977599999999994E-003   29313435208956312.     
   8.8977499999999994E-003   29641623066209356.     
   8.8977399999999995E-003   29955936326523140.     
   8.8977399999999995E-003   30258155645389536.     
   8.8977299999999995E-003   30550197981618528.     
   8.8977199999999996E-003   30880198962412356.     
   8.8977099999999996E-003   31247168820137780.     
   8.8976999999999997E-003   31605661930204572.     
   8.8976899999999998E-003   31958113179525668.     
   8.8976899999999998E-003   32306378444257300.     
   8.8976799999999998E-003   32566181829027444.     
   8.8976699999999999E-003   32738177170756576.     
   8.8976699999999999E-003   32994333355237136.     
   8.8976599999999999E-003   33333896263681348.     
   8.8976500000000000E-003   33670381484503864.     
   8.8976400000000001E-003   34003785042442128.     
   8.8976400000000001E-003   34415430881380820.     
   8.8976200000000002E-003   34902877198021480.     
   8.8976100000000002E-003   35263666171395756.     
   8.8976100000000002E-003   35618589067271896.     
   8.8975900000000004E-003   35969827123364428.     
   8.8975900000000004E-003   36239155201853176.     
   8.8975800000000004E-003   36543513645896024.     
   8.8975700000000005E-003   36844019056384584.     
   8.8975700000000005E-003   37140649246633712.     
   8.8975600000000005E-003   37577645089977552.     
   8.8975500000000006E-003   38007146504744160.     
   8.8975400000000007E-003   38288245665219008.     
   8.8975300000000007E-003   38633984101880328.     
   8.8975200000000008E-003   39041282051576696.     
   8.8975100000000008E-003   39636151997817656.     
   8.8974899999999992E-003   40216896505281216.     
   8.8974799999999993E-003   40595385150349432.     
   8.8974699999999993E-003   40968146550354160.     
   8.8974599999999994E-003   41335736234221120.     
   8.8974499999999995E-003   41877549439193816.     
   8.8974299999999996E-003   42587668094943432.     
   8.8974199999999996E-003   43170215890611584.     
   8.8973999999999998E-003   43630206592325176.     
   8.8973899999999998E-003   44142440973801984.     
   8.8973799999999999E-003   44706728911662528.     
   8.8973600000000000E-003   45266322004631616.     
   8.8973500000000001E-003   45821749443923760.     
   8.8973400000000001E-003   46509830206842104.     
   8.8973200000000002E-003   47126609686893224.     
   8.8973100000000003E-003   47534642449408048.     
   8.8973000000000003E-003   47940675197171448.     
   8.8972900000000004E-003   48344578469424088.     
   8.8972800000000005E-003   48945222386425264.     
   8.8972600000000006E-003   49738822552249992.     
   8.8972400000000007E-003   50521961805728848.     
   8.8972200000000008E-003   51294030214341832.     
   8.8971999999999992E-003   52054584307572360.     
   8.8971799999999993E-003   52926403996342432.     
   8.8971599999999994E-003   53903210344550984.     
   8.8971399999999996E-003   54740443393232504.     
   8.8971199999999997E-003   55444348430867336.     
   8.8971099999999997E-003   56135728827757416.     
   8.8970899999999999E-003   56814447621021144.     
   8.8970700000000000E-003   57590125233542408.     
   8.8970500000000001E-003   58455960908492416.     
   8.8970300000000002E-003   59299846071746872.     
   8.8970100000000003E-003   60121965249647392.     
   8.8969900000000005E-003   60922626807143896.     
   8.8969700000000006E-003   61702722910985448.     
   8.8969500000000007E-003   62463360206045704.     
   8.8969400000000008E-003   63205778966054816.     
   8.8969199999999991E-003   63931307360515928.     
   8.8968999999999993E-003   64641135986522960.     
   8.8968799999999994E-003   65508146237191552.     
   8.8968499999999996E-003   66521611141045080.     
   8.8968299999999997E-003   67346165130812136.     
   8.8968099999999998E-003   67993745985856512.     
   8.8967899999999999E-003   68631512283681224.     
   8.8967800000000000E-003   69260331758385536.     
   8.8967600000000001E-003   70187962000067240.     
   8.8967300000000003E-003   71401103064304712.     
   8.8967000000000004E-003   72295096790174400.     
   8.8966800000000006E-003   72883021118130384.     
   8.8966600000000007E-003   73609797201409232.     
   8.8966400000000008E-003   74471878764066160.     
   8.8966199999999992E-003   75322791009105216.     
   8.8965999999999993E-003   76162686865155296.     
   8.8965699999999995E-003   77128217475269728.     
   8.8965499999999996E-003   78214336463286944.     
   8.8965199999999998E-003   79017316213090208.     
   8.8964999999999999E-003   79546372148213392.     
   8.8964900000000000E-003   80330807419134768.     
   8.8964600000000001E-003   81362138074003376.     
   8.8964300000000003E-003   82376544401287008.     
   8.8964100000000004E-003   83374632529306192.     
   8.8963800000000006E-003   84356787304068928.     
   8.8963600000000007E-003   85323386068468432.     
   8.8963299999999992E-003   86743962386875248.     
   8.8962799999999995E-003   88136525457014320.     
   8.8962599999999996E-003   89047890823894896.     
   8.8962299999999998E-003   89947155312849680.     
   8.8962099999999999E-003   90834857950272320.     
   8.8961800000000001E-003   91928436826185792.     
   8.8961500000000002E-003   93220187745018400.     
   8.8961100000000005E-003   94280617724262784.     
   8.8960900000000006E-003   95118166038621360.     
   8.8960700000000007E-003   96152244809738656.     
   8.8960399999999992E-003   97376737155504560.     
   8.8959999999999994E-003   98583268023071776.     
   8.8959699999999996E-003   99772613830215280.     
   8.8959399999999998E-003   1.0094570519044720E+017
   8.8959099999999999E-003   1.0210354209888133E+017
   8.8958800000000001E-003   1.0324689432661493E+017
   8.8958500000000003E-003   1.0437626758029525E+017
   8.8958200000000005E-003   1.0549212217976499E+017
   8.8957900000000006E-003   1.0659502469155835E+017
   8.8957600000000008E-003   1.0786540314207826E+017
   8.8957199999999993E-003   1.0929843839546957E+017
   8.8956799999999996E-003   1.1036122601915219E+017
   8.8956599999999997E-003   1.1106307608262650E+017
   8.8956499999999997E-003   1.1225970126467098E+017
   8.8956000000000000E-003   1.1393847173481406E+017
   8.8955600000000003E-003   1.1525739572410582E+017
   8.8955300000000005E-003   1.1622655340040547E+017
   8.8955100000000006E-003   1.1742570007319806E+017
   8.8954700000000008E-003   1.1884910453215754E+017
   8.8954299999999993E-003   1.2025522362515106E+017
   8.8953999999999995E-003   1.2164482475488739E+017
   8.8953599999999997E-003   1.2324512888746698E+017
   8.8953100000000000E-003   1.2504955340851122E+017
   8.8952700000000003E-003   1.2638681782842322E+017
   8.8952400000000004E-003   1.2726933420093893E+017
   8.8952200000000006E-003   1.2858000806022824E+017
   8.8951800000000008E-003   1.3030769508879813E+017
   8.8951299999999994E-003   1.3201182543397520E+017
   8.8950899999999996E-003   1.3369336569983125E+017
   8.8950499999999998E-003   1.3535311500171320E+017
   8.8950100000000001E-003   1.3699169929125219E+017
   8.8949600000000004E-003   1.3860974856541589E+017
   8.8949200000000006E-003   1.4020793348469896E+017
   8.8948800000000008E-003   1.4178695118162594E+017
   8.8948399999999993E-003   1.4334743235049435E+017
   8.8948099999999995E-003   1.4527160787876682E+017
   8.8947499999999999E-003   1.4754607455822045E+017
   8.8946900000000002E-003   1.4941373424799331E+017
   8.8946500000000005E-003   1.5088903043723872E+017
   8.8946200000000007E-003   1.5234896692743261E+017
   8.8945799999999992E-003   1.5379410365498112E+017
   8.8945399999999994E-003   1.5557956656189734E+017
   8.8944899999999997E-003   1.5769480780308714E+017
   8.8944400000000000E-003   1.5978019425359088E+017
   8.8943900000000003E-003   1.6183697533237638E+017
   8.8943400000000006E-003   1.6386643930675952E+017
   8.8942899999999991E-003   1.6586983045909779E+017
   8.8942399999999994E-003   1.6752095536884429E+017
   8.8942099999999996E-003   1.6882929427648893E+017
   8.8941699999999999E-003   1.7077089086376554E+017
   8.8941100000000002E-003   1.7332692645633482E+017
   8.8940500000000006E-003   1.7553298823465165E+017
   8.8940000000000009E-003   1.7740093245709898E+017
   8.8939599999999994E-003   1.7924899849215571E+017
   8.8939099999999997E-003   1.8107762780324486E+017
   8.8938699999999999E-003   1.8318633494495638E+017
   8.8938100000000003E-003   1.8556621918136928E+017
   8.8937500000000006E-003   1.8791415090131043E+017
   8.8936999999999992E-003   1.9023116306405347E+017
   8.8936399999999995E-003   1.9251833236595968E+017
   8.8935899999999998E-003   1.9477667211444867E+017
   8.8935300000000002E-003   1.9700712184415056E+017
   8.8934800000000005E-003   1.9921056588061821E+017
   8.8934300000000008E-003   2.0138789437710179E+017
   8.8933699999999994E-003   2.0354007184868864E+017
   8.8933199999999997E-003   2.0566801633761571E+017
   8.8932700000000000E-003   2.0777257897678714E+017
   8.8932200000000003E-003   2.1037031323072000E+017
   8.8931500000000007E-003   2.1344454668149562E+017
   8.8930799999999994E-003   2.1597209334495590E+017
   8.8930299999999997E-003   2.1797092599625293E+017
   8.8929800000000000E-003   2.1995070481906285E+017
   8.8929300000000003E-003   2.2191206131686448E+017
   8.8928900000000005E-003   2.2481830626683165E+017
   8.8927999999999993E-003   2.2863733095518109E+017
   8.8927099999999999E-003   2.3146118558443242E+017
   8.8926600000000001E-003   2.3332256494049958E+017
   8.8926200000000004E-003   2.3608386147390970E+017
   8.8925299999999992E-003   2.3971685961717546E+017
   8.8924499999999997E-003   2.4240639562513581E+017
   8.8924099999999999E-003   2.4418107711793635E+017
   8.8923700000000001E-003   2.4681657257992723E+017
   8.8922900000000006E-003   2.5028874219841312E+017
   8.8922099999999994E-003   2.5371240439779162E+017
   8.8921299999999998E-003   2.5708939161351405E+017
   8.8920500000000003E-003   2.6058854817458957E+017
   8.8919700000000008E-003   2.6518039323474970E+017
   8.8918399999999998E-003   2.6985764089163571E+017
   8.8917500000000003E-003   2.7271976253061683E+017
   8.8917100000000006E-003   2.7554712874117133E+017
   8.8916199999999994E-003   2.7927292018661558E+017
   8.8915399999999999E-003   2.8294767234801504E+017
   8.8914500000000004E-003   2.8657333464448515E+017
   8.8913699999999991E-003   2.9103657487854304E+017
   8.8912499999999998E-003   2.9630207914705645E+017
   8.8911300000000006E-003   3.0232068843998726E+017
   8.8909799999999997E-003   3.0905222697287264E+017
   8.8908300000000006E-003   3.1400637342471270E+017
   8.8907599999999993E-003   3.1726171833124493E+017
   8.8906799999999998E-003   3.2048284079383891E+017
   8.8906100000000002E-003   3.2367087110429933E+017
   8.8905400000000006E-003   3.2721834366239341E+017
   8.8904499999999994E-003   3.3111469213124173E+017
   8.8903699999999999E-003   3.3496423345620858E+017
   8.8902800000000004E-003   3.3876869927324134E+017
   8.8901999999999991E-003   3.4364711701753344E+017
   8.8900699999999999E-003   3.4955952994695616E+017
   8.8899400000000007E-003   3.5608986536235904E+017
   8.8897799999999999E-003   3.6320956797461869E+017
   8.8896300000000008E-003   3.7093474331226061E+017
   8.8894400000000002E-003   3.7923212280005414E+017
   8.8892599999999995E-003   3.8534059087594349E+017
   8.8891800000000000E-003   3.8935442011407450E+017
   8.8890900000000005E-003   3.9594390424058054E+017
   8.8888900000000000E-003   4.0499607711640934E+017
   8.8886999999999994E-003   4.1322242311239072E+017
   8.8885400000000003E-003   4.1882300287887443E+017
   8.8884600000000008E-003   4.2251156462333946E+017
   8.8883799999999995E-003   4.2677243755854035E+017
   8.8882800000000001E-003   4.3159025477152301E+017
   8.8881700000000008E-003   4.3870928273369478E+017
   8.8879700000000002E-003   4.4802943343433197E+017
   8.8877799999999996E-003   4.5715482989750387E+017
   8.8875900000000008E-003   4.6388374101661741E+017
   8.8874899999999996E-003   4.6831160875161562E+017
   8.8874000000000002E-003   4.7378573182863162E+017
   8.8872599999999993E-003   4.8027493779257120E+017
   8.8871300000000000E-003   4.8878774789322150E+017
   8.8869099999999996E-003   4.9923427202985466E+017
   8.8866899999999992E-003   5.0899663975455808E+017
   8.8865000000000003E-003   5.1810991102988006E+017
   8.8863199999999996E-003   5.2713216753263373E+017
   8.8861300000000008E-003   5.3606842587445690E+017
   8.8859500000000001E-003   5.4630467102412461E+017
   8.8857099999999998E-003   5.5777801107583104E+017
   8.8854799999999994E-003   5.6901963653900237E+017
   8.8852600000000007E-003   5.8004380899227955E+017
   8.8850400000000003E-003   5.9086332979331238E+017
   8.8848199999999999E-003   6.0148993596273549E+017
   8.8846099999999994E-003   6.0999422022713037E+017
   8.8844800000000002E-003   6.1645365303622848E+017
   8.8843499999999992E-003   6.2284713890627981E+017
   8.8842200000000000E-003   6.2917666193747226E+017
   8.8841000000000007E-003   6.3854692187162522E+017
   8.8838500000000004E-003   6.5084313159641190E+017
   8.8836100000000001E-003   6.6410260133309197E+017
   8.8833300000000000E-003   6.7827571965037414E+017
   8.8830500000000000E-003   6.9153517024444442E+017
   8.8828099999999997E-003   7.0393008021445427E+017
   8.8825699999999994E-003   7.1761672999704794E+017
   8.8822699999999994E-003   7.3265717220224422E+017
   8.8819899999999993E-003   7.4753223132913997E+017
   8.8817099999999993E-003   7.6224538567899379E+017
   8.8814299999999992E-003   7.7323254674357376E+017
   8.8813000000000000E-003   7.8417686521286182E+017
   8.8810299999999998E-003   7.9506604033117632E+017
   8.8809000000000006E-003   8.0373499331776883E+017
   8.8807199999999999E-003   8.1381598502139110E+017
   8.8805399999999993E-003   8.2382465122793536E+017
   8.8803600000000003E-003   8.3376234105172224E+017
   8.8801799999999997E-003   8.4712288725928806E+017
   8.8798899999999997E-003   8.6384007608444122E+017
   8.8795999999999996E-003   8.8051153092303757E+017
   8.8793099999999996E-003   8.9714030826247181E+017
   8.8790299999999996E-003   9.1629235505320589E+017
   8.8786600000000000E-003   9.3789946212022336E+017
   8.8783100000000004E-003   9.5397377507083776E+017
   8.8781299999999997E-003   9.6464925558290598E+017
   8.8779500000000008E-003   9.8060446477888141E+017
   8.8776099999999993E-003   1.0017216017054945E+018
   8.8772699999999996E-003   1.0226195266726755E+018
   8.8769399999999998E-003   1.0433096239414262E+018
   8.8766200000000000E-003   1.0664546166115059E+018
   8.8762200000000006E-003   1.0919826414847091E+018
   8.8758299999999995E-003   1.1172893266882387E+018
   8.8754500000000000E-003   1.1423864137858086E+018
   8.8750700000000005E-003   1.1672394420069181E+018
   8.8746999999999993E-003   1.1918604377475374E+018
   8.8743399999999997E-003   1.2114781815905736E+018
   8.8741299999999992E-003   1.2262188708137377E+018
   8.8739200000000004E-003   1.2408520912122048E+018
   8.8737099999999999E-003   1.2553807133005345E+018
   8.8734999999999994E-003   1.2771373448580675E+018
   8.8730900000000001E-003   1.3059355108677015E+018
   8.8726900000000008E-003   1.3369199179030656E+018
   8.8722200000000001E-003   1.3700190443434222E+018
   8.8717699999999993E-003   1.4028874588725524E+018
   8.8713300000000002E-003   1.4355418969474271E+018
   8.8708899999999993E-003   1.4610190899329818E+018
   8.8706500000000008E-003   1.4795195659613757E+018
   8.8704000000000005E-003   1.4979647349005770E+018
   8.8701600000000002E-003   1.5163570957093427E+018
   8.8699199999999999E-003   1.5392759170111370E+018
   8.8695700000000002E-003   1.5666189115924344E+018
   8.8692200000000006E-003   1.5985593998733622E+018
   8.8687499999999999E-003   1.6349598322321085E+018
   8.8683000000000008E-003   1.6711269545058373E+018
   8.8678500000000000E-003   1.7070750816165491E+018
   8.8674099999999992E-003   1.7338371913498255E+018
   8.8671900000000005E-003   1.7516395310091116E+018
   8.8669800000000000E-003   1.7717863027242557E+018
   8.8666999999999999E-003   1.7942362891826048E+018
   8.8664399999999997E-003   1.8277828081416463E+018
   8.8658999999999995E-003   1.8721103508290350E+018
   8.8653900000000008E-003   1.9050689015632310E+018
   8.8651300000000006E-003   1.9269746527965750E+018
   8.8648800000000003E-003   1.9512338893868035E+018
   8.8645700000000004E-003   1.9778023561881178E+018
   8.8642700000000005E-003   2.0041646838488410E+018
   8.8639700000000005E-003   2.0303264672039365E+018
   8.8636700000000006E-003   2.0566828960863288E+018
   8.8633700000000006E-003   2.0832311314732042E+018
   8.8630800000000006E-003   2.1229804296396134E+018
   8.8624900000000006E-003   2.1755426124417267E+018
   8.8619200000000006E-003   2.2146504934785024E+018
   8.8616400000000005E-003   2.2406909565718205E+018
   8.8613600000000004E-003   2.2691798145299126E+018
   8.8610200000000007E-003   2.3000695841387727E+018
   8.8606899999999992E-003   2.3307190455232056E+018
   8.8603699999999994E-003   2.3767032711895572E+018
   8.8597299999999997E-003   2.4226766242625782E+018
   8.8594099999999999E-003   2.4533367960576307E+018
   8.8590900000000000E-003   2.4837734847082291E+018
   8.8587800000000001E-003   2.5254260453189243E+018
   8.8582399999999999E-003   2.5779971290906184E+018
   8.8577099999999995E-003   2.6307960342556344E+018
   8.8571699999999993E-003   2.6838216935554166E+018
   8.8566500000000006E-003   2.7346058166627108E+018
   8.8561700000000000E-003   2.7832236993835059E+018
   8.8556899999999994E-003   2.8228345418775567E+018
   8.8553899999999994E-003   2.8536483670230042E+018
   8.8550899999999995E-003   2.9026546104032323E+018
   8.8544499999999998E-003   2.9693603632114145E+018
   8.8538200000000001E-003   3.0215017172848343E+018
   8.8534600000000005E-003   3.0594122669802373E+018
   8.8530999999999992E-003   3.1141215607503805E+018
   8.8524099999999998E-003   3.1844814557439094E+018
   8.8517400000000003E-003   3.2582796300088602E+018
   8.8509899999999996E-003   3.3358311352851364E+018
   8.8502500000000005E-003   3.3964419611381161E+018
   8.8498299999999995E-003   3.4407403616244449E+018
   8.8494200000000002E-003   3.4854495024844257E+018
   8.8489999999999992E-003   3.5306353655913175E+018
   8.8485899999999999E-003   3.5935636322023864E+018
   8.8478700000000007E-003   3.6741648407362324E+018
   8.8471699999999997E-003   3.7450807147423416E+018
   8.8466399999999994E-003   3.8063057392677555E+018
   8.8461100000000008E-003   3.8629398333874104E+018
   8.8456600000000000E-003   3.9410010580128246E+018
   8.8447899999999999E-003   4.0487298853409848E+018
   8.8438500000000003E-003   4.1321807073617106E+018
   8.8433899999999996E-003   4.1872635269741757E+018
   8.8429400000000005E-003   4.2693100924540948E+018
   8.8420500000000006E-003   4.3774891606086062E+018
   8.8411800000000006E-003   4.4812062673219118E+018
   8.8403800000000001E-003   4.5666722815403863E+018
   8.8398100000000000E-003   4.6373558777672940E+018
   8.8392599999999998E-003   4.7402659547187507E+018
   8.8381999999999992E-003   4.8742808757598996E+018
   8.8371700000000001E-003   5.0100565649446646E+018
   8.8361099999999995E-003   5.1475444071891599E+018
   8.8350800000000004E-003   5.2700825836427448E+018
   8.8342700000000000E-003   5.3782599964495053E+018
   8.8334699999999995E-003   5.5105903765924239E+018
   8.8323199999999994E-003   5.6275377088356731E+018
   8.8317599999999993E-003   5.7047046611531878E+018
   8.8312000000000009E-003   5.8122678667136983E+018
   8.8302099999999998E-003   5.9493162071625902E+018
   8.8292500000000003E-003   6.0558131693501665E+018
   8.8287000000000001E-003   6.1326541073969551E+018
   8.8281699999999998E-003   6.2303130904230001E+018
   8.8273399999999995E-003   6.3482536196004639E+018
   8.8265300000000008E-003   6.4980133406067681E+018
   8.8252799999999996E-003   6.6373312181004472E+018
   8.8246200000000000E-003   6.7486120307062989E+018
   8.8237799999999998E-003   6.8731278317741271E+018
   8.8229499999999995E-003   7.0256159985346662E+018
   8.8217499999999997E-003   7.1604831913232876E+018
   8.8211599999999998E-003   7.2495619058127892E+018
   8.8205799999999997E-003   7.3874373390065306E+018
   8.8193700000000000E-003   7.5265775994142464E+018
   8.8187700000000001E-003   7.6184843937996472E+018
   8.8181800000000001E-003   7.7188404845426483E+018
   8.8174900000000007E-003   7.8274544129314847E+018
   8.8167999999999996E-003   7.9658577989692580E+018
   8.8157400000000007E-003   8.1331052819996017E+018
   8.8147000000000000E-003   8.2732009230761042E+018
   8.8139900000000007E-003   8.3869853628838451E+018
   8.8132899999999997E-003   8.5008016399888445E+018
   8.8125800000000004E-003   8.6774021712496998E+018
   8.8111300000000004E-003   8.9134593927610890E+018
   8.8097100000000001E-003   9.1539522791103498E+018
   8.8082300000000002E-003   9.3377990878379377E+018
   8.8075099999999993E-003   9.4590194710477804E+018
   8.8067900000000001E-003   9.6475638400421294E+018
   8.8052800000000004E-003   9.9005464153489121E+018
   8.8038200000000004E-003   1.0157707119764253E+019
   8.8022799999999991E-003   1.0353986972523221E+019
   8.8015300000000001E-003   1.0483035105190822E+019
   8.8007899999999993E-003   1.0615390956747315E+019
   8.8000000000000005E-003   1.0750783990484265E+019
   8.7992200000000000E-003   1.0884616128159609E+019
   8.7984499999999993E-003   1.1016844034570781E+019
   8.7977000000000003E-003   1.1152268271789853E+019
   8.7968899999999999E-003   1.1290563522724813E+019
   8.7960999999999994E-003   1.1494461778950392E+019
   8.7945499999999999E-003   1.1698628859450257E+019
   8.7937299999999996E-003   1.1838715427992480E+019
   8.7929199999999992E-003   1.1976595250923555E+019
   8.7921300000000004E-003   1.2112259361801443E+019
   8.7913399999999999E-003   1.2251204587069719E+019
   8.7905099999999996E-003   1.2391976423674434E+019
   8.7896799999999994E-003   1.2530106321966303E+019
   8.7888700000000007E-003   1.2665785973052244E+019
   8.7880700000000003E-003   1.2803837244410198E+019
   8.7872200000000001E-003   1.2943850039289137E+019
   8.7863799999999999E-003   1.3080957251009522E+019
   8.7855499999999996E-003   1.3215418236789379E+019
   8.7847299999999993E-003   1.3351965880990802E+019
   8.7838699999999992E-003   1.3490247856117266E+019
   8.7830100000000008E-003   1.3625390002482760E+019
   8.7821700000000006E-003   1.3757858297029134E+019
   8.7813300000000004E-003   1.3892200314198534E+019
   8.7804500000000004E-003   1.4028331176288866E+019
   8.7795800000000004E-003   1.4161327026932017E+019
   8.7787200000000003E-003   1.4291965212946186E+019
   8.7778700000000001E-003   1.4424647253562081E+019
   8.7769700000000003E-003   1.4559410757588367E+019
   8.7760800000000003E-003   1.4691369363239748E+019
   8.7752100000000003E-003   1.4821353924394985E+019
   8.7743400000000003E-003   1.4953753096128094E+019
   8.7734300000000005E-003   1.5088638654800292E+019
   8.7725200000000007E-003   1.5221160275753161E+019
   8.7716300000000007E-003   1.5352101526967499E+019
   8.7707500000000008E-003   1.5486137581259262E+019
   8.7698199999999994E-003   1.5622483040600748E+019
   8.7688999999999996E-003   1.5755286348533211E+019
   8.7679899999999998E-003   1.5890108150590171E+019
   8.7670900000000000E-003   1.6103665805489514E+019
   8.7652100000000007E-003   1.6385117924022895E+019
   8.7633699999999995E-003   1.6594527404153846E+019
   8.7624000000000000E-003   1.6739695336484606E+019
   8.7614500000000005E-003   1.6883097442802545E+019
   8.7605100000000009E-003   1.7029142497054982E+019
   8.7595799999999995E-003   1.7262626447914965E+019
   8.7576300000000006E-003   1.7569319025858001E+019
   8.7557299999999998E-003   1.7796794088342338E+019
   8.7547300000000005E-003   1.7955607440851583E+019
   8.7537499999999994E-003   1.8194004843190065E+019
   8.7518200000000004E-003   1.8518736551777518E+019
   8.7498000000000003E-003   1.8763888326341743E+019
   8.7488099999999992E-003   1.8929810270070780E+019
   8.7478299999999998E-003   1.9195767401925386E+019
   8.7457799999999999E-003   1.9543483969311302E+019
   8.7437799999999996E-003   1.9890158428508897E+019
   8.7416899999999999E-003   2.0155126986822431E+019
   8.7406600000000008E-003   2.0331163096083845E+019
   8.7396499999999998E-003   2.0609343957850132E+019
   8.7375300000000003E-003   2.0980389247912337E+019
   8.7354600000000004E-003   2.1359021260956316E+019
   8.7332999999999994E-003   2.1744817634341818E+019
   8.7311899999999998E-003   2.2032037433928507E+019
   8.7300799999999994E-003   2.2231393669522760E+019
   8.7289900000000007E-003   2.2538593779539501E+019
   8.7267700000000000E-003   2.2943307021022585E+019
   8.7246100000000007E-003   2.3348162442898801E+019
   8.7224199999999998E-003   2.3768213716460298E+019
   8.7201399999999995E-003   2.4196207765760893E+019
   8.7179200000000005E-003   2.4514234884270580E+019
   8.7167500000000005E-003   2.4850579904157315E+019
   8.7144600000000003E-003   2.5235054351873589E+019
   8.7127400000000001E-003   2.5572837132849971E+019
   8.7109700000000002E-003   2.5972236922413949E+019
   8.7086600000000000E-003   2.6436120618623300E+019
   8.7062500000000004E-003   2.6843238553420431E+019
   8.7044900000000005E-003   2.7194408961866854E+019
   8.7026699999999992E-003   2.7560451517915955E+019
   8.7008499999999996E-003   2.7921525854476599E+019
   8.6990599999999998E-003   2.8272128719426515E+019
   8.6973199999999997E-003   2.8612298337504383E+019
   8.6956199999999994E-003   2.8915548984991785E+019
   8.6942200000000008E-003   2.9188283042457932E+019
   8.6928500000000002E-003   2.9480634773956182E+019
   8.6912699999999992E-003   2.9786191225987670E+019
   8.6897199999999997E-003   3.0090784058448007E+019
   8.6881100000000006E-003   3.0401484232978379E+019
   8.6865199999999997E-003   3.0784167772183826E+019
   8.6842499999999993E-003   3.1208688530274497E+019
   8.6820300000000003E-003   3.1551868422553686E+019
   8.6804099999999995E-003   3.1845052208982811E+019
   8.6788200000000003E-003   3.2212843726175429E+019
   8.6764900000000002E-003   3.2618826686893490E+019
   8.6742099999999999E-003   3.2946545814208700E+019
   8.6725299999999995E-003   3.3220758918362927E+019
   8.6708800000000006E-003   3.3486499436568715E+019
   8.6692100000000001E-003   3.3747965113833021E+019
   8.6675699999999994E-003   3.4064959576159621E+019
   8.6652099999999996E-003   3.4408682496836411E+019
   8.6628999999999994E-003   3.4706559639002534E+019
   8.6608399999999995E-003   3.4976224194371604E+019
   8.6588299999999993E-003   3.5231735320589951E+019
   8.6567699999999994E-003   3.5478514901963342E+019
   8.6547599999999992E-003   3.5735002098905141E+019
   8.6523599999999996E-003   3.5995457588537123E+019
   8.6500299999999995E-003   3.6240628349656396E+019
   8.6476299999999999E-003   3.6467451542126318E+019
   8.6452999999999999E-003   3.6638863161371087E+019
   8.6435999999999995E-003   3.6791086789063254E+019
   8.6419300000000008E-003   3.7013108474758898E+019
   8.6388500000000000E-003   3.7272749753496412E+019
   8.6358800000000003E-003   3.7466197563808293E+019
   8.6338200000000004E-003   3.7629885881556926E+019
   8.6318200000000001E-003   3.7798860161952391E+019
   8.6297700000000001E-003   3.7969092747978179E+019
   8.6277799999999998E-003   3.8232141249155072E+019
   8.6237799999999993E-003   3.8500892966541214E+019
   8.6217700000000008E-003   3.8690533369559130E+019
   8.6198100000000003E-003   3.8925905260491620E+019
   8.6171000000000008E-003   3.9134910356503994E+019
   8.6157800000000000E-003   3.9277168472463802E+019
   8.6144800000000007E-003   3.9506193464672715E+019
   8.6117699999999995E-003   3.9743279908546748E+019
   8.6104500000000004E-003   3.9948775393549230E+019
   8.6084600000000001E-003   4.0207608124809462E+019
   8.6064300000000000E-003   4.0431513136116113E+019
   8.6051099999999991E-003   4.0711453177836298E+019
   8.6024299999999995E-003   4.1003323044042752E+019
   8.6010800000000005E-003   4.1203859466528956E+019
   8.5997499999999998E-003   4.1463175177190105E+019
   8.5977499999999995E-003   4.1790004238320919E+019
   8.5956999999999995E-003   4.2072457985167933E+019
   8.5943600000000005E-003   4.2300492014910153E+019
   8.5930499999999996E-003   4.2662342954169860E+019
   8.5902900000000004E-003   4.3100990565173199E+019
   8.5882700000000003E-003   4.3422337483132592E+019
   8.5869099999999997E-003   4.3760528827691819E+019
   8.5848299999999999E-003   4.4245608649435095E+019
   8.5821300000000003E-003   4.4673334701483287E+019
   8.5807100000000001E-003   4.5048761046765634E+019
   8.5786200000000003E-003   4.5501090408552145E+019
   8.5765800000000003E-003   4.6053006473090245E+019
   8.5737299999999999E-003   4.6583485132909715E+019
   8.5719699999999999E-003   4.6999139872548241E+019
   8.5702299999999999E-003   4.7515109069344932E+019
   8.5677199999999992E-003   4.8125556296634778E+019
   8.5652599999999999E-003   4.8805672725555192E+019
   8.5623299999999999E-003   4.9361705712276947E+019
   8.5608999999999998E-003   4.9736564768641655E+019
   8.5594799999999995E-003   5.0378465926940557E+019
   8.5561000000000005E-003   5.1280417745435361E+019
   8.5528199999999992E-003   5.1995579355368079E+019
   8.5509300000000000E-003   5.2680758485989188E+019
   8.5479300000000005E-003   5.3602119659039793E+019
   8.5445000000000000E-003   5.4432381165445005E+019
   8.5422199999999997E-003   5.5056483553748017E+019
   8.5402599999999992E-003   5.5641157080825192E+019
   8.5383200000000003E-003   5.6367413993498018E+019
   8.5355399999999994E-003   5.7199360703213216E+019
   8.5328100000000000E-003   5.7997565557567947E+019
   8.5304000000000005E-003   5.8747391876858765E+019
   8.5280300000000007E-003   5.9392903258536305E+019
   8.5263800000000001E-003   5.9922357226597859E+019
   8.5247499999999993E-003   6.0695995064270316E+019
   8.5216200000000006E-003   6.1733819275252097E+019
   8.5185599999999997E-003   6.2506949235737960E+019
   8.5169800000000004E-003   6.3041319383274234E+019
   8.5154199999999992E-003   6.3700027332730356E+019
   8.5131700000000005E-003   6.4477734036686103E+019
   8.5109499999999998E-003   6.5482486673075667E+019
   8.5074899999999995E-003   6.6736145869789905E+019
   8.5039799999999995E-003   6.8104616806595412E+019
   8.5000400000000004E-003   6.9340859489910481E+019
   8.4973400000000008E-003   7.0372577891677503E+019
   8.4945999999999997E-003   7.1647251621166031E+019
   8.4907400000000001E-003   7.3353030739323224E+019
   8.4858999999999993E-003   7.4738132230909149E+019
   8.4837599999999999E-003   7.5594263058482282E+019
   8.4816500000000003E-003   7.6602944918141518E+019
   8.4788099999999998E-003   7.7786801119940526E+019
   8.4758899999999998E-003   7.8989360262308758E+019
   8.4730099999999996E-003   8.0211921193654927E+019
   8.4700399999999999E-003   8.1467403202351383E+019
   8.4670600000000002E-003   8.2727732715225088E+019
   8.4641200000000003E-003   8.3799267385306055E+019
   8.4620500000000005E-003   8.5118422982821822E+019
   8.4579800000000004E-003   8.7151511912574501E+019
   8.4527900000000000E-003   8.9098489392108274E+019
   8.4491500000000008E-003   9.0612415664388571E+019
   8.4459700000000006E-003   9.2052230639010152E+019
   8.4427300000000007E-003   9.4009939404439110E+019
   8.4373099999999999E-003   9.6052974923074650E+019
   8.4337500000000003E-003   9.7311572719427469E+019
   8.4318299999999995E-003   9.8746533632966853E+019
   8.4275700000000005E-003   1.0071789268078830E+020
   8.4233899999999994E-003   1.0223771486096846E+020
   8.4210900000000009E-003   1.0331905178007509E+020
   8.4188100000000005E-003   1.0491386981177444E+020
   8.4144000000000007E-003   1.0700063072880558E+020
   8.4100700000000004E-003   1.0847058300726016E+020
   8.4082700000000007E-003   1.0933691903998165E+020
   8.4064799999999992E-003   1.1080605303809720E+020
   8.4022200000000002E-003   1.1286641870478005E+020
   8.3980300000000008E-003   1.1440501212144379E+020
   8.3958699999999997E-003   1.1546836144659948E+020
   8.3937200000000003E-003   1.1697210321945433E+020
   8.3898099999999993E-003   1.1890893978933192E+020
   8.3859499999999997E-003   1.2055257830208124E+020
   8.3832500000000001E-003   1.2191005737451646E+020
   8.3805700000000004E-003   1.2345834659672695E+020
   8.3771399999999999E-003   1.2519392362364879E+020
   8.3737499999999992E-003   1.2717221372097505E+020
   8.3694200000000007E-003   1.2938590735475812E+020
   8.3651699999999999E-003   1.3142066187888958E+020
   8.3615600000000005E-003   1.3405101911580772E+020
   8.3551000000000007E-003   1.3649731648613351E+020
   8.3522400000000004E-003   1.3810331535466494E+020
   8.3490500000000002E-003   1.3979323146892653E+020
   8.3458999999999998E-003   1.4240327265220952E+020
   8.3393400000000006E-003   1.4590933447172484E+020
   8.3329400000000005E-003   1.4953423005058082E+020
   8.3260899999999995E-003   1.5327475844827451E+020
   8.3193899999999994E-003   1.5611826700909347E+020
   8.3157800000000000E-003   1.5813030298540802E+020
   8.3122200000000004E-003   1.6026081999520295E+020
   8.3082299999999998E-003   1.6250861702226120E+020
   8.3043000000000006E-003   1.6464221263979715E+020
   8.3007500000000008E-003   1.6666487060082488E+020
   8.2972500000000008E-003   1.6909448691911619E+020
   8.2923400000000005E-003   1.7192319749610052E+020
   8.2875099999999997E-003   1.7506254017276284E+020
   8.2816200000000000E-003   1.7850151866161093E+020
   8.2758499999999995E-003   1.8171663225804918E+020
   8.2707800000000001E-003   1.8472161161351024E+020
   8.2658000000000002E-003   1.8783434266147419E+020
   8.2603899999999994E-003   1.9077438987603398E+020
   8.2561600000000002E-003   1.9334325047979983E+020
   8.2519900000000007E-003   1.9680614095665136E+020
   8.2449299999999993E-003   2.0114294723909448E+020
   8.2380200000000004E-003   2.0524443558778195E+020
   8.2318700000000005E-003   2.0909959298208232E+020
   8.2258200000000000E-003   2.1269597212730868E+020
   8.2204700000000006E-003   2.1734803504153664E+020
   8.2113700000000008E-003   2.2145826020909384E+020
   8.2077699999999996E-003   2.2380271605686770E+020
   8.2041900000000001E-003   2.2729606838302025E+020
   8.1971400000000003E-003   2.3191686608962709E+020
   8.1902299999999997E-003   2.3566472317341932E+020
   8.1858899999999995E-003   2.3855715845781570E+020
   8.1816100000000006E-003   2.4195551571565878E+020
   8.1758400000000002E-003   2.4585153575313270E+020
   8.1701499999999993E-003   2.5018314227675739E+020
   8.1632100000000006E-003   2.5600639246624247E+020
   8.1533400000000002E-003   2.6189473431173651E+020
   8.1463400000000002E-003   2.6575080673562676E+020
   8.1423899999999994E-003   2.7011103597996510E+020
   8.1341000000000000E-003   2.7599666494367580E+020
   8.1259599999999998E-003   2.8046658457956424E+020
   8.1216900000000009E-003   2.8356091926839997E+020
   8.1174600000000000E-003   2.8663885391932329E+020
   8.1132700000000006E-003   2.8970251467593236E+020
   8.1091199999999992E-003   2.9446866726544432E+020
   8.1004100000000006E-003   3.0090782259461115E+020
   8.0918599999999993E-003   3.0749649455912242E+020
   8.0829300000000003E-003   3.1423275064887214E+020
   8.0741700000000003E-003   3.1935685419158490E+020
   8.0695799999999998E-003   3.2289679839604100E+020
   8.0650199999999991E-003   3.2642075428365317E+020
   8.0605099999999999E-003   3.2992910582040212E+020
   8.0560500000000004E-003   3.3538871656661195E+020
   8.0466700000000006E-003   3.4276328361541435E+020
   8.0374799999999996E-003   3.4834627149092389E+020
   8.0326500000000006E-003   3.5222189034880939E+020
   8.0278699999999995E-003   3.5608066261695352E+020
   8.0231399999999998E-003   3.5992281660529384E+020
   8.0184499999999999E-003   3.6589929633726503E+020
   8.0086099999999993E-003   3.7397755586674426E+020
   7.9989599999999994E-003   3.8222763277050826E+020
   7.9888800000000003E-003   3.9068472414115837E+020
   7.9790000000000000E-003   3.9712200298619902E+020
   7.9738099999999996E-003   4.0156830694467974E+020
   7.9686700000000006E-003   4.0599627107215927E+020
   7.9635799999999996E-003   4.1040706351244784E+020
   7.9585400000000001E-003   4.1726576897037638E+020
   7.9479700000000004E-003   4.2653925225986838E+020
   7.9375999999999995E-003   4.3356061216033794E+020
   7.9321600000000006E-003   4.3843601248922396E+020
   7.9267699999999996E-003   4.4329220980564263E+020
   7.9214300000000001E-003   4.4812941848784968E+020
   7.9161500000000003E-003   4.5565273357604402E+020
   7.9050600000000002E-003   4.6582746827733742E+020
   7.8941800000000006E-003   4.7623865288815195E+020
   7.8828300000000004E-003   4.8689975498468517E+020
   7.8716900000000006E-003   4.9501907916189204E+020
   7.8658500000000006E-003   5.0062746430666441E+020
   7.8600700000000003E-003   5.0621521321076090E+020
   7.8543399999999996E-003   5.1178352483275945E+020
   7.8486700000000003E-003   5.2043924775920717E+020
   7.8367699999999998E-003   5.3214965113366879E+020
   7.8250899999999998E-003   5.4102458056980798E+020
   7.8189799999999997E-003   5.4718343745833796E+020
   7.8129099999999993E-003   5.5637385396612760E+020
   7.8009600000000000E-003   5.6895454664633444E+020
   7.7885000000000003E-003   5.7862955718961260E+020
   7.7823600000000003E-003   5.8503680344602588E+020
   7.7762700000000001E-003   5.9500444309148362E+020
   7.7635100000000004E-003   6.0849570075472364E+020
   7.7509900000000001E-003   6.1872178915700205E+020
   7.7444400000000000E-003   6.2582124091183320E+020
   7.7379399999999996E-003   6.3476687013976841E+020
   7.7281099999999998E-003   6.4556405229681023E+020
   7.7184200000000001E-003   6.5651694943156371E+020
   7.7084700000000003E-003   6.6765280356338539E+020
   7.6986600000000004E-003   6.7908724179105166E+020
   7.6883899999999998E-003   6.9081111419457543E+020
   7.6782600000000001E-003   7.0272422225963070E+020
   7.6678600000000003E-003   7.1849973657871018E+020
   7.6514199999999999E-003   7.3553916497220443E+020
   7.6391799999999998E-003   7.5035073365931694E+020
   7.6268300000000002E-003   7.6546233695269316E+020
   7.6143599999999997E-003   7.8288497735807035E+020
   7.5985899999999997E-003   8.0062288223655546E+020
   7.5859400000000002E-003   8.1689987462198421E+020
   7.5728400000000000E-003   8.3365058153813928E+020
   7.5597399999999997E-003   8.4967957879812325E+020
   7.5480299999999998E-003   8.6459096961990669E+020
   7.5368700000000002E-003   8.8239127634818721E+020
   7.5210299999999997E-003   9.0158809600869650E+020
   7.5079900000000000E-003   9.1811098206168115E+020
   7.4963199999999999E-003   9.3502302523332978E+020
   7.4825300000000003E-003   9.5463329035617200E+020
   7.4674099999999998E-003   9.7173125172741761E+020
   7.4574699999999999E-003   9.8735052772943869E+020
   7.4434899999999997E-003   1.0071273772198153E+021
   7.4270500000000001E-003   1.0257780265400584E+021
   7.4112099999999997E-003   1.0433132445564256E+021
   7.3965400000000001E-003   1.0551684892910011E+021
   7.3824900000000002E-003   1.0637320460736245E+021
   7.3666000000000001E-003   1.0584994790992763E+021
   7.3603300000000000E-003   1.0690374477023988E+021
   7.3454799999999997E-003   1.0431482900903752E+021
   7.3260399999999998E-003   1.0364699762901322E+021
   7.3122500000000002E-003   9.9500021375444740E+020
   7.2989300000000003E-003   9.2831632187231240E+020
   7.2837800000000001E-003   8.9109082833661146E+020
   7.2698900000000002E-003   8.6826712809858977E+020
   7.2639999999999996E-003   8.3500558124382211E+020
   7.2581399999999997E-003   8.0511801514170555E+020
   7.2438399999999997E-003   7.8065303888486452E+020
   7.2380999999999999E-003   7.6744067863154957E+020
   7.2315399999999998E-003   7.4228504043127544E+020
   7.2264399999999998E-003   7.4224419044344149E+020
   7.2183500000000001E-003   7.3057006697732047E+020
   7.2131699999999997E-003   7.1503172328852449E+020
   7.2083099999999999E-003   7.0729646604558598E+020
   7.2039100000000000E-003   7.1143861507971482E+020
   7.1986600000000000E-003   7.0029255306768142E+020
   7.1928599999999997E-003   6.9419596498393838E+020
   7.1871000000000001E-003   6.9488157190947773E+020
   7.1836000000000001E-003   6.9591080912045749E+020
   7.1788299999999998E-003   6.9492455139499770E+020
   7.1764600000000000E-003   6.9514585661543049E+020
   7.1746800000000001E-003   6.9627806924700765E+020
   7.1705099999999997E-003   6.9830783267808936E+020
   7.1681300000000000E-003   7.0015962229012968E+020
   7.1648199999999997E-003   7.0236564277119707E+020
   7.1621000000000002E-003   7.0620686912893524E+020
   7.1560599999999997E-003   7.1203857965706917E+020
   7.1515299999999997E-003   7.1739130117339873E+020
   7.1464099999999997E-003   7.2592580428280404E+020
   7.1404199999999998E-003   7.3429238420076141E+020
   7.1357100000000000E-003   7.4187600212311946E+020
   7.1312099999999998E-003   7.5034987845711167E+020
   7.1268599999999996E-003   7.5777312518584363E+020
   7.1228999999999997E-003   7.6683881997258863E+020
   7.1178700000000001E-003   7.7420472228904580E+020
   7.1157900000000003E-003   7.8066505962414290E+020
   7.1116699999999996E-003   7.8841937771869988E+020
   7.1089200000000003E-003   7.9586338204706616E+020
   7.1048200000000004E-003   8.0281200837632957E+020
   7.1027699999999996E-003   8.0969643215456698E+020
   7.0987799999999998E-003   8.1882162747216062E+020
   7.0949000000000003E-003   8.2568834921943282E+020
   7.0929599999999997E-003   8.3104579033176487E+020
   7.0904399999999999E-003   8.4008171141876154E+020
   7.0854300000000002E-003   8.5219722528385768E+020
   7.0804300000000004E-003   8.6441224583170464E+020
   7.0754600000000004E-003   8.7362390728031221E+020
   7.0729800000000004E-003   8.7888898705663853E+020
   7.0711300000000001E-003   8.8578573625355849E+020
   7.0674300000000004E-003   8.9495423268378444E+020
   7.0637900000000003E-003   9.0396965239804487E+020
   7.0602099999999999E-003   9.1280946135307072E+020
   7.0566900000000000E-003   9.2147095599313021E+020
   7.0532299999999997E-003   9.3145190645133712E+020
   7.0487099999999997E-003   9.4059001523445288E+020
   7.0459299999999997E-003   9.4748869974778524E+020
   7.0431499999999998E-003   9.5647489369114044E+020
   7.0385800000000000E-003   9.6644423504165405E+020
   7.0349899999999996E-003   9.7472222987485787E+020
   7.0318300000000002E-003   9.8192741837075802E+020
   7.0290800000000001E-003   9.9103525797855992E+020
   7.0244799999999996E-003   1.0023612699998295E+021
   7.0196800000000004E-003   1.0163022049817766E+021
   7.0134899999999998E-003   1.0262059397916382E+021
   7.0105599999999999E-003   1.0357468591107357E+021
   7.0076399999999999E-003   1.0452278974053497E+021
   7.0032799999999997E-003   1.0531122839877243E+021
   6.9974900000000003E-003   1.0708050561898463E+021
   6.9946100000000001E-003   1.0726609029326474E+021
   6.9917299999999998E-003   1.0796063320889779E+021
   6.9872700000000003E-003   1.0914758261369181E+021
   6.9810100000000002E-003   1.1070791847093412E+021
   6.9773999999999999E-003   1.1159561449888082E+021
   6.9712699999999999E-003   1.1321652401564727E+021
   6.9652300000000002E-003   1.1364192107820585E+021
   6.9617999999999998E-003   1.1440228819191616E+021
   6.9595999999999998E-003   1.1567056334189659E+021
   6.9551999999999999E-003   1.1616626892881837E+021
   6.9498800000000003E-003   1.1873618735280717E+021
   6.9467499999999998E-003   1.1855548225780987E+021
   6.9417400000000001E-003   1.1895957034920643E+021
   6.9392400000000002E-003   1.1947190251170261E+021
   6.9343699999999996E-003   1.2198187560732920E+021
   6.9272700000000001E-003   1.2249655942428654E+021
   6.9224100000000004E-003   1.2393596389921377E+021
   6.9175699999999996E-003   1.2495455451504249E+021
   6.9092600000000004E-003   1.2608558577088216E+021
   6.9048299999999998E-003   1.2733155804507841E+021
   6.9011500000000000E-003   1.2830107281413230E+021
   6.8974800000000001E-003   1.2939484145402451E+021
   6.8947899999999996E-003   1.2956302547736144E+021
   6.8927800000000003E-003   1.3044528040349309E+021
   6.8891100000000004E-003   1.3143115208988914E+021
   6.8875300000000002E-003   1.3224716361311335E+021
   6.8849899999999997E-003   1.3295304324736499E+021
   6.8829499999999997E-003   1.3385019586808670E+021
   6.8813800000000003E-003   1.3411799697808047E+021
   6.8798000000000002E-003   1.3464353093375644E+021
   6.8785100000000000E-003   1.3504441559425509E+021
   6.8772099999999999E-003   1.3542475047599027E+021
   6.8759299999999997E-003   1.3590241032287685E+021
   6.8746600000000003E-003   1.3676914112508220E+021
   6.8720600000000001E-003   1.3728795446275300E+021
   6.8694699999999999E-003   1.3767653620137504E+021
   6.8683399999999997E-003   1.3787478445029426E+021
   6.8672000000000004E-003   1.3887421970055239E+021
   6.8653999999999998E-003   1.3919301923246587E+021
   6.8636000000000001E-003   1.3951188565679423E+021
   6.8618000000000004E-003   1.3983081917229108E+021
   6.8599999999999998E-003   1.4068566675795642E+021
   6.8559600000000004E-003   1.4160266557053715E+021
   6.8519300000000000E-003   1.4301919537739168E+021
   6.8429600000000004E-003   1.4535883715701731E+021
   6.8229700000000002E-003   1.4866341480349775E+021
   6.8050699999999999E-003   1.5156009588840868E+021
   6.7906800000000003E-003   1.5427985524408247E+021
   6.7772800000000001E-003   1.5755074976622046E+021
   6.7575500000000002E-003   1.6134613954526891E+021
   6.7390499999999999E-003   1.6479062503657832E+021
   6.7226200000000003E-003   1.6807832179348262E+021
   6.7062700000000003E-003   1.7141964877656291E+021
   6.6901000000000000E-003   1.7503609722411800E+021
   6.6713600000000003E-003   1.7862586766229622E+021
   6.6557500000000002E-003   1.8198456484095105E+021
   6.6397699999999997E-003   1.8557152851160340E+021
   6.6223799999999998E-003   1.8948951494844267E+021
   6.6038099999999999E-003   1.9402102630661698E+021
   6.5814000000000003E-003   1.9841060053100845E+021
   6.5648000000000000E-003   2.0258517692803286E+021
   6.5448900000000003E-003   2.0719012393195673E+021
   6.5252299999999999E-003   2.1142607410790319E+021
   6.5089299999999996E-003   2.1466748988405910E+021
   6.4982699999999996E-003   2.1817541852776592E+021
   6.4798399999999997E-003   2.2181829822141031E+021
   6.4685400000000001E-003   2.2597522471026746E+021
   6.4461800000000001E-003   2.3081000148822359E+021
   6.4299200000000004E-003   2.3494114114894936E+021
   6.4138199999999998E-003   2.3872657190103464E+021
   6.4006899999999997E-003   2.4214810056346121E+021
   6.3876599999999999E-003   2.4785922626264687E+021
   6.3574499999999997E-003   2.5594106076039060E+021
   6.3277600000000000E-003   2.6192118112158708E+021
   6.3142099999999998E-003   2.6713046979068329E+021
   6.2905499999999998E-003   2.7193226401498656E+021
   6.2804000000000002E-003   2.7689806704494840E+021
   6.2560000000000003E-003   2.8398586020421451E+021
   6.2319300000000001E-003   2.8966665168482992E+021
   6.2180300000000003E-003   2.9382350156530351E+021
   6.2042399999999998E-003   2.9916987243198027E+021
   6.1829099999999998E-003   3.0574646158187823E+021
   6.1618200000000001E-003   3.1131346457967481E+021
   6.1476200000000003E-003   3.1580397968276812E+021
   6.1335100000000000E-003   3.2274887461308297E+021
   6.1044400000000000E-003   3.3223335989719199E+021
   6.0758000000000001E-003   3.4013884481028065E+021
   6.0573800000000002E-003   3.4639884223297597E+021
   6.0391200000000003E-003   3.5149433991070865E+021
   6.0280700000000000E-003   3.5531260104179245E+021
   6.0170800000000002E-003   3.6184771517524628E+021
   5.9908699999999997E-003   3.7305586913153206E+021
   5.9545099999999997E-003   3.8498090938392961E+021
   5.9259800000000000E-003   3.9372189336355477E+021
   5.9080399999999998E-003   4.0155535324510279E+021
   5.8848800000000003E-003   4.1047566882004685E+021
   5.8619600000000003E-003   4.2112790701651526E+021
   5.8308400000000003E-003   4.3371705634501375E+021
   5.7994500000000003E-003   4.4347433876692345E+021
   5.7835700000000000E-003   4.5005930863572665E+021
   5.7677900000000001E-003   4.6019927045309826E+021
   5.7354900000000002E-003   4.7403985247818786E+021
   5.7036200000000004E-003   4.8834188100374616E+021
   5.6707499999999996E-003   5.0308862012359275E+021
   5.6383099999999997E-003   5.1830845706007761E+021
   5.6048599999999997E-003   5.3405100344812178E+021
   5.5718399999999998E-003   5.5026292788134140E+021
   5.5377999999999998E-003   5.6702745103359803E+021
   5.5041900000000000E-003   5.8434057943258885E+021
   5.4695400000000002E-003   6.0219722359084281E+021
   5.4353200000000004E-003   6.1594707192453068E+021
   5.4178200000000003E-003   6.2530662555919717E+021
   5.4004300000000003E-003   6.3970721792925263E+021
   5.3648400000000001E-003   6.5939595351289537E+021
   5.3296899999999998E-003   6.7453580609571583E+021
   5.3117099999999999E-003   6.8485733234075396E+021
   5.2938400000000002E-003   7.0062843023451058E+021
   5.2576699999999999E-003   7.2232411584111743E+021
   5.2211699999999998E-003   7.4474099179429162E+021
   5.1843400000000000E-003   7.6790359384765120E+021
   5.1471700000000004E-003   7.9184026714777793E+021
   5.1096600000000002E-003   8.1657872278331431E+021
   5.0717999999999996E-003   8.4214783291045404E+021
   5.0335900000000001E-003   8.6857774227365340E+021
   4.9950300000000001E-003   8.9589961726979002E+021
   4.9561099999999997E-003   9.2414573424392054E+021
   4.9168199999999997E-003   9.4599120909198447E+021
   4.8969399999999998E-003   9.6083944884959005E+021
   4.8771600000000002E-003   9.7593225356289906E+021
   4.8570899999999997E-003   9.9128738997485584E+021
   4.8371200000000003E-003   1.0113943964785014E+022
   4.8053400000000000E-003   1.0364356168567795E+022
   4.7737900000000000E-003   1.0574117494003857E+022
   4.7532299999999998E-003   1.0741437829522865E+022
   4.7327599999999999E-003   1.0911690378392071E+022
   4.7120000000000000E-003   1.1084828991597190E+022
   4.6913299999999996E-003   1.1260948047073349E+022
   4.6703700000000001E-003   1.1440087152388892E+022
   4.6495000000000000E-003   1.1622343147453554E+022
   4.6283299999999999E-003   1.1807757455578200E+022
   4.6072500000000002E-003   1.1996383770831250E+022
   4.5858699999999997E-003   1.2188324215712995E+022
   4.5645800000000004E-003   1.2383600715739576E+022
   4.5429900000000002E-003   1.2582349106623661E+022
   4.5214799999999996E-003   1.2784622722119354E+022
   4.4996699999999999E-003   1.2990479838617874E+022
   4.4779399999999997E-003   1.3199973003853321E+022
   4.4559200000000004E-003   1.3413275637955917E+022
   4.4339599999999998E-003   1.3630444744978695E+022
   4.4117100000000001E-003   1.3851541974841788E+022
   4.3895300000000000E-003   1.4076702406642070E+022
   4.3670400000000000E-003   1.4305900017790608E+022
   4.3446300000000004E-003   1.4539470797666999E+022
   4.3219100000000000E-003   1.4777382692263662E+022
   4.2992500000000001E-003   1.5019812993677885E+022
   4.2762900000000003E-003   1.5266819046911806E+022
   4.2533900000000001E-003   1.5518098105216373E+022
   4.2302800000000003E-003   1.5774750585099326E+022
   4.2070400000000004E-003   1.6036439717224525E+022
   4.1836699999999996E-003   1.6303323680269505E+022
   4.1601700000000004E-003   1.6575520968461821E+022
   4.1365400000000002E-003   1.6853325789145478E+022
   4.1127799999999999E-003   1.7136789342675131E+022
   4.0888900000000004E-003   1.7426355783632853E+022
   4.0648600000000000E-003   1.7722015906035829E+022
   4.0406900000000004E-003   1.8024043248300461E+022
   4.0163899999999999E-003   1.8332736364482501E+022
   3.9919400000000002E-003   1.8648182691079679E+022
   3.9673499999999997E-003   1.8970599908291901E+022
   3.9426100000000000E-003   1.9300292284294485E+022
   3.9177300000000003E-003   1.9637409900342765E+022
   3.8926899999999999E-003   1.9982140013763432E+022
   3.8675099999999998E-003   2.0335110279568206E+022
   3.8421699999999998E-003   2.0696355425871871E+022
   3.8166699999999999E-003   2.1066611023085367E+022
   3.7910200000000000E-003   2.1446850396280465E+022
   3.7651999999999998E-003   2.1837670163418232E+022
   3.7392100000000002E-003   2.2238212353790971E+022
   3.7130599999999998E-003   2.2647154742208930E+022
   3.6867400000000000E-003   2.3063734478003660E+022
   3.6602499999999999E-003   2.3488058645020924E+022
   3.6335700000000000E-003   2.3920241142462864E+022
   3.6067199999999999E-003   2.4360403392286792E+022
   3.5796900000000000E-003   2.4808672148050237E+022
   3.5524599999999999E-003   2.5265179424027849E+022
   3.5250500000000001E-003   2.5730062472356974E+022
   3.4974400000000001E-003   2.6203463339408418E+022
   3.4696300000000000E-003   2.6685527775252251E+022
   3.4416199999999998E-003   2.7176406603506630E+022
   3.4134000000000000E-003   2.7676253767924888E+022
   3.3849700000000002E-003   2.8185227426378214E+022
   3.3563199999999999E-003   2.8703489911993796E+022
   3.3274500000000000E-003   2.9231206686775314E+022
   3.2983499999999998E-003   2.9768546518457150E+022
   3.2690300000000000E-003   3.0315681515992705E+022
   3.2394600000000000E-003   3.0872788773814659E+022
   3.2096500000000001E-003   3.1440046473132923E+022
   3.1795899999999999E-003   3.2017637420576866E+022
   3.1492700000000000E-003   3.2605747343748944E+022
   3.1186899999999999E-003   3.3204565350349455E+022
   3.0878400000000001E-003   3.3814284502702131E+022
   3.0567099999999998E-003   3.4435099070845176E+022
   3.0252899999999999E-003   3.5067208249221294E+022
   2.9935800000000000E-003   3.5710813696174812E+022
   2.9615700000000002E-003   3.6366120759745770E+022
   2.9292500000000000E-003   3.7033336897601268E+022
   2.8966000000000000E-003   3.7712673272328280E+022
   2.8636199999999999E-003   3.8404344404841104E+022
   2.8303000000000000E-003   3.9108567518414251E+022
   2.7966200000000001E-003   3.9825562404152003E+022
   2.7625700000000002E-003   4.0555553047175861E+022
   2.7281499999999999E-003   4.1298764788243731E+022
   2.6933299999999999E-003   4.2055426893155083E+022
   2.6581000000000000E-003   4.2825771346251299E+022
   2.6224500000000001E-003   4.3610031878289268E+022
   2.5863499999999998E-003   4.4408446197483759E+022
   2.5498000000000001E-003   4.5221254944094161E+022
   2.5127700000000001E-003   4.6048698556818976E+022
   2.4752400000000001E-003   4.6891022939566931E+022
   2.4371900000000001E-003   4.7748474206466290E+022
   2.3985899999999999E-003   4.8621301875093623E+022
   2.3594200000000001E-003   4.9509756857490906E+022
   2.3196499999999999E-003   5.0413981933544977E+022
   2.2792500000000000E-003   5.1335103848880798E+022
   2.2381800000000002E-003   5.2272622088693800E+022
   2.1964200000000001E-003   5.3226791958564764E+022
   2.1539200000000001E-003   5.4197871515002682E+022
   2.1106300000000001E-003   5.5186116634521264E+022
   2.0665100000000001E-003   5.6191579340920637E+022
   2.0214999999999999E-003   5.7215545832381193E+022
   1.9755500000000000E-003   5.8257520404945969E+022
   1.9285800000000001E-003   5.9314611610674551E+022
   1.8808500000000001E-003   6.0393917883931196E+022
   1.8313100000000001E-003   6.1495275610555502E+022
   1.7808100000000001E-003   6.2612009923661745E+022
   1.7289400000000000E-003   6.3592314638631529E+022
   1.6893500000000001E-003   6.4462352854936663E+022
   1.6482700000000001E-003   6.5712076987509573E+022
   1.5709000000000001E-003   6.6956992962258266E+022
   1.5275700000000000E-003   6.7874071515346342E+022
   1.4821500000000000E-003   6.9257910962117887E+022
   1.3879900000000000E-003   7.0802717631589839E+022
   1.3230000000000000E-003   7.2057432517404195E+022
   1.2551999999999999E-003   7.3333838701430143E+022
   1.1803300000000001E-003   7.4684662577578407E+022
   1.1006000000000000E-003   7.6071868690324301E+022
   1.0088199999999999E-003   7.7616125969084231E+022
   8.9935999999999998E-004   7.9567027232409962E+022
   7.0642999999999997E-004   8.1523877535458439E+022
   5.6784000000000001E-004   8.2692163231435152E+022
   4.8416000000000003E-004   8.3407200942921819E+022
   3.8298999999999999E-004   8.3951040068605603E+022
   3.1387000000000000E-004   8.4349891303441491E+022
   2.5072000000000001E-004   8.4522482922971776E+022
   2.0165000000000000E-004   8.4752303871927263E+022
   1.6417999999999999E-004   8.4822417218590936E+022
   1.3642999999999999E-004   8.4915299898213695E+022
   1.1690000000000000E-004   8.4937505574416726E+022
   1.0404999999999999E-004   8.4980250376769980E+022
   8.6870000000000000E-005   8.5010383235536896E+022
   6.8949999999999995E-005   8.5029882335000934E+022
   5.4719999999999998E-005   8.5052263538440549E+022
   4.3430000000000003E-005   8.5060971147090660E+022
   3.4470000000000000E-005   8.5066019943820227E+022
   2.7359999999999999E-005   8.5073544945904816E+022
   2.1719999999999999E-005   8.5075664753638897E+022
   1.7240000000000001E-005   8.5079017919496074E+022
   1.3679999999999999E-005   8.5082161491473007E+022
