   8.9357199999999994E-003   272976900846966.38     
   8.9356799999999997E-003   430135072733967.44     
   8.9356599999999998E-003   542726230665225.38     
   8.9356399999999999E-003   635357782765067.62     
   8.9356300000000000E-003   716488545547462.88     
   8.9356200000000000E-003   789985010342009.75     
   8.9356100000000001E-003   857749624466348.62     
   8.9356000000000001E-003   921006377083945.75     
   8.9355900000000002E-003   980637774550038.88     
   8.9355800000000003E-003   1037303233019166.6     
   8.9355800000000003E-003   1091465432364469.1     
   8.9355700000000003E-003   1143485169995758.0     
   8.9355700000000003E-003   1193656309094667.2     
   8.9355600000000004E-003   1242182606462338.8     
   8.9355600000000004E-003   1289206280799971.8     
   8.9355500000000004E-003   1334851530731010.8     
   8.9355500000000004E-003   1379224054664972.8     
   8.9355400000000005E-003   1422408115400690.0     
   8.9355400000000005E-003   1464471218197318.2     
   8.9355300000000006E-003   1505476952623262.2     
   8.9355300000000006E-003   1555270519247994.2     
   8.9355200000000006E-003   1613247674029056.2     
   8.9355200000000006E-003   1669376817044637.8     
   8.9355100000000007E-003   1723859205885715.2     
   8.9355100000000007E-003   1768188284790423.0     
   8.9355100000000007E-003   1802935112669569.5     
   8.9355000000000007E-003   1837129426621576.2     
   8.9355000000000007E-003   1870808576616936.5     
   8.9355000000000007E-003   1912187364505967.8     
   8.9354900000000008E-003   1960982566525702.2     
   8.9354900000000008E-003   2008860268984874.0     
   8.9354800000000009E-003   2055890519760349.2     
   8.9354800000000009E-003   2094511335422492.2     
   8.9354800000000009E-003   2125006965972541.0     
   8.9354800000000009E-003   2155187525982532.0     
   8.9354699999999992E-003   2185067482526436.8     
   8.9354699999999992E-003   2229283366631242.8     
   8.9354699999999992E-003   2273023768630978.0     
   8.9354599999999992E-003   2301820480748986.0     
   8.9354599999999992E-003   2344493318075190.5     
   8.9354599999999992E-003   2400641180204892.5     
   8.9354499999999993E-003   2455887658002082.0     
   8.9354499999999993E-003   2510277533427099.5     
   8.9354499999999993E-003   2550576672965122.0     
   8.9354399999999994E-003   2577167685566662.0     
   8.9354399999999994E-003   2603567211521078.5     
   8.9354399999999994E-003   2629779728551970.5     
   8.9354399999999994E-003   2668720506202768.5     
   8.9354299999999994E-003   2720081638688109.0     
   8.9354299999999994E-003   2770774156667296.5     
   8.9354299999999994E-003   2820829370336954.5     
   8.9354199999999995E-003   2878427708267623.0     
   8.9354199999999995E-003   2943324559289952.5     
   8.9354199999999995E-003   3007230945834261.0     
   8.9354099999999995E-003   3070180923068017.0     
   8.9354099999999995E-003   3132200201422209.5     
   8.9353999999999996E-003   3193310524512297.5     
   8.9353999999999996E-003   3253528674748392.0     
   8.9353999999999996E-003   3312865893888944.5     
   8.9353899999999997E-003   3378555572601999.0     
   8.9353899999999997E-003   3450281723972954.0     
   8.9353899999999997E-003   3520662336997297.0     
   8.9353799999999997E-003   3572603845607059.0     
   8.9353799999999997E-003   3606794518444231.0     
   8.9353799999999997E-003   3657436807309330.5     
   8.9353699999999998E-003   3723883630379357.5     
   8.9353699999999998E-003   3789086814892717.5     
   8.9353699999999998E-003   3853084156627453.5     
   8.9353599999999998E-003   3915912012359248.0     
   8.9353599999999998E-003   3977604873977187.0     
   8.9353599999999998E-003   4038198532854993.0     
   8.9353499999999999E-003   4097731616403422.5     
   8.9353499999999999E-003   4156242244362221.5     
   8.9353499999999999E-003   4213770782477190.0     
   8.9353399999999999E-003   4298213221484922.0     
   8.9353399999999999E-003   4394354618198354.5     
   8.9353300000000000E-003   4474656373747359.5     
   8.9353300000000000E-003   4553140288147556.0     
   8.9353200000000001E-003   4610901013673686.0     
   8.9353200000000001E-003   4648848100902085.0     
   8.9353200000000001E-003   4704953006528434.0     
   8.9353200000000001E-003   4778421305032396.0     
   8.9353100000000001E-003   4885605991720155.0     
   8.9353000000000002E-003   4989898399003934.0     
   8.9353000000000002E-003   5057651360850600.0     
   8.9353000000000002E-003   5124141277193854.0     
   8.9352900000000002E-003   5189425176764873.0     
   8.9352900000000002E-003   5253557065857532.0     
   8.9352800000000003E-003   5316581071074812.0     
   8.9352800000000003E-003   5378541131614305.0     
   8.9352800000000003E-003   5439479406048346.0     
   8.9352700000000004E-003   5509303588940144.0     
   8.9352700000000004E-003   5587590635015249.0     
   8.9352700000000004E-003   5701876497016856.0     
   8.9352600000000004E-003   5813374930724970.0     
   8.9352500000000005E-003   5885853144102073.0     
   8.9352500000000005E-003   5957037618225502.0     
   8.9352500000000005E-003   6026973027241648.0     
   8.9352400000000005E-003   6104171552431923.0     
   8.9352400000000005E-003   6188264592348816.0     
   8.9352300000000006E-003   6270619793964553.0     
   8.9352300000000006E-003   6351316461101780.0     
   8.9352200000000007E-003   6430436054592243.0     
   8.9352200000000007E-003   6508056702401634.0     
   8.9352100000000007E-003   6621578095830215.0     
   8.9352000000000008E-003   6739828178518224.0     
   8.9352000000000008E-003   6826239516457254.0     
   8.9351900000000008E-003   6910928925491979.0     
   8.9351900000000008E-003   6993983293619929.0     
   8.9351799999999992E-003   7075496131252922.0     
   8.9351799999999992E-003   7155551079453593.0     
   8.9351799999999992E-003   7234222760477723.0     
   8.9351699999999992E-003   7311575534976938.0     
   8.9351699999999992E-003   7387669407413149.0     
   8.9351599999999993E-003   7462563111700580.0     
   8.9351599999999993E-003   7536316430598174.0     
   8.9351499999999993E-003   7608987037614999.0     
   8.9351499999999993E-003   7715859616041405.0     
   8.9351399999999994E-003   7855350027345640.0     
   8.9351299999999995E-003   7991342695744485.0     
   8.9351199999999995E-003   8124060174751314.0     
   8.9351199999999995E-003   8253699895089460.0     
   8.9351099999999996E-003   8380445721170139.0     
   8.9350999999999996E-003   8504477442321954.0     
   8.9350899999999997E-003   8625954299744583.0     
   8.9350899999999997E-003   8745011180660812.0     
   8.9350799999999998E-003   8861766048611072.0     
   8.9350699999999998E-003   8976361864698900.0     
   8.9350599999999999E-003   9088957789151636.0     
   8.9350599999999999E-003   9199694544185568.0     
   8.9350499999999999E-003   9308696188248226.0     
   8.9350400000000000E-003   9416059345686920.0     
   8.9350400000000000E-003   9521817922437048.0     
   8.9350300000000001E-003   9677190613486278.0     
   8.9350200000000001E-003   9879560176825184.0     
   8.9350100000000002E-003   10027993853538894.     
   8.9350000000000002E-003   10125094762997998.     
   8.9349900000000003E-003   10220906586923950.     
   8.9349900000000003E-003   10315454519191722.     
   8.9349800000000004E-003   10439413132021224.     
   8.9349700000000004E-003   10591546569281332.     
   8.9349600000000005E-003   10740445772578588.     
   8.9349500000000005E-003   10850266542997772.     
   8.9349500000000005E-003   10922411542585224.     
   8.9349400000000006E-003   11029069018416342.     
   8.9349300000000006E-003   11169002485167962.     
   8.9349300000000006E-003   11306261786255246.     
   8.9349200000000007E-003   11441059148741642.     
   8.9349100000000008E-003   11573555883451266.     
   8.9349000000000008E-003   11703869408038956.     
   8.9348899999999992E-003   11894994934820246.     
   8.9348799999999992E-003   12082595036238554.     
   8.9348699999999993E-003   12205160698908824.     
   8.9348599999999993E-003   12326073831954388.     
   8.9348499999999994E-003   12445445729086728.     
   8.9348399999999994E-003   12621425708554260.     
   8.9348299999999995E-003   12851472984234146.     
   8.9348099999999996E-003   13076187900350306.     
   8.9347999999999997E-003   13296055896335684.     
   8.9347899999999997E-003   13484869323741342.     
   8.9347699999999999E-003   13643901956679376.     
   8.9347599999999999E-003   13800506243354662.     
   8.9347500000000000E-003   13954724134033960.     
   8.9347400000000000E-003   14181298931984070.     
   8.9347200000000002E-003   14404013596417490.     
   8.9347200000000002E-003   14549640296944256.     
   8.9347100000000002E-003   14693314922588486.     
   8.9347000000000003E-003   14835099836529932.     
   8.9346900000000003E-003   15043979794856594.     
   8.9346700000000005E-003   15316991238731542.     
   8.9346500000000006E-003   15583600720381244.     
   8.9346300000000007E-003   15844278615528448.     
   8.9346200000000008E-003   16099463168440464.     
   8.9345999999999991E-003   16349540438792846.     
   8.9345799999999993E-003   16594801686228280.     
   8.9345699999999993E-003   16835390942939130.     
   8.9345499999999994E-003   17071387720015820.     
   8.9345399999999995E-003   17302942820427420.     
   8.9345199999999996E-003   17530345208794056.     
   8.9344999999999997E-003   17790687035662328.     
   8.9344899999999998E-003   18082742779934884.     
   8.9344699999999999E-003   18369175462468748.     
   8.9344500000000000E-003   18650261353124764.     
   8.9344300000000001E-003   18926336786737500.     
   8.9344100000000003E-003   19130594466012316.     
   8.9344000000000003E-003   19265179581308944.     
   8.9343900000000004E-003   19464751577013072.     
   8.9343700000000005E-003   19727520874934312.     
   8.9343600000000006E-003   19986197049327360.     
   8.9343400000000007E-003   20240958644049392.     
   8.9343200000000008E-003   20553871859142384.     
   8.9342999999999992E-003   20922503097618696.     
   8.9342699999999994E-003   21194032745471724.     
   8.9342599999999994E-003   21460238879959616.     
   8.9342399999999995E-003   21722330238010636.     
   8.9342299999999996E-003   21922872405344480.     
   8.9342099999999997E-003   22149088303338928.     
   8.9341999999999998E-003   22372348399702320.     
   8.9341799999999999E-003   22592930151054516.     
   8.9341700000000000E-003   22918694647736916.     
   8.9341400000000001E-003   23240251859563584.     
   8.9341200000000003E-003   23451576710320980.     
   8.9341100000000003E-003   23712630704698376.     
   8.9340900000000004E-003   24021971036057304.     
   8.9340700000000006E-003   24476848402893052.     
   8.9340300000000008E-003   24923713642184260.     
   8.9340099999999992E-003   25215878182723180.     
   8.9339899999999993E-003   25504047678819732.     
   8.9339699999999994E-003   25788377677002892.     
   8.9339499999999995E-003   26207352853501588.     
   8.9339099999999998E-003   26754537857926556.     
   8.9338799999999999E-003   27200763635500344.     
   8.9338500000000001E-003   27551114226771140.     
   8.9338300000000002E-003   27938661498012096.     
   8.9338000000000004E-003   28361816441398728.     
   8.9337700000000006E-003   28777568306790232.     
   8.9337500000000007E-003   29186573485915284.     
   8.9337199999999992E-003   29688718245121856.     
   8.9336799999999994E-003   30133739888572252.     
   8.9336599999999995E-003   30426074552454484.     
   8.9336399999999996E-003   30715290580864948.     
   8.9336199999999998E-003   31001466350246252.     
   8.9335999999999999E-003   31424803750726252.     
   8.9335700000000001E-003   31980018055080688.     
   8.9335300000000003E-003   32524639552368072.     
   8.9334900000000005E-003   33059214747527500.     
   8.9334600000000007E-003   33584199473147616.     
   8.9334299999999991E-003   34184849398447636.     
   8.9333799999999994E-003   34857455288138736.     
   8.9333399999999997E-003   35434683901336032.     
   8.9332999999999999E-003   35921065429307868.     
   8.9332700000000001E-003   36400233757056480.     
   8.9332400000000003E-003   36872399109995408.     
   8.9332100000000005E-003   37414458297241224.     
   8.9331700000000007E-003   38023272102710424.     
   8.9331299999999992E-003   38620942110526632.     
   8.9330899999999994E-003   39208006447696568.     
   8.9330599999999996E-003   39785070102511416.     
   8.9330199999999998E-003   40352715624459432.     
   8.9329800000000001E-003   40911455960491384.     
   8.9329500000000003E-003   41461749950713840.     
   8.9329100000000005E-003   42004058991511272.     
   8.9328800000000007E-003   42538805539450768.     
   8.9328399999999992E-003   43196799001478696.     
   8.9327899999999995E-003   43972883810305512.     
   8.9327399999999998E-003   44608911330769072.     
   8.9327100000000000E-003   45110616528013600.     
   8.9326800000000001E-003   45606497590714168.     
   8.9326500000000003E-003   46096794723888480.     
   8.9326200000000005E-003   46821504064464256.     
   8.9325499999999992E-003   47770356387136568.     
   8.9324899999999995E-003   48469356607243728.     
   8.9324699999999996E-003   48928964891706464.     
   8.9324399999999998E-003   49496724820996992.     
   8.9323900000000001E-003   50169007698079400.     
   8.9323500000000004E-003   50831467803697720.     
   8.9323100000000006E-003   51484371339598600.     
   8.9322700000000008E-003   52234206514480800.     
   8.9322099999999995E-003   53077048318992696.     
   8.9321599999999998E-003   53700087043264912.     
   8.9321399999999999E-003   54110910236723280.     
   8.9321100000000000E-003   54720621842408504.     
   8.9320600000000003E-003   55522943771997664.     
   8.9320100000000006E-003   56313223982423936.     
   8.9319599999999992E-003   57092170969893632.     
   8.9319099999999995E-003   58239833646020648.     
   8.9318200000000000E-003   59736680804906624.     
   8.9317300000000006E-003   60835100505958496.     
   8.9316799999999991E-003   61555354182531488.     
   8.9316399999999994E-003   62266766643244768.     
   8.9315999999999996E-003   62969602101233344.     
   8.9315499999999999E-003   63836158625204840.     
   8.9314900000000003E-003   64859870870622608.     
   8.9314300000000006E-003   65700041184797040.     
   8.9313900000000009E-003   66363718826141792.     
   8.9313499999999994E-003   67183199654015736.     
   8.9312899999999997E-003   68153023358750200.     
   8.9312300000000001E-003   69108323978209592.     
   8.9311700000000004E-003   70049713222552824.     
   8.9311100000000008E-003   70977802377005144.     
   8.9310599999999993E-003   71893179436573136.     
   8.9309999999999997E-003   72796413627654928.     
   8.9309500000000000E-003   73688015611636272.     
   8.9309000000000003E-003   74568427383859008.     
   8.9308400000000007E-003   75438052210179600.     
   8.9307899999999992E-003   76439257638035104.     
   8.9307199999999996E-003   77567095507014464.     
   8.9306600000000000E-003   78402061390449008.     
   8.9306200000000002E-003   78953272349546032.     
   8.9305900000000004E-003   79892773328060800.     
   8.9305099999999991E-003   81207158097609056.     
   8.9304299999999996E-003   82237058830455376.     
   8.9303899999999999E-003   82993149587823952.     
   8.9303400000000002E-003   83927925369318944.     
   8.9302800000000005E-003   85035746192293008.     
   8.9302099999999992E-003   86128781668627888.     
   8.9301499999999995E-003   87207690909644464.     
   8.9300899999999999E-003   88449056375037424.     
   8.9300000000000004E-003   89846619324222256.     
   8.9299199999999992E-003   90880896537586496.     
   8.9298799999999994E-003   91563574448500496.     
   8.9298399999999997E-003   92577695088846832.     
   8.9297600000000001E-003   93913234419577888.     
   8.9296900000000005E-003   95229897177508864.     
   8.9296099999999993E-003   96528406940448640.     
   8.9295399999999997E-003   97809417246805888.     
   8.9294600000000002E-003   99073518770943824.     
   8.9293900000000006E-003   1.0032128191737949E+017
   8.9293199999999993E-003   1.0155328562154861E+017
   8.9292499999999997E-003   1.0277010747618536E+017
   8.9291800000000001E-003   1.0397231557511432E+017
   8.9291100000000005E-003   1.0545499920136757E+017
   8.9290099999999994E-003   1.0720703207331581E+017
   8.9289100000000000E-003   1.0864539217559938E+017
   8.9288500000000003E-003   1.0978200268259638E+017
   8.9287800000000007E-003   1.1090685333953182E+017
   8.9287199999999994E-003   1.1202042509048226E+017
   8.9286599999999997E-003   1.1339690177815102E+017
   8.9285600000000003E-003   1.1502779993012725E+017
   8.9284700000000009E-003   1.1663661318691627E+017
   8.9283799999999996E-003   1.1822425263641243E+017
   8.9283000000000001E-003   1.1979149753304571E+017
   8.9282100000000007E-003   1.2133910320144714E+017
   8.9281199999999995E-003   1.2261452632339933E+017
   8.9280699999999998E-003   1.2362550590710965E+017
   8.9280100000000001E-003   1.2512663555371848E+017
   8.9279000000000008E-003   1.2710199900493678E+017
   8.9277999999999996E-003   1.2880652968551531E+017
   8.9277200000000001E-003   1.3025008087306342E+017
   8.9276400000000006E-003   1.3167826725600424E+017
   8.9275599999999993E-003   1.3309162705400328E+017
   8.9274799999999998E-003   1.3472227987446686E+017
   8.9273800000000004E-003   1.3656319642178946E+017
   8.9272799999999992E-003   1.3838059128408528E+017
   8.9271899999999998E-003   1.4017529513685760E+017
   8.9270900000000004E-003   1.4194802778056568E+017
   8.9269999999999992E-003   1.4369952493214733E+017
   8.9268999999999998E-003   1.4543054852354035E+017
   8.9268100000000003E-003   1.4714188017565939E+017
   8.9267200000000008E-003   1.4883426120694867E+017
   8.9266299999999996E-003   1.5050832108885488E+017
   8.9265400000000002E-003   1.5216460547934282E+017
   8.9264600000000006E-003   1.5380359220249382E+017
   8.9263699999999994E-003   1.5582829923598342E+017
   8.9262400000000002E-003   1.5822474522475152E+017
   8.9261199999999992E-003   1.6019516127807776E+017
   8.9260399999999997E-003   1.6175426688937466E+017
   8.9259500000000002E-003   1.6329877306917152E+017
   8.9258700000000007E-003   1.6482910261373478E+017
   8.9257999999999994E-003   1.6709822849741328E+017
   8.9256400000000003E-003   1.7007860743266883E+017
   8.9254899999999995E-003   1.7228150699544470E+017
   8.9254099999999999E-003   1.7373463888860826E+017
   8.9253400000000004E-003   1.7589196105819965E+017
   8.9251899999999995E-003   1.7872987060961197E+017
   8.9250500000000003E-003   1.8083049538732198E+017
   8.9249700000000008E-003   1.8221757643722202E+017
   8.9248999999999995E-003   1.8427881384088157E+017
   8.9247600000000003E-003   1.8699355672826192E+017
   8.9246299999999994E-003   1.8967076216668934E+017
   8.9244900000000002E-003   1.9231202384112493E+017
   8.9243599999999992E-003   1.9505005288449488E+017
   8.9242200000000001E-003   1.9864679089386368E+017
   8.9239999999999996E-003   2.0231026216686560E+017
   8.9238500000000005E-003   2.0455330332779462E+017
   8.9237799999999992E-003   2.0677195007691149E+017
   8.9236300000000001E-003   2.0969528803672349E+017
   8.9234899999999992E-003   2.1257954705294848E+017
   8.9233500000000000E-003   2.1542630148536246E+017
   8.9232100000000009E-003   2.1893367194330179E+017
   8.9230000000000004E-003   2.2307249769667795E+017
   8.9227999999999998E-003   2.2780790025562662E+017
   8.9225399999999996E-003   2.3310573272456310E+017
   8.9222899999999994E-003   2.3700452100106314E+017
   8.9221600000000002E-003   2.3956894723617907E+017
   8.9220399999999991E-003   2.4210720987048208E+017
   8.9219199999999999E-003   2.4462018650990714E+017
   8.9218000000000006E-003   2.4741791939472333E+017
   8.9216499999999997E-003   2.5049164033036976E+017
   8.9215000000000006E-003   2.5352975847881149E+017
   8.9213599999999997E-003   2.5653346251856742E+017
   8.9212200000000005E-003   2.6038816171955808E+017
   8.9209900000000002E-003   2.6505960498404160E+017
   8.9207799999999997E-003   2.7022295624324288E+017
   8.9205099999999996E-003   2.7585340680982704E+017
   8.9202499999999994E-003   2.8196754259411712E+017
   8.9199399999999995E-003   2.8853649974282227E+017
   8.9196399999999995E-003   2.9337214942401331E+017
   8.9194900000000004E-003   2.9655357384532634E+017
   8.9193499999999995E-003   3.0178385588065498E+017
   8.9190099999999998E-003   3.0896691775355366E+017
   8.9186900000000000E-003   3.1549804203682586E+017
   8.9184199999999998E-003   3.2141731285975366E+017
   8.9181499999999997E-003   3.2820476420249658E+017
   8.9178100000000000E-003   3.3581746797283462E+017
   8.9174700000000003E-003   3.4328310485577114E+017
   8.9171400000000005E-003   3.5060988196549766E+017
   8.9168200000000006E-003   3.5601980281227840E+017
   8.9166699999999998E-003   3.5958568822317024E+017
   8.9165100000000008E-003   3.6399927118911725E+017
   8.9162900000000003E-003   3.6923499692693350E+017
   8.9160600000000000E-003   3.7611444341465139E+017
   8.9157000000000004E-003   3.8456350109648192E+017
   8.9153400000000008E-003   3.9247042725404000E+017
   8.9150299999999991E-003   3.9986355552044800E+017
   8.9147299999999992E-003   4.0719372863537248E+017
   8.9144199999999993E-003   4.1446467929592986E+017
   8.9141299999999993E-003   4.2280976320519309E+017
   8.9137499999999998E-003   4.3217832277998515E+017
   8.9133700000000003E-003   4.4137606032572211E+017
   8.9130100000000007E-003   4.5041311804384070E+017
   8.9126599999999993E-003   4.5929900556252230E+017
   8.9123199999999996E-003   4.6804249922748589E+017
   8.9119799999999999E-003   4.7504852951048301E+017
   8.9117799999999994E-003   4.8037902400232128E+017
   8.9115700000000006E-003   4.8566107014144314E+017
   8.9113800000000000E-003   4.9089621137990842E+017
   8.9111799999999994E-003   4.9866197381025882E+017
   8.9108000000000000E-003   5.0886761637977408E+017
   8.9104200000000005E-003   5.1990350069061933E+017
   8.9099899999999996E-003   5.3173144486624365E+017
   8.9095700000000003E-003   5.4282744257605933E+017
   8.9092000000000008E-003   5.5322824810187341E+017
   8.9088299999999995E-003   5.6474654417459482E+017
   8.9083900000000004E-003   5.7733472980649715E+017
   8.9079599999999995E-003   5.8971368286509274E+017
   8.9075500000000002E-003   6.0189551987992026E+017
   8.9071399999999992E-003   6.1094389280499994E+017
   8.9069400000000003E-003   6.1994987644556250E+017
   8.9065499999999992E-003   6.2886227387496026E+017
   8.9063600000000003E-003   6.3595065295037978E+017
   8.9060900000000002E-003   6.4417133955273754E+017
   8.9058300000000000E-003   6.5231483692780941E+017
   8.9055699999999998E-003   6.6038413329518579E+017
   8.9053199999999996E-003   6.7121872106409984E+017
   8.9048900000000004E-003   6.8472912120216230E+017
   8.9044799999999993E-003   6.9816885439454310E+017
   8.9040700000000000E-003   7.1154291383780902E+017
   8.9036700000000007E-003   7.2691997477196032E+017
   8.9031500000000003E-003   7.4422051828690906E+017
   8.9026499999999998E-003   7.5705659067974886E+017
   8.9023999999999995E-003   7.6557874939508710E+017
   8.9021599999999992E-003   7.7831185665009229E+017
   8.9016800000000004E-003   7.9512622571968205E+017
   8.9012099999999997E-003   8.1173974558175846E+017
   8.9007600000000006E-003   8.2816337352939546E+017
   8.9003099999999998E-003   8.4651400157615565E+017
   8.8997699999999996E-003   8.6671725413741414E+017
   8.8992399999999992E-003   8.8671858861843149E+017
   8.8987200000000006E-003   9.0653233174336141E+017
   8.8982100000000001E-003   9.2613662203520128E+017
   8.8977199999999996E-003   9.4554414513369997E+017
   8.8972400000000007E-003   9.6099410113912435E+017
   8.8969500000000007E-003   9.7260291133673216E+017
   8.8966700000000006E-003   9.8412370487179686E+017
   8.8963900000000005E-003   9.9555891820246400E+017
   8.8961100000000005E-003   1.0126853244689114E+018
   8.8955700000000002E-003   1.0353020777463880E+018
   8.8950399999999999E-003   1.0597048787589806E+018
   8.8944400000000000E-003   1.0857570800787653E+018
   8.8938500000000000E-003   1.1116199701662683E+018
   8.8932700000000000E-003   1.1373096974725741E+018
   8.8927099999999999E-003   1.1573450041415977E+018
   8.8923900000000000E-003   1.1718963677646830E+018
   8.8920800000000001E-003   1.1864027383737500E+018
   8.8917700000000002E-003   1.2008658781267638E+018
   8.8914600000000003E-003   1.2188891689343667E+018
   8.8910099999999995E-003   1.2403849321513357E+018
   8.8905700000000004E-003   1.2654955924221555E+018
   8.8899700000000005E-003   1.2941052105220370E+018
   8.8894000000000004E-003   1.3225301408839260E+018
   8.8888300000000003E-003   1.3507827532297075E+018
   8.8882800000000001E-003   1.3718130591930104E+018
   8.8880100000000000E-003   1.3858073798846492E+018
   8.8877399999999999E-003   1.4016480314158874E+018
   8.8874000000000002E-003   1.4193025408389156E+018
   8.8870600000000004E-003   1.4456984835920474E+018
   8.8863999999999992E-003   1.4805844899281610E+018
   8.8857599999999995E-003   1.5065272189436600E+018
   8.8854399999999997E-003   1.5237771544253617E+018
   8.8851299999999998E-003   1.5428845702642529E+018
   8.8847500000000003E-003   1.5638141393696968E+018
   8.8843800000000007E-003   1.5845861519631828E+018
   8.8840099999999995E-003   1.6052056571292818E+018
   8.8836499999999999E-003   1.6259847911059940E+018
   8.8832800000000003E-003   1.6469214814060951E+018
   8.8829200000000007E-003   1.6782865785422392E+018
   8.8821999999999998E-003   1.7197778261347474E+018
   8.8815100000000004E-003   1.7506624992326533E+018
   8.8811700000000007E-003   1.7712395987412774E+018
   8.8808299999999993E-003   1.7937608713352225E+018
   8.8804299999999999E-003   1.8181900767104886E+018
   8.8800300000000006E-003   1.8424398613736061E+018
   8.8796399999999994E-003   1.8788468961501164E+018
   8.8788700000000005E-003   1.9152580239170895E+018
   8.8784799999999994E-003   1.9395563558324022E+018
   8.8780999999999999E-003   1.9636873409284444E+018
   8.8777300000000003E-003   1.9967291705535982E+018
   8.8770900000000007E-003   2.0384549765310989E+018
   8.8764599999999992E-003   2.0803910677317780E+018
   8.8758199999999995E-003   2.1225371316153574E+018
   8.8751999999999998E-003   2.1629298543910518E+018
   8.8746299999999997E-003   2.2016252153979740E+018
   8.8740799999999995E-003   2.2331671751489577E+018
   8.8737199999999999E-003   2.2577145599106537E+018
   8.8733700000000002E-003   2.2967735417317663E+018
   8.8726199999999995E-003   2.3499672508847160E+018
   8.8718800000000004E-003   2.3917282016303329E+018
   8.8714599999999994E-003   2.4223707714877655E+018
   8.8710400000000002E-003   2.4671286940606582E+018
   8.8702399999999997E-003   2.5256165677877243E+018
   8.8694599999999992E-003   2.5878308666418278E+018
   8.8685900000000008E-003   2.6536438059160402E+018
   8.8677400000000007E-003   2.7049958440030669E+018
   8.8672600000000001E-003   2.7422357183950566E+018
   8.8667899999999994E-003   2.7792861934404434E+018
   8.8663100000000005E-003   2.8160442058083113E+018
   8.8658399999999998E-003   2.8660665183012116E+018
   8.8650199999999995E-003   2.9285549092674857E+018
   8.8642200000000008E-003   2.9828447213689119E+018
   8.8636199999999991E-003   3.0296331767859661E+018
   8.8630199999999992E-003   3.0730402413571241E+018
   8.8625100000000005E-003   3.1333574503419848E+018
   8.8615099999999995E-003   3.2179648287829524E+018
   8.8604500000000006E-003   3.2846381037664686E+018
   8.8599300000000002E-003   3.3289828549410202E+018
   8.8594199999999998E-003   3.3951114658133463E+018
   8.8584100000000006E-003   3.4823417116050417E+018
   8.8574299999999995E-003   3.5660166090442547E+018
   8.8565299999999996E-003   3.6349950204826399E+018
   8.8558999999999999E-003   3.6920625994799524E+018
   8.8552700000000002E-003   3.7751812458912384E+018
   8.8540900000000002E-003   3.8834623277803581E+018
   8.8529400000000001E-003   3.9932142167934295E+018
   8.8517600000000002E-003   4.1043938669319188E+018
   8.8506100000000001E-003   4.2035177613915049E+018
   8.8497100000000002E-003   4.2910524878359281E+018
   8.8488200000000003E-003   4.3981668943655081E+018
   8.8475499999999992E-003   4.4928521351698683E+018
   8.8469199999999994E-003   4.5553483118235909E+018
   8.8463099999999996E-003   4.6424848284325550E+018
   8.8452099999999992E-003   4.7535430444123228E+018
   8.8441500000000003E-003   4.8398732408525210E+018
   8.8435500000000004E-003   4.9021806934354289E+018
   8.8429600000000004E-003   4.9813899379677952E+018
   8.8420500000000006E-003   5.0770832300061327E+018
   8.8411600000000007E-003   5.1986480637544366E+018
   8.8397900000000001E-003   5.3117978686089964E+018
   8.8390699999999992E-003   5.4022157191773501E+018
   8.8381399999999995E-003   5.5034334501688996E+018
   8.8372399999999997E-003   5.6274537852382853E+018
   8.8359300000000005E-003   5.7372126781413069E+018
   8.8352799999999992E-003   5.8097378256862843E+018
   8.8346499999999994E-003   5.9220390660652104E+018
   8.8333300000000003E-003   6.0354462385740247E+018
   8.8326800000000007E-003   6.1103893194411571E+018
   8.8320399999999993E-003   6.1922546660546355E+018
   8.8312900000000003E-003   6.2808975231126712E+018
   8.8305399999999996E-003   6.3939058723248814E+018
   8.8293899999999995E-003   6.5305675006012006E+018
   8.8282599999999992E-003   6.6451272068078172E+018
   8.8274900000000003E-003   6.7382211479840809E+018
   8.8267299999999996E-003   6.8313922189858765E+018
   8.8259700000000007E-003   6.9760399334465464E+018
   8.8243999999999996E-003   7.1695917019167662E+018
   8.8228700000000000E-003   7.3670094097621002E+018
   8.8212800000000008E-003   7.5181103207647447E+018
   8.8205000000000002E-003   7.6178116797909053E+018
   8.8197299999999996E-003   7.7729998727027456E+018
   8.8181100000000005E-003   7.9815227552436398E+018
   8.8165299999999995E-003   8.1938298542236754E+018
   8.8148900000000006E-003   8.3561272855425372E+018
   8.8140800000000002E-003   8.4629660264233759E+018
   8.8132799999999997E-003   8.5726478289735014E+018
   8.8124399999999995E-003   8.6849816392759480E+018
   8.8116099999999992E-003   8.7961495019894016E+018
   8.8107900000000006E-003   8.9061238766063852E+018
   8.8099800000000002E-003   9.0188940112814735E+018
   8.8091300000000001E-003   9.1342304909422746E+018
   8.8082799999999999E-003   9.3046017422645105E+018
   8.8066199999999994E-003   9.4756919222357422E+018
   8.8057499999999993E-003   9.5933131502873231E+018
   8.8048899999999992E-003   9.7093108198861988E+018
   8.8040400000000008E-003   9.8236799390638244E+018
   8.8032100000000005E-003   9.9409574306636902E+018
   8.8023200000000006E-003   1.0060139453098125E+019
   8.8014500000000006E-003   1.0177387401975073E+019
   8.8005800000000006E-003   1.0292832954194387E+019
   8.7997300000000004E-003   1.0410589013730914E+019
   8.7988300000000005E-003   1.0530362270166735E+019
   8.7979400000000006E-003   1.0648003541402837E+019
   8.7970600000000006E-003   1.0763690833280252E+019
   8.7961900000000006E-003   1.0881513336959197E+019
   8.7952800000000008E-003   1.1001214634405759E+019
   8.7943699999999993E-003   1.1118601697037195E+019
   8.7934799999999994E-003   1.1233995395481115E+019
   8.7925999999999994E-003   1.1351394347713335E+019
   8.7916599999999998E-003   1.1470724455789392E+019
   8.7907400000000000E-003   1.1587719743519807E+019
   8.7898300000000002E-003   1.1702918606110378E+019
   8.7889400000000003E-003   1.1820256090456719E+019
   8.7879900000000007E-003   1.1939742284649953E+019
   8.7870499999999994E-003   1.2057099479950019E+019
   8.7861299999999996E-003   1.2172907245134991E+019
   8.7852199999999998E-003   1.2291129137602396E+019
   8.7842500000000004E-003   1.2411799306505769E+019
   8.7833000000000008E-003   1.2530628322296320E+019
   8.7823599999999995E-003   1.2648167104987056E+019
   8.7814399999999997E-003   1.2768617976019978E+019
   8.7804600000000003E-003   1.2891413669283365E+019
   8.7794899999999992E-003   1.3011521041820830E+019
   8.7785299999999997E-003   1.3132859972991396E+019
   8.7775900000000000E-003   1.3324381119699411E+019
   8.7756099999999997E-003   1.3578004492173134E+019
   8.7736900000000007E-003   1.3767511523718367E+019
   8.7726799999999997E-003   1.3898816294294157E+019
   8.7716800000000004E-003   1.4028663802912303E+019
   8.7706899999999994E-003   1.4160200603629892E+019
   8.7697199999999999E-003   1.4369390929634437E+019
   8.7676799999999999E-003   1.4645653765306755E+019
   8.7656899999999996E-003   1.4851548644554232E+019
   8.7646500000000006E-003   1.4995024837272893E+019
   8.7636199999999997E-003   1.5209980685718233E+019
   8.7615999999999996E-003   1.5502936490157658E+019
   8.7594999999999999E-003   1.5724825270078151E+019
   8.7584700000000008E-003   1.5874293203659641E+019
   8.7574500000000000E-003   1.6112592151053418E+019
   8.7553100000000005E-003   1.6426048628769143E+019
   8.7532300000000007E-003   1.6740118674869639E+019
   8.7510499999999998E-003   1.6980353360084335E+019
   8.7499899999999992E-003   1.7139800433628987E+019
   8.7489400000000002E-003   1.7391106909942344E+019
   8.7467299999999994E-003   1.7727027947849646E+019
   8.7445800000000001E-003   1.8069959474683754E+019
   8.7423399999999995E-003   1.8419551113660893E+019
   8.7401500000000003E-003   1.8680805056954208E+019
   8.7390000000000002E-003   1.8862037742183645E+019
   8.7378700000000000E-003   1.9140699242763579E+019
   8.7355699999999998E-003   1.9508675872277766E+019
   8.7333299999999992E-003   1.9877061958930731E+019
   8.7310700000000005E-003   2.0259461597238182E+019
   8.7287100000000006E-003   2.0649281389331329E+019
   8.7264200000000004E-003   2.0940110487358001E+019
   8.7252100000000006E-003   2.1246551794243088E+019
   8.7228400000000008E-003   2.1598150474397577E+019
   8.7210599999999992E-003   2.1907125450418012E+019
   8.7192399999999996E-003   2.2272380158464418E+019
   8.7168599999999999E-003   2.2697163767322616E+019
   8.7143800000000007E-003   2.3071253365923901E+019
   8.7125599999999994E-003   2.3394323340345373E+019
   8.7106900000000001E-003   2.3730087066580972E+019
   8.7088100000000009E-003   2.4062204958052770E+019
   8.7069699999999996E-003   2.4385524986511135E+019
   8.7051799999999999E-003   2.4700092090412589E+019
   8.7034299999999998E-003   2.4981466662880805E+019
   8.7019999999999997E-003   2.5234634123114385E+019
   8.7005799999999994E-003   2.5506078569223332E+019
   8.6989600000000004E-003   2.5790842525344301E+019
   8.6973699999999994E-003   2.6075904567971033E+019
   8.6957100000000006E-003   2.6366650302065652E+019
   8.6940799999999999E-003   2.6724136716111639E+019
   8.6917499999999998E-003   2.7124939519527039E+019
   8.6894699999999995E-003   2.7452920340517810E+019
   8.6878100000000007E-003   2.7732458097061827E+019
   8.6861899999999999E-003   2.8082242809951994E+019
   8.6837900000000003E-003   2.8473807469103047E+019
   8.6814600000000002E-003   2.8794526028214821E+019
   8.6797400000000000E-003   2.9063829272849801E+019
   8.6780399999999997E-003   2.9326770744466432E+019
   8.6763399999999994E-003   2.9586597922627936E+019
   8.6746600000000007E-003   2.9902336326767645E+019
   8.6722399999999995E-003   3.0251057970469372E+019
   8.6698799999999996E-003   3.0559520909071671E+019
   8.6677799999999999E-003   3.0841601041901666E+019
   8.6657200000000000E-003   3.1113181469361656E+019
   8.6636200000000003E-003   3.1378428927245480E+019
   8.6615600000000004E-003   3.1658173570956091E+019
   8.6591099999999994E-003   3.1947432877078389E+019
   8.6567299999999996E-003   3.2225475207857193E+019
   8.6542800000000003E-003   3.2489578168279065E+019
   8.6519100000000005E-003   3.2697610671265169E+019
   8.6501800000000004E-003   3.2879153623563342E+019
   8.6484800000000001E-003   3.3142406615049699E+019
   8.6453399999999996E-003   3.3459540532708069E+019
   8.6423200000000002E-003   3.3705605264748761E+019
   8.6402200000000005E-003   3.3911354278088696E+019
   8.6381800000000005E-003   3.4121646054391550E+019
   8.6361000000000007E-003   3.4333142553796493E+019
   8.6340800000000006E-003   3.4657207166936744E+019
   8.6300200000000004E-003   3.4985894760468701E+019
   8.6279700000000004E-003   3.5213978169449873E+019
   8.6259800000000001E-003   3.5493251700766450E+019
   8.6232300000000008E-003   3.5739110558310556E+019
   8.6218900000000001E-003   3.5904613379546534E+019
   8.6205699999999993E-003   3.6167950040541606E+019
   8.6178200000000000E-003   3.6438116553780134E+019
   8.6164799999999993E-003   3.6669574104988615E+019
   8.6144600000000009E-003   3.6958475090847130E+019
   8.6124099999999992E-003   3.7206267171816645E+019
   8.6110700000000002E-003   3.7513338690376999E+019
   8.6083500000000007E-003   3.7830604992975159E+019
   8.6069900000000001E-003   3.8047301666549735E+019
   8.6056399999999995E-003   3.8325396212717732E+019
   8.6036099999999994E-003   3.8673177035164189E+019
   8.6015399999999995E-003   3.8971638892861202E+019
   8.6001900000000006E-003   3.9211423300808237E+019
   8.5988499999999999E-003   3.9589934919536386E+019
   8.5960600000000009E-003   4.0045257030272950E+019
   8.5940300000000008E-003   4.0376857816092131E+019
   8.5926500000000003E-003   4.0724185399442268E+019
   8.5905400000000007E-003   4.1219612815233204E+019
   8.5878099999999995E-003   4.1654270117668954E+019
   8.5863799999999994E-003   4.2034223384320549E+019
   8.5842699999999997E-003   4.2490237851549704E+019
   8.5822099999999998E-003   4.3044257892434346E+019
   8.5793299999999996E-003   4.3574777839782298E+019
   8.5775499999999998E-003   4.3988648420136395E+019
   8.5757999999999997E-003   4.4500971703482188E+019
   8.5732599999999992E-003   4.5105543869545718E+019
   8.5707800000000001E-003   4.5776356063692906E+019
   8.5678200000000003E-003   4.6323808797739467E+019
   8.5663700000000002E-003   4.6691649589455364E+019
   8.5649400000000001E-003   4.7320402877373448E+019
   8.5615299999999995E-003   4.8201329221290246E+019
   8.5582200000000001E-003   4.8897595784438432E+019
   8.5563099999999993E-003   4.9563859736862982E+019
   8.5532899999999999E-003   5.0457381922235154E+019
   8.5498299999999996E-003   5.1260777153965318E+019
   8.5475399999999993E-003   5.1863823977443287E+019
   8.5455600000000007E-003   5.2427849545065292E+019
   8.5436000000000002E-003   5.3126866321267794E+019
   8.5407999999999994E-003   5.3928173830438978E+019
   8.5380500000000002E-003   5.4695100711692837E+019
   8.5356200000000007E-003   5.5414842156259820E+019
   8.5332299999999993E-003   5.6033280131017056E+019
   8.5315700000000005E-003   5.6540260338876195E+019
   8.5299299999999998E-003   5.7280678347930378E+019
   8.5267799999999994E-003   5.8271817342517232E+019
   8.5236900000000004E-003   5.9010258702032249E+019
   8.5220999999999995E-003   5.9519968061373989E+019
   8.5205300000000001E-003   6.0147661640614502E+019
   8.5182599999999997E-003   6.0888340387278397E+019
   8.5160300000000008E-003   6.1844516377252831E+019
   8.5125400000000007E-003   6.3036261377244750E+019
   8.5090099999999991E-003   6.4335683480063255E+019
   8.5050400000000002E-003   6.5508594830878851E+019
   8.5023300000000007E-003   6.6486632655511454E+019
   8.4995699999999997E-003   6.7693987463002300E+019
   8.4956900000000002E-003   6.9308600085791646E+019
   8.4908199999999996E-003   7.0618673562772734E+019
   8.4886700000000002E-003   7.1427974479775818E+019
   8.4865400000000007E-003   7.2381083868871418E+019
   8.4836800000000004E-003   7.3499263460393198E+019
   8.4807400000000005E-003   7.4634628833071448E+019
   8.4778500000000003E-003   7.5788394034729533E+019
   8.4748600000000007E-003   7.6972740598815080E+019
   8.4718599999999995E-003   7.8161180863289606E+019
   8.4688999999999997E-003   7.9171245805247316E+019
   8.4668199999999999E-003   8.0414302792374731E+019
   8.4627299999999999E-003   8.2328729003816763E+019
   8.4575099999999997E-003   8.4161255344313860E+019
   8.4538500000000006E-003   8.5585538360117068E+019
   8.4506500000000005E-003   8.6939326461016949E+019
   8.4474000000000007E-003   8.8779286844363473E+019
   8.4419500000000001E-003   9.0698418987357487E+019
   8.4383600000000007E-003   9.1879981658034323E+019
   8.4364399999999999E-003   9.3226408696540725E+019
   8.4321599999999993E-003   9.5075366880860144E+019
   8.4279600000000000E-003   9.6500210895428518E+019
   8.4256399999999999E-003   9.7513611262971363E+019
   8.4233499999999996E-003   9.9007478661119033E+019
   8.4189199999999999E-003   1.0096140970160254E+020
   8.4145699999999997E-003   1.0233710281999137E+020
   8.4127600000000000E-003   1.0314762571564253E+020
   8.4109600000000003E-003   1.0452166765316832E+020
   8.4066799999999997E-003   1.0644769515347493E+020
   8.4024700000000004E-003   1.0788581019688893E+020
   8.4002999999999994E-003   1.0887896311495172E+020
   8.3981400000000001E-003   1.1028293465655265E+020
   8.3942099999999992E-003   1.1209035212121388E+020
   8.3903399999999996E-003   1.1362341300891225E+020
   8.3876200000000001E-003   1.1488903452683398E+020
   8.3849300000000005E-003   1.1633196742009781E+020
   8.3814800000000002E-003   1.1794869773181649E+020
   8.3780799999999996E-003   1.1979054107859180E+020
   8.3737299999999994E-003   1.2185037518803109E+020
   8.3694600000000004E-003   1.2374274012430152E+020
   8.3658399999999994E-003   1.2618743676400339E+020
   8.3593499999999998E-003   1.2845936317843312E+020
   8.3564799999999995E-003   1.2994999601384248E+020
   8.3532699999999994E-003   1.3151778494202900E+020
   8.3501100000000009E-003   1.3393776807114151E+020
   8.3435300000000000E-003   1.3718575901081926E+020
   8.3371000000000001E-003   1.4054053116960250E+020
   8.3302199999999993E-003   1.4399880603328383E+020
   8.3234999999999993E-003   1.4662589814345798E+020
   8.3198700000000000E-003   1.4848319989682946E+020
   8.3162900000000005E-003   1.5044875100643108E+020
   8.3122900000000000E-003   1.5252123510323560E+020
   8.3083400000000009E-003   1.5448727664435203E+020
   8.3047899999999994E-003   1.5635004183881492E+020
   8.3012699999999995E-003   1.5858624982152590E+020
   8.2963399999999993E-003   1.6118792847233824E+020
   8.2914900000000003E-003   1.6407294537040527E+020
   8.2855900000000007E-003   1.6723058013261552E+020
   8.2797900000000004E-003   1.7018016650860786E+020
   8.2747099999999994E-003   1.7293464839474217E+020
   8.2697099999999996E-003   1.7578601496003687E+020
   8.2642800000000006E-003   1.7847623845667249E+020
   8.2600399999999997E-003   1.8082537957447667E+020
   8.2558500000000003E-003   1.8398958256297453E+020
   8.2487700000000008E-003   1.8794826028930856E+020
   8.2418300000000003E-003   1.9168783161535015E+020
   8.2356600000000005E-003   1.9519935244757592E+020
   8.2295900000000002E-003   1.9847266082794111E+020
   8.2242200000000008E-003   2.0270149605811169E+020
   8.2150999999999995E-003   2.0643345949500211E+020
   8.2114800000000002E-003   2.0856047346190231E+020
   8.2079000000000006E-003   2.1172749029284017E+020
   8.2008299999999992E-003   2.1591231169687044E+020
   8.1938900000000005E-003   2.1930296626896670E+020
   8.1895400000000004E-003   2.2191755435056749E+020
   8.1852499999999998E-003   2.2498705476184280E+020
   8.1794599999999995E-003   2.2850285609697680E+020
   8.1737600000000004E-003   2.3240775214710453E+020
   8.1667900000000002E-003   2.3765078390726047E+020
   8.1568999999999999E-003   2.4294476908620602E+020
   8.1498700000000000E-003   2.4640749373559220E+020
   8.1459099999999993E-003   2.5031899304275149E+020
   8.1375900000000001E-003   2.5559245744326187E+020
   8.1294399999999999E-003   2.5959254554362318E+020
   8.1251499999999994E-003   2.6235906046514820E+020
   8.1209100000000003E-003   2.6510890740273758E+020
   8.1167099999999992E-003   2.6784400431922902E+020
   8.1125499999999996E-003   2.7209508842524151E+020
   8.1038099999999995E-003   2.7783076602767327E+020
   8.0952500000000000E-003   2.8369067523066223E+020
   8.0862899999999995E-003   2.8967255307717093E+020
   8.0775099999999996E-003   2.9421655501797379E+020
   8.0728999999999992E-003   2.9735262391193633E+020
   8.0683400000000002E-003   3.0047199918239443E+020
   8.0638199999999993E-003   3.0357506571696636E+020
   8.0593399999999999E-003   3.0839909303159960E+020
   8.0499400000000002E-003   3.1490564923613446E+020
   8.0407299999999994E-003   3.1982463303784392E+020
   8.0358900000000004E-003   3.2323546904697215E+020
   8.0310999999999994E-003   3.2662854645616089E+020
   8.0263499999999998E-003   3.3000411837586394E+020
   8.0216500000000000E-003   3.3524915024646413E+020
   8.0117899999999995E-003   3.4232771240663201E+020
   8.0021199999999997E-003   3.4954413332784120E+020
   7.9920100000000008E-003   3.5692796443707841E+020
   7.9821100000000006E-003   3.6253924905885021E+020
   7.9769100000000003E-003   3.6641049988425299E+020
   7.9717599999999996E-003   3.7026212084864510E+020
   7.9666600000000004E-003   3.7409519117704279E+020
   7.9616099999999992E-003   3.8004849377606985E+020
   7.9510099999999997E-003   3.8808404148598630E+020
   7.9406200000000007E-003   3.9415806925859049E+020
   7.9351700000000001E-003   3.9837018939289207E+020
   7.9297699999999992E-003   4.0256147817475854E+020
   7.9244199999999997E-003   4.0673219053920354E+020
   7.9191200000000000E-003   4.1321068992203928E+020
   7.9080100000000000E-003   4.2195645106105575E+020
   7.8971100000000006E-003   4.3088682680084909E+020
   7.8857400000000005E-003   4.4001203134821866E+020
   7.8745699999999991E-003   4.4694852222126994E+020
   7.8687199999999992E-003   4.5173329773905884E+020
   7.8629300000000006E-003   4.5649517113006699E+020
   7.8571900000000000E-003   4.6123525924079914E+020
   7.8515000000000008E-003   4.6859340870652939E+020
   7.8395800000000005E-003   4.7852838088476249E+020
   7.8278900000000005E-003   4.8604310999399439E+020
   7.8217600000000005E-003   4.9125023182396162E+020
   7.8156800000000002E-003   4.9900921887671773E+020
   7.8037100000000002E-003   5.0960792891995921E+020
   7.7912199999999997E-003   5.1774144578623786E+020
   7.7850699999999998E-003   5.2312021986677378E+020
   7.7789699999999996E-003   5.3147476172513929E+020
   7.7661900000000001E-003   5.4275793534150194E+020
   7.7536500000000000E-003   5.5129206180835774E+020
   7.7470799999999999E-003   5.5720712341109971E+020
   7.7405699999999996E-003   5.6464959003863397E+020
   7.7307299999999999E-003   5.7361584449780941E+020
   7.7210200000000003E-003   5.8269369336270796E+020
   7.7110499999999997E-003   5.9190475306433616E+020
   7.7012299999999999E-003   6.0134356779072225E+020
   7.6909400000000003E-003   6.1100169767033097E+020
   7.6807899999999998E-003   6.2079535838043583E+020
   7.6703800000000001E-003   6.3373306240732575E+020
   7.6538999999999999E-003   6.4766784565057054E+020
   7.6416499999999998E-003   6.5974688420474860E+020
   7.6292799999999996E-003   6.7203980255231738E+020
   7.6167900000000000E-003   6.8617396719434020E+020
   7.6009900000000002E-003   7.0052161943944063E+020
   7.5883200000000000E-003   7.1365063376307998E+020
   7.5751999999999998E-003   7.2712506319513256E+020
   7.5620799999999997E-003   7.3998460947548301E+020
   7.5503599999999999E-003   7.5191750010565702E+020
   7.5391800000000004E-003   7.6612479507093166E+020
   7.5233200000000000E-003   7.8140105398370605E+020
   7.5102600000000004E-003   7.9451190802231368E+020
   7.4985700000000004E-003   8.0789247832579008E+020
   7.4847600000000000E-003   8.2336655467592011E+020
   7.4696199999999997E-003   8.3681982659836287E+020
   7.4596699999999998E-003   8.4906769313718967E+020
   7.4456599999999998E-003   8.6453312156093868E+020
   7.4292000000000004E-003   8.7904319996648921E+020
   7.4133400000000000E-003   8.9264451646655404E+020
   7.3986599999999996E-003   9.0174834683277817E+020
   7.3845800000000000E-003   9.0822609555213674E+020
   7.3686799999999998E-003   9.0389251161140298E+020
   7.3623899999999999E-003   9.1200240129184091E+020
   7.3475199999999997E-003   8.9109795272392153E+020
   7.3280600000000000E-003   8.8529763985330785E+020
   7.3142600000000004E-003   8.5148034702089349E+020
   7.3009199999999998E-003   7.9626478401460948E+020
   7.2857599999999996E-003   7.6440719262698439E+020
   7.2718499999999998E-003   7.4445899976778790E+020
   7.2659500000000002E-003   7.1547207567854128E+020
   7.2600800000000004E-003   6.8844237143284187E+020
   7.2457700000000003E-003   6.6551049235824692E+020
   7.2400199999999998E-003   6.5270688020391264E+020
   7.2334599999999997E-003   6.2830322695540546E+020
   7.2283499999999997E-003   6.2719876206023567E+020
   7.2202500000000001E-003   6.1455049821703740E+020
   7.2150599999999997E-003   5.9757824695494784E+020
   7.2101999999999999E-003   5.8799054853900691E+020
   7.2058000000000001E-003   5.9117801245759911E+020
   7.2005400000000001E-003   5.7631973150454088E+020
   7.1947399999999998E-003   5.6556861319417967E+020
   7.1889700000000003E-003   5.6371252787706751E+020
   7.1854700000000002E-003   5.6239738431560057E+020
   7.1806999999999999E-003   5.5729587638473831E+020
   7.1783200000000002E-003   5.5518134739933816E+020
   7.1765400000000003E-003   5.5345947430068493E+020
   7.1723700000000000E-003   5.5300887865752676E+020
   7.1699800000000003E-003   5.5238887261889521E+020
   7.1666700000000000E-003   5.5158233184532719E+020
   7.1639499999999997E-003   5.4997331096332934E+020
   7.1579100000000000E-003   5.4870473141924056E+020
   7.1533700000000000E-003   5.4967955747490352E+020
   7.1482500000000001E-003   5.4934386746259820E+020
   7.1422500000000002E-003   5.5042695983313538E+020
   7.1375400000000004E-003   5.5183665889320934E+020
   7.1330400000000002E-003   5.5323927173531461E+020
   7.1286800000000001E-003   5.5506937124564166E+020
   7.1247200000000002E-003   5.5715741143629536E+020
   7.1196799999999998E-003   5.5899559129173990E+020
   7.1176099999999999E-003   5.6072548471211891E+020
   7.1134800000000002E-003   5.6272783246305277E+020
   7.1107300000000000E-003   5.6483601956809815E+020
   7.1066200000000001E-003   5.6683684550814781E+020
   7.1045800000000001E-003   5.6886818647306633E+020
   7.1005800000000004E-003   5.7162162486494403E+020
   7.0967000000000001E-003   5.7373129385388370E+020
   7.0947600000000003E-003   5.7539111333075465E+020
   7.0922399999999997E-003   5.7825058330789026E+020
   7.0872200000000000E-003   5.8216398394552536E+020
   7.0822200000000002E-003   5.8618639711400768E+020
   7.0772500000000002E-003   5.8926775774847120E+020
   7.0747700000000002E-003   5.9106244761970016E+020
   7.0729100000000000E-003   5.9341230696874403E+020
   7.0692100000000003E-003   5.9656296566956530E+020
   7.0655700000000002E-003   5.9969264215976706E+020
   7.0619899999999998E-003   6.0278769909197557E+020
   7.0584699999999998E-003   6.0584784847241858E+020
   7.0549999999999996E-003   6.0939275334192202E+020
   7.0504799999999996E-003   6.1266063138799970E+020
   7.0476899999999997E-003   6.1514890278138675E+020
   7.0449099999999997E-003   6.1842071756871421E+020
   7.0403400000000000E-003   6.2207398034215128E+020
   7.0367499999999996E-003   6.2512528732817772E+020
   7.0335900000000002E-003   6.2780161117865837E+020
   7.0308400000000000E-003   6.3118894675738060E+020
   7.0262399999999996E-003   6.3547087963463614E+020
   7.0214300000000004E-003   6.4060186986715873E+020
   7.0152299999999999E-003   6.4466743765411575E+020
   7.0123099999999999E-003   6.4751999668027510E+020
   7.0093899999999999E-003   6.5105537548682605E+020
   7.0050199999999998E-003   6.5550884858464764E+020
   6.9992300000000004E-003   6.5964137329567859E+020
   6.9963400000000002E-003   6.6243944554724485E+020
   6.9934600000000000E-003   6.6559064778622317E+020
   6.9890000000000004E-003   6.7064491908940051E+020
   6.9827400000000003E-003   6.7520967384138410E+020
   6.9791200000000001E-003   6.7975159208525667E+020
   6.9729900000000001E-003   6.8542346844734528E+020
   6.9669500000000004E-003   6.8989931015061098E+020
   6.9635100000000000E-003   6.9223140441969276E+020
   6.9613100000000001E-003   6.9543871600330854E+020
   6.9569100000000002E-003   6.9994547994807435E+020
   6.9515799999999997E-003   7.0386957790430796E+020
   6.9484500000000001E-003   7.0766702316569389E+020
   6.9434400000000004E-003   7.1116039605172489E+020
   6.9409399999999996E-003   7.1458440445655672E+020
   6.9360699999999999E-003   7.2015404832908090E+020
   6.9289699999999996E-003   7.2573002092759181E+020
   6.9240999999999999E-003   7.3026133269122240E+020
   6.9192500000000001E-003   7.3640302194278715E+020
   6.9109400000000000E-003   7.4237968272678073E+020
   6.9065100000000003E-003   7.4793311006674361E+020
   6.8991499999999997E-003   7.5286425469232795E+020
   6.8957899999999997E-003   7.5547247098067576E+020
   6.8937800000000004E-003   7.5767134016848423E+020
   6.8910999999999998E-003   7.6170647567016644E+020
   6.8852000000000002E-003   7.6730660348318568E+020
   6.8792400000000000E-003   7.7338604131766659E+020
   6.8724099999999998E-003   7.7928134842577715E+020
   6.8667399999999996E-003   7.8381033346412131E+020
   6.8629499999999996E-003   7.8652427493552842E+020
   6.8610600000000004E-003   7.8832522249772112E+020
   6.8591800000000003E-003   7.8960688903241649E+020
   6.8583600000000000E-003   8.0088376542836595E+020
   6.8579499999999998E-003   8.0126713961746530E+020
   6.8575499999999996E-003   8.0155467840609059E+020
   6.8573400000000000E-003   8.0169844408203123E+020
   6.8572399999999997E-003   8.0179428867164773E+020
   6.8571400000000003E-003   8.0189012997789332E+020
   6.8570400000000000E-003   8.0196201537357729E+020
   6.8569900000000003E-003   8.0200993436494935E+020
   6.8569399999999997E-003   8.0205785654184680E+020
   6.8568900000000000E-003   8.0210577869933760E+020
   6.8568300000000004E-003   8.0215370083727888E+020
   6.8567799999999998E-003   8.0220162295586803E+020
   6.8567300000000001E-003   8.0224954184855087E+020
   6.8566800000000004E-003   8.0229746392808345E+020
   6.8566299999999998E-003   8.0234538598835474E+020
   6.8565800000000001E-003   8.0239330802925070E+020
   6.8565299999999996E-003   8.0246518898938767E+020
   6.8564300000000002E-003   8.0256103295538849E+020
   6.8563299999999999E-003   8.0270479370677007E+020
   6.8561200000000003E-003   8.0289647796983562E+020
   6.8559199999999997E-003   8.0315000199246787E+020
   6.8555899999999999E-003   8.0358362146628790E+020
   6.8550000000000000E-003   8.0452962494024620E+020
   6.8535799999999997E-003   8.0668710255073755E+020
   6.8504400000000002E-003   8.1094256080577482E+020
   6.8446000000000002E-003   8.1788423124257184E+020
   6.8358500000000001E-003   8.2746342105124910E+020
   6.8246100000000001E-003   8.4157030125728367E+020
   6.8066899999999998E-003   8.5737524953326210E+020
   6.7923000000000002E-003   8.7113285942132867E+020
   6.7788900000000001E-003   8.8773418688073735E+020
   6.7591500000000002E-003   9.0723346779276758E+020
   6.7406400000000000E-003   9.2520809552982009E+020
   6.7241999999999996E-003   9.4229296173733550E+020
   6.7078399999999996E-003   9.5944841257529075E+020
   6.6916600000000003E-003   9.7809648832339260E+020
   6.6729099999999998E-003   9.9332458705038986E+020
   6.6572899999999997E-003   1.0103689969150059E+021
   6.6413100000000001E-003   1.0285639629832053E+021
   6.6239000000000003E-003   1.0484155488145176E+021
   6.6053300000000004E-003   1.0713298745303293E+021
   6.5829100000000000E-003   1.0935172087425406E+021
   6.5663099999999997E-003   1.1145303682460996E+021
   6.5463800000000001E-003   1.1376609697730492E+021
   6.5267099999999998E-003   1.1589430174676184E+021
   6.5104100000000003E-003   1.1751523253815691E+021
   6.4997500000000003E-003   1.1926803069563812E+021
   6.4812999999999997E-003   1.2108859423745334E+021
   6.4700000000000001E-003   1.2315854337925479E+021
   6.4476400000000001E-003   1.2557093872542863E+021
   6.4313699999999996E-003   1.2762092540413943E+021
   6.4152599999999999E-003   1.2949553118542276E+021
   6.4021199999999999E-003   1.3118706256684070E+021
   6.3890900000000000E-003   1.3400288921050900E+021
   6.3588700000000000E-003   1.3798476604509024E+021
   6.3291700000000003E-003   1.4092333330094996E+021
   6.3156100000000001E-003   1.4347311696152274E+021
   6.2919400000000002E-003   1.4582514894382718E+021
   6.2817899999999998E-003   1.4824399071818584E+021
   6.2573799999999999E-003   1.5169542653314303E+021
   6.2332999999999998E-003   1.5445187616510863E+021
   6.2193999999999999E-003   1.5646966232375162E+021
   6.2056000000000004E-003   1.5905580939911042E+021
   6.1842599999999996E-003   1.6222872074613387E+021
   6.1631699999999999E-003   1.6490935924823871E+021
   6.1489500000000002E-003   1.6707112104630330E+021
   6.1348399999999999E-003   1.7040111691685026E+021
   6.1057699999999999E-003   1.7493976214212662E+021
   6.0771200000000001E-003   1.7871268000134781E+021
   6.0586800000000003E-003   1.8168987864068491E+021
   6.0404100000000004E-003   1.8410793065411817E+021
   6.0293600000000001E-003   1.8592047061281986E+021
   6.0183700000000003E-003   1.8901187132176246E+021
   5.9921499999999999E-003   1.9430321754790271E+021
   5.9557799999999999E-003   1.9991644474102191E+021
   5.9272400000000003E-003   2.0401542606406062E+021
   5.9092900000000002E-003   2.0767842413272100E+021
   5.8861199999999999E-003   2.1184274241794893E+021
   5.8631999999999998E-003   2.1679764493460646E+021
   5.8320700000000000E-003   2.2263841064000265E+021
   5.8006700000000000E-003   2.2715154232660163E+021
   5.7847799999999998E-003   2.3019233085420955E+021
   5.7689999999999998E-003   2.3485933463559639E+021
   5.7366800000000001E-003   2.4121413466502201E+021
   5.7048100000000003E-003   2.4775430997980275E+021
   5.6719200000000004E-003   2.5447785689299173E+021
   5.6394799999999997E-003   2.6139297856952546E+021
   5.6060199999999998E-003   2.6851460369226662E+021
   5.5729899999999999E-003   2.7583140836529217E+021
   5.5389400000000000E-003   2.8336639065797453E+021
   5.5053100000000002E-003   2.9111957038383864E+021
   5.4706599999999996E-003   2.9909375113513617E+021
   5.4364299999999999E-003   3.0521624941808032E+021
   5.4189199999999998E-003   3.0937234738369108E+021
   5.4015199999999999E-003   3.1575101296698259E+021
   5.3659299999999997E-003   3.2444838952799065E+021
   5.3307700000000003E-003   3.3112155800948032E+021
   5.3127900000000004E-003   3.3565676145698380E+021
   5.2949099999999999E-003   3.4256759790522209E+021
   5.2587299999999997E-003   3.5205293417928086E+021
   5.2222199999999996E-003   3.6181946310482854E+021
   5.1853799999999999E-003   3.7187562748554746E+021
   5.1482000000000003E-003   3.8223165960499432E+021
   5.1106800000000003E-003   3.9289731911004822E+021
   5.0728099999999996E-003   4.0388270948874558E+021
   5.0345900000000002E-003   4.1519862277164714E+021
   4.9960200000000003E-003   4.2685622879252487E+021
   4.9570800000000000E-003   4.3886606264255392E+021
   4.9177800000000001E-003   4.4814817957618993E+021
   4.8979000000000002E-003   4.5442306132045516E+021
   4.8781099999999997E-003   4.6080370219177549E+021
   4.8580400000000001E-003   4.6727116215367772E+021
   4.8380699999999999E-003   4.7572101475968693E+021
   4.8062799999999996E-003   4.8623525139885358E+021
   4.7747199999999997E-003   4.9502347179746499E+021
   4.7541600000000003E-003   5.0201770242786103E+021
   4.7336799999999997E-003   5.0911571131684388E+021
   4.7129199999999998E-003   5.1632410018994591E+021
   4.6922400000000003E-003   5.2364261874955767E+021
   4.6712799999999999E-003   5.3107443717175362E+021
   4.6503999999999998E-003   5.3862005263209836E+021
   4.6292199999999999E-003   5.4628273086951168E+021
   4.6081400000000002E-003   5.5406389580620135E+021
   4.5867599999999996E-003   5.6196607539602166E+021
   4.5654600000000004E-003   5.6999113390395784E+021
   4.5438600000000003E-003   5.7814165529113982E+021
   4.5223499999999996E-003   5.8641945428277739E+021
   4.5005399999999999E-003   5.9482774541193603E+021
   4.4787999999999998E-003   6.0336820551409478E+021
   4.4567699999999997E-003   6.1204408324516217E+021
   4.4348100000000000E-003   6.2085733890815353E+021
   4.4125500000000003E-003   6.2981139267136761E+021
   4.3903700000000002E-003   6.3890837721824499E+021
   4.3678800000000002E-003   6.4815141511580038E+021
   4.3454599999999998E-003   6.5754371650668231E+021
   4.3227300000000003E-003   6.6708856798775010E+021
   4.3000699999999996E-003   6.7678872854940636E+021
   4.2771099999999998E-003   6.8664793760197153E+021
   4.2541999999999996E-003   6.9664946204355435E+021
   4.2310799999999999E-003   7.0683684521218566E+021
   4.2078300000000001E-003   7.1719405697851059E+021
   4.1844600000000001E-003   7.2772506052369958E+021
   4.1609600000000000E-003   7.3843352417987744E+021
   4.1373199999999999E-003   7.4932489035241184E+021
   4.1135599999999996E-003   7.6040232343924365E+021
   4.0896600000000002E-003   7.7167310988477842E+021
   4.0656199999999998E-003   7.8313990454141990E+021
   4.0414500000000003E-003   7.9480838372056461E+021
   4.0171399999999998E-003   8.0668464164895321E+021
   3.9926900000000001E-003   8.1877240672127948E+021
   3.9680899999999996E-003   8.3107689255247922E+021
   3.9433500000000000E-003   8.4360442025252194E+021
   3.9184600000000003E-003   8.5635948743468295E+021
   3.8934199999999999E-003   8.6934702298824547E+021
   3.8682299999999998E-003   8.8257761106409910E+021
   3.8428899999999998E-003   8.9605438170542994E+021
   3.8173800000000000E-003   9.0978954951835255E+021
   3.7917200000000002E-003   9.2379871444597022E+021
   3.7659000000000000E-003   9.3809271137010325E+021
   3.7399099999999999E-003   9.5266287127645357E+021
   3.7137500000000000E-003   9.6749375204795078E+021
   3.6874299999999998E-003   9.8257709139702957E+021
   3.6609300000000002E-003   9.9791637716725221E+021
   3.6342499999999999E-003   1.0135153288184066E+022
   3.6073899999999998E-003   1.0293778430233193E+022
   3.5803499999999999E-003   1.0455080261979017E+022
   3.5531199999999999E-003   1.0619101349732107E+022
   3.5257000000000001E-003   1.0785885985448131E+022
   3.4980800000000002E-003   1.0955480001793690E+022
   3.4702700000000001E-003   1.1127930697808039E+022
   3.4422500000000000E-003   1.1303286602601234E+022
   3.4140300000000002E-003   1.1481597718974574E+022
   3.3855900000000000E-003   1.1662915483968186E+022
   3.3569400000000001E-003   1.1847292530576457E+022
   3.3280599999999999E-003   1.2034782809175292E+022
   3.2989600000000001E-003   1.2225441479754655E+022
   3.2696299999999999E-003   1.2419324931979461E+022
   3.2400500000000000E-003   1.2616491145212853E+022
   3.2102400000000001E-003   1.2816998845446848E+022
   3.1801700000000000E-003   1.3020908492038745E+022
   3.1498500000000000E-003   1.3228281518477590E+022
   3.1192600000000000E-003   1.3439180738187678E+022
   3.0883999999999998E-003   1.3653670205189995E+022
   3.0572700000000000E-003   1.3871815322217241E+022
   3.0258500000000001E-003   1.4093682757028953E+022
   2.9941299999999998E-003   1.4319340403969369E+022
   2.9621100000000000E-003   1.4548857705862634E+022
   2.9297799999999999E-003   1.4782305209034830E+022
   2.8971299999999999E-003   1.5019754830959768E+022
   2.8641399999999998E-003   1.5261280079999475E+022
   2.8308100000000000E-003   1.5506955603458732E+022
   2.7971300000000001E-003   1.5756857468228303E+022
   2.7630699999999998E-003   1.6011063474857429E+022
   2.7286400000000001E-003   1.6269652370307364E+022
   2.6938200000000000E-003   1.6532704628493192E+022
   2.6585799999999998E-003   1.6800302270052563E+022
   2.6229199999999999E-003   1.7072528539899644E+022
   2.5868200000000001E-003   1.7349468122965124E+022
   2.5502599999999999E-003   1.7631207661826451E+022
   2.5132200000000000E-003   1.7917834767334126E+022
   2.4756900000000000E-003   1.8209438971179146E+022
   2.4376300000000001E-003   1.8506111140838139E+022
   2.3990200000000000E-003   1.8807943624714627E+022
   2.3598400000000002E-003   1.9115030507741407E+022
   2.3200700000000000E-003   1.9427453405089979E+022
   2.2796600000000002E-003   1.9745420478803679E+022
   2.2385899999999999E-003   2.0068933891946835E+022
   2.1968100000000000E-003   2.0398093330638241E+022
   2.1543000000000001E-003   2.0733000842796415E+022
   2.1110100000000000E-003   2.1073759395099278E+022
   2.0668800000000001E-003   2.1420447899594447E+022
   2.0218599999999999E-003   2.1773302133488783E+022
   1.9759000000000001E-003   2.2132334452376900E+022
   1.9289299999999999E-003   2.2496504038296792E+022
   1.8811900000000000E-003   2.2868239603374410E+022
   1.8316300000000001E-003   2.3247753456194733E+022
   1.7811299999999999E-003   2.3632627145280487E+022
   1.7292500000000001E-003   2.3973468590743709E+022
   1.6896500000000000E-003   2.4271883436807162E+022
   1.6485600000000001E-003   2.4699080358907506E+022
   1.5711799999999999E-003   2.5134929409842346E+022
   1.5278399999999999E-003   2.5449026945787699E+022
   1.4824100000000000E-003   2.5922710712387530E+022
   1.3882400000000000E-003   2.6462270688910874E+022
   1.3232299999999999E-003   2.6894475519332710E+022
   1.2554199999999999E-003   2.7339382306291772E+022
   1.1805400000000001E-003   2.7805346398034834E+022
   1.1008000000000001E-003   2.8290625752865008E+022
   1.0089999999999999E-003   2.8824539018212984E+022
   8.9952000000000001E-004   2.9505196029751467E+022
   7.0655999999999996E-004   3.0211460515046210E+022
   5.6793999999999996E-004   3.0615421486041397E+022
   4.8424999999999998E-004   3.0867740406001229E+022
   3.8306000000000001E-004   3.1071113136194420E+022
   3.1393000000000003E-004   3.1202129987747342E+022
   2.5076999999999999E-004   3.1281467507806562E+022
   2.0169000000000000E-004   3.1345681866306296E+022
   1.6421000000000000E-004   3.1376510787753433E+022
   1.3646000000000000E-004   3.1401211607580836E+022
   1.1692000000000000E-004   3.1411746910098891E+022
   1.0407000000000000E-004   3.1422804411073205E+022
   8.6890000000000003E-005   3.1432427182106782E+022
   6.8960000000000004E-005   3.1439424066439057E+022
   5.4729999999999999E-005   3.1445056147669681E+022
   4.3439999999999997E-005   3.1447950405447558E+022
   3.4480000000000002E-005   3.1449720981092378E+022
   2.7370000000000001E-005   3.1451362662030902E+022
   2.1719999999999999E-005   3.1452079596188346E+022
   1.7240000000000001E-005   3.1452775497112301E+022
   1.3679999999999999E-005   3.1453399816158237E+022
