   8.8743699999999995E-003   10506305084337342.     
   8.8743699999999995E-003   10629006961949306.     
   8.8743699999999995E-003   10749650602740372.     
   8.8743699999999995E-003   10868325331390150.     
   8.8743699999999995E-003   10985106795480118.     
   8.8743699999999995E-003   11100063901580896.     
   8.8743699999999995E-003   11213264076165842.     
   8.8743699999999995E-003   11324769239753672.     
   8.8743699999999995E-003   11434638157547626.     
   8.8743699999999995E-003   11542925886090058.     
   8.8743699999999995E-003   11649684955386842.     
   8.8743699999999995E-003   11754964811987612.     
   8.8743699999999995E-003   11858812414667924.     
   8.8743699999999995E-003   11961272253664302.     
   8.8743699999999995E-003   12062386940699556.     
   8.8743699999999995E-003   12162198383313838.     
   8.8743699999999995E-003   12260746636362176.     
   8.8743699999999995E-003   12358072228485892.     
   8.8743699999999995E-003   12501838956937300.     
   8.8743699999999995E-003   12666368171032640.     
   8.8743699999999995E-003   12804742004598304.     
   8.8743699999999995E-003   12940791689005642.     
   8.8743699999999995E-003   13074609728469258.     
   8.8743699999999995E-003   13228032781240638.     
   8.8743599999999995E-003   13399970432820844.     
   8.8743599999999995E-003   13547564763196190.     
   8.8743599999999995E-003   13672044939859094.     
   8.8743599999999995E-003   13794725136201478.     
   8.8743599999999995E-003   13915671178587720.     
   8.8743599999999995E-003   14054668650123658.     
   8.8743599999999995E-003   14210853070734676.     
   8.8743599999999995E-003   14364287323991222.     
   8.8743599999999995E-003   14515107427309888.     
   8.8743599999999995E-003   14663440361651680.     
   8.8743599999999995E-003   14809357568932352.     
   8.8743599999999995E-003   14952975621616032.     
   8.8743599999999995E-003   15094387269308184.     
   8.8743599999999995E-003   15233681100786054.     
   8.8743599999999995E-003   15370938080925888.     
   8.8743599999999995E-003   15573182553799480.     
   8.8743599999999995E-003   15771240233502586.     
   8.8743599999999995E-003   15901081540516516.     
   8.8743599999999995E-003   16050432415394448.     
   8.8743499999999996E-003   16218400335500676.     
   8.8743499999999996E-003   16383607331326424.     
   8.8743499999999996E-003   16546173360958796.     
   8.8743499999999996E-003   16706205559678294.     
   8.8743499999999996E-003   16863804049764994.     
   8.8743499999999996E-003   17019060786436540.     
   8.8743499999999996E-003   17172063050099154.     
   8.8743499999999996E-003   17341602962598346.     
   8.8743499999999996E-003   17526870757298778.     
   8.8743499999999996E-003   17709018364721592.     
   8.8743499999999996E-003   17888151310343898.     
   8.8743499999999996E-003   18064436410644348.     
   8.8743499999999996E-003   18237963805871604.     
   8.8743499999999996E-003   18408814872342144.     
   8.8743399999999997E-003   18577112515692864.     
   8.8743399999999997E-003   18742949906257808.     
   8.8743399999999997E-003   18987286556293672.     
   8.8743399999999997E-003   19226568037208756.     
   8.8743399999999997E-003   19383384835593296.     
   8.8743399999999997E-003   19538143077697200.     
   8.8743399999999997E-003   19766584062826404.     
   8.8743399999999997E-003   20027716500250716.     
   8.8743399999999997E-003   20247147481058340.     
   8.8743399999999997E-003   20462735903848256.     
   8.8743399999999997E-003   20674630540982268.     
   8.8743299999999997E-003   20883025007069504.     
   8.8743299999999997E-003   21088073628279032.     
   8.8743299999999997E-003   21389655893444444.     
   8.8743299999999997E-003   21684445382746648.     
   8.8743299999999997E-003   21877431902352228.     
   8.8743299999999997E-003   22067679816277388.     
   8.8743299999999997E-003   22255294808089324.     
   8.8743299999999997E-003   22532072669879028.     
   8.8743299999999997E-003   22803497113569516.     
   8.8743299999999997E-003   22981611892669172.     
   8.8743199999999998E-003   23186711357330780.     
   8.8743199999999998E-003   23417583946479328.     
   8.8743199999999998E-003   23757367771084016.     
   8.8743199999999998E-003   24089685608953336.     
   8.8743199999999998E-003   24307322129734868.     
   8.8743199999999998E-003   24522009073972844.     
   8.8743199999999998E-003   24733831224687556.     
   8.8743199999999998E-003   24968826588225360.     
   8.8743099999999998E-003   25226096967893800.     
   8.8743099999999998E-003   25479426100179848.     
   8.8743099999999998E-003   25729027714816492.     
   8.8743099999999998E-003   25975067264572780.     
   8.8743099999999998E-003   26217699348857672.     
   8.8743099999999998E-003   26575550213082812.     
   8.8743099999999998E-003   26949640300432120.     
   8.8742999999999999E-003   27225346371224968.     
   8.8742999999999999E-003   27497083592983756.     
   8.8742999999999999E-003   27765026645724024.     
   8.8742999999999999E-003   28029379452859416.     
   8.8742999999999999E-003   28290208957272232.     
   8.8742999999999999E-003   28547738462912444.     
   8.8742999999999999E-003   28802056237575916.     
   8.8742900000000000E-003   29053276699758552.     
   8.8742900000000000E-003   29301504486533768.     
   8.8742900000000000E-003   29546791086816316.     
   8.8742900000000000E-003   29789317828231448.     
   8.8742900000000000E-003   30148074042403036.     
   8.8742900000000000E-003   30617252941083504.     
   8.8742800000000000E-003   31076544242667668.     
   8.8742800000000000E-003   31526406752956948.     
   8.8742800000000000E-003   31967387621328516.     
   8.8742800000000000E-003   32399751418080728.     
   8.8742800000000000E-003   32823917265571996.     
   8.8742700000000001E-003   33240173490889556.     
   8.8742700000000001E-003   33648828916617984.     
   8.8742700000000001E-003   34050164505923560.     
   8.8742700000000001E-003   34444328451139444.     
   8.8742600000000001E-003   34831548340016528.     
   8.8742600000000001E-003   35212086909910932.     
   8.8742600000000001E-003   35585971954871564.     
   8.8742600000000001E-003   35953430754264920.     
   8.8742600000000001E-003   36314509342605488.     
   8.8742500000000002E-003   36844853868342800.     
   8.8742500000000002E-003   37530039237663112.     
   8.8742500000000002E-003   38027518466634744.     
   8.8742400000000003E-003   38352009901020048.     
   8.8742400000000003E-003   38670551592272856.     
   8.8742400000000003E-003   38983039997323432.     
   8.8742400000000003E-003   39390751531000208.     
   8.8742300000000003E-003   39884437667628928.     
   8.8742300000000003E-003   40360643815560544.     
   8.8742300000000003E-003   40705178552593216.     
   8.8742300000000003E-003   40929573090804824.     
   8.8742300000000003E-003   41258028611559888.     
   8.8742200000000004E-003   41676973853443760.     
   8.8742200000000004E-003   42074368833275672.     
   8.8742200000000004E-003   42448206503496200.     
   8.8742100000000004E-003   42796030416033296.     
   8.8742100000000004E-003   43134876843949592.     
   8.8742100000000004E-003   43634453040423080.     
   8.8742000000000005E-003   44128588106453112.     
   8.8742000000000005E-003   44453237054054608.     
   8.8742000000000005E-003   44774990596025192.     
   8.8742000000000005E-003   45093992962740936.     
   8.8741900000000005E-003   45566399737662848.     
   8.8741900000000005E-003   46189239016782312.     
   8.8741800000000006E-003   46802355004028456.     
   8.8741800000000006E-003   47406062999357088.     
   8.8741700000000007E-003   47927171814973616.     
   8.8741700000000007E-003   48367874305766840.     
   8.8741700000000007E-003   48803611808548968.     
   8.8741600000000007E-003   49234370276981400.     
   8.8741600000000007E-003   49869964921919456.     
   8.8741500000000008E-003   50497785276282232.     
   8.8741500000000008E-003   50909518864062232.     
   8.8741500000000008E-003   51316555767047752.     
   8.8741400000000008E-003   51719040380220896.     
   8.8741400000000008E-003   52312969440924984.     
   8.8741299999999992E-003   53090315440551232.     
   8.8741299999999992E-003   53849596220436832.     
   8.8741199999999992E-003   54591009620442088.     
   8.8741099999999993E-003   55314823007011144.     
   8.8741099999999993E-003   56021330454796320.     
   8.8740999999999993E-003   56710843240739456.     
   8.8740999999999993E-003   57384205734407952.     
   8.8740899999999994E-003   58042044580954104.     
   8.8740899999999994E-003   58685150877993112.     
   8.8740799999999995E-003   59314168824615536.     
   8.8740699999999995E-003   60030878328130304.     
   8.8740699999999995E-003   60829483058831264.     
   8.8740599999999996E-003   61607324830181632.     
   8.8740499999999996E-003   62365787645887952.     
   8.8740499999999996E-003   63106170327684928.     
   8.8740399999999997E-003   63650647146583992.     
   8.8740399999999997E-003   64008329163904688.     
   8.8740299999999998E-003   64537277671337632.     
   8.8740299999999998E-003   65230035667843384.     
   8.8740199999999998E-003   65909038504743296.     
   8.8740199999999998E-003   66575104585108856.     
   8.8740099999999999E-003   67390460007594600.     
   8.8739999999999999E-003   68347152490405136.     
   8.8739900000000000E-003   69050634180733016.     
   8.8739900000000000E-003   69740965050813320.     
   8.8739800000000001E-003   70422122266786080.     
   8.8739800000000001E-003   70944088587385912.     
   8.8739700000000001E-003   71533724532651488.     
   8.8739600000000002E-003   72115829944533200.     
   8.8739600000000002E-003   72690631308678480.     
   8.8739500000000002E-003   73538028750173136.     
   8.8739400000000003E-003   74372099949689344.     
   8.8739400000000003E-003   74918574548585184.     
   8.8739300000000004E-003   75591748698795888.     
   8.8739300000000004E-003   76386611789170544.     
   8.8739200000000004E-003   77549846989949024.     
   8.8739000000000005E-003   78687382293657216.     
   8.8739000000000005E-003   79427813903347488.     
   8.8738900000000006E-003   80155747431058064.     
   8.8738800000000007E-003   80871575374608800.     
   8.8738800000000007E-003   81921425954401600.     
   8.8738600000000008E-003   83285575414083792.     
   8.8738500000000008E-003   84392518234038544.     
   8.8738399999999992E-003   85257921166337440.     
   8.8738299999999992E-003   86211926204100416.     
   8.8738199999999993E-003   87250386620490016.     
   8.8738099999999993E-003   88267107497231344.     
   8.8737999999999994E-003   89263647940789024.     
   8.8737899999999995E-003   90481051475112976.     
   8.8737799999999995E-003   91556738472751056.     
   8.8737699999999996E-003   92260625371931616.     
   8.8737599999999996E-003   92955517250109456.     
   8.8737599999999996E-003   93641660402350688.     
   8.8737499999999997E-003   94653426489823552.     
   8.8737399999999998E-003   95976813105542240.     
   8.8737199999999999E-003   97269932650899872.     
   8.8737099999999999E-003   98534285291033424.     
   8.8737000000000000E-003   99771266694395840.     
   8.8736800000000001E-003   1.0118072083016133E+017
   8.8736700000000002E-003   1.0275208303769506E+017
   8.8736500000000003E-003   1.0409402963536408E+017
   8.8736400000000003E-003   1.0521964517103390E+017
   8.8736300000000004E-003   1.0632427231326286E+017
   8.8736200000000005E-003   1.0740916937618795E+017
   8.8736000000000006E-003   1.0865045643601549E+017
   8.8735900000000006E-003   1.1004066508895258E+017
   8.8735700000000008E-003   1.1140136031577957E+017
   8.8735600000000008E-003   1.1273420158623389E+017
   8.8735499999999991E-003   1.1404098517389650E+017
   8.8735299999999993E-003   1.1532366908170397E+017
   8.8735199999999993E-003   1.1658376216656578E+017
   8.8734999999999994E-003   1.1782274226062154E+017
   8.8734899999999995E-003   1.1904166489940200E+017
   8.8734799999999996E-003   1.2024146177839650E+017
   8.8734599999999997E-003   1.2171382621798299E+017
   8.8734499999999997E-003   1.2344657667321861E+017
   8.8734299999999999E-003   1.2486327311302733E+017
   8.8734100000000000E-003   1.2597780040350464E+017
   8.8734000000000000E-003   1.2707714438205691E+017
   8.8733900000000001E-003   1.2816181936131035E+017
   8.8733800000000002E-003   1.2975975284156658E+017
   8.8733500000000003E-003   1.3184650494507034E+017
   8.8733300000000005E-003   1.3338003094673915E+017
   8.8733200000000005E-003   1.3438557853541312E+017
   8.8733100000000006E-003   1.3562504797282472E+017
   8.8732900000000007E-003   1.3708990616797926E+017
   8.8732800000000008E-003   1.3853014226986186E+017
   8.8732599999999991E-003   1.3994699641943198E+017
   8.8732399999999993E-003   1.4157076431014269E+017
   8.8732199999999994E-003   1.4339222664703339E+017
   8.8731999999999995E-003   1.4473609858378294E+017
   8.8731899999999995E-003   1.4562019457936419E+017
   8.8731799999999996E-003   1.4692947310728112E+017
   8.8731599999999997E-003   1.4864907121551146E+017
   8.8731399999999998E-003   1.5033841140480186E+017
   8.8731200000000000E-003   1.5199899715743766E+017
   8.8731000000000001E-003   1.5363223398754774E+017
   8.8730900000000001E-003   1.5523978756617309E+017
   8.8730700000000003E-003   1.5760227923143754E+017
   8.8730300000000005E-003   1.5992193434752429E+017
   8.8730100000000006E-003   1.6144030246393837E+017
   8.8730000000000007E-003   1.6293938331003347E+017
   8.8729800000000008E-003   1.6442010053562848E+017
   8.8729599999999992E-003   1.6624542977092934E+017
   8.8729399999999993E-003   1.6840378854914710E+017
   8.8729099999999995E-003   1.7017748719508275E+017
   8.8728899999999996E-003   1.7157944482007795E+017
   8.8728799999999997E-003   1.7331171134979446E+017
   8.8728499999999998E-003   1.7536498588604077E+017
   8.8728300000000000E-003   1.7739087974157389E+017
   8.8728100000000001E-003   1.7939098794964870E+017
   8.8727800000000003E-003   1.8136616478257219E+017
   8.8727600000000004E-003   1.8331697758683533E+017
   8.8727400000000005E-003   1.8524415491799702E+017
   8.8727200000000006E-003   1.8714849571640182E+017
   8.8727000000000007E-003   1.8903093932361606E+017
   8.8726699999999992E-003   1.9089227527403373E+017
   8.8726499999999993E-003   1.9303733823658576E+017
   8.8726299999999994E-003   1.9545706689428714E+017
   8.8725999999999996E-003   1.9725096178836470E+017
   8.8725799999999997E-003   1.9843554677450928E+017
   8.8725699999999998E-003   2.0045481315813162E+017
   8.8725399999999999E-003   2.0328401168199002E+017
   8.8725100000000001E-003   2.0550379282448576E+017
   8.8724900000000002E-003   2.0713397855123590E+017
   8.8724700000000004E-003   2.0915008758116138E+017
   8.8724400000000005E-003   2.1154125378230762E+017
   8.8724200000000007E-003   2.1390155072061251E+017
   8.8723900000000008E-003   2.1623217641895651E+017
   8.8723599999999993E-003   2.1891402347040323E+017
   8.8723299999999995E-003   2.2193439611103562E+017
   8.8722999999999996E-003   2.2417044402691027E+017
   8.8722799999999998E-003   2.2564585263909062E+017
   8.8722599999999999E-003   2.2783672039899773E+017
   8.8722300000000000E-003   2.3072254512436186E+017
   8.8722000000000002E-003   2.3356727883944806E+017
   8.8721700000000004E-003   2.3637262470021130E+017
   8.8721400000000006E-003   2.3914007142744358E+017
   8.8721000000000008E-003   2.4187102441170822E+017
   8.8720699999999993E-003   2.4456687321332048E+017
   8.8720399999999994E-003   2.4722879863793875E+017
   8.8720199999999996E-003   2.4985795415261882E+017
   8.8719899999999997E-003   2.5245547976009597E+017
   8.8719599999999999E-003   2.5565788512635878E+017
   8.8719200000000002E-003   2.5944244035432682E+017
   8.8718700000000005E-003   2.6254962622383702E+017
   8.8718500000000006E-003   2.6500400868143846E+017
   8.8718200000000007E-003   2.6743246791114118E+017
   8.8717899999999992E-003   2.6983585407458195E+017
   8.8717699999999993E-003   2.7280470661906618E+017
   8.8717299999999995E-003   2.7632066917712416E+017
   8.8716899999999998E-003   2.7978625418229744E+017
   8.8716500000000000E-003   2.8320355490942032E+017
   8.8716100000000003E-003   2.8657454315020707E+017
   8.8715800000000004E-003   2.8990119547542138E+017
   8.8715400000000007E-003   2.9264176012802579E+017
   8.8715200000000008E-003   2.9481282228133574E+017
   8.8714899999999992E-003   2.9803399640405120E+017
   8.8714499999999995E-003   3.0227177503959181E+017
   8.8713999999999998E-003   3.0592693350186950E+017
   8.8713700000000000E-003   3.0902036276092218E+017
   8.8713300000000002E-003   3.1207940843088890E+017
   8.8713000000000004E-003   3.1510511319523520E+017
   8.8712700000000005E-003   3.1859338470473203E+017
   8.8712200000000008E-003   3.2252941884671174E+017
   8.8711799999999993E-003   3.2641300056608403E+017
   8.8711399999999996E-003   3.3024678675778822E+017
   8.8710999999999998E-003   3.3403318537167917E+017
   8.8710600000000001E-003   3.3777443753428179E+017
   8.8710200000000003E-003   3.4147255920045075E+017
   8.8709800000000005E-003   3.4512910773565139E+017
   8.8709400000000008E-003   3.4874556793543661E+017
   8.8708999999999993E-003   3.5232337434447552E+017
   8.8708599999999995E-003   3.5586383448112006E+017
   8.8708199999999997E-003   3.5936832654123770E+017
   8.8707899999999999E-003   3.6369847566420909E+017
   8.8707300000000003E-003   3.6882782332907770E+017
   8.8706800000000006E-003   3.7304838719788672E+017
   8.8706400000000008E-003   3.7638844450040237E+017
   8.8706099999999993E-003   3.7969794244504774E+017
   8.8705699999999995E-003   3.8297750395723757E+017
   8.8705399999999997E-003   3.8783895653054982E+017
   8.8704700000000001E-003   3.9422595731939712E+017
   8.8704000000000005E-003   3.9894737260872890E+017
   8.8703700000000007E-003   4.0206041846520941E+017
   8.8703400000000009E-003   4.0668000365315910E+017
   8.8702699999999995E-003   4.1275656353592230E+017
   8.8702099999999999E-003   4.1725370153785702E+017
   8.8701800000000001E-003   4.2022166820961274E+017
   8.8701500000000003E-003   4.2462968980805050E+017
   8.8700900000000006E-003   4.3043390199549914E+017
   8.8700299999999992E-003   4.3615483910431187E+017
   8.8699699999999996E-003   4.4179658562379546E+017
   8.8699099999999999E-003   4.4764298482196090E+017
   8.8698400000000004E-003   4.5531976207482067E+017
   8.8697499999999992E-003   4.6314368493310234E+017
   8.8696799999999996E-003   4.6793558173250573E+017
   8.8696499999999998E-003   4.7267410493625971E+017
   8.8695900000000001E-003   4.7892230757043418E+017
   8.8695200000000005E-003   4.8509050914461043E+017
   8.8694599999999992E-003   4.9118202632527302E+017
   8.8693999999999995E-003   4.9869026046200717E+017
   8.8693100000000000E-003   5.0756129021369677E+017
   8.8692200000000006E-003   5.1772076790879174E+017
   8.8690999999999996E-003   5.2910591426347987E+017
   8.8689900000000002E-003   5.3749723878020755E+017
   8.8689300000000006E-003   5.4301729215507686E+017
   8.8688800000000009E-003   5.4848290057121190E+017
   8.8688199999999995E-003   5.5389544415081133E+017
   8.8687699999999998E-003   5.5992188302630150E+017
   8.8687000000000002E-003   5.6654450812640531E+017
   8.8686400000000006E-003   5.7309115698768128E+017
   8.8685699999999992E-003   5.7956409632469901E+017
   8.8685099999999996E-003   5.8786935823968307E+017
   8.8684100000000002E-003   5.9793625865009395E+017
   8.8683100000000008E-003   6.0905924105124838E+017
   8.8681899999999998E-003   6.2118652964119091E+017
   8.8680700000000005E-003   6.3435114683744026E+017
   8.8679299999999996E-003   6.4849980991178573E+017
   8.8677900000000004E-003   6.5892491984535808E+017
   8.8677300000000008E-003   6.6578424325800090E+017
   8.8676599999999994E-003   6.7706197559133248E+017
   8.8675100000000003E-003   6.9257556507123955E+017
   8.8673599999999995E-003   7.0669954180187392E+017
   8.8672400000000002E-003   7.1632938570971840E+017
   8.8671800000000005E-003   7.2267956368013939E+017
   8.8671199999999992E-003   7.3002192499490726E+017
   8.8670399999999996E-003   7.3833149863419738E+017
   8.8669600000000001E-003   7.5062728311582822E+017
   8.8668099999999993E-003   7.6674398686065037E+017
   8.8666600000000002E-003   7.8254715380937229E+017
   8.8665099999999993E-003   7.9420884125264525E+017
   8.8664399999999997E-003   8.0188966038979776E+017
   8.8663700000000002E-003   8.1139069244113792E+017
   8.8662600000000008E-003   8.2265560443266906E+017
   8.8661599999999997E-003   8.3744359200983296E+017
   8.8659900000000007E-003   8.5559431534433715E+017
   8.8658299999999999E-003   8.7256992315964966E+017
   8.8656800000000008E-003   8.8843550144618957E+017
   8.8655299999999999E-003   9.0416246335284710E+017
   8.8653900000000008E-003   9.1976059899607258E+017
   8.8652499999999999E-003   9.3765941110629440E+017
   8.8650699999999992E-003   9.5775620727864960E+017
   8.8648900000000003E-003   9.7748454331372211E+017
   8.8647199999999995E-003   9.9686271712125427E+017
   8.8645500000000006E-003   1.0159064623939647E+018
   8.8643799999999998E-003   1.0346310512053050E+018
   8.8642100000000008E-003   1.0496246743074234E+018
   8.8641099999999997E-003   1.0610227468088084E+018
   8.8640100000000003E-003   1.0723096897844646E+018
   8.8639200000000008E-003   1.0834886812041716E+018
   8.8638199999999997E-003   1.1000540469144724E+018
   8.8636300000000008E-003   1.1217995654787466E+018
   8.8634400000000002E-003   1.1452753622974147E+018
   8.8632199999999998E-003   1.1703924269021302E+018
   8.8630099999999993E-003   1.1939126844134420E+018
   8.8628200000000004E-003   1.2159211523124380E+018
   8.8626299999999998E-003   1.2403171903092014E+018
   8.8623999999999994E-003   1.2670474805411899E+018
   8.8621800000000008E-003   1.2933845891236111E+018
   8.8619700000000003E-003   1.3193437788306202E+018
   8.8617499999999998E-003   1.3386574896168620E+018
   8.8616500000000004E-003   1.3578803220512297E+018
   8.8614399999999999E-003   1.3769354061950781E+018
   8.8613400000000005E-003   1.3920915207174211E+018
   8.8611899999999997E-003   1.4096806029804846E+018
   8.8610500000000005E-003   1.4271125483927752E+018
   8.8609099999999996E-003   1.4443920486660511E+018
   8.8607800000000004E-003   1.4675941562815468E+018
   8.8605400000000001E-003   1.4965457130009505E+018
   8.8603199999999997E-003   1.5253547521422254E+018
   8.8600899999999993E-003   1.5540308625128929E+018
   8.8598700000000006E-003   1.5870025476781230E+018
   8.8595800000000006E-003   1.6241062381208417E+018
   8.8593000000000005E-003   1.6516386463267858E+018
   8.8591599999999996E-003   1.6699096954101604E+018
   8.8590200000000004E-003   1.6971957073569549E+018
   8.8587500000000003E-003   1.7332223001732782E+018
   8.8584800000000002E-003   1.7688005929195753E+018
   8.8582200000000000E-003   1.8039527513872184E+018
   8.8579599999999998E-003   1.8432008823108582E+018
   8.8576499999999999E-003   1.8863811498785344E+018
   8.8573300000000001E-003   1.9290908344788329E+018
   8.8570300000000001E-003   1.9713581430127560E+018
   8.8567300000000002E-003   2.0131349263873912E+018
   8.8564300000000002E-003   2.0544497773875213E+018
   8.8561400000000002E-003   2.0873121774672118E+018
   8.8559699999999995E-003   2.1119851991160233E+018
   8.8558000000000005E-003   2.1364566264813222E+018
   8.8556299999999998E-003   2.1607320575932216E+018
   8.8554600000000008E-003   2.1970601598952010E+018
   8.8551299999999993E-003   2.2450583647553674E+018
   8.8547999999999995E-003   2.2966205988249044E+018
   8.8544200000000000E-003   2.3515992174157706E+018
   8.8540600000000004E-003   2.4060994128895534E+018
   8.8536900000000009E-003   2.4601516970187387E+018
   8.8533399999999995E-003   2.5022492758717993E+018
   8.8531400000000007E-003   2.5327913035348024E+018
   8.8529400000000001E-003   2.5632130628967624E+018
   8.8527399999999996E-003   2.5935189806956006E+018
   8.8525400000000008E-003   2.6312498285296558E+018
   8.8522500000000007E-003   2.6762015157843738E+018
   8.8519600000000007E-003   2.7286448864673039E+018
   8.8515699999999996E-003   2.7883092678935552E+018
   8.8512000000000000E-003   2.8474987496116219E+018
   8.8508200000000006E-003   2.9062421446547876E+018
   8.8504599999999992E-003   2.9499109307562563E+018
   8.8502700000000004E-003   2.9789409777205059E+018
   8.8500899999999997E-003   3.0117729407255306E+018
   8.8498699999999993E-003   3.0483286428440202E+018
   8.8496400000000006E-003   3.1029138012437243E+018
   8.8491999999999998E-003   3.1749326049456840E+018
   8.8487600000000007E-003   3.2284038151165015E+018
   8.8485400000000002E-003   3.2639203645019796E+018
   8.8483299999999997E-003   3.3032271671936020E+018
   8.8480699999999995E-003   3.3462410591941018E+018
   8.8478099999999994E-003   3.3888879393180324E+018
   8.8475600000000008E-003   3.4311787759564216E+018
   8.8473100000000006E-003   3.4737540524921267E+018
   8.8470600000000003E-003   3.5166092545707827E+018
   8.8468100000000001E-003   3.5807328169173775E+018
   8.8463099999999996E-003   3.6654171111653366E+018
   8.8458200000000008E-003   3.7283487170108191E+018
   8.8455800000000005E-003   3.7702282240531732E+018
   8.8453400000000001E-003   3.8160193523851950E+018
   8.8450600000000001E-003   3.8656365149037097E+018
   8.8447700000000001E-003   3.9148366201066624E+018
   8.8444999999999999E-003   3.9886101713011656E+018
   8.8439399999999998E-003   4.0622854246251341E+018
   8.8436699999999997E-003   4.1113976874568059E+018
   8.8433999999999995E-003   4.1601309683305897E+018
   8.8431299999999994E-003   4.2267972714075151E+018
   8.8426600000000005E-003   4.3108703512233769E+018
   8.8421999999999997E-003   4.3948524372357320E+018
   8.8417400000000007E-003   4.4781702431002557E+018
   8.8412800000000000E-003   4.5568522897592110E+018
   8.8408700000000007E-003   4.6312529780426629E+018
   8.8404499999999997E-003   4.6913397150767227E+018
   8.8401899999999995E-003   4.7378518757867909E+018
   8.8399299999999993E-003   4.8115981781518541E+018
   8.8393699999999992E-003   4.9119644124530954E+018
   8.8388100000000008E-003   4.9910896720039895E+018
   8.8384899999999992E-003   5.0495026205261599E+018
   8.8381799999999993E-003   5.1355280636613396E+018
   8.8375699999999995E-003   5.2493060244201042E+018
   8.8369799999999995E-003   5.3716050007293501E+018
   8.8363100000000000E-003   5.5011773421454316E+018
   8.8356600000000004E-003   5.6021637363024159E+018
   8.8352900000000009E-003   5.6754969239484826E+018
   8.8349199999999996E-003   5.7489323604804895E+018
   8.8345500000000000E-003   5.8224722974432891E+018
   8.8341900000000004E-003   5.9237429676584458E+018
   8.8335500000000008E-003   6.0519239460847360E+018
   8.8329299999999993E-003   6.1642131215069706E+018
   8.8324600000000003E-003   6.2611331319181281E+018
   8.8319899999999996E-003   6.3507671704644772E+018
   8.8315900000000003E-003   6.4742947444411177E+018
   8.8308099999999997E-003   6.6447234963910482E+018
   8.8299699999999995E-003   6.7767120067000607E+018
   8.8295600000000002E-003   6.8638254030316943E+018
   8.8291499999999992E-003   6.9935736204965192E+018
   8.8283500000000004E-003   7.1646271999292099E+018
   8.8275699999999999E-003   7.3286153564191560E+018
   8.8268500000000007E-003   7.4637431893420134E+018
   8.8263400000000002E-003   7.5755012852929935E+018
   8.8258399999999997E-003   7.7382218849982751E+018
   8.8248900000000002E-003   7.9501424881725655E+018
   8.8239600000000005E-003   8.1648822343007662E+018
   8.8229999999999992E-003   8.3823770483811738E+018
   8.8220599999999996E-003   8.5762714310054554E+018
   8.8213300000000005E-003   8.7474874645499402E+018
   8.8205999999999996E-003   8.9569946439937823E+018
   8.8195500000000007E-003   9.1422189229410796E+018
   8.8190400000000002E-003   9.2644697997341204E+018
   8.8185299999999998E-003   9.4349251775255941E+018
   8.8176299999999999E-003   9.6521969269833339E+018
   8.8167400000000000E-003   9.8211098536932311E+018
   8.8162399999999995E-003   9.9430261600058040E+018
   8.8157500000000007E-003   1.0098025920193155E+019
   8.8149900000000000E-003   1.0285294638750079E+019
   8.8142499999999992E-003   1.0523212077567648E+019
   8.8131000000000008E-003   1.0744686618571766E+019
   8.8124999999999992E-003   1.0921685359485870E+019
   8.8117200000000003E-003   1.1119841586718208E+019
   8.8109599999999996E-003   1.1362665540396042E+019
   8.8098499999999993E-003   1.1577578492837036E+019
   8.8093100000000008E-003   1.1719600192754354E+019
   8.8087700000000005E-003   1.1939536449651716E+019
   8.8076500000000002E-003   1.2161648813320997E+019
   8.8071000000000000E-003   1.2308437375037782E+019
   8.8065499999999998E-003   1.2468796943191409E+019
   8.8059100000000001E-003   1.2642436045146763E+019
   8.8052700000000005E-003   1.2863848122193451E+019
   8.8042799999999994E-003   1.3131562160036430E+019
   8.8033199999999999E-003   1.3355953516746240E+019
   8.8026600000000003E-003   1.3538309576818864E+019
   8.8020000000000008E-003   1.3720786933021213E+019
   8.8013499999999995E-003   1.4004122781847687E+019
   8.7999900000000006E-003   1.4383117650433384E+019
   8.7986699999999998E-003   1.4769513414162778E+019
   8.7972899999999993E-003   1.5064997742890365E+019
   8.7966099999999998E-003   1.5259890339729181E+019
   8.7959400000000004E-003   1.5563110461632647E+019
   8.7945300000000001E-003   1.5969881068812442E+019
   8.7931599999999995E-003   1.6383204675491461E+019
   8.7917199999999994E-003   1.6698489062700581E+019
   8.7910100000000001E-003   1.6905561693624865E+019
   8.7903100000000008E-003   1.7117808614186260E+019
   8.7895700000000000E-003   1.7334644557352751E+019
   8.7888399999999992E-003   1.7548728566493956E+019
   8.7881200000000000E-003   1.7759925357101662E+019
   8.7874100000000007E-003   1.7975927821007501E+019
   8.7866500000000000E-003   1.8196019212549659E+019
   8.7859099999999992E-003   1.8519550124486689E+019
   8.7844399999999993E-003   1.8841931088972341E+019
   8.7836700000000004E-003   1.9062436904831201E+019
   8.7829099999999997E-003   1.9278686341001695E+019
   8.7821600000000007E-003   1.9490630414268088E+019
   8.7814099999999999E-003   1.9707411404702990E+019
   8.7806299999999993E-003   1.9925533323551506E+019
   8.7798500000000005E-003   2.0138384907943514E+019
   8.7790799999999999E-003   2.0346414926644462E+019
   8.7783199999999992E-003   2.0556963520845513E+019
   8.7775200000000005E-003   2.0769128285171925E+019
   8.7767200000000000E-003   2.0975455995109548E+019
   8.7759399999999994E-003   2.1176562564918493E+019
   8.7751600000000006E-003   2.1379437041154511E+019
   8.7743400000000003E-003   2.1583333354374537E+019
   8.7735299999999999E-003   2.1780924399876055E+019
   8.7727299999999994E-003   2.1973330534120255E+019
   8.7719400000000006E-003   2.2166960529737220E+019
   8.7711000000000004E-003   2.2361733427193922E+019
   8.7702700000000001E-003   2.2550339143259234E+019
   8.7694499999999998E-003   2.2734646209526313E+019
   8.7686399999999994E-003   2.2920582542803960E+019
   8.7677899999999993E-003   2.3108370562435772E+019
   8.7669400000000008E-003   2.3290916729910845E+019
   8.7661100000000006E-003   2.3470196540599173E+019
   8.7652800000000003E-003   2.3651988903009681E+019
   8.7644100000000003E-003   2.3836595641342296E+019
   8.7635500000000002E-003   2.4017126261357474E+019
   8.7627000000000000E-003   2.4195418579134628E+019
   8.7618599999999998E-003   2.4377817810923647E+019
   8.7609699999999999E-003   2.4562585658347561E+019
   8.7600899999999999E-003   2.4740580034217341E+019
   8.7592199999999999E-003   2.4924916814136091E+019
   8.7583699999999997E-003   2.5221455736431837E+019
   8.7565700000000000E-003   2.5608400393226981E+019
   8.7548100000000000E-003   2.5893969745119203E+019
   8.7538900000000003E-003   2.6093034392441844E+019
   8.7529700000000005E-003   2.6289626158321349E+019
   8.7520700000000007E-003   2.6493954666960183E+019
   8.7511800000000008E-003   2.6827215639154041E+019
   8.7493099999999997E-003   2.7260156752011092E+019
   8.7474900000000001E-003   2.7578283557437399E+019
   8.7465300000000006E-003   2.7802530382548058E+019
   8.7455799999999993E-003   2.8142405544231191E+019
   8.7437299999999999E-003   2.8607176470817374E+019
   8.7417899999999993E-003   2.8956558501116244E+019
   8.7408399999999997E-003   2.9197227850297356E+019
   8.7399000000000001E-003   2.9590445245784572E+019
   8.7379199999999997E-003   3.0098361973191639E+019
   8.7359900000000008E-003   3.0600542402197127E+019
   8.7339800000000006E-003   3.0985611939944444E+019
   8.7329899999999995E-003   3.1243079236474741E+019
   8.7320200000000001E-003   3.1654428085419307E+019
   8.7299700000000001E-003   3.2202732610156167E+019
   8.7279699999999998E-003   3.2764905371181515E+019
   8.7258800000000001E-003   3.3340335336644215E+019
   8.7238500000000000E-003   3.3766524984722584E+019
   8.7227799999999994E-003   3.4063846193279058E+019
   8.7217200000000005E-003   3.4526403482946908E+019
   8.7195699999999994E-003   3.5135169946728649E+019
   8.7174799999999997E-003   3.5746441141896913E+019
   8.7153600000000001E-003   3.6383523545599869E+019
   8.7131499999999994E-003   3.7035666517044077E+019
   8.7110000000000000E-003   3.7517662370213224E+019
   8.7098599999999998E-003   3.8034587341114311E+019
   8.7076400000000009E-003   3.8622768426729136E+019
   8.7059700000000004E-003   3.9141697245953778E+019
   8.7042500000000002E-003   3.9758679965913522E+019
   8.7020099999999996E-003   4.0477111944183063E+019
   8.6996699999999996E-003   4.1105918750267302E+019
   8.6979499999999994E-003   4.1649459809474544E+019
   8.6961799999999995E-003   4.2223066063452119E+019
   8.6944099999999996E-003   4.2788001724848660E+019
   8.6926699999999996E-003   4.3335924712930001E+019
   8.6909799999999992E-003   4.3866732690977423E+019
   8.6893200000000004E-003   4.4338359181281935E+019
   8.6879599999999998E-003   4.4764086210403697E+019
   8.6866200000000008E-003   4.5222240235165352E+019
   8.6850799999999995E-003   4.5699317719246250E+019
   8.6835699999999998E-003   4.6172617347353895E+019
   8.6820000000000005E-003   4.6658533451097326E+019
   8.6804499999999993E-003   4.7263323130448642E+019
   8.6782300000000003E-003   4.7923846891784102E+019
   8.6760699999999993E-003   4.8447772242941657E+019
   8.6744900000000000E-003   4.8901702304740270E+019
   8.6729400000000005E-003   4.9479241439798682E+019
   8.6706600000000002E-003   5.0105233784491770E+019
   8.6684299999999995E-003   5.0601697096610931E+019
   8.6667900000000006E-003   5.1018965102540448E+019
   8.6651699999999998E-003   5.1422010034633261E+019
   8.6635400000000008E-003   5.1820707149270835E+019
   8.6619399999999999E-003   5.2309423294916010E+019
   8.6596199999999998E-003   5.2832808031363310E+019
   8.6573599999999994E-003   5.3281958311717880E+019
   8.6553399999999992E-003   5.3692525359623217E+019
   8.6533700000000005E-003   5.4083681085477691E+019
   8.6513500000000004E-003   5.4467892893004964E+019
   8.6493899999999999E-003   5.4875692710237528E+019
   8.6470300000000000E-003   5.5300093373380633E+019
   8.6447399999999997E-003   5.5714881265507402E+019
   8.6423899999999998E-003   5.6112493505982808E+019
   8.6400999999999995E-003   5.6424949511131251E+019
   8.6384300000000008E-003   5.6719890262180528E+019
   8.6368000000000000E-003   5.7180113314542879E+019
   8.6337600000000007E-003   5.7756144896877928E+019
   8.6308500000000007E-003   5.8226696190796014E+019
   8.6288200000000006E-003   5.8652514757792989E+019
   8.6268500000000001E-003   5.9115289229577413E+019
   8.6248399999999999E-003   5.9606544522748371E+019
   8.6228799999999994E-003   6.0409572391784554E+019
   8.6189400000000003E-003   6.1282535728785859E+019
   8.6169599999999999E-003   6.1922979902245028E+019
   8.6150299999999992E-003   6.2742957424406086E+019
   8.6123499999999995E-003   6.3494860758001639E+019
   8.6110500000000003E-003   6.4014909763022774E+019
   8.6097699999999992E-003   6.4863424033541849E+019
   8.6070899999999995E-003   6.5760256280553824E+019
   8.6057900000000003E-003   6.6547281070985937E+019
   8.6038199999999999E-003   6.7551533137582850E+019
   8.6018199999999996E-003   6.8430559699250536E+019
   8.6005100000000004E-003   6.9541952002001666E+019
   8.5978700000000005E-003   7.0714597932454756E+019
   8.5965399999999997E-003   7.1527529153416004E+019
   8.5952200000000006E-003   7.2585416617762341E+019
   8.5932400000000003E-003   7.3925067906823324E+019
   8.5912200000000001E-003   7.5087753666307015E+019
   8.5898999999999993E-003   7.6034202017788953E+019
   8.5886000000000001E-003   7.7553358626028536E+019
   8.5858700000000007E-003   7.9391294362564805E+019
   8.5838800000000003E-003   8.0745558899886342E+019
   8.5825199999999997E-003   8.2183757949146382E+019
   8.5804699999999998E-003   8.4255874588191867E+019
   8.5777900000000001E-003   8.6080732938323853E+019
   8.5763899999999997E-003   8.7700222048330269E+019
   8.5743199999999999E-003   8.9654307238182142E+019
   8.5722999999999997E-003   9.2056554175083414E+019
   8.5694800000000008E-003   9.4381852385824342E+019
   8.5677300000000008E-003   9.6198971822787527E+019
   8.5660100000000006E-003   9.8484742102627860E+019
   8.5635199999999998E-003   1.0117360631097716E+020
   8.5610900000000004E-003   1.0411882501167694E+020
   8.5581800000000003E-003   1.0657271087655127E+020
   8.5567600000000001E-003   1.0822551809023323E+020
   8.5553499999999998E-003   1.1113922747873239E+020
   8.5520100000000005E-003   1.1512658161954434E+020
   8.5487500000000008E-003   1.1818671357458845E+020
   8.5468799999999998E-003   1.2117743848310034E+020
   8.5439000000000001E-003   1.2521024914073790E+020
   8.5404999999999995E-003   1.2884264997092599E+020
   8.5382400000000008E-003   1.3152817477444736E+020
   8.5362900000000002E-003   1.3405196350437012E+020
   8.5343699999999995E-003   1.3720829939779420E+020
   8.5316000000000003E-003   1.4075480018957995E+020
   8.5289000000000007E-003   1.4411550977053124E+020
   8.5264999999999994E-003   1.4727305682975447E+020
   8.5241499999999994E-003   1.4995280314159795E+020
   8.5225200000000004E-003   1.5216040886587428E+020
   8.5208999999999997E-003   1.5541709925065631E+020
   8.5177900000000008E-003   1.5969305243790967E+020
   8.5147499999999997E-003   1.6279290591348726E+020
   8.5131800000000004E-003   1.6496463016932986E+020
   8.5116199999999993E-003   1.6764939856437962E+020
   8.5093900000000004E-003   1.7078660238795728E+020
   8.5071899999999995E-003   1.7479547669236557E+020
   8.5037499999999992E-003   1.7979100683766032E+020
   8.5002600000000008E-003   1.8521913373750441E+020
   8.4963399999999998E-003   1.9008367559414238E+020
   8.4936700000000000E-003   1.9414109810868244E+020
   8.4909400000000006E-003   1.9915580250392796E+020
   8.4871100000000008E-003   2.0583122173720566E+020
   8.4822900000000000E-003   2.1126053965525942E+020
   8.4801700000000004E-003   2.1466361571323390E+020
   8.4780700000000007E-003   2.1863006225331300E+020
   8.4752500000000001E-003   2.2329207828794583E+020
   8.4723400000000001E-003   2.2803755052657017E+020
   8.4694799999999997E-003   2.3287510597431375E+020
   8.4665299999999999E-003   2.3785893328446823E+020
   8.4635600000000002E-003   2.4288030344241814E+020
   8.4606400000000002E-003   2.4716544046756882E+020
   8.4585800000000003E-003   2.5251241408933478E+020
   8.4545300000000000E-003   2.6072026559222173E+020
   8.4493799999999994E-003   2.6862192212634354E+020
   8.4457500000000001E-003   2.7482693417966875E+020
   8.4425899999999998E-003   2.8077875786491684E+020
   8.4393699999999999E-003   2.8892316496714295E+020
   8.4339800000000006E-003   2.9747057533305763E+020
   8.4304299999999992E-003   3.0278514664274933E+020
   8.4285200000000001E-003   3.0891110737910347E+020
   8.4242799999999993E-003   3.1735864363767995E+020
   8.4201199999999997E-003   3.2390442703831014E+020
   8.4178299999999994E-003   3.2858407992715982E+020
   8.4155600000000007E-003   3.3554871681079437E+020
   8.4111700000000008E-003   3.4468537790961949E+020
   8.4068600000000004E-003   3.5116305178636360E+020
   8.4050700000000006E-003   3.5499577853610197E+020
   8.4032900000000008E-003   3.6152108015468682E+020
   8.3990499999999999E-003   3.7073056519703174E+020
   8.3948800000000004E-003   3.7756604596936586E+020
   8.3927299999999993E-003   3.8236702064586654E+020
   8.3905899999999999E-003   3.8918429596742163E+020
   8.3867000000000004E-003   3.9801970180322709E+020
   8.3828600000000007E-003   4.0555667854774410E+020
   8.3801599999999993E-003   4.1181037899536820E+020
   8.3774999999999995E-003   4.1897487238013642E+020
   8.3740800000000008E-003   4.2704586472611892E+020
   8.3707100000000000E-003   4.3630114852756206E+020
   8.3663999999999995E-003   4.4671513184372163E+020
   8.3621600000000004E-003   4.5631512525295773E+020
   8.3585699999999992E-003   4.6880442320079107E+020
   8.3521399999999992E-003   4.8051415337746013E+020
   8.3492800000000006E-003   4.8825345879126757E+020
   8.3461100000000003E-003   4.9643499053084036E+020
   8.3429699999999999E-003   5.0914003783878253E+020
   8.3364400000000005E-003   5.2633779929657396E+020
   8.3300600000000002E-003   5.4427185217353037E+020
   8.3232299999999992E-003   5.6293770490592507E+020
   8.3165700000000006E-003   5.7709392330173514E+020
   8.3129699999999994E-003   5.8725771289980830E+020
   8.3094199999999997E-003   5.9808058074348559E+020
   8.3054500000000007E-003   6.0954033889255647E+020
   8.3015299999999997E-003   6.2046842698410243E+020
   8.2979899999999999E-003   6.3087206862326465E+020
   8.2944999999999998E-003   6.4342426457284254E+020
   8.2896099999999993E-003   6.5811361306764037E+020
   8.2847900000000002E-003   6.7450477871992642E+020
   8.2789300000000003E-003   6.9259035838638051E+020
   8.2731699999999998E-003   7.0953956957958858E+020
   8.2681300000000003E-003   7.2547948300674282E+020
   8.2631600000000003E-003   7.4191645245070836E+020
   8.2577699999999993E-003   7.5781139958825458E+020
   8.2535500000000001E-003   7.7166188943026133E+020
   8.2493900000000005E-003   7.9042133614006383E+020
   8.2423600000000007E-003   8.1405645976967053E+020
   8.2354699999999999E-003   8.3662882817111228E+020
   8.2293399999999999E-003   8.5789455843428191E+020
   8.2233099999999993E-003   8.7753015958600928E+020
   8.2179699999999998E-003   9.0345657012209831E+020
   8.2088999999999999E-003   9.2653617031000254E+020
   8.2053100000000004E-003   9.3973012778735003E+020
   8.2017400000000008E-003   9.5946001847690854E+020
   8.1947099999999991E-003   9.8568456349229436E+020
   8.1878200000000002E-003   1.0070583161101040E+021
   8.1834999999999998E-003   1.0236150325295120E+021
   8.1792299999999991E-003   1.0431345101731440E+021
   8.1734700000000004E-003   1.0655995800462726E+021
   8.1677999999999994E-003   1.0906824219289869E+021
   8.1608700000000006E-003   1.1245734352600716E+021
   8.1510400000000000E-003   1.1590358948142689E+021
   8.1440499999999999E-003   1.1817052538120178E+021
   8.1401100000000007E-003   1.2074666463339663E+021
   8.1318399999999996E-003   1.2423409099484239E+021
   8.1237199999999992E-003   1.2688695155679263E+021
   8.1194600000000002E-003   1.2873587471605781E+021
   8.1152399999999993E-003   1.3057740950528886E+021
   8.1110599999999998E-003   1.3241464709372046E+021
   8.1069200000000001E-003   1.3528099862114101E+021
   8.0982299999999997E-003   1.3916886165075125E+021
   8.0897100000000000E-003   1.4316446436437918E+021
   8.0808000000000008E-003   1.4726702023343601E+021
   8.0720600000000007E-003   1.5039906327142916E+021
   8.0674700000000002E-003   1.5256828940844739E+021
   8.0629299999999994E-003   1.5473204654158051E+021
   8.0584300000000001E-003   1.5689039859238468E+021
   8.0539800000000005E-003   1.6025945795811596E+021
   8.0446200000000006E-003   1.6482092242333931E+021
   8.0354499999999995E-003   1.6824641189181978E+021
   8.0306300000000004E-003   1.7065570606320514E+021
   8.0258599999999992E-003   1.7305876866142765E+021
   8.0211399999999995E-003   1.7545534342198096E+021
   8.0164599999999996E-003   1.7919080215739808E+021
   8.0066400000000006E-003   1.8425408363081782E+021
   7.9970100000000006E-003   1.8941279011943515E+021
   7.9869499999999996E-003   1.9474452054749901E+021
   7.9770899999999992E-003   1.9881430734721093E+021
   7.9719100000000005E-003   2.0162967412732291E+021
   7.9667799999999997E-003   2.0443712142358948E+021
   7.9617000000000004E-003   2.0723821916256393E+021
   7.9566700000000008E-003   2.1159738294586859E+021
   7.9461199999999992E-003   2.1750308977228104E+021
   7.9357700000000000E-003   2.2192135667655799E+021
   7.9303399999999993E-003   2.2503474323857793E+021
   7.9249600000000000E-003   2.2813910602706549E+021
   7.9196400000000004E-003   2.3123396161842344E+021
   7.9143600000000005E-003   2.3605263781978953E+021
   7.9032900000000003E-003   2.4257926597497171E+021
   7.8924300000000006E-003   2.4925419866016873E+021
   7.8811000000000003E-003   2.5611219662994607E+021
   7.8699800000000004E-003   2.6134348052610506E+021
   7.8641500000000003E-003   2.6496038049064608E+021
   7.8583799999999999E-003   2.6856595416748099E+021
   7.8526599999999992E-003   2.7216179184640936E+021
   7.8469999999999998E-003   2.7774565152332013E+021
   7.8351199999999992E-003   2.8530522869573736E+021
   7.8234600000000008E-003   2.9095385783378227E+021
   7.8173500000000007E-003   2.9492938684494538E+021
   7.8113000000000002E-003   3.0085921897506579E+021
   7.7993699999999999E-003   3.0899732412081431E+021
   7.7869300000000001E-003   3.1525754245571339E+021
   7.7807900000000001E-003   3.1937659776838586E+021
   7.7747099999999998E-003   3.2579486055951379E+021
   7.7619799999999999E-003   3.3447992704751879E+021
   7.7494800000000004E-003   3.4095203995501488E+021
   7.7429300000000003E-003   3.4551811416192718E+021
   7.7364399999999998E-003   3.5126122881653481E+021
   7.7266300000000000E-003   3.5822714108789098E+021
   7.7169500000000002E-003   3.6526134169009484E+021
   7.7070200000000002E-003   3.7243763851362414E+021
   7.6972200000000003E-003   3.7981191159657639E+021
   7.6869599999999996E-003   3.8735504823374321E+021
   7.6768499999999998E-003   3.9501251502285395E+021
   7.6664599999999999E-003   4.0514011325823556E+021
   7.6500400000000003E-003   4.1606109004843068E+021
   7.6378200000000000E-003   4.2556374164815709E+021
   7.6254900000000004E-003   4.3520996542678649E+021
   7.6130399999999997E-003   4.4630929315568545E+021
   7.5972799999999997E-003   4.5757013891722290E+021
   7.5846500000000001E-003   4.6787266686568455E+021
   7.5715699999999997E-003   4.7842515871723883E+021
   7.5584800000000002E-003   4.8846396919957726E+021
   7.5467800000000003E-003   4.9773044248482509E+021
   7.5356399999999997E-003   5.0871510648459352E+021
   7.5198200000000000E-003   5.2038088786836697E+021
   7.5067900000000002E-003   5.3015308639681234E+021
   7.4951300000000000E-003   5.3944947217443586E+021
   7.4813600000000003E-003   5.5056546662547613E+021
   7.4662599999999997E-003   5.6002572450895285E+021
   7.4563299999999997E-003   5.6666001751529855E+021
   7.4423600000000003E-003   5.7427048911368639E+021
   7.4259399999999998E-003   5.7553611568904353E+021
   7.4101200000000001E-003   5.7615464978193958E+021
   7.3954700000000003E-003   5.6515446490910100E+021
   7.3814299999999996E-003   5.4603113495476883E+021
   7.3655600000000002E-003   5.0992301091008220E+021
   7.3592900000000001E-003   5.0791434300164921E+021
   7.3444499999999998E-003   4.3550482200362395E+021
   7.3250299999999997E-003   4.0441892414372053E+021
   7.3112600000000000E-003   3.4468299205766231E+021
   7.2979500000000001E-003   2.7910645621904832E+021
   7.2828199999999997E-003   2.4777033389360184E+021
   7.2689399999999998E-003   2.3099859087998368E+021
   7.2630500000000001E-003   2.1206665236056609E+021
   7.2572000000000001E-003   1.9585458037218500E+021
   7.2429100000000000E-003   1.8376898580189222E+021
   7.2371800000000002E-003   1.7769454377815604E+021
   7.2306200000000001E-003   1.6802455474365226E+021
   7.2255300000000000E-003   1.6720819774354073E+021
   7.2174400000000003E-003   1.6285056162713759E+021
   7.2122599999999999E-003   1.5800909758914560E+021
   7.2074100000000000E-003   1.5580636273005691E+021
   7.2030100000000001E-003   1.5658239325863676E+021
   7.1977700000000000E-003   1.5413412271903993E+021
   7.1919699999999998E-003   1.5351523131307527E+021
   7.1862100000000002E-003   1.5405469473233628E+021
   7.1827200000000001E-003   1.5468243523566431E+021
   7.1779499999999998E-003   1.5564877563434285E+021
   7.1755700000000000E-003   1.5641360671581334E+021
   7.1738000000000001E-003   1.5751407157737654E+021
   7.1696399999999997E-003   1.5864498334899021E+021
   7.1672500000000000E-003   1.5980176034067120E+021
   7.1639499999999997E-003   1.6129263478572054E+021
   7.1612300000000002E-003   1.6418431211624323E+021
   7.1551899999999996E-003   1.6835037599823076E+021
   7.1506699999999996E-003   1.7114372375256891E+021
   7.1455499999999996E-003   1.7717644243671444E+021
   7.1395599999999997E-003   1.8251192434397825E+021
   7.1348599999999998E-003   1.8728499825636357E+021
   7.1303599999999996E-003   1.9305840114619054E+021
   7.1260100000000003E-003   1.9778891656862606E+021
   7.1220500000000004E-003   2.0398892422112671E+021
   7.1170199999999999E-003   2.0910159413121953E+021
   7.1149500000000001E-003   2.1360865218196666E+021
   7.1108200000000003E-003   2.1930392550894152E+021
   7.1080800000000001E-003   2.2472124987529314E+021
   7.1039800000000002E-003   2.2992363848296602E+021
   7.1019400000000002E-003   2.3516769665785974E+021
   7.0979499999999996E-003   2.4228181797684490E+021
   7.0940700000000001E-003   2.4777105250794471E+021
   7.0921300000000003E-003   2.5215166159396725E+021
   7.0896199999999996E-003   2.5965799519275990E+021
   7.0845999999999999E-003   2.7003342333869996E+021
   7.0796100000000001E-003   2.8088971076342246E+021
   7.0746400000000001E-003   2.8934844550207483E+021
   7.0721600000000001E-003   2.9423807664785829E+021
   7.0703099999999998E-003   3.0081893231637540E+021
   7.0666100000000001E-003   3.0979494305090466E+021
   7.0629800000000000E-003   3.1885770944973038E+021
   7.0594000000000004E-003   3.2797394971985340E+021
   7.0558799999999996E-003   3.3712676057707347E+021
   7.0524200000000002E-003   3.4801789585573381E+021
   7.0479100000000001E-003   3.5829020071743293E+021
   7.0451200000000002E-003   3.6620144120560359E+021
   7.0423400000000002E-003   3.7668202552872628E+021
   7.0377800000000004E-003   3.8864448699121418E+021
   7.0341900000000001E-003   3.9886900651016868E+021
   7.0310299999999997E-003   4.0794552613867901E+021
   7.0282900000000004E-003   4.1981482081993480E+021
   7.0236900000000000E-003   4.3476120939609021E+021
   7.0188899999999999E-003   4.5435993838954527E+021
   7.0127000000000002E-003   4.6883065692211055E+021
   7.0097700000000002E-003   4.8097106661805612E+021
   7.0068600000000002E-003   4.9838861119748487E+021
   7.0025000000000000E-003   5.0668937337474342E+021
   6.9967099999999997E-003   5.4232605188537807E+021
   6.9938300000000004E-003   5.3929607521406340E+021
   6.9909500000000001E-003   5.4839742369126322E+021
   6.9864899999999997E-003   5.6942596964389329E+021
   6.9802299999999996E-003   5.9920093380888127E+021
   6.9766200000000002E-003   6.1343001493618651E+021
   6.9704900000000002E-003   6.4797133686659571E+021
   6.9644599999999996E-003   6.4409273792189767E+021
   6.9610300000000000E-003   6.6045097752161367E+021
   6.9588300000000001E-003   6.9194873902249835E+021
   6.9544400000000001E-003   6.9582536091617513E+021
   6.9491099999999997E-003   7.7519894657499555E+021
   6.9459800000000000E-003   7.5161178165400998E+021
   6.9409700000000003E-003   7.4926735772525013E+021
   6.9384800000000003E-003   7.5429048143493779E+021
   6.9336099999999998E-003   8.3674510038031527E+021
   6.9265200000000002E-003   8.2684961347455240E+021
   6.9216499999999997E-003   8.6784102318472524E+021
   6.9168099999999998E-003   8.8312632087009359E+021
   6.9084999999999997E-003   9.0045269990483113E+021
   6.9040799999999999E-003   9.4112620106513971E+021
   6.9004000000000001E-003   9.7104764746578883E+021
   6.8967300000000002E-003   1.0106936969695794E+022
   6.8940399999999997E-003   1.0035745442011103E+022
   6.8920300000000004E-003   1.0383193636966039E+022
   6.8883700000000004E-003   1.0803303142363899E+022
   6.8867900000000003E-003   1.1210898600976422E+022
   6.8842499999999997E-003   1.1517435337581953E+022
   6.8822099999999997E-003   1.2073579714601638E+022
   6.8806400000000004E-003   1.2094329568823433E+022
   6.8790600000000002E-003   1.2387850006600297E+022
   6.8777700000000001E-003   1.2584353811197776E+022
   6.8764700000000000E-003   1.2764140082815887E+022
   6.8751899999999998E-003   1.3051975270147312E+022
   6.8739200000000004E-003   1.3670139522809204E+022
   6.8713200000000002E-003   1.3800086012940956E+022
   6.8687300000000000E-003   1.3914799496066243E+022
   6.8675999999999997E-003   1.3932462214809664E+022
   6.8664700000000004E-003   1.4889798982460311E+022
   6.8646599999999999E-003   1.4920398963829906E+022
   6.8628600000000001E-003   1.4950983743707254E+022
   6.8610600000000004E-003   1.4981554183432795E+022
   6.8592599999999998E-003   1.5511477587224981E+022
   6.8552200000000004E-003   1.5877378559926057E+022
   6.8512000000000000E-003   1.6382801426437093E+022
   6.8422300000000004E-003   1.6389925849360929E+022
   6.8222500000000002E-003   1.6583070898108611E+022
   6.8043499999999998E-003   1.6782351032500351E+022
   6.7899700000000002E-003   1.7218868720163009E+022
   6.7765700000000000E-003   1.7735605189561796E+022
   6.7568400000000001E-003   1.8265104546059531E+022
   6.7383499999999997E-003   1.8636824326609824E+022
   6.7219200000000002E-003   1.8998909267790797E+022
   6.7055800000000000E-003   1.9405708491533232E+022
   6.6894099999999998E-003   1.9815948282484100E+022
   6.6706800000000000E-003   2.0182907615585371E+022
   6.6550699999999999E-003   2.0541345117165435E+022
   6.6391000000000002E-003   2.0907295721530174E+022
   6.6217100000000003E-003   2.1296639513991588E+022
   6.6031500000000003E-003   2.1737827217479297E+022
   6.5807399999999999E-003   2.2154179293145918E+022
   6.5641500000000004E-003   2.2556905157731337E+022
   6.5442399999999998E-003   2.3001869975490537E+022
   6.5245800000000003E-003   2.3385985976372696E+022
   6.5082899999999999E-003   2.3705373428222987E+022
   6.4976399999999998E-003   2.4025112500022079E+022
   6.4792000000000001E-003   2.4355565071767850E+022
   6.4679100000000003E-003   2.4726528555812800E+022
   6.4455600000000004E-003   2.5126553399115769E+022
   6.4292999999999998E-003   2.5495539678931503E+022
   6.4132000000000000E-003   2.5836760142959023E+022
   6.4000799999999998E-003   2.6141285745096659E+022
   6.3870500000000000E-003   2.6636185799500249E+022
   6.3568499999999998E-003   2.7309817891903683E+022
   6.3271700000000000E-003   2.7813746495484416E+022
   6.3136099999999999E-003   2.8247583758326899E+022
   6.2899599999999998E-003   2.8629791301465977E+022
   6.2798200000000002E-003   2.9039541913528398E+022
   6.2554200000000003E-003   2.9603886922048521E+022
   6.2313500000000001E-003   3.0076325162057992E+022
   6.2174600000000002E-003   3.0388717501272348E+022
   6.2036699999999997E-003   3.0803222549836859E+022
   6.1823399999999997E-003   3.1322297780881171E+022
   6.1612600000000000E-003   3.1761191875335630E+022
   6.1470600000000002E-003   3.2090566239415427E+022
   6.1329599999999998E-003   3.2614052698969426E+022
   6.1038899999999998E-003   3.3319970374400636E+022
   6.0752599999999999E-003   3.3904426956474594E+022
   6.0568300000000000E-003   3.4371057662252653E+022
   6.0385800000000000E-003   3.4762754923988536E+022
   6.0275299999999997E-003   3.5026377509599445E+022
   6.0165399999999999E-003   3.5497088394352346E+022
   5.9903400000000002E-003   3.6288759815073593E+022
   5.9539900000000002E-003   3.7118278403336155E+022
   5.9254599999999996E-003   3.7733208354705365E+022
   5.9075200000000003E-003   3.8274790815676427E+022
   5.8843599999999999E-003   3.8877033770334086E+022
   5.8614499999999998E-003   3.9599088502149380E+022
   5.8303399999999998E-003   4.0433359336720889E+022
   5.7989499999999998E-003   4.1085511648577424E+022
   5.7830700000000004E-003   4.1505340970011191E+022
   5.7672899999999996E-003   4.2159900062735510E+022
   5.7349999999999996E-003   4.3041881251118559E+022
   5.7031299999999998E-003   4.3953516355699331E+022
   5.6702699999999998E-003   4.4869082795703752E+022
   5.6378399999999999E-003   4.5800416250634491E+022
   5.6043899999999999E-003   4.6772267153527425E+022
   5.5713799999999999E-003   4.7729604526890566E+022
   5.5373400000000000E-003   4.8723208753623622E+022
   5.5037300000000001E-003   4.9738444610843852E+022
   5.4690900000000002E-003   5.0753795754490340E+022
   5.4348799999999996E-003   5.1534777278414402E+022
   5.4173800000000003E-003   5.2058250739572632E+022
   5.3999800000000004E-003   5.2860210250150241E+022
   5.3644100000000000E-003   5.3945145768888028E+022
   5.3292599999999997E-003   5.4762760097585764E+022
   5.3112799999999998E-003   5.5319158270187216E+022
   5.2934200000000001E-003   5.6169973066023471E+022
   5.2572499999999998E-003   5.7315226977188511E+022
   5.2207499999999997E-003   5.8483499569688651E+022
   5.1839299999999998E-003   5.9675708783400810E+022
   5.1467600000000002E-003   6.0892854951698204E+022
   5.1092500000000001E-003   6.2135856549716610E+022
   5.0714000000000002E-003   6.3405822538127677E+022
   5.0331999999999998E-003   6.4703422558712535E+022
   4.9946399999999998E-003   6.6029262316599090E+022
   4.9557200000000003E-003   6.7386017073807514E+022
   4.9164300000000003E-003   6.8382312710614140E+022
   4.8965600000000003E-003   6.9095825725223290E+022
   4.8767799999999998E-003   6.9790908431956886E+022
   4.8567100000000002E-003   7.0520088594536148E+022
   4.8367499999999999E-003   7.1474365560518783E+022
   4.8049700000000004E-003   7.2622186603584049E+022
   4.7734300000000004E-003   7.3573032834196805E+022
   4.7528700000000002E-003   7.4331950934567760E+022
   4.7324000000000003E-003   7.5113562981911073E+022
   4.7116399999999996E-003   7.5900330327210887E+022
   4.6909700000000000E-003   7.6699967663780563E+022
   4.6700099999999996E-003   7.7508925306144064E+022
   4.6491400000000004E-003   7.8333537247584275E+022
   4.6279800000000003E-003   7.9170179137215572E+022
   4.6068999999999997E-003   8.0019762218596701E+022
   4.5855200000000000E-003   8.0885012937268617E+022
   4.5642299999999998E-003   8.1763340993839405E+022
   4.5426499999999996E-003   8.2659977673168004E+022
   4.5211399999999999E-003   8.3574871805018698E+022
   4.4993300000000002E-003   8.4505771803174427E+022
   4.4776099999999999E-003   8.5452821316009512E+022
   4.4555799999999998E-003   8.6422671104427602E+022
   4.4336300000000000E-003   8.7415064128452588E+022
   4.4113800000000003E-003   8.8427572018552408E+022
   4.3892000000000002E-003   8.9465546935317954E+022
   4.3667200000000002E-003   9.0520456517629661E+022
   4.3442999999999997E-003   9.1610636781558398E+022
   4.3215900000000002E-003   9.2726643362983714E+022
   4.2989300000000003E-003   9.3875490181508961E+022
   4.2759800000000004E-003   9.5053609673423755E+022
   4.2530800000000002E-003   9.6266147289953663E+022
   4.2299599999999996E-003   9.7517335507698750E+022
   4.2067299999999997E-003   9.8808377704171478E+022
   4.1833599999999997E-003   1.0014227770744009E+023
   4.1598599999999996E-003   1.0151967432597850E+023
   4.1362400000000002E-003   1.0295043790833066E+023
   4.1124800000000000E-003   1.0443118788865235E+023
   4.0885899999999996E-003   1.0597877608439857E+023
   4.0645600000000000E-003   1.0758636667432415E+023
   4.0404000000000004E-003   1.0926155111885113E+023
   4.0160899999999999E-003   1.1101281524123799E+023
   3.9916500000000002E-003   1.1283813440577487E+023
   3.9670599999999997E-003   1.1474188114265211E+023
   3.9423200000000000E-003   1.1673249108128697E+023
   3.9174400000000003E-003   1.1881092979872565E+023
   3.8924099999999998E-003   1.2098002921049540E+023
   3.8672300000000001E-003   1.2326308654148067E+023
   3.8418900000000001E-003   1.2565566220734132E+023
   3.8164000000000002E-003   1.2818591738088202E+023
   3.7907399999999999E-003   1.3089292903030725E+023
   3.7649300000000001E-003   1.3379876961899396E+023
   3.7389500000000000E-003   1.3685915392480068E+023
   3.7128000000000000E-003   1.4000828093684458E+023
   3.6864799999999998E-003   1.4320555396863699E+023
   3.6599800000000002E-003   1.4645022071772226E+023
   3.6333099999999998E-003   1.4974162832541958E+023
   3.6064600000000001E-003   1.5307919380959021E+023
   3.5794300000000002E-003   1.5646240792631483E+023
   3.5522100000000001E-003   1.5989080368074185E+023
   3.5247999999999998E-003   1.6336396315230807E+023
   3.4971899999999998E-003   1.6688151154081820E+023
   3.4693800000000002E-003   1.7044309206008160E+023
   3.4413700000000000E-003   1.7404838174947544E+023
   3.4131600000000002E-003   1.7769706459885528E+023
   3.3847299999999999E-003   1.8138884184171728E+023
   3.3560800000000000E-003   1.8512345281986072E+023
   3.3272200000000001E-003   1.8890060331381526E+023
   3.2981199999999999E-003   1.9272003979860213E+023
   3.2688000000000001E-003   1.9658148882250277E+023
   3.2392300000000001E-003   2.0048469773434867E+023
   3.2094200000000002E-003   2.0442938473094066E+023
   3.1793600000000000E-003   2.0841529526384659E+023
   3.1490500000000000E-003   2.1244215187178786E+023
   3.1184699999999999E-003   2.1650966502844821E+023
   3.0876200000000001E-003   2.2061755375496176E+023
   3.0564899999999998E-003   2.2476550769946883E+023
   3.0250799999999999E-003   2.2895320836977325E+023
   2.9933700000000000E-003   2.3318033517556844E+023
   2.9613600000000001E-003   2.3744653498540290E+023
   2.9290399999999999E-003   2.4175143784890878E+023
   2.8963999999999999E-003   2.4609465682999533E+023
   2.8634200000000002E-003   2.5047578884287633E+023
   2.8300999999999999E-003   2.5489440411179516E+023
   2.7964200000000000E-003   2.5935001542050384E+023
   2.7623800000000000E-003   2.6384216879439843E+023
   2.7279600000000002E-003   2.6837032565942022E+023
   2.6931400000000001E-003   2.7293392697705930E+023
   2.6579199999999998E-003   2.7753240403595105E+023
   2.6222699999999999E-003   2.8216509789540218E+023
   2.5861800000000000E-003   2.8683134962368940E+023
   2.5496300000000002E-003   2.9153044795194233E+023
   2.5125999999999998E-003   2.9626160488109697E+023
   2.4750699999999998E-003   3.0102401992283627E+023
   2.4370199999999998E-003   3.0581681457766930E+023
   2.3984200000000001E-003   3.1063902975866774E+023
   2.3592600000000002E-003   3.1548967622723650E+023
   2.3194900000000000E-003   3.2036285015084840E+023
   2.2790900000000001E-003   3.2529589930297037E+023
   2.2380299999999998E-003   3.3025380765117915E+023
   2.1962700000000002E-003   3.3523519786804717E+023
   2.1537700000000002E-003   3.4023864284506795E+023
   2.1104800000000001E-003   3.4526252843259267E+023
   2.0663600000000002E-003   3.5029650021638921E+023
   2.0213599999999998E-003   3.5538230330785383E+023
   1.9754099999999999E-003   3.6048569541917176E+023
   1.9284500000000000E-003   3.6560057224679882E+023
   1.8807200000000000E-003   3.7076389053627632E+023
   1.8311800000000000E-003   3.7593028190630891E+023
   1.7806899999999999E-003   3.8108908112483301E+023
   1.7288200000000001E-003   3.8508522748248879E+023
   1.6892299999999999E-003   3.8924706368271170E+023
   1.6481600000000001E-003   3.9538306646119536E+023
   1.5707900000000001E-003   3.9981690373680764E+023
   1.5274700000000000E-003   4.0412768692742948E+023
   1.4820499999999999E-003   4.1060228492474864E+023
   1.3879000000000001E-003   4.1612199525746642E+023
   1.3229100000000001E-003   4.2145656804866635E+023
   1.2551100000000000E-003   4.2607142409982491E+023
   1.1802500000000001E-003   4.3161954684547523E+023
   1.1005300000000000E-003   4.3631202286771494E+023
   1.0087500000000001E-003   4.4238143452771007E+023
   8.9930000000000001E-004   4.4914083247613681E+023
   7.0638000000000005E-004   4.5279073529889518E+023
   5.6780000000000003E-004   4.5730343791901996E+023
   4.8412999999999999E-004   4.5940391886660952E+023
   3.8296000000000001E-004   4.5955463225146186E+023
   3.1385000000000001E-004   4.6195622035996782E+023
   2.5071000000000002E-004   4.6016122932096554E+023
   2.0164000000000000E-004   4.6294683482247679E+023
   1.6416000000000000E-004   4.6239368255264367E+023
   1.3642999999999999E-004   4.6367567171999187E+023
   1.1689000000000000E-004   4.6340386387102569E+023
   1.0404000000000000E-004   4.6403273169442472E+023
   8.6870000000000000E-005   4.6424770235526956E+023
   6.8940000000000001E-005   4.6429054798872031E+023
   5.4719999999999998E-005   4.6463982448816331E+023
   4.3430000000000003E-005   4.6468770483394995E+023
   3.4470000000000000E-005   4.6470390419805338E+023
   2.7359999999999999E-005   4.6485289881418113E+023
   2.1710000000000001E-005   4.6486305889627047E+023
   1.7229999999999999E-005   4.6493390940266147E+023
   1.3679999999999999E-005   4.6500388504691404E+023
