   9.0683099999999996E-003   314183562303558.19     
   9.0681400000000006E-003   467783372765817.69     
   9.0680599999999993E-003   569829963077092.12     
   9.0680199999999996E-003   651355266036399.38     
   9.0679799999999998E-003   721157482100118.50     
   9.0679500000000000E-003   783069359202478.38     
   9.0679200000000001E-003   839350285515125.88     
   9.0679000000000003E-003   891174621633068.50     
   9.0678800000000004E-003   939495357974627.75     
   9.0678600000000005E-003   984989628365264.88     
   9.0678400000000006E-003   1028012902154835.2     
   9.0678200000000007E-003   1068922137732135.6     
   9.0678000000000009E-003   1108052028685552.4     
   9.0677899999999992E-003   1145635204605750.5     
   9.0677799999999992E-003   1181827482963022.8     
   9.0677599999999994E-003   1216748920699066.2     
   9.0677499999999994E-003   1250518165985211.5     
   9.0677399999999995E-003   1283254900125365.2     
   9.0677199999999996E-003   1315066880465208.0     
   9.0677099999999997E-003   1346042971089355.8     
   9.0676999999999997E-003   1383718554019046.2     
   9.0676899999999998E-003   1427443010243950.5     
   9.0676699999999999E-003   1469709251037923.8     
   9.0676600000000000E-003   1510646692276521.0     
   9.0676400000000001E-003   1543825449027191.5     
   9.0676300000000001E-003   1569836062604650.5     
   9.0676200000000002E-003   1595395331246904.2     
   9.0676200000000002E-003   1620530721665437.5     
   9.0676100000000003E-003   1651402172887141.8     
   9.0676000000000003E-003   1687644087189402.2     
   9.0675800000000004E-003   1723074883264775.5     
   9.0675700000000005E-003   1757739506003732.8     
   9.0675600000000006E-003   1786063208768176.0     
   9.0675500000000006E-003   1808389449818715.8     
   9.0675500000000006E-003   1830426196414612.8     
   9.0675400000000007E-003   1852184093822727.8     
   9.0675300000000007E-003   1884348746862689.0     
   9.0675200000000008E-003   1915902811851861.2     
   9.0675100000000008E-003   1936656546545822.0     
   9.0674999999999992E-003   1967383647521814.5     
   9.0674899999999992E-003   2007573730169049.8     
   9.0674799999999993E-003   2046954123580701.0     
   9.0674699999999993E-003   2085564880205421.0     
   9.0674599999999994E-003   2114024590227359.8     
   9.0674499999999995E-003   2132788868831885.5     
   9.0674399999999995E-003   2151380588650812.0     
   9.0674399999999995E-003   2169805333135333.2     
   9.0674299999999996E-003   2197152746549544.0     
   9.0674199999999996E-003   2233050018034314.8     
   9.0674099999999997E-003   2268352587054502.5     
   9.0673999999999998E-003   2303090466775724.0     
   9.0673899999999998E-003   2342953495410479.0     
   9.0673799999999999E-003   2387657168902709.0     
   9.0673600000000000E-003   2431520292788949.5     
   9.0673500000000001E-003   2474598253923297.0     
   9.0673400000000001E-003   2516934472678643.5     
   9.0673300000000002E-003   2558561627236063.0     
   9.0673100000000003E-003   2599506315447848.5     
   9.0673000000000004E-003   2639795560705522.5     
   9.0672900000000004E-003   2684380523150482.0     
   9.0672800000000005E-003   2733018143210489.0     
   9.0672600000000006E-003   2780773869572062.0     
   9.0672500000000007E-003   2816020264539411.0     
   9.0672400000000007E-003   2839281526576935.0     
   9.0672400000000007E-003   2873829881047764.5     
   9.0672200000000008E-003   2919215924216047.0     
   9.0672099999999992E-003   2963893887428350.5     
   9.0671999999999992E-003   3007900040526636.5     
   9.0671799999999993E-003   3051267851299747.5     
   9.0671699999999994E-003   3094025896806602.0     
   9.0671599999999995E-003   3136197428021911.0     
   9.0671499999999995E-003   3177803455392550.0     
   9.0671399999999996E-003   3218864534780009.0     
   9.0671299999999996E-003   3259399581769085.5     
   9.0671199999999997E-003   3319313456797159.0     
   9.0670899999999999E-003   3387757970118668.0     
   9.0670799999999999E-003   3445344624955371.0     
   9.0670600000000001E-003   3501960049801697.0     
   9.0670500000000001E-003   3543786931870507.0     
   9.0670400000000002E-003   3571412281962512.5     
   9.0670300000000002E-003   3612474479860524.0     
   9.0670200000000003E-003   3666474684983686.5     
   9.0670000000000004E-003   3746118238509013.5     
   9.0669800000000005E-003   3823947737682632.5     
   9.0669600000000006E-003   3875031034647118.5     
   9.0669500000000007E-003   3925457840769529.5     
   9.0669400000000008E-003   3975255669716012.0     
   9.0669199999999991E-003   4024449499611886.5     
   9.0669099999999992E-003   4073060537294635.0     
   9.0668999999999993E-003   4121105926358046.5     
   9.0668799999999994E-003   4168602241196797.5     
   9.0668699999999994E-003   4223357103990435.5     
   9.0668599999999995E-003   4285056287174027.5     
   9.0668399999999996E-003   4376075963021649.0     
   9.0668099999999998E-003   4465051121856708.5     
   9.0667899999999999E-003   4523468017346209.0     
   9.0667800000000000E-003   4581148985929347.0     
   9.0667700000000000E-003   4638124276956551.0     
   9.0667500000000002E-003   4701430949606579.0     
   9.0667300000000003E-003   4770797221298933.0     
   9.0667200000000003E-003   4839204498327783.0     
   9.0667000000000005E-003   4906695075537624.0     
   9.0666800000000006E-003   4973301730082103.0     
   9.0666700000000006E-003   5039053328091476.0     
   9.0666500000000008E-003   5136250732070982.0     
   9.0666199999999992E-003   5237788884001986.0     
   9.0665999999999993E-003   5312762893663964.0     
   9.0665799999999994E-003   5386716304347809.0     
   9.0665599999999996E-003   5459685952433098.0     
   9.0665399999999997E-003   5531705759373493.0     
   9.0665299999999997E-003   5602810561949448.0     
   9.0665099999999998E-003   5673039243544569.0     
   9.0664900000000000E-003   5742430560968502.0     
   9.0664800000000000E-003   5811018405776322.0     
   9.0664600000000001E-003   5878835763069160.0     
   9.0664400000000003E-003   5945912149466368.0     
   9.0664300000000003E-003   6012273225421899.0     
   9.0664100000000004E-003   6110617812714883.0     
   9.0663800000000006E-003   6239317226290927.0     
   9.0663500000000008E-003   6365538625318286.0     
   9.0663199999999992E-003   6489415369835126.0     
   9.0662899999999994E-003   6611061186311269.0     
   9.0662599999999996E-003   6730586169065197.0     
   9.0662399999999997E-003   6848096313771495.0     
   9.0662099999999999E-003   6963694628659409.0     
   9.0661800000000001E-003   7077470337177919.0     
   9.0661600000000002E-003   7189503746914491.0     
   9.0661300000000004E-003   7299875171532277.0     
   9.0661100000000005E-003   7408672559464375.0     
   9.0660800000000007E-003   7515979349772041.0     
   9.0660600000000008E-003   7621869928417828.0     
   9.0660299999999992E-003   7726409117236266.0     
   9.0660099999999993E-003   7829648733096839.0     
   9.0659899999999995E-003   7982357888738979.0     
   9.0659399999999998E-003   8181610459602059.0     
   9.0659000000000000E-003   8327999217346539.0     
   9.0658800000000001E-003   8424392058582488.0     
   9.0658600000000002E-003   8519769924117022.0     
   9.0658300000000004E-003   8614157830800561.0     
   9.0658100000000005E-003   8738595074314942.0     
   9.0657800000000007E-003   8891707647080901.0     
   9.0657499999999992E-003   9042358795294694.0     
   9.0657099999999994E-003   9153716126254866.0     
   9.0656999999999995E-003   9227306971972984.0     
   9.0656799999999996E-003   9336751217638002.0     
   9.0656499999999998E-003   9480715935632330.0     
   9.0656199999999999E-003   9622664548084812.0     
   9.0655900000000001E-003   9762691392031010.0     
   9.0655600000000003E-003   9900881844404432.0     
   9.0655300000000005E-003   10037313164865914.     
   9.0655000000000006E-003   10239078296978614.     
   9.0654499999999992E-003   10436741013424836.     
   9.0654199999999994E-003   10566803899695634.     
   9.0653899999999996E-003   10695431541429712.     
   9.0653599999999997E-003   10822667071401870.     
   9.0653399999999999E-003   11011216961154778.     
   9.0652900000000002E-003   11257788432626598.     
   9.0652400000000005E-003   11499428604798120.     
   9.0651900000000007E-003   11736444225239658.     
   9.0651399999999993E-003   11940159078813316.     
   9.0650999999999995E-003   12112343379650894.     
   9.0650699999999997E-003   12282308418839438.     
   9.0650300000000000E-003   12450149789250540.     
   9.0650000000000001E-003   12698466180763156.     
   9.0649300000000006E-003   12941814014337630.     
   9.0649000000000007E-003   13101981786328812.     
   9.0648699999999992E-003   13260390705213278.     
   9.0648399999999994E-003   13417096992542986.     
   9.0648099999999995E-003   13649365834780358.     
   9.0647499999999999E-003   13953239887016146.     
   9.0646900000000002E-003   14251249441833694.     
   9.0646300000000006E-003   14543717212566774.     
   9.0645699999999992E-003   14830921871122650.     
   9.0645199999999995E-003   15113159071627300.     
   9.0644599999999999E-003   15390711430767806.     
   9.0644100000000002E-003   15663833534416972.     
   9.0643600000000005E-003   15932754070028770.     
   9.0643100000000008E-003   16197675020460728.     
   9.0642599999999993E-003   16458784340017212.     
   9.0642099999999996E-003   16758990330534562.     
   9.0641500000000000E-003   17096116004348900.     
   9.0640800000000004E-003   17427392833411298.     
   9.0640200000000008E-003   17753143301434392.     
   9.0639599999999994E-003   18073673224058632.     
   9.0638999999999997E-003   18310575849360700.     
   9.0638799999999999E-003   18467161336526712.     
   9.0638500000000000E-003   18700065303126804.     
   9.0637900000000004E-003   19006352379292836.     
   9.0637400000000007E-003   19308287787468596.     
   9.0636799999999993E-003   19606066932101284.     
   9.0636299999999996E-003   19973019278468096.     
   9.0635500000000001E-003   20405235165314200.     
   9.0634700000000006E-003   20723770265474480.     
   9.0634300000000008E-003   21038764864497124.     
   9.0633599999999995E-003   21348980715860780.     
   9.0633199999999997E-003   21587911493767192.     
   9.0632799999999999E-003   21858075038370932.     
   9.0632300000000002E-003   22125339410753548.     
   9.0631800000000005E-003   22389795380437664.     
   9.0631400000000008E-003   22781923856746252.     
   9.0630499999999996E-003   23167206484960948.     
   9.0629999999999999E-003   23421286439833640.     
   9.0629600000000001E-003   23735716018716528.     
   9.0628900000000005E-003   24108034399745496.     
   9.0628299999999992E-003   24658152340978112.     
   9.0627099999999999E-003   25195878365377628.     
   9.0626500000000002E-003   25549454733780192.     
   9.0625900000000006E-003   25898838559731432.     
   9.0625299999999992E-003   26244191748244464.     
   9.0624699999999996E-003   26755722724492020.     
   9.0623600000000002E-003   27423798149835828.     
   9.0622500000000009E-003   27969362153116408.     
   9.0621799999999995E-003   28399614329138284.     
   9.0621100000000000E-003   28877171146273256.     
   9.0620200000000005E-003   29399635271080864.     
   9.0619399999999992E-003   29914164507416092.     
   9.0618499999999998E-003   30421144021847724.     
   9.0617700000000002E-003   31045382750191464.     
   9.0616499999999992E-003   31596769068138352.     
   9.0615999999999995E-003   31960295302100608.     
   9.0615399999999999E-003   32320290742488840.     
   9.0614800000000002E-003   32676864080541256.     
   9.0614300000000005E-003   33206206269094220.     
   9.0613199999999994E-003   33899983177841376.     
   9.0612100000000001E-003   34581708134884648.     
   9.0611000000000008E-003   35252038094676120.     
   9.0609999999999996E-003   35911595225009396.     
   9.0609000000000002E-003   36668763220079984.     
   9.0607699999999992E-003   37517457933363040.     
   9.0606400000000000E-003   38246355484253952.     
   9.0605400000000006E-003   38862223851787840.     
   9.0604499999999994E-003   39469853450607936.     
   9.0603599999999999E-003   40069566868610616.     
   9.0602700000000005E-003   40760036366183056.     
   9.0601499999999995E-003   41536563091577920.     
   9.0600400000000001E-003   42300844369013848.     
   9.0599300000000008E-003   43053512654009368.     
   9.0598199999999997E-003   43795139375777368.     
   9.0597100000000003E-003   44526224455101136.     
   9.0595999999999993E-003   45247232895468888.     
   9.0594999999999998E-003   45958602392076592.     
   9.0594000000000004E-003   46660748227750184.     
   9.0592999999999993E-003   47354050172139832.     
   9.0591999999999999E-003   48209532644228136.     
   9.0590500000000008E-003   49218530509425448.     
   9.0589099999999999E-003   50045453894145104.     
   9.0588200000000004E-003   50699267514615264.     
   9.0587299999999992E-003   51345987788992536.     
   9.0586399999999997E-003   51985852271770072.     
   9.0585500000000003E-003   52934734462819904.     
   9.0583699999999996E-003   54176034368919272.     
   9.0582000000000006E-003   55090132560441560.     
   9.0581199999999994E-003   55693299082083736.     
   9.0580399999999998E-003   56440052763881352.     
   9.0579100000000006E-003   57324643564993416.     
   9.0577899999999996E-003   58197836950588128.     
   9.0576800000000002E-003   59060133337691416.     
   9.0575599999999992E-003   60053597162747816.     
   9.0574100000000001E-003   61171700822276592.     
   9.0572599999999993E-003   61998179439614528.     
   9.0571899999999997E-003   62544657162989360.     
   9.0571100000000002E-003   63357786688253664.     
   9.0569699999999993E-003   64427268054698080.     
   9.0568300000000001E-003   65482012324054312.     
   9.0566899999999992E-003   66522701168144384.     
   9.0565600000000000E-003   68061728349335376.     
   9.0562899999999998E-003   70065662422915928.     
   9.0560399999999996E-003   71534905064009240.     
   9.0559100000000003E-003   72502105322979456.     
   9.0557899999999993E-003   73458524748715232.     
   9.0556700000000000E-003   74404576202145968.     
   9.0555500000000008E-003   75574101651026336.     
   9.0553700000000001E-003   76956809719575024.     
   9.0551999999999994E-003   78092627470278992.     
   9.0550900000000000E-003   78992156124598848.     
   9.0549700000000007E-003   80105503500086656.     
   9.0548099999999999E-003   81423725268523520.     
   9.0546499999999992E-003   82724338434450432.     
   9.0544900000000001E-003   84008094866099056.     
   9.0543299999999993E-003   85275685124722288.     
   9.0541800000000002E-003   86527735985628240.     
   9.0540199999999994E-003   87764815754294464.     
   9.0538700000000003E-003   88968432118006224.     
   9.0537299999999994E-003   90140637705870800.     
   9.0535800000000003E-003   91284215848512912.     
   9.0534399999999994E-003   92587266642775888.     
   9.0532500000000005E-003   94034546616856320.     
   9.0530699999999999E-003   95091972868021840.     
   9.0529800000000004E-003   95787411627265136.     
   9.0528899999999992E-003   96969318342150976.     
   9.0526800000000004E-003   98601199812368032.     
   9.0524700000000000E-003   99865915719943584.     
   9.0523400000000007E-003   1.0079077026002570E+017
   9.0522199999999997E-003   1.0192950587124178E+017
   9.0520500000000007E-003   1.0326837575630662E+017
   9.0518700000000001E-003   1.0458076441083304E+017
   9.0516999999999993E-003   1.0586833221316501E+017
   9.0515300000000003E-003   1.0734250434486368E+017
   9.0513199999999999E-003   1.0898939829683469E+017
   9.0510999999999994E-003   1.1019881581149205E+017
   9.0510000000000000E-003   1.1099577326319478E+017
   9.0508900000000007E-003   1.1217772262735072E+017
   9.0506900000000001E-003   1.1372389106965522E+017
   9.0504899999999996E-003   1.1524070697122965E+017
   9.0502900000000008E-003   1.1672990820557485E+017
   9.0501000000000002E-003   1.1819304848261102E+017
   9.0499099999999996E-003   1.1963152423032330E+017
   9.0497300000000006E-003   1.2104658912011403E+017
   9.0495500000000000E-003   1.2243938773103792E+017
   9.0493699999999993E-003   1.2381096504749966E+017
   9.0491900000000004E-003   1.2516228550987909E+017
   9.0490199999999996E-003   1.2682589405620894E+017
   9.0487699999999994E-003   1.2878252822518875E+017
   9.0485300000000008E-003   1.3038196772342510E+017
   9.0483700000000000E-003   1.3164416363674453E+017
   9.0482099999999992E-003   1.3289059640874523E+017
   9.0480500000000002E-003   1.3412184420030419E+017
   9.0478999999999993E-003   1.3564152358986325E+017
   9.0476800000000007E-003   1.3743492362392413E+017
   9.0474600000000002E-003   1.3919845052839131E+017
   9.0472399999999998E-003   1.4093362315481952E+017
   9.0470299999999993E-003   1.4264183389491421E+017
   9.0468200000000006E-003   1.4432434958152771E+017
   9.0466200000000000E-003   1.4570682763574016E+017
   9.0464900000000008E-003   1.4680161050188451E+017
   9.0463599999999998E-003   1.4842649695230474E+017
   9.0460999999999996E-003   1.5055618011381862E+017
   9.0458499999999994E-003   1.5238793524122083E+017
   9.0456600000000005E-003   1.5393696535927398E+017
   9.0454799999999998E-003   1.5546659246549024E+017
   9.0452999999999992E-003   1.5697753674967584E+017
   9.0451300000000002E-003   1.5871839761257798E+017
   9.0448999999999998E-003   1.6067834002310358E+017
   9.0446699999999994E-003   1.6260906956044035E+017
   9.0444500000000008E-003   1.6451191475598781E+017
   9.0442300000000003E-003   1.6638808946928435E+017
   9.0440199999999998E-003   1.6823867979180378E+017
   9.0438099999999993E-003   1.7006466784319830E+017
   9.0436100000000005E-003   1.7186695782291965E+017
   9.0434100000000000E-003   1.7364640349346739E+017
   9.0432099999999994E-003   1.7540380554107123E+017
   9.0430200000000006E-003   1.7713993407090957E+017
   9.0428300000000000E-003   1.7885552004762368E+017
   9.0426399999999994E-003   1.8097349434512909E+017
   9.0423599999999993E-003   1.8347434480582573E+017
   9.0420899999999992E-003   1.8552608188259987E+017
   9.0419200000000002E-003   1.8714888471255344E+017
   9.0417399999999995E-003   1.8875489329303859E+017
   9.0415700000000005E-003   1.9034462029178768E+017
   9.0413999999999998E-003   1.9270221042417418E+017
   9.0410700000000000E-003   1.9578969579404144E+017
   9.0407500000000002E-003   1.9806559437716454E+017
   9.0405899999999994E-003   1.9956719709103613E+017
   9.0404400000000003E-003   2.0179680488695683E+017
   9.0401300000000004E-003   2.0472220888782902E+017
   9.0398400000000004E-003   2.0688234532977376E+017
   9.0396899999999995E-003   2.0830892267025366E+017
   9.0395400000000004E-003   2.1042904145067456E+017
   9.0392600000000004E-003   2.1321479299477078E+017
   9.0389800000000003E-003   2.1595808931635158E+017
   9.0387100000000001E-003   2.1866078907362454E+017
   9.0384400000000000E-003   2.2145916859118544E+017
   9.0381500000000000E-003   2.2513249401357430E+017
   9.0377200000000008E-003   2.2886068105983376E+017
   9.0374300000000008E-003   2.3114028181031446E+017
   9.0372800000000000E-003   2.3339740848012602E+017
   9.0369900000000000E-003   2.3636598073972922E+017
   9.0367099999999999E-003   2.3929216470158378E+017
   9.0364399999999998E-003   2.4217772247128186E+017
   9.0361699999999996E-003   2.4573220405430938E+017
   9.0357700000000003E-003   2.4991821793429629E+017
   9.0353900000000008E-003   2.5470457876650858E+017
   9.0348900000000003E-003   2.6004722747130874E+017
   9.0344099999999997E-003   2.6396851879867693E+017
   9.0341799999999993E-003   2.6654866944270032E+017
   9.0339500000000007E-003   2.6910055170329197E+017
   9.0337200000000003E-003   2.7162513963092214E+017
   9.0334999999999999E-003   2.7443446264039357E+017
   9.0332199999999998E-003   2.7751749931851482E+017
   9.0329599999999996E-003   2.8056235302959997E+017
   9.0326899999999995E-003   2.8357040964853027E+017
   9.0324299999999993E-003   2.8743034109068054E+017
   9.0320299999999999E-003   2.9209932093639795E+017
   9.0316300000000006E-003   2.9725523230013901E+017
   9.0311499999999999E-003   3.0286608098710394E+017
   9.0306899999999992E-003   3.0895201663410682E+017
   9.0301400000000007E-003   3.1547786173400736E+017
   9.0296200000000004E-003   3.2027033411534650E+017
   9.0293600000000002E-003   3.2342426688254778E+017
   9.0291099999999999E-003   3.2861195258472589E+017
   9.0285299999999999E-003   3.3571659581536096E+017
   9.0279699999999997E-003   3.4216576096678522E+017
   9.0275100000000007E-003   3.4800302084302528E+017
   9.0270599999999999E-003   3.5468199920350995E+017
   9.0264799999999999E-003   3.6214467100766266E+017
   9.0259199999999998E-003   3.6944085004875853E+017
   9.0253799999999995E-003   3.7658137826091213E+017
   9.0248499999999992E-003   3.8183667508964531E+017
   9.0246000000000007E-003   3.8529941496725030E+017
   9.0243400000000005E-003   3.8958226646817075E+017
   9.0239699999999992E-003   3.9465316230519667E+017
   9.0235999999999997E-003   4.0131089978248307E+017
   9.0230099999999997E-003   4.0946286947806304E+017
   9.0224399999999996E-003   4.1707353344473024E+017
   9.0219299999999992E-003   4.2417624444162035E+017
   9.0214400000000004E-003   4.3120436937403098E+017
   9.0209599999999997E-003   4.3816152914898490E+017
   9.0204900000000008E-003   4.4613370696412698E+017
   9.0198699999999993E-003   4.5505769092833478E+017
   9.0192799999999993E-003   4.6379795272048282E+017
   9.0187099999999992E-003   4.7236583623019821E+017
   9.0181500000000008E-003   4.8077159110160922E+017
   9.0176000000000006E-003   4.8902451427238278E+017
   9.0170800000000002E-003   4.9562054457581888E+017
   9.0167500000000005E-003   5.0063436514858310E+017
   9.0164400000000006E-003   5.0559596363606912E+017
   9.0161200000000007E-003   5.1050694774663808E+017
   9.0158200000000008E-003   5.1778629389992787E+017
   9.0152099999999992E-003   5.2732185674119789E+017
   9.0146299999999992E-003   5.3760836984958208E+017
   9.0139499999999997E-003   5.4859756599945632E+017
   9.0132900000000002E-003   5.5887581258969549E+017
   9.0127100000000002E-003   5.6848635455904205E+017
   9.0121400000000001E-003   5.7910446380885722E+017
   9.0114600000000007E-003   5.9066874714760602E+017
   9.0107899999999994E-003   6.0200377188068634E+017
   9.0101499999999998E-003   6.1312235551429696E+017
   9.0095200000000000E-003   6.2135183385827238E+017
   9.0092100000000001E-003   6.2953626802578829E+017
   9.0086000000000003E-003   6.3760510716048371E+017
   9.0083000000000003E-003   6.4401610807720358E+017
   9.0078899999999993E-003   6.5143449517646323E+017
   9.0074800000000000E-003   6.5876783548133965E+017
   9.0070800000000006E-003   6.6601932270622259E+017
   9.0066899999999995E-003   6.7573889203142182E+017
   9.0060299999999999E-003   6.8781472541661568E+017
   9.0053900000000003E-003   6.9978865954212237E+017
   9.0047600000000005E-003   7.1166560406760435E+017
   9.0041400000000008E-003   7.2528006735357926E+017
   9.0033500000000002E-003   7.4052923836766272E+017
   9.0025699999999997E-003   7.5179182805907341E+017
   9.0021900000000002E-003   7.5925514677618765E+017
   9.0018200000000007E-003   7.7038530874873088E+017
   9.0010799999999998E-003   7.8501850834757146E+017
   9.0003600000000007E-003   7.9941937077088013E+017
   8.9996599999999996E-003   8.1360105496663053E+017
   8.9989700000000002E-003   8.2939029309865165E+017
   8.9981300000000000E-003   8.4669476912110170E+017
   8.9973199999999996E-003   8.6375273412816410E+017
   8.9965199999999992E-003   8.8057834178015526E+017
   8.9957500000000003E-003   8.9715583867609421E+017
   8.9949899999999996E-003   9.1349895753758630E+017
   8.9942500000000005E-003   9.2645622083794227E+017
   8.9938099999999997E-003   9.3617003560586944E+017
   8.9933800000000005E-003   9.4578907862205530E+017
   8.9929499999999996E-003   9.5531749764106842E+017
   8.9925300000000003E-003   9.6956518061536922E+017
   8.9917000000000000E-003   9.8833941649135334E+017
   8.9908899999999996E-003   1.0084729425156312E+018
   8.9899600000000000E-003   1.0298945004114641E+018
   8.9890600000000001E-003   1.0510907732250497E+018
   8.9881800000000001E-003   1.0720742555746747E+018
   8.9873200000000000E-003   1.0883817573306076E+018
   8.9868399999999994E-003   1.1002046741955826E+018
   8.9863600000000005E-003   1.1119685658925884E+018
   8.9858799999999999E-003   1.1236748438969482E+018
   8.9854199999999992E-003   1.1382356516007519E+018
   8.9847199999999999E-003   1.1555498271126354E+018
   8.9840500000000004E-003   1.1757170832228132E+018
   8.9831500000000005E-003   1.1986012428918510E+018
   8.9822700000000005E-003   1.2212471074350208E+018
   8.9814100000000004E-003   1.2436652442213133E+018
   8.9805700000000002E-003   1.2602851799862556E+018
   8.9801599999999992E-003   1.2713212278437494E+018
   8.9797499999999999E-003   1.2837868022578737E+018
   8.9792299999999995E-003   1.2976424805919240E+018
   8.9787200000000008E-003   1.3182997484825879E+018
   8.9777199999999998E-003   1.3454590052452700E+018
   8.9767500000000004E-003   1.3655548299324163E+018
   8.9762699999999997E-003   1.3788812836536371E+018
   8.9758000000000008E-003   1.3936056664254213E+018
   8.9752300000000007E-003   1.4096865185272602E+018
   8.9746600000000006E-003   1.4255991852652997E+018
   8.9741100000000004E-003   1.4413492397113920E+018
   8.9735700000000002E-003   1.4571761907454802E+018
   8.9730100000000000E-003   1.4730781082818952E+018
   8.9724699999999998E-003   1.4968302408658545E+018
   8.9713899999999992E-003   1.5280934018312164E+018
   8.9703500000000002E-003   1.5512545635497536E+018
   8.9698399999999998E-003   1.5666457199473121E+018
   8.9693299999999993E-003   1.5834514987419005E+018
   8.9687199999999995E-003   1.6016332533035044E+018
   8.9681299999999995E-003   1.6196361096703962E+018
   8.9675499999999995E-003   1.6465958049752553E+018
   8.9663899999999994E-003   1.6734485287355927E+018
   8.9658099999999994E-003   1.6913267532025521E+018
   8.9652499999999993E-003   1.7090452506637499E+018
   8.9646900000000009E-003   1.7332553913546437E+018
   8.9637299999999996E-003   1.7637297739048289E+018
   8.9627900000000000E-003   1.7942598551595584E+018
   8.9618500000000004E-003   1.8248462770377260E+018
   8.9609200000000007E-003   1.8540714779607078E+018
   8.9600800000000005E-003   1.8819912290333399E+018
   8.9592500000000002E-003   1.9046920166058068E+018
   8.9587299999999998E-003   1.9223284092346122E+018
   8.9582099999999994E-003   1.9503410380012979E+018
   8.9570899999999991E-003   1.9883708615121797E+018
   8.9560000000000004E-003   2.0181349677896399E+018
   8.9553800000000006E-003   2.0399305594317791E+018
   8.9547600000000008E-003   2.0717018171396416E+018
   8.9535799999999992E-003   2.1130886484784781E+018
   8.9524400000000007E-003   2.1569707550933683E+018
   8.9511599999999997E-003   2.2032367586674048E+018
   8.9499100000000002E-003   2.2392295351774751E+018
   8.9492100000000008E-003   2.2653375471829550E+018
   8.9485199999999997E-003   2.2914554778367547E+018
   8.9478200000000004E-003   2.3175845192614963E+018
   8.9471399999999993E-003   2.3535292226427924E+018
   8.9459499999999994E-003   2.3989535928526710E+018
   8.9447799999999994E-003   2.4386854517227162E+018
   8.9439099999999994E-003   2.4729381815433861E+018
   8.9430499999999993E-003   2.5045812700657966E+018
   8.9423100000000002E-003   2.5481433658016579E+018
   8.9408800000000000E-003   2.6081449071900836E+018
   8.9393600000000004E-003   2.6545354957925765E+018
   8.9386199999999996E-003   2.6851231110928620E+018
   8.9378800000000005E-003   2.7306368420478080E+018
   8.9364500000000003E-003   2.7905523661535099E+018
   8.9350599999999999E-003   2.8479076680952115E+018
   8.9337800000000005E-003   2.8951085573330176E+018
   8.9328800000000007E-003   2.9341078560602225E+018
   8.9320000000000007E-003   2.9908274114751846E+018
   8.9303300000000002E-003   3.0638120259957320E+018
   8.9287099999999994E-003   3.1355648344905999E+018
   8.9270500000000006E-003   3.2063312837929498E+018
   8.9254399999999998E-003   3.2686845572554184E+018
   8.9241700000000004E-003   3.3238806594444780E+018
   8.9229300000000008E-003   3.3923757893172644E+018
   8.9211399999999993E-003   3.4542402507820262E+018
   8.9202699999999992E-003   3.4957335515969367E+018
   8.9194099999999991E-003   3.5540031668284631E+018
   8.9178899999999995E-003   3.6282617312791777E+018
   8.9163999999999997E-003   3.6859381098443694E+018
   8.9155699999999994E-003   3.7275362115494200E+018
   8.9147500000000008E-003   3.7803849668946591E+018
   8.9134999999999995E-003   3.8441900323823324E+018
   8.9122699999999999E-003   3.9251723586966630E+018
   8.9103900000000007E-003   4.0004953757325885E+018
   8.9093899999999997E-003   4.0606361787065559E+018
   8.9081300000000002E-003   4.1279188816713211E+018
   8.9068900000000006E-003   4.2102937667813581E+018
   8.9051000000000009E-003   4.2831543888653082E+018
   8.9042300000000008E-003   4.3311400155127178E+018
   8.9033700000000007E-003   4.4057224198527514E+018
   8.9015799999999992E-003   4.4810093410723277E+018
   8.9006999999999992E-003   4.5307327556756454E+018
   8.8998399999999991E-003   4.5850279023914020E+018
   8.8988200000000000E-003   4.6437978420330056E+018
   8.8978100000000008E-003   4.7186855768074404E+018
   8.8962699999999995E-003   4.8092169746419507E+018
   8.8947599999999998E-003   4.8850841946283960E+018
   8.8937300000000007E-003   4.9467152741869763E+018
   8.8927199999999998E-003   5.0083859291817349E+018
   8.8917000000000006E-003   5.1040916586692372E+018
   8.8896099999999992E-003   5.2321511781362801E+018
   8.8875900000000008E-003   5.3627534224486420E+018
   8.8854899999999994E-003   5.4627417215374868E+018
   8.8844600000000003E-003   5.5287125078047959E+018
   8.8834499999999993E-003   5.6313931586345452E+018
   8.8813199999999998E-003   5.7694482645216297E+018
   8.8792599999999999E-003   5.9100954643814369E+018
   8.8771200000000005E-003   6.0177021436169247E+018
   8.8760699999999998E-003   6.0885825393881559E+018
   8.8750400000000007E-003   6.1613888484180367E+018
   8.8739500000000002E-003   6.2360140271992504E+018
   8.8728699999999997E-003   6.3099217035541668E+018
   8.8718200000000007E-003   6.3831008398636923E+018
   8.8707700000000000E-003   6.4582055900123924E+018
   8.8696699999999996E-003   6.5351088107953531E+018
   8.8685900000000008E-003   6.6488577944422472E+018
   8.8664599999999996E-003   6.7633905105328261E+018
   8.8653499999999993E-003   6.8422485933141012E+018
   8.8642500000000006E-003   6.9201504230145475E+018
   8.8631700000000001E-003   6.9970972458038282E+018
   8.8620999999999995E-003   7.0760900119082199E+018
   8.8609699999999993E-003   7.1565825008150856E+018
   8.8598600000000007E-003   7.2359552225149399E+018
   8.8587700000000002E-003   7.3142831070558341E+018
   8.8576899999999997E-003   7.3943654760006758E+018
   8.8565499999999995E-003   7.4760423984662528E+018
   8.8554299999999992E-003   7.5564963311157740E+018
   8.8543300000000005E-003   7.6358262783246776E+018
   8.8532400000000001E-003   7.7168495755632753E+018
   8.8520800000000000E-003   7.7994259552875377E+018
   8.8509499999999998E-003   7.8806822084201196E+018
   8.8498299999999995E-003   7.9607933909356892E+018
   8.8487300000000008E-003   8.0425611573956014E+018
   8.8475600000000008E-003   8.1259425914153329E+018
   8.8464200000000007E-003   8.2079908302774559E+018
   8.8452900000000004E-003   8.2889970982268795E+018
   8.8441700000000002E-003   8.3717639838623355E+018
   8.8430000000000002E-003   8.4562931043308360E+018
   8.8418400000000001E-003   8.5395948892614707E+018
   8.8406900000000000E-003   8.6219826897412987E+018
   8.8395699999999997E-003   8.7063115440143278E+018
   8.8383799999999998E-003   8.7925956452653466E+018
   8.8372099999999999E-003   8.8778010586697902E+018
   8.8360499999999998E-003   8.9622262473244539E+018
   8.8349199999999996E-003   9.0488937053049139E+018
   8.8337099999999998E-003   9.1374939877207276E+018
   8.8325299999999999E-003   9.2245522670129910E+018
   8.8313599999999999E-003   9.3121840205650760E+018
   8.8302099999999998E-003   9.4501507482808689E+018
   8.8278100000000002E-003   9.6339427593500344E+018
   8.8254700000000002E-003   9.7720207900599767E+018
   8.8242400000000006E-003   9.8677274235913421E+018
   8.8230300000000008E-003   9.9625443049289708E+018
   8.8218399999999992E-003   1.0058176656311247E+019
   8.8206699999999992E-003   1.0209586791351292E+019
   8.8182099999999999E-003   1.0410883370863417E+019
   8.8158200000000003E-003   1.0561831529256821E+019
   8.8145700000000007E-003   1.0666900637868943E+019
   8.8133399999999994E-003   1.0824116814944573E+019
   8.8109299999999998E-003   1.1038782735743953E+019
   8.8084200000000008E-003   1.1202150021552681E+019
   8.8071899999999995E-003   1.1311731989127215E+019
   8.8059799999999997E-003   1.1485542403173323E+019
   8.8034500000000009E-003   1.1715942500423553E+019
   8.8009899999999999E-003   1.1948303695942146E+019
   8.7984199999999995E-003   1.2126425140782985E+019
   8.7971700000000000E-003   1.2244595534619154E+019
   8.7959400000000004E-003   1.2430419393462772E+019
   8.7933400000000002E-003   1.2679705647301822E+019
   8.7908299999999995E-003   1.2934608649473112E+019
   8.7882099999999994E-003   1.3194912850707479E+019
   8.7856600000000007E-003   1.3390502452731056E+019
   8.7843299999999999E-003   1.3526179262763592E+019
   8.7830100000000008E-003   1.3734385895315403E+019
   8.7803499999999993E-003   1.4010380284585531E+019
   8.7777600000000008E-003   1.4287221362664325E+019
   8.7751500000000007E-003   1.4575056207729539E+019
   8.7724299999999995E-003   1.4868950092165489E+019
   8.7697899999999995E-003   1.5089487006415696E+019
   8.7684100000000008E-003   1.5320945348627171E+019
   8.7656899999999996E-003   1.5587963060369607E+019
   8.7636599999999995E-003   1.5822843532450474E+019
   8.7615799999999997E-003   1.6100617414930192E+019
   8.7588700000000002E-003   1.6424453625410152E+019
   8.7560399999999997E-003   1.6711098882767018E+019
   8.7539799999999997E-003   1.6959167727679039E+019
   8.7518600000000002E-003   1.7216193005193916E+019
   8.7497300000000007E-003   1.7471424436743576E+019
   8.7476499999999992E-003   1.7720813716771949E+019
   8.7456400000000007E-003   1.7964393447618544E+019
   8.7436600000000003E-003   1.8183285465998092E+019
   8.7420499999999995E-003   1.8380399816265951E+019
   8.7404500000000003E-003   1.8591874045349999E+019
   8.7386400000000006E-003   1.8814821673066852E+019
   8.7368500000000009E-003   1.9039240672143344E+019
   8.7349899999999998E-003   1.9268154361541722E+019
   8.7331700000000002E-003   1.9549068077882933E+019
   8.7305600000000001E-003   1.9868251223500841E+019
   8.7280199999999995E-003   2.0133405314225037E+019
   8.7261700000000001E-003   2.0358789071399911E+019
   8.7243600000000004E-003   2.0639977286451540E+019
   8.7217000000000006E-003   2.0960124645501166E+019
   8.7191100000000004E-003   2.1226886502176387E+019
   8.7171999999999996E-003   2.1451842640916148E+019
   8.7153200000000004E-003   2.1673407233184035E+019
   8.7134399999999994E-003   2.1893439652162339E+019
   8.7115900000000000E-003   2.2161563366603715E+019
   8.7089200000000002E-003   2.2463866774468944E+019
   8.7063200000000000E-003   2.2737282985252639E+019
   8.7039999999999999E-003   2.2990117689446117E+019
   8.7017399999999995E-003   2.3237678839640228E+019
   8.6994299999999993E-003   2.3482377750553088E+019
   8.6971900000000005E-003   2.3744357289105089E+019
   8.6945100000000008E-003   2.4020312422139671E+019
   8.6919100000000006E-003   2.4291026404605293E+019
   8.6892400000000009E-003   2.4554780796350710E+019
   8.6866600000000006E-003   2.4770321465935303E+019
   8.6847699999999996E-003   2.4956021790215250E+019
   8.6829300000000002E-003   2.5224227854981538E+019
   8.6795299999999995E-003   2.5556688871666336E+019
   8.6762699999999998E-003   2.5824051093660410E+019
   8.6739999999999994E-003   2.6046140678797832E+019
   8.6718000000000003E-003   2.6271980959992144E+019
   8.6695599999999998E-003   2.6499504293920186E+019
   8.6673900000000005E-003   2.6847015887912808E+019
   8.6630300000000004E-003   2.7199352307605144E+019
   8.6608399999999995E-003   2.7441251926691152E+019
   8.6587100000000000E-003   2.7734882677434864E+019
   8.6557700000000001E-003   2.7992407540258664E+019
   8.6543399999999999E-003   2.8164450082891510E+019
   8.6529399999999996E-003   2.8435841061283647E+019
   8.6500099999999996E-003   2.8712899983407010E+019
   8.6485799999999995E-003   2.8948165926076883E+019
   8.6464400000000000E-003   2.9240051217641271E+019
   8.6442600000000008E-003   2.9488997816247177E+019
   8.6428400000000006E-003   2.9795471163611431E+019
   8.6399700000000003E-003   3.0110066354883842E+019
   8.6385200000000002E-003   3.0324158998817796E+019
   8.6371000000000000E-003   3.0597113097496613E+019
   8.6349600000000006E-003   3.0936432846044234E+019
   8.6327699999999997E-003   3.1226129736792855E+019
   8.6313499999999994E-003   3.1458033997388493E+019
   8.6299399999999991E-003   3.1822626617430770E+019
   8.6270099999999992E-003   3.2258636507677164E+019
   8.6248599999999998E-003   3.2574738833871794E+019
   8.6234099999999998E-003   3.2904528770628452E+019
   8.6212100000000007E-003   3.3372873962481369E+019
   8.6183400000000004E-003   3.3782482687524327E+019
   8.6168400000000006E-003   3.4139374029520224E+019
   8.6146299999999999E-003   3.4566597877647200E+019
   8.6124700000000005E-003   3.5083995044257915E+019
   8.6094599999999993E-003   3.5578476752713101E+019
   8.6076000000000000E-003   3.5962594048344404E+019
   8.6057700000000004E-003   3.6437204395102601E+019
   8.6031200000000006E-003   3.6997052304956875E+019
   8.6005400000000003E-003   3.7616084247636378E+019
   8.5974499999999995E-003   3.8121590194801975E+019
   8.5959399999999998E-003   3.8459812794674160E+019
   8.5944500000000000E-003   3.9037522258930426E+019
   8.5909100000000002E-003   3.9845634487450681E+019
   8.5874699999999998E-003   4.0482394853743280E+019
   8.5854899999999994E-003   4.1092314339039863E+019
   8.5823500000000007E-003   4.1908219400220115E+019
   8.5787599999999995E-003   4.2640841252955169E+019
   8.5763799999999998E-003   4.3190359751299752E+019
   8.5743299999999998E-003   4.3703421183230058E+019
   8.5723099999999997E-003   4.4337023242821779E+019
   8.5693999999999996E-003   4.5066903093857591E+019
   8.5665600000000008E-003   4.5762316088307343E+019
   8.5640500000000001E-003   4.6414887345535992E+019
   8.5615799999999992E-003   4.6973300040233714E+019
   8.5598700000000007E-003   4.7431272363861410E+019
   8.5581700000000004E-003   4.8100724083222880E+019
   8.5549100000000006E-003   4.8992001249536631E+019
   8.5517300000000004E-003   4.9657220098023260E+019
   8.5500899999999998E-003   5.0115324776552579E+019
   8.5484600000000008E-003   5.0678427860721926E+019
   8.5461300000000007E-003   5.1342368587807465E+019
   8.5438300000000005E-003   5.2198241256073839E+019
   8.5402299999999993E-003   5.3263106799609545E+019
   8.5365900000000002E-003   5.4421794092211790E+019
   8.5325100000000001E-003   5.5466299566663754E+019
   8.5297099999999994E-003   5.6335893360955703E+019
   8.5268700000000006E-003   5.7407652906497237E+019
   8.5228800000000000E-003   5.8839538515593339E+019
   8.5178700000000003E-003   6.0000289210620248E+019
   8.5156599999999995E-003   6.0716690692510843E+019
   8.5134800000000004E-003   6.1559924832564634E+019
   8.5105500000000004E-003   6.2548920253229105E+019
   8.5075299999999993E-003   6.3552879819160257E+019
   8.5045499999999996E-003   6.4572916627281478E+019
   8.5014900000000004E-003   6.5619885971364307E+019
   8.4984099999999996E-003   6.6670453968077292E+019
   8.4953800000000003E-003   6.7563497732790018E+019
   8.4932400000000009E-003   6.8664241335940948E+019
   8.4890399999999998E-003   7.0355016799327248E+019
   8.4837000000000003E-003   7.1974940709696995E+019
   8.4799500000000000E-003   7.3235380421764964E+019
   8.4766700000000004E-003   7.4433013576894710E+019
   8.4733399999999993E-003   7.6061995753258058E+019
   8.4677599999999995E-003   7.7761784971536941E+019
   8.4640900000000005E-003   7.8808241196444484E+019
   8.4621300000000000E-003   8.0000699233971929E+019
   8.4577500000000000E-003   8.1638835932506194E+019
   8.4534499999999995E-003   8.2902055124521550E+019
   8.4510799999999997E-003   8.3800818497715978E+019
   8.4487399999999997E-003   8.5125584308976681E+019
   8.4442100000000006E-003   8.6859918856469840E+019
   8.4397599999999993E-003   8.8081545882073367E+019
   8.4379099999999999E-003   8.8801478894520549E+019
   8.4360800000000003E-003   9.0022250022878577E+019
   8.4317100000000002E-003   9.1734056104652014E+019
   8.4274099999999998E-003   9.3014980787220660E+019
   8.4251900000000008E-003   9.3898263769264833E+019
   8.4229900000000000E-003   9.5147234855434732E+019
   8.4189799999999995E-003   9.6755540730127548E+019
   8.4150300000000004E-003   9.8120289203099304E+019
   8.4122499999999996E-003   9.9247269552718217E+019
   8.4095100000000002E-003   1.0053247481604671E+020
   8.4059900000000003E-003   1.0197291865904248E+020
   8.4025300000000001E-003   1.0361434364302198E+020
   8.3980900000000004E-003   1.0545084552813729E+020
   8.3937400000000002E-003   1.0713931594287389E+020
   8.3900499999999996E-003   1.0932133968056009E+020
   8.3834400000000007E-003   1.1134975195315746E+020
   8.3805100000000007E-003   1.1268073614348519E+020
   8.3772499999999993E-003   1.1408089525197611E+020
   8.3740199999999994E-003   1.1624272992667343E+020
   8.3673199999999993E-003   1.1914553762389513E+020
   8.3607700000000000E-003   1.2214516020027884E+020
   8.3537699999999999E-003   1.2523875057846870E+020
   8.3469400000000006E-003   1.2759228597225772E+020
   8.3432500000000000E-003   1.2925489096843685E+020
   8.3396100000000008E-003   1.3101470439043527E+020
   8.3355400000000007E-003   1.3287067621934285E+020
   8.3315300000000002E-003   1.3463178390303200E+020
   8.3279099999999991E-003   1.3630072102016088E+020
   8.3243299999999996E-003   1.3830465249091690E+020
   8.3193299999999998E-003   1.4063668343881997E+020
   8.3143999999999996E-003   1.4322312592765297E+020
   8.3084000000000005E-003   1.4605504117677867E+020
   8.3025100000000008E-003   1.4870176571358999E+020
   8.2973500000000002E-003   1.5117380376472257E+020
   8.2922699999999992E-003   1.5373562614936715E+020
   8.2867600000000007E-003   1.5614905500922059E+020
   8.2824500000000002E-003   1.5825827836384703E+020
   8.2781999999999994E-003   1.6109982302866276E+020
   8.2710100000000005E-003   1.6465572594651165E+020
   8.2639700000000007E-003   1.6801462766791629E+020
   8.2577099999999997E-003   1.7117028318830497E+020
   8.2515599999999998E-003   1.7411614229003751E+020
   8.2461099999999992E-003   1.7791781320977934E+020
   8.2368600000000004E-003   1.8127314729365819E+020
   8.2331899999999996E-003   1.8318596159201300E+020
   8.2295500000000004E-003   1.8603431244673866E+020
   8.2223899999999996E-003   1.8979865717111649E+020
   8.2153499999999997E-003   1.9284908135368058E+020
   8.2109499999999998E-003   1.9520152319913656E+020
   8.2065999999999997E-003   1.9796349017235302E+020
   8.2007299999999998E-003   2.0112736326276874E+020
   8.1949499999999995E-003   2.0464170461704372E+020
   8.1878999999999997E-003   2.0936081097810493E+020
   8.1778800000000002E-003   2.1412639443454231E+020
   8.1707599999999991E-003   2.1724373548172902E+020
   8.1667500000000004E-003   2.2076491447292563E+020
   8.1583300000000001E-003   2.2551289766565609E+020
   8.1500700000000006E-003   2.2911520854489776E+020
   8.1457400000000003E-003   2.3160601448305875E+020
   8.1414399999999998E-003   2.3408203347817939E+020
   8.1371900000000007E-003   2.3654479979020573E+020
   8.1329799999999997E-003   2.4037257924404255E+020
   8.1241400000000002E-003   2.4553722210636372E+020
   8.1154699999999996E-003   2.5081365950682599E+020
   8.1064099999999997E-003   2.5619978790826387E+020
   8.0975300000000004E-003   2.6029114928980014E+020
   8.0928700000000003E-003   2.6311469423341253E+020
   8.0882599999999999E-003   2.6592312027057160E+020
   8.0836799999999993E-003   2.6871676511219204E+020
   8.0791600000000002E-003   2.7305927424691441E+020
   8.0696599999999993E-003   2.7891632711649509E+020
   8.0603399999999992E-003   2.8334651398253042E+020
   8.0554500000000005E-003   2.8641637365824523E+020
   8.0505999999999998E-003   2.8947004281038134E+020
   8.0458100000000005E-003   2.9250775830638975E+020
   8.0410599999999992E-003   2.9722731696378570E+020
   8.0310899999999994E-003   3.0359589929513209E+020
   8.0213200000000002E-003   3.1008902649046696E+020
   8.0111100000000001E-003   3.1672977382896330E+020
   8.0011000000000006E-003   3.2177536888078887E+020
   7.9958500000000005E-003   3.2525585530915986E+020
   7.9906500000000002E-003   3.2871827713425539E+020
   7.9854999999999995E-003   3.3216353389745354E+020
   7.9804000000000003E-003   3.3751372699128640E+020
   7.9696999999999997E-003   3.4473361080253068E+020
   7.9591999999999996E-003   3.5019298527339997E+020
   7.9536999999999993E-003   3.5397590482010951E+020
   7.9482400000000005E-003   3.5773950816222813E+020
   7.9428499999999996E-003   3.6148404370335498E+020
   7.9375000000000001E-003   3.6729925362311732E+020
   7.9262800000000008E-003   3.7514726321741352E+020
   7.9152800000000002E-003   3.8315857139850700E+020
   7.9038000000000008E-003   3.9134082213754090E+020
   7.8925400000000000E-003   3.9755822544819729E+020
   7.8866400000000003E-003   4.0184577005969447E+020
   7.8807900000000004E-003   4.0611184001914359E+020
   7.8750000000000001E-003   4.1035738084217415E+020
   7.8692599999999994E-003   4.1694616357705718E+020
   7.8572399999999997E-003   4.2583869485637540E+020
   7.8454400000000004E-003   4.3256547395059103E+020
   7.8392500000000007E-003   4.3722277640358586E+020
   7.8331300000000006E-003   4.4416014883866444E+020
   7.8210599999999995E-003   4.5363147863838287E+020
   7.8084599999999997E-003   4.6089625858513758E+020
   7.8022600000000001E-003   4.6569952211489273E+020
   7.7961100000000002E-003   4.7315698107751648E+020
   7.7832200000000004E-003   4.8322316651365695E+020
   7.7705800000000000E-003   4.9083646019887137E+020
   7.7639600000000003E-003   4.9610835051190668E+020
   7.7574000000000002E-003   5.0273919654833521E+020
   7.7474700000000002E-003   5.1072269695189647E+020
   7.7376900000000002E-003   5.1880216540967882E+020
   7.7276500000000000E-003   5.2699469784853001E+020
   7.7177399999999998E-003   5.3538408708804909E+020
   7.7073699999999998E-003   5.4396435210617618E+020
   7.6971499999999998E-003   5.5265976254342169E+020
   7.6866599999999997E-003   5.6413836769248497E+020
   7.6700600000000002E-003   5.7649446649618380E+020
   7.6577099999999999E-003   5.8719012578177830E+020
   7.6452500000000001E-003   5.9807006664627913E+020
   7.6326800000000002E-003   6.1056875265147798E+020
   7.6167600000000002E-003   6.2324480094727229E+020
   7.6039999999999996E-003   6.3483370975524068E+020
   7.5907900000000000E-003   6.4671760634546369E+020
   7.5775800000000004E-003   6.5805001159789144E+020
   7.5657700000000003E-003   6.6855825050769608E+020
   7.5545200000000003E-003   6.8105926537588611E+020
   7.5385499999999998E-003   6.9449095086722069E+020
   7.5253899999999999E-003   7.0601320820247062E+020
   7.5136300000000003E-003   7.1777883386603464E+020
   7.4997299999999996E-003   7.3136061046227232E+020
   7.4844899999999999E-003   7.4316081951963677E+020
   7.4744700000000004E-003   7.5394256193065202E+020
   7.4603800000000000E-003   7.6755913313252003E+020
   7.4438100000000004E-003   7.8046399927745787E+020
   7.4278499999999997E-003   7.9256026074017104E+020
   7.4130699999999999E-003   8.0094415959777254E+020
   7.3989099999999999E-003   8.0722423864841627E+020
   7.3829100000000003E-003   8.0443004135428902E+020
   7.3765799999999998E-003   8.1170995710586166E+020
   7.3616300000000001E-003   7.9560180266568660E+020
   7.3420400000000002E-003   7.9167617912952494E+020
   7.3281600000000002E-003   7.6414531060430563E+020
   7.3147400000000001E-003   7.1798439585759625E+020
   7.2995000000000004E-003   6.9093924068562410E+020
   7.2855100000000002E-003   6.7373052831656274E+020
   7.2795799999999999E-003   6.4831149006172140E+020
   7.2736800000000002E-003   6.2416314438635330E+020
   7.2592899999999998E-003   6.0319294151721720E+020
   7.2535200000000003E-003   5.9122975146202510E+020
   7.2469199999999996E-003   5.6813607499198176E+020
   7.2417899999999997E-003   5.6669321708029385E+020
   7.2336400000000004E-003   5.5403087006156607E+020
   7.2284300000000001E-003   5.3676628876248082E+020
   7.2235499999999996E-003   5.2642524757845344E+020
   7.2191299999999998E-003   5.2913237690583777E+020
   7.2138499999999999E-003   5.1245483824254976E+020
   7.2080099999999999E-003   4.9913140725615618E+020
   7.2022199999999996E-003   4.9582546586078020E+020
   7.1986999999999997E-003   4.9314472432240604E+020
   7.1939100000000004E-003   4.8553111934182497E+020
   7.1915199999999999E-003   4.8196383736034414E+020
   7.1897300000000001E-003   4.7844768650826908E+020
   7.1855499999999997E-003   4.7643853853960425E+020
   7.1831500000000001E-003   4.7423931263282001E+020
   7.1798299999999999E-003   4.7148346732498865E+020
   7.1770999999999996E-003   4.6627640408921689E+020
   7.1710200000000002E-003   4.6022678037049344E+020
   7.1664700000000003E-003   4.5825928760745551E+020
   7.1613299999999996E-003   4.5177539155197493E+020
   7.1552999999999999E-003   4.4776731679795826E+020
   7.1505700000000002E-003   4.4483065859324071E+020
   7.1460600000000001E-003   4.4119271956966323E+020
   7.1416800000000001E-003   4.3903452285234230E+020
   7.1377100000000002E-003   4.3610526447242733E+020
   7.1326499999999999E-003   4.3395433087097569E+020
   7.1305700000000001E-003   4.3226357284649048E+020
   7.1264199999999996E-003   4.3008542957618161E+020
   7.1236600000000004E-003   4.2830913227194676E+020
   7.1195399999999997E-003   4.2670761722963244E+020
   7.1174899999999998E-003   4.2519970775451874E+020
   7.1134800000000002E-003   4.2330262630412943E+020
   7.1095799999999999E-003   4.2193963057761301E+020
   7.1076300000000002E-003   4.2090103431748734E+020
   7.1051100000000004E-003   4.1925121705318534E+020
   7.1000700000000000E-003   4.1717949681034107E+020
   7.0950500000000003E-003   4.1523342480037079E+020
   7.0900599999999996E-003   4.1385821919964417E+020
   7.0875799999999996E-003   4.1312976235009547E+020
   7.0857100000000003E-003   4.1218200083049893E+020
   7.0819999999999998E-003   4.1097812663984561E+020
   7.0783499999999997E-003   4.0985595382611024E+020
   7.0747500000000003E-003   4.0880473960506517E+020
   7.0712199999999996E-003   4.0782791742936331E+020
   7.0677400000000003E-003   4.0674928447115539E+020
   7.0632100000000003E-003   4.0581040564825771E+020
   7.0604099999999996E-003   4.0514117401496014E+020
   7.0576199999999997E-003   4.0432234432872350E+020
   7.0530300000000001E-003   4.0346750145986141E+020
   7.0494299999999998E-003   4.0280379319127723E+020
   7.0462600000000004E-003   4.0226967293225324E+020
   7.0435000000000003E-003   4.0162972350369700E+020
   7.0388899999999999E-003   4.0095396278218896E+020
   7.0340699999999999E-003   4.0000405468395759E+020
   7.0278500000000004E-003   4.0002355531846189E+020
   7.0249099999999997E-003   3.9933047803144785E+020
   7.0219799999999997E-003   3.9857340209607030E+020
   7.0175999999999997E-003   3.9901282626966454E+020
   7.0117900000000004E-003   3.9838264571775890E+020
   7.0089000000000002E-003   3.9776270628002641E+020
   7.0060100000000000E-003   3.9844644192804536E+020
   7.0015299999999997E-003   3.9798793299100002E+020
   6.9952499999999997E-003   3.9793064010434445E+020
   6.9916199999999996E-003   3.9789901426805742E+020
   6.9854699999999997E-003   3.9792442764384358E+020
   6.9794200000000001E-003   3.9769599180835088E+020
   6.9759699999999997E-003   3.9883158237752420E+020
   6.9737599999999999E-003   3.9838977136182238E+020
   6.9693500000000000E-003   3.9866493107750692E+020
   6.9640099999999996E-003   3.9894618044592370E+020
   6.9608700000000001E-003   3.9922771370330305E+020
   6.9558399999999996E-003   3.9953781311407469E+020
   6.9533299999999998E-003   3.9987963953616375E+020
   6.9484500000000001E-003   4.0049257558087703E+020
   6.9413200000000000E-003   4.0117079382335180E+020
   6.9364400000000003E-003   4.0177392505445011E+020
   6.9315799999999997E-003   4.0267778347000424E+020
   6.9232399999999998E-003   4.0359267638640247E+020
   6.9188000000000001E-003   4.0439784950267884E+020
   6.9114299999999997E-003   4.0574119536455588E+020
   6.9080499999999998E-003   4.0583922401457943E+020
   6.9060399999999996E-003   4.0631455873843095E+020
   6.9033499999999999E-003   4.0712212269299492E+020
   6.8974300000000004E-003   4.0826315930931528E+020
   6.8914600000000003E-003   4.0944637433377063E+020
   6.8846100000000002E-003   4.1097543371854152E+020
   6.8789200000000002E-003   4.1192958426000595E+020
   6.8746099999999997E-003   4.1318519910277474E+020
   6.8680700000000004E-003   4.1461270280210553E+020
   6.8627200000000001E-003   4.1565539685853928E+020
   6.8595399999999999E-003   4.1664867510389008E+020
   6.8535400000000000E-003   4.1823402593972355E+020
   6.8492700000000002E-003   4.1917185319799770E+020
   6.8450200000000003E-003   4.2069361744420549E+020
   6.8376100000000000E-003   4.2245485347643458E+020
   6.8333900000000000E-003   4.2385445493691462E+020
   6.8271000000000000E-003   4.2586272095837081E+020
   6.8194700000000002E-003   4.2787614100361491E+020
   6.8135000000000001E-003   4.2951859875219780E+020
   6.8087399999999998E-003   4.3112041730250113E+020
   6.8028200000000002E-003   4.3329383971698134E+020
   6.7959700000000001E-003   4.3545145838136223E+020
   6.7891599999999998E-003   4.3779175614119746E+020
   6.7820199999999997E-003   4.4013493905672969E+020
   6.7753700000000002E-003   4.4279565804391904E+020
   6.7667800000000000E-003   4.4563592694533915E+020
   6.7591400000000003E-003   4.4874087608005512E+020
   6.7503199999999998E-003   4.5188271912065322E+020
   6.7415499999999998E-003   4.5581500353715536E+020
   6.7305600000000000E-003   4.6000622146463531E+020
   6.7196499999999998E-003   4.6544537104548332E+020
   6.7034399999999997E-003   4.7261783288245774E+020
   6.6846500000000003E-003   4.7986668252536491E+020
   6.6689999999999996E-003   4.8664620527711237E+020
   6.6529800000000002E-003   4.9401990522464554E+020
   6.6355399999999997E-003   5.0199121708119661E+020
   6.6169300000000000E-003   5.1125941129870829E+020
   6.5944599999999999E-003   5.2016871438003641E+020
   6.5778199999999998E-003   5.2863424837074603E+020
   6.5578600000000004E-003   5.3787392201566637E+020
   6.5381500000000004E-003   5.4636487562423881E+020
   6.5218100000000003E-003   5.5278426595206896E+020
   6.5111300000000004E-003   5.5976761012269580E+020
   6.4926500000000000E-003   5.6696037779422911E+020
   6.4813199999999996E-003   5.7517726359853990E+020
   6.4589100000000000E-003   5.8469593387466542E+020
   6.4426099999999997E-003   5.9275426797572574E+020
   6.4264700000000001E-003   6.0009734715820999E+020
   6.4133100000000002E-003   6.0672111324490668E+020
   6.4002499999999997E-003   6.1777631203267025E+020
   6.3699600000000000E-003   6.3330990725172324E+020
   6.3402099999999998E-003   6.4468586039706767E+020
   6.3266199999999998E-003   6.5458653290451934E+020
   6.3029100000000001E-003   6.6366886437165413E+020
   6.2927399999999998E-003   6.7303681391651822E+020
   6.2682800000000002E-003   6.8632932860823667E+020
   6.2441500000000004E-003   6.9686280606446033E+020
   6.2302199999999999E-003   7.0460918839363358E+020
   6.2164000000000004E-003   7.1451808284712383E+020
   6.1950199999999999E-003   7.2660074344221481E+020
   6.1738799999999996E-003   7.3675198829579167E+020
   6.1596400000000001E-003   7.4496215421020340E+020
   6.1455099999999999E-003   7.5759732709665171E+020
   6.1163700000000003E-003   7.7469616409871280E+020
   6.0876699999999999E-003   7.8882290097217339E+020
   6.0692000000000003E-003   7.9994461501686127E+020
   6.0508899999999997E-003   8.0890098866069294E+020
   6.0398200000000004E-003   8.1567706968122812E+020
   6.0288000000000000E-003   8.2719267958787893E+020
   6.0025399999999998E-003   8.4679174282452179E+020
   5.9661000000000002E-003   8.6742842951263034E+020
   5.9375100000000000E-003   8.8240299501712297E+020
   5.9195200000000002E-003   8.9577958375894627E+020
   5.8963100000000001E-003   9.1092665451947269E+020
   5.8733400000000003E-003   9.2889057897231417E+020
   5.8421599999999999E-003   9.4994901628023472E+020
   5.8107000000000002E-003   9.6608201445824384E+020
   5.7947800000000002E-003   9.7697985801795168E+020
   5.7789599999999997E-003   9.9366810212689445E+020
   5.7465900000000002E-003   1.0162270899532472E+021
   5.7146499999999999E-003   1.0393079192511551E+021
   5.6817100000000004E-003   1.0629253047956149E+021
   5.6492000000000001E-003   1.0870924861901523E+021
   5.6156799999999996E-003   1.1118194466213766E+021
   5.5825900000000001E-003   1.1371194352279509E+021
   5.5484699999999998E-003   1.1630094951403541E+021
   5.5147900000000003E-003   1.1895034113733280E+021
   5.4800600000000001E-003   1.2166125787798249E+021
   5.4457700000000000E-003   1.2372376969532521E+021
   5.4282300000000000E-003   1.2512668435057040E+021
   5.4108000000000003E-003   1.2727358821493946E+021
   5.3751399999999996E-003   1.3017825211987423E+021
   5.3399199999999997E-003   1.3238874543683003E+021
   5.3219000000000001E-003   1.3389205555254806E+021
   5.3039899999999997E-003   1.3617602731451304E+021
   5.2677399999999999E-003   1.3928817349104042E+021
   5.2311700000000003E-003   1.4247296222486646E+021
   5.1942600000000000E-003   1.4573213069887634E+021
   5.1570100000000001E-003   1.4906621317446060E+021
   5.1194200000000004E-003   1.5247962762328820E+021
   5.0814800000000002E-003   1.5597164193098443E+021
   5.0431900000000003E-003   1.5954546251799729E+021
   5.0045500000000000E-003   1.6320241549053652E+021
   4.9655500000000000E-003   1.6694467844292144E+021
   4.9261699999999997E-003   1.6981427531195778E+021
   4.9062500000000000E-003   1.7175134449727578E+021
   4.8864299999999998E-003   1.7371079233468047E+021
   4.8663200000000004E-003   1.7569294446210054E+021
   4.8463100000000004E-003   1.7827271885433041E+021
   4.8144700000000004E-003   1.8146232817387310E+021
   4.7828599999999999E-003   1.8411434074417815E+021
   4.7622500000000000E-003   1.8621575460648339E+021
   4.7417400000000004E-003   1.8834061498998462E+021
   4.7209399999999999E-003   1.9048908841030163E+021
   4.7002299999999997E-003   1.9266151226111010E+021
   4.6792200000000004E-003   1.9485775601855612E+021
   4.6583099999999997E-003   1.9707832919704868E+021
   4.6370999999999999E-003   1.9932272540830317E+021
   4.6159699999999996E-003   2.0159087429124843E+021
   4.5945500000000002E-003   2.0388497572640223E+021
   4.5732200000000002E-003   2.0620439211196107E+021
   4.5515800000000004E-003   2.0855102409796881E+021
   4.5300300000000000E-003   2.1092412581575627E+021
   4.5081799999999997E-003   2.1332643732996586E+021
   4.4864099999999997E-003   2.1575658920465940E+021
   4.4643399999999998E-003   2.1821909393285191E+021
   4.4423400000000004E-003   2.2071234135441783E+021
   4.4200400000000001E-003   2.2324019311549185E+021
   4.3978200000000002E-003   2.2580113771358310E+021
   4.3752900000000004E-003   2.2839942780893072E+021
   4.3528300000000002E-003   2.3104633928698833E+021
   4.3300600000000002E-003   2.3369476579073642E+021
   4.3073599999999997E-003   2.3634745699208801E+021
   4.2843600000000001E-003   2.3904148105664214E+021
   4.2614100000000002E-003   2.3911338269899196E+021
   4.2382599999999998E-003   2.4179677362547683E+021
   4.2149800000000001E-003   2.4463009776199742E+021
   4.1915800000000003E-003   2.4744797875285708E+021
   4.1680500000000004E-003   2.5026809756000096E+021
   4.1443900000000004E-003   2.5318640017031336E+021
   4.1205900000000004E-003   2.5619238388907120E+021
   4.0966600000000002E-003   2.5923732706617988E+021
   4.0726000000000000E-003   2.6231911037910914E+021
   4.0483999999999997E-003   2.6543817998338831E+021
   4.0240600000000003E-003   2.6859498692247636E+021
   3.9995700000000000E-003   2.7178998781700761E+021
   3.9749499999999997E-003   2.7502364493545776E+021
   3.9501700000000002E-003   2.7829642562996824E+021
   3.9252499999999999E-003   2.8160880305702023E+021
   3.9001800000000001E-003   2.8496125621096242E+021
   3.8749600000000002E-003   2.8835426906965918E+021
   3.8495800000000000E-003   2.9178833192272402E+021
   3.8240399999999999E-003   2.9526394080296451E+021
   3.7983399999999999E-003   2.9878159654885691E+021
   3.7724799999999999E-003   3.0234180684037090E+021
   3.7464600000000001E-003   3.0594508533008653E+021
   3.7202699999999999E-003   3.0959195059178428E+021
   3.6939000000000000E-003   3.1328292794316583E+021
   3.6673600000000002E-003   3.1701854810379979E+021
   3.6406500000000000E-003   3.2079934791158181E+021
   3.6137500000000002E-003   3.2462587044676879E+021
   3.5866700000000001E-003   3.2849866427668842E+021
   3.5593999999999999E-003   3.3241828387874055E+021
   3.5319399999999999E-003   3.3638528968833546E+021
   3.5042799999999998E-003   3.4040024768675735E+021
   3.4764200000000000E-003   3.4446372946896177E+021
   3.4483600000000001E-003   3.4857631219248771E+021
   3.4201000000000001E-003   3.5273857902378405E+021
   3.3916100000000002E-003   3.5695111747537968E+021
   3.3629200000000001E-003   3.6121452185370724E+021
   3.3340000000000002E-003   3.6552939078205388E+021
   3.3048499999999998E-003   3.6989632748636340E+021
   3.2754699999999999E-003   3.7431594109261012E+021
   3.2458500000000002E-003   3.7878884391634568E+021
   3.2159799999999998E-003   3.8331565446816544E+021
   3.1858699999999999E-003   3.8789699286133380E+021
   3.1554899999999999E-003   3.9253348570384234E+021
   3.1248600000000001E-003   3.9722576037030412E+021
   3.0939499999999998E-003   4.0197444860308446E+021
   3.0627599999999999E-003   4.0678018436766079E+021
   3.0312899999999999E-003   4.1164360267730335E+021
   2.9995199999999999E-003   4.1656534076335671E+021
   2.9674499999999999E-003   4.2154603524618930E+021
   2.9350600000000002E-003   4.2658632228889669E+021
   2.9023500000000002E-003   4.3168683764824487E+021
   2.8693099999999999E-003   4.3684821364938837E+021
   2.8359200000000000E-003   4.4207107856018341E+021
   2.8021800000000000E-003   4.4735605649468225E+021
   2.7680700000000001E-003   4.5270376461497412E+021
   2.7335800000000002E-003   4.5811481110699888E+021
   2.6987000000000001E-003   4.6358979315751091E+021
   2.6633999999999998E-003   4.6912929474328590E+021
   2.6276799999999999E-003   4.7473388421852263E+021
   2.5915199999999999E-003   4.8040411007828319E+021
   2.5548900000000002E-003   4.8614038381803570E+021
   2.5177899999999998E-003   4.9194304097359527E+021
   2.4801900000000002E-003   4.9781262688439050E+021
   2.4420599999999998E-003   5.0374954759796944E+021
   2.4033800000000001E-003   5.0975415839819836E+021
   2.3641399999999998E-003   5.1582675777891147E+021
   2.3242900000000001E-003   5.2196757170499554E+021
   2.2838099999999998E-003   5.2817674160845588E+021
   2.2426600000000001E-003   5.3445430867629357E+021
   2.2008200000000000E-003   5.4080018885592241E+021
   2.1582300000000001E-003   5.4721414678371788E+021
   2.1148500000000001E-003   5.5369576711727434E+021
   2.0706399999999999E-003   5.6024440890517220E+021
   2.0255500000000001E-003   5.6685916326465173E+021
   1.9794999999999999E-003   5.7353880238686344E+021
   1.9324399999999999E-003   5.8025988120432974E+021
   1.8846100000000001E-003   5.8706292954972941E+021
   1.8349700000000000E-003   5.9394933185985968E+021
   1.7843700000000000E-003   6.0086935579560384E+021
   1.7323900000000001E-003   6.0697161938438696E+021
   1.6927200000000000E-003   6.1223267031925255E+021
   1.6515600000000001E-003   6.1968685532652755E+021
   1.5740299999999999E-003   6.2731422593460354E+021
   1.5306100000000000E-003   6.3270617675014907E+021
   1.4850900000000001E-003   6.4078486044714939E+021
   1.3907300000000000E-003   6.5010113718655669E+021
   1.3255999999999999E-003   6.5746353950225187E+021
   1.2576700000000000E-003   6.6510170437144617E+021
   1.1826400000000000E-003   6.7307625015737340E+021
   1.1027400000000001E-003   6.8145818253280621E+021
   1.0107700000000000E-003   6.9060699044313794E+021
   9.0107000000000002E-004   7.0298100471283612E+021
   7.0777999999999998E-004   7.1522976615076012E+021
   5.6891999999999999E-004   7.2205742005087633E+021
   4.8508999999999998E-004   7.2635123542857739E+021
   3.8371999999999999E-004   7.2989881235035484E+021
   3.1447000000000002E-004   7.3204174249924640E+021
   2.5119999999999998E-004   7.3353543446186143E+021
   2.0202999999999999E-004   7.3448596164354549E+021
   1.6448999999999999E-004   7.3505701280487393E+021
   1.3668999999999999E-004   7.3540969412156509E+021
   1.1712000000000000E-004   7.3560976245449472E+021
   1.0425000000000000E-004   7.3576430071427828E+021
   8.7039999999999993E-005   7.3591892675707378E+021
   6.9079999999999996E-005   7.3603821797897163E+021
   5.4830000000000002E-005   7.3611518571066247E+021
   4.3519999999999997E-005   7.3616270419769940E+021
   3.4539999999999998E-005   7.3619256066757288E+021
   2.7410000000000000E-005   7.3621215027624495E+021
   2.1759999999999998E-005   7.3622402000020759E+021
   1.7269999999999999E-005   7.3623186060674146E+021
   1.3709999999999999E-005   7.3623850507183451E+021
