   8.9258500000000008E-003   316164705355556.00     
   8.9258199999999992E-003   500952257300553.12     
   8.9258099999999993E-003   634541285705388.50     
   8.9257899999999994E-003   744055469152709.50     
   8.9257799999999995E-003   838472540415128.88     
   8.9257799999999995E-003   922667041296218.88     
   8.9257699999999995E-003   999814042910907.25     
   8.9257599999999996E-003   1071633457378824.2     
   8.9257599999999996E-003   1139095786768080.2     
   8.9257499999999997E-003   1202906166372393.0     
   8.9257499999999997E-003   1263590712667285.2     
   8.9257399999999997E-003   1321612968182645.0     
   8.9257399999999997E-003   1377381485849361.8     
   8.9257299999999998E-003   1431192137004833.0     
   8.9257299999999998E-003   1483263912496891.2     
   8.9257199999999998E-003   1533785788727933.8     
   8.9257199999999998E-003   1582922999432636.5     
   8.9257199999999998E-003   1630809749394112.8     
   8.9257099999999999E-003   1677559544290304.5     
   8.9257099999999999E-003   1723263894809293.2     
   8.9257099999999999E-003   1778897923076494.5     
   8.9257000000000000E-003   1843982771290215.2     
   8.9257000000000000E-003   1907189454548623.2     
   8.9256900000000000E-003   1968640126536929.8     
   8.9256900000000000E-003   2018681204213175.5     
   8.9256900000000000E-003   2057854277242405.0     
   8.9256900000000000E-003   2096363468894577.8     
   8.9256800000000001E-003   2134235316743321.2     
   8.9256800000000001E-003   2180651053518599.0     
   8.9256800000000001E-003   2235274528538147.0     
   8.9256700000000001E-003   2288730329203826.0     
   8.9256700000000001E-003   2341130273643304.0     
   8.9256700000000001E-003   2384130281827210.0     
   8.9256700000000001E-003   2418054258987197.5     
   8.9256600000000002E-003   2451629760994284.0     
   8.9256600000000002E-003   2484881053824671.5     
   8.9256600000000002E-003   2534069165344978.0     
   8.9256600000000002E-003   2582879118755335.5     
   8.9256500000000003E-003   2615020021092519.0     
   8.9256500000000003E-003   2662672049915514.0     
   8.9256500000000003E-003   2725545713084520.0     
   8.9256500000000003E-003   2787527773506052.5     
   8.9256400000000003E-003   2848632030594736.0     
   8.9256400000000003E-003   2893964369592051.0     
   8.9256400000000003E-003   2923866454722406.0     
   8.9256400000000003E-003   2953554762711366.5     
   8.9256300000000004E-003   2983029801102123.5     
   8.9256300000000004E-003   3026786219944773.5     
   8.9256300000000004E-003   3084487938916924.0     
   8.9256300000000004E-003   3141385946498709.5     
   8.9256200000000004E-003   3197506961923625.0     
   8.9256200000000004E-003   3261985111292173.5     
   8.9256200000000004E-003   3334539111944567.5     
   8.9256200000000004E-003   3405911120953887.0     
   8.9256100000000005E-003   3476215972880124.0     
   8.9256100000000005E-003   3545577999585275.5     
   8.9256100000000005E-003   3614128219274718.5     
   8.9256000000000005E-003   3681998184335073.5     
   8.9256000000000005E-003   3749316284284147.5     
   8.9256000000000005E-003   3824462907806904.0     
   8.9255900000000006E-003   3907415877850240.0     
   8.9255900000000006E-003   3989811948855813.0     
   8.9255900000000006E-003   4051321464122026.5     
   8.9255800000000007E-003   4092119765545737.5     
   8.9255800000000007E-003   4153004586927946.5     
   8.9255800000000007E-003   4233743837429663.0     
   8.9255800000000007E-003   4313843250915177.5     
   8.9255700000000007E-003   4393220557950839.0     
   8.9255700000000007E-003   4471791915891077.0     
   8.9255700000000007E-003   4549472880174378.0     
   8.9255600000000008E-003   4626180026888203.0     
   8.9255600000000008E-003   4701832383209733.0     
   8.9255600000000008E-003   4776353831455905.0     
   8.9255600000000008E-003   4849676808515270.0     
   8.9255500000000008E-003   4957294410413542.0     
   8.9255500000000008E-003   5079418452467205.0     
   8.9255500000000008E-003   5181130016004977.0     
   8.9255399999999992E-003   5280236023489963.0     
   8.9255399999999992E-003   5352960220963915.0     
   8.9255399999999992E-003   5400687545552000.0     
   8.9255399999999992E-003   5471194290923386.0     
   8.9255299999999992E-003   5563360092118670.0     
   8.9255299999999992E-003   5697749943284781.0     
   8.9255199999999993E-003   5828254120671515.0     
   8.9255199999999993E-003   5913061062044700.0     
   8.9255199999999993E-003   5996291955134741.0     
   8.9255099999999993E-003   6078003125550404.0     
   8.9255099999999993E-003   6158229751506918.0     
   8.9255099999999993E-003   6237004050942524.0     
   8.9255099999999993E-003   6314354035715402.0     
   8.9254999999999994E-003   6390305002811353.0     
   8.9254999999999994E-003   6477138479743550.0     
   8.9254999999999994E-003   6574182376481353.0     
   8.9254899999999995E-003   6715213276912722.0     
   8.9254899999999995E-003   6851907418655446.0     
   8.9254799999999995E-003   6940322972240920.0     
   8.9254799999999995E-003   7026790693037327.0     
   8.9254799999999995E-003   7111390684939500.0     
   8.9254699999999996E-003   7204409498847069.0     
   8.9254699999999996E-003   7305327281129913.0     
   8.9254699999999996E-003   7403797181149901.0     
   8.9254599999999996E-003   7499978476418249.0     
   8.9254599999999996E-003   7594021111344967.0     
   8.9254599999999996E-003   7686041958308383.0     
   8.9254499999999997E-003   7820247306475897.0     
   8.9254499999999997E-003   7959450233344994.0     
   8.9254399999999998E-003   8060913552410787.0     
   8.9254399999999998E-003   8160152275659001.0     
   8.9254299999999998E-003   8257261752995229.0     
   8.9254299999999998E-003   8352327260813445.0     
   8.9254299999999998E-003   8445435051438033.0     
   8.9254199999999999E-003   8536671692282138.0     
   8.9254199999999999E-003   8626125757658401.0     
   8.9254199999999999E-003   8713888393695921.0     
   8.9254099999999999E-003   8800046431411887.0     
   8.9254099999999999E-003   8884667900190241.0     
   8.9254000000000000E-003   8967804700836798.0     
   8.9254000000000000E-003   9089487752910370.0     
   8.9253900000000001E-003   9247318489012078.0     
   8.9253900000000001E-003   9400192565741966.0     
   8.9253800000000001E-003   9548769875125974.0     
   8.9253800000000001E-003   9693570514867380.0     
   8.9253700000000002E-003   9834960343623356.0     
   8.9253600000000002E-003   9973159655817608.0     
   8.9253600000000002E-003   10108399939045206.     
   8.9253500000000003E-003   10240945460713406.     
   8.9253500000000003E-003   10371051300389146.     
   8.9253400000000004E-003   10498819770954548.     
   8.9253300000000004E-003   10624306725364596.     
   8.9253300000000004E-003   10747578347370346.     
   8.9253200000000005E-003   10868711525925044.     
   8.9253200000000005E-003   10987802406884726.     
   8.9253100000000005E-003   11104967138364638.     
   8.9253100000000005E-003   11276828884237288.     
   8.9253000000000006E-003   11500524464661638.     
   8.9252900000000007E-003   11664306408343012.     
   8.9252800000000007E-003   11771302403963348.     
   8.9252800000000007E-003   11876854360032108.     
   8.9252700000000008E-003   11981046841811996.     
   8.9252700000000008E-003   12117816228682442.     
   8.9252600000000008E-003   12286042227196734.     
   8.9252499999999992E-003   12451060130784908.     
   8.9252499999999992E-003   12572942585575088.     
   8.9252399999999992E-003   12653131179984814.     
   8.9252399999999992E-003   12771875926770056.     
   8.9252299999999993E-003   12927992336310992.     
   8.9252299999999993E-003   13081394111788982.     
   8.9252199999999993E-003   13232111281704060.     
   8.9252099999999994E-003   13380157066821152.     
   8.9252099999999994E-003   13525536735533722.     
   8.9251999999999995E-003   13738097675386086.     
   8.9251899999999995E-003   13946230923071202.     
   8.9251799999999996E-003   14081649944044656.     
   8.9251699999999996E-003   14214782069347188.     
   8.9251699999999996E-003   14345678074368796.     
   8.9251599999999997E-003   14537595394098090.     
   8.9251499999999998E-003   14787445569059160.     
   8.9251399999999998E-003   15030519557810052.     
   8.9251299999999999E-003   15267573635633060.     
   8.9251100000000000E-003   15470634987049486.     
   8.9251100000000000E-003   15641370639985246.     
   8.9251000000000000E-003   15809367867104410.     
   8.9250900000000001E-003   15974791484877834.     
   8.9250800000000002E-003   16217872314078122.     
   8.9250700000000002E-003   16456991888974758.     
   8.9250600000000003E-003   16613486699042832.     
   8.9250500000000003E-003   16768054402092254.     
   8.9250400000000004E-003   16920754330402060.     
   8.9250400000000004E-003   17145933076818910.     
   8.9250200000000005E-003   17440493488428028.     
   8.9250100000000006E-003   17728218247738018.     
   8.9249900000000007E-003   18009467172247210.     
   8.9249800000000008E-003   18284560784200584.     
   8.9249700000000008E-003   18553796952003772.     
   8.9249499999999992E-003   18817481007944524.     
   8.9249399999999993E-003   19075920486451868.     
   8.9249299999999993E-003   19329336131913836.     
   8.9249099999999994E-003   19577883451382724.     
   8.9248999999999995E-003   19821760585326780.     
   8.9248899999999996E-003   20100489913728800.     
   8.9248699999999997E-003   20412451245874412.     
   8.9248599999999997E-003   20717453508823380.     
   8.9248399999999999E-003   21015877485245344.     
   8.9248299999999999E-003   21308165742955280.     
   8.9248100000000000E-003   21523898773537612.     
   8.9248000000000001E-003   21665871415246288.     
   8.9248000000000001E-003   21876187494413252.     
   8.9247800000000002E-003   22152569223101720.     
   8.9247700000000003E-003   22424156927474576.     
   8.9247500000000004E-003   22691203551400600.     
   8.9247400000000005E-003   23018713968883208.     
   8.9247200000000006E-003   23404119793598264.     
   8.9247000000000007E-003   23688234863662240.     
   8.9246900000000007E-003   23967033598257172.     
   8.9246700000000009E-003   24242514569057896.     
   8.9246599999999992E-003   24453551126334616.     
   8.9246499999999993E-003   24692021889736624.     
   8.9246399999999993E-003   24927564680914824.     
   8.9246299999999994E-003   25160264521155208.     
   8.9246099999999995E-003   25503515490955316.     
   8.9245899999999996E-003   25841942348979524.     
   8.9245799999999997E-003   26063974840997548.     
   8.9245699999999997E-003   26337817188243900.     
   8.9245499999999998E-003   26661694960981404.     
   8.9245300000000000E-003   27136735728142240.     
   8.9245000000000001E-003   27602054069378608.     
   8.9244800000000003E-003   27905740678773348.     
   8.9244700000000003E-003   28204932200497212.     
   8.9244500000000004E-003   28499854079702428.     
   8.9244400000000005E-003   28933946843891564.     
   8.9244100000000007E-003   29500222721758196.     
   8.9243800000000009E-003   29961546447159752.     
   8.9243599999999992E-003   30323536354085808.     
   8.9243399999999994E-003   30723899220276536.     
   8.9243099999999995E-003   31161087260692000.     
   8.9242899999999997E-003   31590474390286660.     
   8.9242699999999998E-003   32012565938075004.     
   8.9242499999999999E-003   32530092874974536.     
   8.9242100000000001E-003   32988281911825284.     
   8.9242000000000002E-003   33288956016124276.     
   8.9241800000000003E-003   33586230182258784.     
   8.9241700000000004E-003   33880218986547520.     
   8.9241500000000005E-003   34314829089912156.     
   8.9241200000000007E-003   34884694972982172.     
   8.9240900000000008E-003   35443444921058008.     
   8.9240599999999993E-003   35991644780005308.     
   8.9240299999999995E-003   36529820709942992.     
   8.9239999999999996E-003   37145385813893776.     
   8.9239599999999999E-003   37834846714720976.     
   8.9239300000000001E-003   38426697096730336.     
   8.9239000000000002E-003   38925415468514416.     
   8.9238700000000004E-003   39416871951551272.     
   8.9238500000000005E-003   39901341417998216.     
   8.9238200000000007E-003   40457738422685176.     
   8.9237899999999992E-003   41083185730285528.     
   8.9237599999999993E-003   41697568172447632.     
   8.9237199999999996E-003   42301303848269776.     
   8.9236899999999997E-003   42894798610733904.     
   8.9236599999999999E-003   43478487581854800.     
   8.9236300000000001E-003   44052790810033968.     
   8.9236000000000003E-003   44618094844419576.     
   8.9235700000000005E-003   45174795625672064.     
   8.9235400000000006E-003   45723324973106952.     
   8.9235100000000008E-003   46397660805287120.     
   8.9234699999999993E-003   47192534062698784.     
   8.9234299999999996E-003   47843756039252080.     
   8.9233999999999997E-003   48357241759804736.     
   8.9233699999999999E-003   48864696009709472.     
   8.9233500000000000E-003   49366381727125528.     
   8.9233200000000002E-003   50107691428883488.     
   8.9232700000000005E-003   51079012283132568.     
   8.9232200000000008E-003   51795294324628576.     
   8.9231899999999992E-003   52266409106767320.     
   8.9231699999999994E-003   52848613697491760.     
   8.9231299999999996E-003   53538463769434840.     
   8.9230899999999998E-003   54218590470961760.     
   8.9230600000000000E-003   54889260493833840.     
   8.9230200000000003E-003   55659813636282216.     
   8.9229800000000005E-003   56526205860677832.     
   8.9229300000000008E-003   57166657796864960.     
   8.9229099999999992E-003   57588757281592592.     
   8.9228899999999993E-003   58214820735386768.     
   8.9228499999999995E-003   59038277245018256.     
   8.9227999999999998E-003   59848847163505856.     
   8.9227600000000001E-003   60647279408523160.     
   8.9227200000000003E-003   61822086146885472.     
   8.9226400000000008E-003   63353107029717768.     
   8.9225599999999995E-003   64476453468172712.     
   8.9225199999999998E-003   65212866215209320.     
   8.9224899999999999E-003   65940426981427728.     
   8.9224500000000002E-003   66659430568000144.     
   8.9224100000000004E-003   67546084293542016.     
   8.9223600000000007E-003   68594116277669968.     
   8.9222999999999993E-003   69454586905651008.     
   8.9222699999999995E-003   70134213158301464.     
   8.9222399999999997E-003   70973163873438192.     
   8.9221800000000000E-003   71965863351944320.     
   8.9221300000000003E-003   72943330753329824.     
   8.9220800000000006E-003   73906152716151040.     
   8.9220399999999991E-003   74854861387976512.     
   8.9219899999999994E-003   75789947959383152.     
   8.9219399999999997E-003   76711912641498432.     
   8.9218900000000000E-003   77621396622065488.     
   8.9218500000000003E-003   78519030252887552.     
   8.9218000000000006E-003   79405388500476640.     
   8.9217600000000008E-003   80425554075860160.     
   8.9216999999999994E-003   81574869443111008.     
   8.9216399999999998E-003   82426050754570416.     
   8.9216100000000000E-003   82987905267387360.     
   8.9215800000000001E-003   83945408671288592.     
   8.9215200000000005E-003   85286001680674064.     
   8.9214499999999992E-003   86337156278318752.     
   8.9214099999999994E-003   87108899354300976.     
   8.9213699999999996E-003   88063045907783568.     
   8.9213100000000000E-003   89194055299052960.     
   8.9212600000000003E-003   90309877665010400.     
   8.9212000000000007E-003   91411005832700704.     
   8.9211499999999992E-003   92677307600843520.     
   8.9210799999999996E-003   94102203020660688.     
   8.9210100000000001E-003   95156173826471840.     
   8.9209700000000003E-003   95851394070252112.     
   8.9209400000000005E-003   96883526908705264.     
   8.9208699999999991E-003   98242439025453376.     
   8.9207999999999996E-003   99581816444671472.     
   8.9207399999999999E-003   1.0090278820157112E+017
   8.9206700000000003E-003   1.0220623446703091E+017
   8.9206100000000007E-003   1.0349285508564674E+017
   8.9205499999999993E-003   1.0476326403299709E+017
   8.9204799999999997E-003   1.0601802289502507E+017
   8.9204200000000001E-003   1.0725768353585757E+017
   8.9203600000000004E-003   1.0848280908639154E+017
   8.9203000000000008E-003   1.0999394457100339E+017
   8.9202199999999995E-003   1.1178050428270390E+017
   8.9201300000000001E-003   1.1324779949072002E+017
   8.9200700000000004E-003   1.1440720516557883E+017
   8.9200200000000007E-003   1.1555447927921510E+017
   8.9199599999999993E-003   1.1668992480980355E+017
   8.9199099999999996E-003   1.1809262587260664E+017
   8.9198300000000001E-003   1.1975354052480077E+017
   8.9197500000000006E-003   1.2139058403788939E+017
   8.9196699999999993E-003   1.2300484470094419E+017
   8.9195899999999998E-003   1.2459733246542382E+017
   8.9195200000000002E-003   1.2616901397368346E+017
   8.9194400000000007E-003   1.2746392350384042E+017
   8.9193999999999992E-003   1.2849000679711138E+017
   8.9193499999999995E-003   1.3001297493508107E+017
   8.9192500000000001E-003   1.3201735534549893E+017
   8.9191600000000006E-003   1.3374717398974669E+017
   8.9190899999999993E-003   1.3521212242964754E+017
   8.9190199999999997E-003   1.3666167354889872E+017
   8.9189500000000001E-003   1.3809637604692035E+017
   8.9188800000000006E-003   1.3975169291902378E+017
   8.9187999999999993E-003   1.4162087146620438E+017
   8.9187099999999998E-003   1.4346621962118552E+017
   8.9186200000000004E-003   1.4528850166889133E+017
   8.9185400000000008E-003   1.4708850075591482E+017
   8.9184599999999996E-003   1.4886701466845667E+017
   8.9183800000000001E-003   1.5062481333718614E+017
   8.9183000000000005E-003   1.5236255962838803E+017
   8.9182199999999993E-003   1.5408083937854685E+017
   8.9181399999999997E-003   1.5578018576137040E+017
   8.9180600000000002E-003   1.5746109966345658E+017
   8.9179900000000006E-003   1.5912408367286218E+017
   8.9179099999999994E-003   1.6117779814214067E+017
   8.9178000000000000E-003   1.6360860512282669E+017
   8.9176900000000007E-003   1.6560739293577558E+017
   8.9176199999999994E-003   1.6718872346098733E+017
   8.9175499999999998E-003   1.6875523472566998E+017
   8.9174800000000002E-003   1.7030734093819974E+017
   8.9174100000000006E-003   1.7260811621398998E+017
   8.9172699999999997E-003   1.7563041119275661E+017
   8.9171400000000005E-003   1.7786435856931366E+017
   8.9170699999999992E-003   1.7933734816485270E+017
   8.9169999999999996E-003   1.8152327772670506E+017
   8.9168800000000003E-003   1.8439893943585994E+017
   8.9167499999999993E-003   1.8652755054973558E+017
   8.9166899999999997E-003   1.8793260987267091E+017
   8.9166200000000001E-003   1.9001987940576864E+017
   8.9165000000000008E-003   1.9276909355052317E+017
   8.9163799999999998E-003   1.9548000311735389E+017
   8.9162600000000005E-003   1.9815429188096211E+017
   8.9161499999999994E-003   2.0092611642667939E+017
   8.9160200000000002E-003   2.0456568086605984E+017
   8.9158299999999996E-003   2.0827283431670784E+017
   8.9157000000000004E-003   2.1054208627282582E+017
   8.9156300000000008E-003   2.1278545840275312E+017
   8.9155099999999998E-003   2.1574170915427117E+017
   8.9153800000000005E-003   2.1865843985149347E+017
   8.9152599999999995E-003   2.2153741231187373E+017
   8.9151300000000003E-003   2.2508430795663158E+017
   8.9149499999999996E-003   2.2927149456962880E+017
   8.9147800000000006E-003   2.3406276778275510E+017
   8.9145500000000003E-003   2.3942475447642304E+017
   8.9143199999999999E-003   2.4337138166647277E+017
   8.9142100000000005E-003   2.4596600129598762E+017
   8.9140999999999995E-003   2.4853364776942301E+017
   8.9140000000000000E-003   2.5107525494990931E+017
   8.9138900000000007E-003   2.5390426335612915E+017
   8.9137599999999997E-003   2.5701216616199139E+017
   8.9136300000000005E-003   2.6008370173561606E+017
   8.9135099999999995E-003   2.6312007299624922E+017
   8.9133800000000003E-003   2.6701520165425626E+017
   8.9131799999999997E-003   2.7173461678623251E+017
   8.9129900000000008E-003   2.7694747186966259E+017
   8.9127600000000005E-003   2.8262912183016998E+017
   8.9125300000000001E-003   2.8879585540363648E+017
   8.9122500000000000E-003   2.9542117127285696E+017
   8.9119899999999998E-003   3.0029941637314189E+017
   8.9118600000000006E-003   3.0350781376354880E+017
   8.9117299999999997E-003   3.0878002974629939E+017
   8.9114399999999996E-003   3.1602162271968026E+017
   8.9111499999999996E-003   3.2260559032347200E+017
   8.9109099999999993E-003   3.2708999273295066E+017
   8.9107900000000000E-003   3.3004583156312160E+017
   8.9106800000000007E-003   3.3346209251552947E+017
   8.9105199999999999E-003   3.3732630134806118E+017
   8.9103700000000008E-003   3.4304152274149434E+017
   8.9100800000000008E-003   3.5052634174599142E+017
   8.9097900000000008E-003   3.5786051945158253E+017
   8.9095000000000008E-003   3.6326955146376326E+017
   8.9093599999999998E-003   3.6683932690081786E+017
   8.9092300000000006E-003   3.7126355896589696E+017
   8.9090200000000001E-003   3.7652331413024794E+017
   8.9088199999999996E-003   3.8344580802133139E+017
   8.9084999999999998E-003   3.9197401528526432E+017
   8.9081799999999999E-003   3.9997547933387027E+017
   8.9078999999999998E-003   4.0747174510562650E+017
   8.9076299999999997E-003   4.1491749331160128E+017
   8.9073599999999996E-003   4.2231529718449882E+017
   8.9070899999999995E-003   4.3081775173362266E+017
   8.9067499999999997E-003   4.4038171738139610E+017
   8.9064100000000000E-003   4.4978720783290509E+017
   8.9060800000000002E-003   4.5904253162715994E+017
   8.9057600000000004E-003   4.6815533762010682E+017
   8.9054500000000005E-003   4.7713286684772819E+017
   8.9051500000000006E-003   4.8433509891202445E+017
   8.9049600000000000E-003   4.8981770012103482E+017
   8.9047799999999993E-003   4.9525380782880678E+017
   8.9046000000000004E-003   5.0064490867028582E+017
   8.9044199999999997E-003   5.0864556974108941E+017
   8.9040700000000000E-003   5.1917389829403712E+017
   8.9037300000000003E-003   5.3057092172201875E+017
   8.9033299999999992E-003   5.4280172599140531E+017
   8.9029499999999998E-003   5.5428883440986477E+017
   8.9026100000000000E-003   5.6506585454643200E+017
   8.9022800000000003E-003   5.7701004563294938E+017
   8.9018699999999992E-003   5.9007697389580774E+017
   8.9014799999999998E-003   6.0293865572571968E+017
   8.9011000000000003E-003   6.1560718741565811E+017
   8.9007300000000008E-003   6.2502636994781517E+017
   8.9005400000000002E-003   6.3440420052213248E+017
   8.9001800000000006E-003   6.4369376364682957E+017
   8.8999999999999999E-003   6.5108412901471206E+017
   8.8997599999999996E-003   6.5965930054929894E+017
   8.8995199999999993E-003   6.6815726397516851E+017
   8.8992800000000007E-003   6.7658051545517389E+017
   8.8990400000000004E-003   6.8789242849851827E+017
   8.8986499999999993E-003   7.0200516631843955E+017
   8.8982699999999998E-003   7.1604960249115392E+017
   8.8978900000000003E-003   7.3003139509502208E+017
   8.8975200000000008E-003   7.4611312133343565E+017
   8.8970400000000002E-003   7.6421584036937574E+017
   8.8965799999999994E-003   7.7765319544563994E+017
   8.8963500000000008E-003   7.8657492774562752E+017
   8.8961200000000004E-003   7.9990538223807424E+017
   8.8956699999999996E-003   8.1749002193276122E+017
   8.8952400000000004E-003   8.3492091085513946E+017
   8.8948199999999995E-003   8.5215660115462541E+017
   8.8944000000000002E-003   8.7141906384143616E+017
   8.8938899999999998E-003   8.9263480552960307E+017
   8.8933999999999992E-003   9.1364593792716198E+017
   8.8929100000000004E-003   9.3446556557022029E+017
   8.8924399999999997E-003   9.5506851049698394E+017
   8.8919800000000007E-003   9.7546698667790157E+017
   8.8915299999999999E-003   9.9170838966500736E+017
   8.8912599999999998E-003   1.0039125117573649E+018
   8.8909999999999996E-003   1.0160254919286236E+018
   8.8907399999999994E-003   1.0280501314380461E+018
   8.8904799999999992E-003   1.0460616822466477E+018
   8.8899700000000005E-003   1.0698901101560687E+018
   8.8894800000000000E-003   1.0955279547945490E+018
   8.8889099999999999E-003   1.1229108941156119E+018
   8.8883599999999997E-003   1.1501040746693513E+018
   8.8878099999999995E-003   1.1771224525761098E+018
   8.8872900000000008E-003   1.1981985577383268E+018
   8.8869900000000009E-003   1.2135069632681526E+018
   8.8866899999999992E-003   1.2287693161844408E+018
   8.8863999999999992E-003   1.2439872266216701E+018
   8.8861099999999991E-003   1.2629521438073390E+018
   8.8856800000000000E-003   1.2855743598273789E+018
   8.8852600000000007E-003   1.3120051028645064E+018
   8.8847000000000006E-003   1.3421264653169449E+018
   8.8841600000000003E-003   1.3720608289264653E+018
   8.8836200000000001E-003   1.4018192841959844E+018
   8.8830999999999997E-003   1.4239729191639672E+018
   8.8828399999999995E-003   1.4387144845207245E+018
   8.8825899999999992E-003   1.4554006323708564E+018
   8.8822599999999995E-003   1.4739969912811991E+018
   8.8819499999999996E-003   1.5017984118311588E+018
   8.8813199999999998E-003   1.5385402011646436E+018
   8.8807100000000000E-003   1.5658620621417615E+018
   8.8804100000000000E-003   1.5840277804518369E+018
   8.8801100000000001E-003   1.6041490002752100E+018
   8.8797500000000005E-003   1.6261887375149184E+018
   8.8794000000000008E-003   1.6480621405012772E+018
   8.8790499999999994E-003   1.6697747980615928E+018
   8.8786999999999998E-003   1.6916559063818519E+018
   8.8783500000000001E-003   1.7137036857978414E+018
   8.8780100000000004E-003   1.7467334058858033E+018
   8.8773299999999992E-003   1.7904250479619228E+018
   8.8766699999999997E-003   1.8229421823588536E+018
   8.8763399999999999E-003   1.8446021880712248E+018
   8.8760200000000001E-003   1.8683040893931359E+018
   8.8756300000000007E-003   1.8940088087211978E+018
   8.8752499999999995E-003   1.9195200895350925E+018
   8.8748799999999999E-003   1.9578136183757202E+018
   8.8741400000000008E-003   1.9961050543224696E+018
   8.8737799999999995E-003   2.0216546324167657E+018
   8.8734100000000000E-003   2.0470256153407872E+018
   8.8730600000000003E-003   2.0817611672841454E+018
   8.8724400000000005E-003   2.1256194480678019E+018
   8.8718400000000006E-003   2.1696918727767875E+018
   8.8712300000000008E-003   2.2139768253579702E+018
   8.8706299999999991E-003   2.2564095535006620E+018
   8.8700900000000006E-003   2.2970487829793121E+018
   8.8695500000000004E-003   2.3301672801804375E+018
   8.8692100000000006E-003   2.3559369114260419E+018
   8.8688800000000009E-003   2.3969323175324841E+018
   8.8681500000000000E-003   2.4527437653127864E+018
   8.8674400000000007E-003   2.4965416822773740E+018
   8.8670299999999997E-003   2.5286678785565220E+018
   8.8666300000000003E-003   2.5755761550278769E+018
   8.8658599999999997E-003   2.6368436741335608E+018
   8.8651200000000006E-003   2.7019823249326106E+018
   8.8642700000000005E-003   2.7707678347676088E+018
   8.8634500000000001E-003   2.8238740694739610E+018
   8.8629899999999994E-003   2.8619812678551572E+018
   8.8625300000000004E-003   2.8997510601141924E+018
   8.8620699999999997E-003   2.9372345914217175E+018
   8.8616200000000006E-003   2.9884491309267804E+018
   8.8608200000000002E-003   3.0529673232775900E+018
   8.8600499999999995E-003   3.1095994866986516E+018
   8.8594599999999996E-003   3.1588308835100739E+018
   8.8588799999999995E-003   3.2048002955366246E+018
   8.8583900000000007E-003   3.2689743338028672E+018
   8.8574199999999995E-003   3.3588712269804518E+018
   8.8563900000000004E-003   3.4288712328519603E+018
   8.8558899999999999E-003   3.4750826525024768E+018
   8.8553899999999994E-003   3.5439250316385393E+018
   8.8544100000000001E-003   3.6347039919005266E+018
   8.8534600000000005E-003   3.7217551769308769E+018
   8.8525900000000005E-003   3.7935015512877880E+018
   8.8519700000000007E-003   3.8528499012028396E+018
   8.8513600000000008E-003   3.9392771912115758E+018
   8.8502100000000007E-003   4.0518647742421212E+018
   8.8490900000000004E-003   4.1659801831023022E+018
   8.8479400000000003E-003   4.2815892612963077E+018
   8.8468200000000000E-003   4.3846778769704187E+018
   8.8459400000000001E-003   4.4757248893439309E+018
   8.8450800000000000E-003   4.5871513254510193E+018
   8.8438300000000004E-003   4.6856792022307492E+018
   8.8432300000000005E-003   4.7507171192215470E+018
   8.8426300000000006E-003   4.8414060442864067E+018
   8.8415600000000000E-003   4.9570183555156777E+018
   8.8405199999999993E-003   5.0469073447473766E+018
   8.8399299999999993E-003   5.1117885754864456E+018
   8.8393499999999993E-003   5.1942761625145467E+018
   8.8384599999999994E-003   5.2939430445229937E+018
   8.8375899999999993E-003   5.4205666904940093E+018
   8.8362500000000004E-003   5.5384426698767155E+018
   8.8355499999999993E-003   5.6326401976923412E+018
   8.8346399999999995E-003   5.7380940706536325E+018
   8.8337499999999996E-003   5.8673073086167306E+018
   8.8324700000000003E-003   5.9816649811661865E+018
   8.8318400000000005E-003   6.0572279073822536E+018
   8.8312200000000007E-003   6.1742305895998474E+018
   8.8299299999999997E-003   6.2923822108780104E+018
   8.8292900000000001E-003   6.3704577378886687E+018
   8.8286700000000003E-003   6.4557419485533184E+018
   8.8279199999999995E-003   6.5480825052749312E+018
   8.8271900000000004E-003   6.6657991050769265E+018
   8.8260600000000002E-003   6.8081414501983570E+018
   8.8249499999999998E-003   6.9274514801391350E+018
   8.8242000000000008E-003   7.0243986169857669E+018
   8.8234500000000000E-003   7.1214183404277105E+018
   8.8227099999999992E-003   7.2720290636457595E+018
   8.8211599999999998E-003   7.4735256146950932E+018
   8.8196600000000000E-003   7.6790082856494520E+018
   8.8181000000000006E-003   7.8362493717878948E+018
   8.8173300000000000E-003   7.9399900431768422E+018
   8.8165699999999993E-003   8.1014461621156321E+018
   8.8149800000000000E-003   8.3183368652208343E+018
   8.8134300000000006E-003   8.5391025374191872E+018
   8.8118099999999998E-003   8.7078196009309030E+018
   8.8110199999999993E-003   8.8188608879899750E+018
   8.8102400000000004E-003   8.9328381407618191E+018
   8.8094100000000002E-003   9.0495469425229588E+018
   8.8085899999999998E-003   9.1650210943019520E+018
   8.8077799999999994E-003   9.2792305157682074E+018
   8.8069900000000007E-003   9.3963185840960410E+018
   8.8061400000000005E-003   9.5160397838272532E+018
   8.8053100000000002E-003   9.6928313257765560E+018
   8.8036799999999995E-003   9.8702786392602071E+018
   8.8028199999999994E-003   9.9922295927974380E+018
   8.8019699999999992E-003   1.0112456324646752E+019
   8.8011400000000007E-003   1.0230953186174650E+019
   8.8003100000000004E-003   1.0352437202915619E+019
   8.7994400000000004E-003   1.0475830235889709E+019
   8.7985800000000003E-003   1.0597167262904144E+019
   8.7977300000000001E-003   1.0716589727081462E+019
   8.7968899999999999E-003   1.0838350378318770E+019
   8.7960000000000000E-003   1.0962135951373824E+019
   8.7951200000000000E-003   1.1083655693155942E+019
   8.7942500000000000E-003   1.1203100915940979E+019
   8.7933999999999998E-003   1.1324690638746589E+019
   8.7924900000000000E-003   1.1448151729415903E+019
   8.7916000000000001E-003   1.1569154898920643E+019
   8.7907200000000001E-003   1.1688044914266589E+019
   8.7898500000000001E-003   1.1808935155567036E+019
   8.7889300000000004E-003   1.1931748828713458E+019
   8.7880200000000006E-003   1.2052086869773097E+019
   8.7871200000000007E-003   1.2170527322597853E+019
   8.7862400000000007E-003   1.2291106873660242E+019
   8.7852999999999994E-003   1.2413839297906487E+019
   8.7843699999999997E-003   1.2534321436298410E+019
   8.7834599999999999E-003   1.2653174829281505E+019
   8.7825600000000000E-003   1.2774458288774533E+019
   8.7816100000000005E-003   1.2898211454870962E+019
   8.7806700000000008E-003   1.3020026899194866E+019
   8.7797399999999994E-003   1.3140494751441136E+019
   8.7788299999999996E-003   1.3263921131208045E+019
   8.7778600000000002E-003   1.3389701157937465E+019
   8.7769000000000007E-003   1.3512639762966188E+019
   8.7759599999999993E-003   1.3636933977163633E+019
   8.7750299999999996E-003   1.3833227692298936E+019
   8.7730699999999991E-003   1.4092952573622198E+019
   8.7711700000000000E-003   1.4286873155382465E+019
   8.7701700000000007E-003   1.4421242576731634E+019
   8.7691799999999997E-003   1.4554093222097394E+019
   8.7682100000000002E-003   1.4688787394538140E+019
   8.7672500000000007E-003   1.4903180700774638E+019
   8.7652300000000006E-003   1.5186048239959914E+019
   8.7632600000000001E-003   1.5396686848885113E+019
   8.7622299999999993E-003   1.5543510774503590E+019
   8.7612100000000002E-003   1.5763548223065514E+019
   8.7592099999999999E-003   1.6063390294486991E+019
   8.7571200000000002E-003   1.6290359812471167E+019
   8.7560999999999993E-003   1.6443368667895767E+019
   8.7551000000000000E-003   1.6687531158266923E+019
   8.7529800000000005E-003   1.7008356569637388E+019
   8.7509100000000006E-003   1.7329526733055732E+019
   8.7487599999999995E-003   1.7575150085071204E+019
   8.7477100000000006E-003   1.7738197382934827E+019
   8.7466699999999998E-003   1.7995288133813660E+019
   8.7444800000000007E-003   1.8338802134341458E+019
   8.7423499999999994E-003   1.8689447433350820E+019
   8.7401200000000005E-003   1.9046859551955325E+019
   8.7379599999999995E-003   1.9313774458746999E+019
   8.7368199999999993E-003   1.9498948113347486E+019
   8.7357000000000008E-003   1.9783771466310431E+019
   8.7334200000000004E-003   2.0159720118982181E+019
   8.7311899999999998E-003   2.0536024876450914E+019
   8.7289499999999992E-003   2.0926598594218443E+019
   8.7266099999999992E-003   2.1324704616069214E+019
   8.7243300000000006E-003   2.1621498613388874E+019
   8.7231400000000008E-003   2.1934421626551103E+019
   8.7207900000000008E-003   2.2293213619499401E+019
   8.7190199999999992E-003   2.2608489060205134E+019
   8.7172099999999995E-003   2.2981198378239459E+019
   8.7148499999999997E-003   2.3414540416880878E+019
   8.7123800000000005E-003   2.3795926184064934E+019
   8.7105800000000008E-003   2.4125220661589459E+019
   8.7087199999999997E-003   2.4467624277793632E+019
   8.7068600000000003E-003   2.4806140722591285E+019
   8.7050300000000008E-003   2.5135534888065991E+019
   8.7032499999999992E-003   2.5455851227236655E+019
   8.7015100000000008E-003   2.5742194114576703E+019
   8.7000900000000006E-003   2.5999809649738408E+019
   8.6986800000000003E-003   2.6276008145106252E+019
   8.6970699999999995E-003   2.6565566849288102E+019
   8.6954900000000002E-003   2.6855211235879387E+019
   8.6938399999999996E-003   2.7150633952833729E+019
   8.6922200000000005E-003   2.7513977457526591E+019
   8.6899100000000003E-003   2.7920586907928318E+019
   8.6876399999999999E-003   2.8252611065423880E+019
   8.6859899999999993E-003   2.8535707815861674E+019
   8.6843700000000003E-003   2.8890098174644011E+019
   8.6820000000000005E-003   2.9285853888313393E+019
   8.6796800000000004E-003   2.9609194569176818E+019
   8.6779600000000002E-003   2.9880532195739927E+019
   8.6762799999999998E-003   3.0145120697023615E+019
   8.6745799999999994E-003   3.0406382897448985E+019
   8.6729200000000006E-003   3.0723736374149427E+019
   8.6705099999999993E-003   3.1073158342759350E+019
   8.6681599999999994E-003   3.1381191870736388E+019
   8.6660699999999997E-003   3.1662405764531581E+019
   8.6640199999999997E-003   3.1932445281267642E+019
   8.6619300000000000E-003   3.2195704729753407E+019
   8.6598899999999999E-003   3.2472696998747185E+019
   8.6574500000000006E-003   3.2758278439150719E+019
   8.6550800000000008E-003   3.3031880238109897E+019
   8.6526399999999996E-003   3.3290694782051529E+019
   8.6502799999999998E-003   3.3493287328170942E+019
   8.6485499999999996E-003   3.3670517936546447E+019
   8.6468599999999993E-003   3.3927716097450160E+019
   8.6437300000000005E-003   3.4236120705450643E+019
   8.6407299999999992E-003   3.4473949005213901E+019
   8.6386399999999995E-003   3.4673103632412508E+019
   8.6366099999999994E-003   3.4876901434128458E+019
   8.6345399999999996E-003   3.5081865630842167E+019
   8.6325199999999994E-003   3.5396207712135094E+019
   8.6284699999999992E-003   3.5715240337575485E+019
   8.6264400000000008E-003   3.5937110159919915E+019
   8.6244600000000005E-003   3.6209261232726516E+019
   8.6217099999999994E-003   3.6449093610999947E+019
   8.6203700000000005E-003   3.6610783307924685E+019
   8.6190599999999996E-003   3.6868477090582872E+019
   8.6163200000000002E-003   3.7133159627762614E+019
   8.6149799999999995E-003   3.7360295545791185E+019
   8.6129699999999993E-003   3.7644155285084905E+019
   8.6109299999999993E-003   3.7887908723094200E+019
   8.6095900000000003E-003   3.8190355249460371E+019
   8.6068800000000008E-003   3.8503246076714762E+019
   8.6055200000000002E-003   3.8717124464098877E+019
   8.6041799999999995E-003   3.8991917811734061E+019
   8.6021599999999993E-003   3.9335964296314995E+019
   8.6000899999999995E-003   3.9631524059595514E+019
   8.5987400000000005E-003   3.9869142501053719E+019
   8.5974099999999998E-003   4.0244516111373812E+019
   8.5946300000000007E-003   4.0696591697783259E+019
   8.5926000000000006E-003   4.1026116980612063E+019
   8.5912200000000001E-003   4.1371513710161117E+019
   8.5891200000000004E-003   4.1864600398412923E+019
   8.5863999999999992E-003   4.2297523633502462E+019
   8.5849700000000008E-003   4.2676186753305739E+019
   8.5828699999999994E-003   4.3130913514477249E+019
   8.5808099999999995E-003   4.3683719868231885E+019
   8.5779399999999992E-003   4.4213349324148883E+019
   8.5761599999999993E-003   4.4626829410349941E+019
   8.5744099999999993E-003   4.5138863733767913E+019
   8.5718800000000005E-003   4.5743303701107335E+019
   8.5694099999999995E-003   4.6414450247285866E+019
   8.5664499999999998E-003   4.6962245481868075E+019
   8.5650099999999996E-003   4.7330543466541482E+019
   8.5635799999999995E-003   4.7960179709184442E+019
   8.5601800000000006E-003   4.8842802327148700E+019
   8.5568799999999993E-003   4.9540859728473743E+019
   8.5549700000000003E-003   5.0208864913035575E+019
   8.5519600000000008E-003   5.1105126206166196E+019
   8.5485000000000005E-003   5.1911263961921503E+019
   8.5462100000000003E-003   5.2516529534422786E+019
   8.5442299999999999E-003   5.3082790275142214E+019
   8.5422799999999993E-003   5.3784886524063818E+019
   8.5394900000000003E-003   5.4589507683641238E+019
   8.5367399999999993E-003   5.5360043136149127E+019
   8.5343199999999998E-003   5.6083263984733544E+019
   8.5319400000000000E-003   5.6704992241775731E+019
   8.5302799999999995E-003   5.7214687309961708E+019
   8.5286400000000005E-003   5.7959066376342217E+019
   8.5254900000000002E-003   5.8956105743253946E+019
   8.5224099999999994E-003   5.9698922620034351E+019
   8.5208200000000001E-003   6.0211779877068431E+019
   8.5192500000000008E-003   6.0843481693900497E+019
   8.5169900000000003E-003   6.1588993040869769E+019
   8.5147599999999997E-003   6.2551598517977014E+019
   8.5112799999999995E-003   6.3751634964072628E+019
   8.5077499999999997E-003   6.5060436264474681E+019
   8.5037900000000007E-003   6.6242040127817933E+019
   8.5010799999999994E-003   6.7227511517239853E+019
   8.4983200000000002E-003   6.8444254627549290E+019
   8.4944500000000006E-003   7.0071680599662518E+019
   8.4895800000000000E-003   7.1392340509528965E+019
   8.4874400000000006E-003   7.2208274088095646E+019
   8.4853199999999993E-003   7.3169270198010708E+019
   8.4824600000000007E-003   7.4296775350327935E+019
   8.4795300000000007E-003   7.5441681517767180E+019
   8.4766300000000006E-003   7.6605210069939765E+019
   8.4736599999999992E-003   7.7799640564051149E+019
   8.4706599999999996E-003   7.8998254315240342E+019
   8.4676999999999999E-003   8.0016994870562439E+019
   8.4656300000000000E-003   8.1270647056334307E+019
   8.4615300000000001E-003   8.3201845869258490E+019
   8.4563299999999997E-003   8.5050431383428432E+019
   8.4526700000000007E-003   8.6487169416551760E+019
   8.4494800000000005E-003   8.7852894151238550E+019
   8.4462300000000008E-003   8.9709080240237265E+019
   8.4407900000000001E-003   9.1645207615810994E+019
   8.4372000000000006E-003   9.2837320103970030E+019
   8.4352799999999999E-003   9.4195808672170164E+019
   8.4310099999999992E-003   9.6061381864623423E+019
   8.4268099999999999E-003   9.7499046047708119E+019
   8.4244999999999997E-003   9.8521581553816240E+019
   8.4222099999999994E-003   1.0002898768292915E+020
   8.4177799999999997E-003   1.0200062165161306E+020
   8.4134299999999995E-003   1.0338881776645240E+020
   8.4116299999999998E-003   1.0420672229633245E+020
   8.4098300000000001E-003   1.0559330439120210E+020
   8.4055599999999994E-003   1.0753697338182710E+020
   8.4013500000000001E-003   1.0898814071087833E+020
   8.3991799999999991E-003   1.0999044420355187E+020
   8.3970299999999998E-003   1.1140738348163424E+020
   8.3931000000000006E-003   1.1323156273704890E+020
   8.3892299999999993E-003   1.1477888585026549E+020
   8.3865199999999997E-003   1.1605631770754505E+020
   8.3838300000000001E-003   1.1751275590531962E+020
   8.3803899999999997E-003   1.1914466978437256E+020
   8.3769900000000008E-003   1.2100388641249285E+020
   8.3726500000000006E-003   1.2308322682071535E+020
   8.3683799999999999E-003   1.2499354657161480E+020
   8.3647600000000006E-003   1.2746155909409782E+020
   8.3582799999999992E-003   1.2975529560085402E+020
   8.3554000000000007E-003   1.3126031956228710E+020
   8.3522100000000005E-003   1.3284330393906033E+020
   8.3490400000000003E-003   1.3528685553906944E+020
   8.3424699999999994E-003   1.3856669588672112E+020
   8.3360399999999994E-003   1.4195463077627984E+020
   8.3291700000000003E-003   1.4544737880887435E+020
   8.3224600000000003E-003   1.4810069070932535E+020
   8.3188399999999992E-003   1.4997674753724357E+020
   8.3152599999999997E-003   1.5196224370712353E+020
   8.3112599999999991E-003   1.5405587261128658E+020
   8.3073200000000000E-003   1.5604206675252393E+020
   8.3037600000000003E-003   1.5792401746967885E+020
   8.3002500000000003E-003   1.6018337586733036E+020
   8.2953300000000001E-003   1.6281215214742281E+020
   8.2904799999999994E-003   1.6572743896217626E+020
   8.2845799999999997E-003   1.6891843986397626E+020
   8.2787899999999994E-003   1.7189939147262892E+020
   8.2737100000000001E-003   1.7468338678904996E+020
   8.2687200000000002E-003   1.7756538176844526E+020
   8.2632899999999995E-003   1.8028495762618692E+020
   8.2590500000000004E-003   1.8265980468464717E+020
   8.2548699999999992E-003   1.8585887054089280E+020
   8.2477899999999996E-003   1.8986155065497099E+020
   8.2408599999999992E-003   1.9364314442377717E+020
   8.2346999999999993E-003   1.9719442203788598E+020
   8.2286300000000007E-003   2.0050488349202579E+020
   8.2232699999999995E-003   2.0478243804063518E+020
   8.2141499999999999E-003   2.0855783817482843E+020
   8.2105300000000006E-003   2.1070976828878714E+020
   8.2069499999999993E-003   2.1391411988430560E+020
   8.1998899999999996E-003   2.1814870844000495E+020
   8.1929499999999992E-003   2.2158004889080263E+020
   8.1886100000000007E-003   2.2422623308508951E+020
   8.1843200000000001E-003   2.2733307461538716E+020
   8.1785399999999998E-003   2.3089197563129030E+020
   8.1728400000000007E-003   2.3484515382816886E+020
   8.1658800000000004E-003   2.4015369699521528E+020
   8.1559900000000001E-003   2.4551462752319980E+020
   8.1489700000000002E-003   2.4902157417402486E+020
   8.1450099999999994E-003   2.5298345651317804E+020
   8.1367000000000002E-003   2.5832551671228387E+020
   8.1285500000000000E-003   2.6237813875908683E+020
   8.1242699999999994E-003   2.6518128655465923E+020
   8.1200300000000003E-003   2.6796775470518632E+020
   8.1158299999999992E-003   2.7073949191768346E+020
   8.1116699999999996E-003   2.7504795108430814E+020
   8.1029399999999994E-003   2.8086186414560310E+020
   8.0943800000000000E-003   2.8680267956217535E+020
   8.0854299999999994E-003   2.9286816520642344E+020
   8.0766499999999995E-003   2.9747636550179350E+020
   8.0720500000000008E-003   3.0065708659732985E+020
   8.0674900000000001E-003   3.0382115647001369E+020
   8.0629699999999992E-003   3.0696896112050084E+020
   8.0584999999999997E-003   3.1186309162818883E+020
   8.0491000000000000E-003   3.1846524620440089E+020
   8.0398899999999992E-003   3.2345719104341246E+020
   8.0350500000000002E-003   3.2691910577345705E+020
   8.0302700000000008E-003   3.3036332645608863E+020
   8.0255299999999995E-003   3.3379010373815717E+020
   8.0208299999999996E-003   3.3911534395840633E+020
   8.0109699999999992E-003   3.4630339871221580E+020
   8.0012999999999994E-003   3.5363284128339939E+020
   7.9912100000000003E-003   3.6113392460999963E+020
   7.9813000000000002E-003   3.6683535303641183E+020
   7.9761099999999998E-003   3.7076931477353267E+020
   7.9709599999999992E-003   3.7468374980573174E+020
   7.9658600000000000E-003   3.7857975052817714E+020
   7.9608200000000004E-003   3.8463160625921923E+020
   7.9502199999999992E-003   3.9280176570664518E+020
   7.9398400000000001E-003   3.9897862578160311E+020
   7.9343899999999995E-003   4.0326275341064228E+020
   7.9289900000000003E-003   4.0752618855196629E+020
   7.9236399999999992E-003   4.1176918171264457E+020
   7.9183499999999993E-003   4.1836092130709937E+020
   7.9072399999999994E-003   4.2726141678254870E+020
   7.8963499999999999E-003   4.3635196960978298E+020
   7.8849799999999998E-003   4.4564316426668225E+020
   7.8738300000000001E-003   4.5270738383176329E+020
   7.8679800000000001E-003   4.5758104680023648E+020
   7.8621899999999998E-003   4.6243201102577310E+020
   7.8564499999999992E-003   4.6726140556686891E+020
   7.8507600000000000E-003   4.7475939225652540E+020
   7.8388499999999996E-003   4.8488554674233449E+020
   7.8271599999999997E-003   4.9254656760409607E+020
   7.8210299999999996E-003   4.9785604417787711E+020
   7.8149599999999993E-003   5.0576890248803294E+020
   7.8029900000000001E-003   5.1658051226770381E+020
   7.7905099999999996E-003   5.2487949226438400E+020
   7.7843599999999997E-003   5.3036860656658481E+020
   7.7782600000000004E-003   5.3889612901344792E+020
   7.7654899999999999E-003   5.5041592624376467E+020
   7.7529499999999998E-003   5.5913118798278545E+020
   7.7463899999999997E-003   5.6517303535877462E+020
   7.7398800000000002E-003   5.7277634599685115E+020
   7.7300399999999997E-003   5.8193841574534539E+020
   7.7203400000000000E-003   5.9121667604986462E+020
   7.7103800000000002E-003   6.0063337384983318E+020
   7.7005600000000004E-003   6.1028531303329864E+020
   7.6902699999999999E-003   6.2016392179021998E+020
   7.6801300000000003E-003   6.3018368583802946E+020
   7.6697099999999997E-003   6.4342397087331647E+020
   7.6532500000000003E-003   6.5768945524499834E+020
   7.6410000000000002E-003   6.7005960328802075E+020
   7.6286300000000000E-003   6.8265255425774269E+020
   7.6161500000000004E-003   6.9713658380650440E+020
   7.6003599999999996E-003   7.1184473264155486E+020
   7.5876900000000002E-003   7.2530832613654633E+020
   7.5745800000000000E-003   7.3913081419515023E+020
   7.5614599999999999E-003   7.5232693130739201E+020
   7.5497400000000001E-003   7.6457599607887770E+020
   7.5385699999999996E-003   7.7916456327628836E+020
   7.5227100000000002E-003   7.9485668305535697E+020
   7.5096499999999997E-003   8.0832933344667868E+020
   7.4979699999999996E-003   8.2208423235138879E+020
   7.4841600000000001E-003   8.3799673611142496E+020
   7.4690299999999998E-003   8.5183628489823512E+020
   7.4590799999999999E-003   8.6444143304154861E+020
   7.4450799999999998E-003   8.8036395885934517E+020
   7.4286300000000003E-003   8.9531370288028477E+020
   7.4127699999999999E-003   9.0933345957502845E+020
   7.3980900000000004E-003   9.1873242993597337E+020
   7.3840199999999998E-003   9.2543766540337807E+020
   7.3681199999999997E-003   9.2101921518520146E+020
   7.3618399999999997E-003   9.2939176419444431E+020
   7.3469800000000004E-003   9.0798759215251233E+020
   7.3275199999999997E-003   9.0211820737483257E+020
   7.3137200000000001E-003   8.6752805535319327E+020
   7.3003800000000004E-003   8.1115414833675331E+020
   7.2852300000000002E-003   7.7878326515432070E+020
   7.2713200000000004E-003   7.5857469994248962E+020
   7.2654199999999999E-003   7.2918618005062917E+020
   7.2595600000000000E-003   7.0193216324032738E+020
   7.2452500000000000E-003   6.7893046150405122E+020
   7.2395000000000003E-003   6.6614975575077093E+020
   7.2329400000000002E-003   6.4178999752027577E+020
   7.2278400000000001E-003   6.4084556564861695E+020
   7.2197299999999997E-003   6.2841538327732250E+020
   7.2145500000000001E-003   6.1175473774315163E+020
   7.2096900000000004E-003   6.0249472671816181E+020
   7.2052899999999996E-003   6.0580282759911558E+020
   7.2000400000000004E-003   5.9157822823437251E+020
   7.1942300000000002E-003   5.8157840361572781E+020
   7.1884599999999998E-003   5.8010968825924118E+020
   7.1849699999999997E-003   5.7915040441416371E+020
   7.1801900000000004E-003   5.7469088446095091E+020
   7.1778099999999997E-003   5.7293660129883724E+020
   7.1760299999999999E-003   5.7165093606410945E+020
   7.1718700000000003E-003   5.7157346243473624E+020
   7.1694799999999998E-003   5.7132688266568040E+020
   7.1661700000000004E-003   5.7097568315467484E+020
   7.1634500000000000E-003   5.7019188644956235E+020
   7.1574100000000003E-003   5.6999488839963227E+020
   7.1528800000000003E-003   5.7162111916585766E+020
   7.1477499999999996E-003   5.7261681026054246E+020
   7.1417499999999997E-003   5.7478513912403598E+020
   7.1370399999999999E-003   5.7711079792934493E+020
   7.1325399999999997E-003   5.7956181223132489E+020
   7.1281900000000004E-003   5.8221621352434054E+020
   7.1242299999999996E-003   5.8533087531141549E+020
   7.1191900000000001E-003   5.8797940618309193E+020
   7.1171200000000002E-003   5.9040059593851378E+020
   7.1129899999999996E-003   5.9324187873055985E+020
   7.1102400000000003E-003   5.9612583696778684E+020
   7.1061300000000004E-003   5.9884322675349193E+020
   7.1040900000000004E-003   6.0157551210530144E+020
   7.1000999999999998E-003   6.0524595948596088E+020
   7.0962100000000004E-003   6.0803768258496286E+020
   7.0942699999999997E-003   6.1022603109111366E+020
   7.0917500000000000E-003   6.1396573908749163E+020
   7.0867300000000003E-003   6.1904240988044578E+020
   7.0817400000000004E-003   6.2421992916879868E+020
   7.0767599999999996E-003   6.2816102832518201E+020
   7.0742799999999996E-003   6.3044116808092208E+020
   7.0724300000000002E-003   6.3342474028648864E+020
   7.0687299999999996E-003   6.3741071341305777E+020
   7.0650900000000004E-003   6.4135404401870229E+020
   7.0615100000000000E-003   6.4524040698541402E+020
   7.0579800000000002E-003   6.4906927660500766E+020
   7.0545199999999999E-003   6.5349330230880174E+020
   7.0499999999999998E-003   6.5755957793545834E+020
   7.0472099999999999E-003   6.6064593546391244E+020
   7.0444300000000000E-003   6.6469078947140600E+020
   7.0398600000000002E-003   6.6919491449326613E+020
   7.0362699999999999E-003   6.7294715939346986E+020
   7.0331100000000004E-003   6.7622888104459895E+020
   7.0303600000000003E-003   6.8037683840039191E+020
   7.0257599999999998E-003   6.8559321880972414E+020
   7.0209599999999997E-003   6.9186858088514676E+020
   7.0147600000000001E-003   6.9670272801443388E+020
   7.0118300000000001E-003   7.0022112776154592E+020
   7.0089100000000001E-003   7.0456276196350965E+020
   7.0045500000000000E-003   7.0978138135427246E+020
   6.9987599999999997E-003   7.1480793802547161E+020
   6.9958700000000004E-003   7.1824433883483747E+020
   6.9929900000000001E-003   7.2187015476919049E+020
   6.9885299999999997E-003   7.2796024614507368E+020
   6.9822699999999996E-003   7.3339694535513853E+020
   6.9786500000000003E-003   7.3880270834947536E+020
   6.9725200000000003E-003   7.4554149903789379E+020
   6.9664799999999997E-003   7.5090147339948078E+020
   6.9630500000000001E-003   7.5347461553476233E+020
   6.9608400000000003E-003   7.5736390429618222E+020
   6.9564500000000003E-003   7.6267286265736148E+020
   6.9511199999999999E-003   7.6728830420496259E+020
   6.9479900000000002E-003   7.7175376354152048E+020
   6.9429699999999997E-003   7.7585255022192781E+020
   6.9404799999999997E-003   7.7986323001997394E+020
   6.9356100000000000E-003   7.8637759865531846E+020
   6.9284999999999998E-003   7.9288861446688670E+020
   6.9236400000000000E-003   7.9817106069025731E+020
   6.9187900000000002E-003   8.0531588621533184E+020
   6.9104800000000001E-003   8.1226387079260707E+020
   6.9060500000000004E-003   8.1872781521790462E+020
   6.8986899999999999E-003   8.2551250109030085E+020
   6.8933199999999997E-003   8.3003886218591876E+020
   6.8904999999999999E-003   8.3312265125354602E+020
   6.8876900000000001E-003   8.3544177330985815E+020
   6.8862000000000003E-003   8.3705853900113039E+020
   6.8847200000000004E-003   8.5286321423390828E+020
   6.8836100000000001E-003   8.5381024406345548E+020
   6.8828700000000001E-003   8.5437846943958421E+020
   6.8824999999999997E-003   8.5466257342992823E+020
   6.8823100000000000E-003   8.5480462769280057E+020
   6.8822199999999997E-003   8.5489932810780253E+020
   6.8821300000000002E-003   8.5499402851781968E+020
   6.8820299999999999E-003   8.5508872892277431E+020
   6.8819399999999996E-003   8.5518342932295542E+020
   6.8818500000000001E-003   8.5527812971869805E+020
   6.8817599999999998E-003   8.5534932680159710E+020
   6.8817100000000001E-003   8.5539702369881293E+020
   6.8816600000000004E-003   8.5544472059475067E+020
   6.8816199999999998E-003   8.5549242143941539E+020
   6.8815700000000000E-003   8.5556396636006449E+020
   6.8814799999999997E-003   8.5565936014457831E+020
   6.8813900000000002E-003   8.5580245308467498E+020
   6.8811999999999996E-003   8.5599324063282246E+020
   6.8810099999999999E-003   8.5627942311948072E+020
   6.8806400000000004E-003   8.5675638862462845E+020
   6.8800800000000002E-003   8.5742414900690249E+020
   6.8793400000000003E-003   8.5827956695772247E+020
   6.8784199999999997E-003   8.5936327368113783E+020
   6.8772299999999998E-003   8.6067686563328531E+020
   6.8758600000000001E-003   8.6288148719915814E+020
   6.8729500000000001E-003   8.6672819900651169E+020
   6.8684100000000001E-003   8.7323115899736346E+020
   6.8611999999999996E-003   8.8247034086834228E+020
   6.8531299999999998E-003   8.9242420445671352E+020
   6.8441500000000002E-003   9.0623143816900850E+020
   6.8241600000000001E-003   9.2560113795526243E+020
   6.8062499999999998E-003   9.4253581806704119E+020
   6.7918500000000003E-003   9.5794060546767585E+020
   6.7784500000000001E-003   9.7643416589771853E+020
   6.7587100000000002E-003   9.9802802125595725E+020
   6.7402000000000000E-003   1.0177964906304219E+021
   6.7237699999999996E-003   1.0366157411644020E+021
   6.7074099999999996E-003   1.0556408795850678E+021
   6.6912300000000003E-003   1.0762440239122101E+021
   6.6724899999999997E-003   1.0967467260790268E+021
   6.6568699999999996E-003   1.1158606912131335E+021
   6.6408900000000000E-003   1.1362664936136648E+021
   6.6234900000000001E-003   1.1585337529103693E+021
   6.6049100000000003E-003   1.1842452317719193E+021
   6.5824999999999998E-003   1.2091387977290833E+021
   6.5659000000000004E-003   1.2327331446777520E+021
   6.5459799999999999E-003   1.2587119273134100E+021
   6.5263099999999996E-003   1.2826127279383742E+021
   6.5100000000000002E-003   1.3008283584451539E+021
   6.4993500000000001E-003   1.3205333801056139E+021
   6.4809000000000004E-003   1.3409945385253523E+021
   6.4695999999999998E-003   1.3642781493297427E+021
   6.4472399999999999E-003   1.3913994940333965E+021
   6.4309700000000003E-003   1.4144674172530016E+021
   6.4148699999999996E-003   1.4355676270152426E+021
   6.4017299999999996E-003   1.4546131193044182E+021
   6.3886999999999998E-003   1.4863370000571278E+021
   6.3584799999999997E-003   1.5311961773566992E+021
   6.3287899999999999E-003   1.5643106708373496E+021
   6.3152299999999998E-003   1.5930684371524534E+021
   6.2915599999999999E-003   1.6195883762180827E+021
   6.2814100000000003E-003   1.6468929826547601E+021
   6.2570100000000003E-003   1.6858506452345267E+021
   6.2329200000000003E-003   1.7169774117994139E+021
   6.2190199999999996E-003   1.7397659895482323E+021
   6.2052299999999999E-003   1.7689912290117558E+021
   6.1838900000000000E-003   1.8048596927397330E+021
   6.1628000000000004E-003   1.8351705592783881E+021
   6.1485899999999998E-003   1.8596189204201781E+021
   6.1344800000000003E-003   1.8973071909434837E+021
   6.1054100000000004E-003   1.9486867399659091E+021
   6.0767599999999996E-003   1.9914145864505413E+021
   6.0583199999999999E-003   2.0251525790373637E+021
   6.0400599999999999E-003   2.0525594436015570E+021
   6.0290099999999996E-003   2.0731094557982987E+021
   6.0180099999999999E-003   2.1081787406433292E+021
   5.9918000000000003E-003   2.1682221867258245E+021
   5.9554300000000003E-003   2.2319463967703294E+021
   5.9268999999999997E-003   2.2785083243990339E+021
   5.9089499999999996E-003   2.3201428006522213E+021
   5.8857800000000002E-003   2.3674888067678554E+021
   5.8628600000000001E-003   2.4238608251796130E+021
   5.8317400000000002E-003   2.4903409437209206E+021
   5.8003400000000002E-003   2.5417314516520482E+021
   5.7844500000000000E-003   2.5763735160901798E+021
   5.7686700000000000E-003   2.6295750739274467E+021
   5.7363600000000002E-003   2.7020436825732368E+021
   5.7044799999999996E-003   2.7766807276937832E+021
   5.6715999999999997E-003   2.8534545239307106E+021
   5.6391599999999998E-003   2.9324682451277741E+021
   5.6056999999999999E-003   3.0139044202852820E+021
   5.5726700000000001E-003   3.0976160927517193E+021
   5.5386200000000002E-003   3.1838890891715213E+021
   5.5050100000000003E-003   3.2727232068847225E+021
   5.4703499999999997E-003   3.3641435919938780E+021
   5.4361200000000000E-003   3.4343673375319141E+021
   5.4186199999999999E-003   3.4820702070822006E+021
   5.4012200000000000E-003   3.5553204862358074E+021
   5.3656299999999997E-003   3.6552464480029633E+021
   5.3304700000000003E-003   3.7319464371429111E+021
   5.3124899999999996E-003   3.7841110433031373E+021
   5.2946199999999999E-003   3.8636451698268480E+021
   5.2584399999999996E-003   3.9728575759420726E+021
   5.2219299999999996E-003   4.0853897247995603E+021
   5.1850899999999998E-003   4.2013450072323717E+021
   5.1479100000000003E-003   4.3208467536144027E+021
   5.1104000000000002E-003   4.4440137983755105E+021
   5.0725299999999996E-003   4.5709691274622078E+021
   5.0343200000000001E-003   4.7018436639218089E+021
   4.9957500000000002E-003   4.8367728592582575E+021
   4.9568099999999999E-003   4.9758873206088113E+021
   4.9175199999999999E-003   5.0834347877354135E+021
   4.8976300000000000E-003   5.1562162662413718E+021
   4.8778500000000004E-003   5.2302265853763723E+021
   4.8577799999999999E-003   5.3052991413239971E+021
   4.8377999999999997E-003   5.4034312844702667E+021
   4.8060200000000003E-003   5.5255750463584721E+021
   4.7744700000000003E-003   5.6277215392702283E+021
   4.7539000000000001E-003   5.7090576168698836E+021
   4.7334300000000003E-003   5.7916460286156231E+021
   4.7126700000000004E-003   5.8755480246967222E+021
   4.6919900000000000E-003   5.9607689020198418E+021
   4.6710299999999996E-003   6.0473432029532804E+021
   4.6501499999999996E-003   6.1352834232059041E+021
   4.6289800000000004E-003   6.2246253668071627E+021
   4.6078899999999999E-003   6.3153874969464186E+021
   4.5865100000000002E-003   6.4076026787235166E+021
   4.5652100000000001E-003   6.5012915339983889E+021
   4.5436200000000000E-003   6.5964898242438533E+021
   4.5221100000000002E-003   6.6932198808991585E+021
   4.5002999999999996E-003   6.7915183382721085E+021
   4.4785700000000003E-003   6.8914062017649411E+021
   4.4565300000000002E-003   6.9929283030178972E+021
   4.4345799999999996E-003   7.0961087419655431E+021
   4.4123200000000000E-003   7.2009865605486016E+021
   4.3901299999999999E-003   7.3075927722802031E+021
   4.3676499999999998E-003   7.4159578018358179E+021
   4.3452300000000003E-003   7.5261365418160009E+021
   4.3225000000000000E-003   7.6381608027542782E+021
   4.2998400000000001E-003   7.7520704095524435E+021
   4.2768800000000003E-003   7.8679076437095654E+021
   4.2539800000000001E-003   7.9854837492773416E+021
   4.2308600000000003E-003   8.1053116648706298E+021
   4.2076099999999996E-003   8.2272076648982218E+021
   4.1842399999999997E-003   8.3512226338215308E+021
   4.1607399999999996E-003   8.4774018566790431E+021
   4.1371100000000003E-003   8.6058197069379309E+021
   4.1133400000000001E-003   8.7365122439035318E+021
   4.0894499999999997E-003   8.8695815306794269E+021
   4.0654100000000002E-003   9.0050549347885599E+021
   4.0412399999999998E-003   9.1430075311789525E+021
   4.0169300000000002E-003   9.2835203690737602E+021
   3.9924799999999996E-003   9.4266374628504481E+021
   3.9678900000000000E-003   9.5724261121674246E+021
   3.9431500000000003E-003   9.7209698438920735E+021
   3.9182599999999998E-003   9.8723243922060938E+021
   3.8932200000000002E-003   1.0026552192437687E+022
   3.8680300000000002E-003   1.0183799458685711E+022
   3.8426900000000002E-003   1.0344101160105483E+022
   3.8171899999999998E-003   1.0507626236603326E+022
   3.7915300000000000E-003   1.0674591750327519E+022
   3.7656999999999999E-003   1.0845143814703745E+022
   3.7397200000000002E-003   1.1019144524450660E+022
   3.7135599999999999E-003   1.1196360720632068E+022
   3.6872400000000000E-003   1.1376665553139799E+022
   3.6607400000000000E-003   1.1560103227580326E+022
   3.6340600000000002E-003   1.1746720402397655E+022
   3.6072000000000001E-003   1.1936566385313516E+022
   3.5801600000000002E-003   1.2129692768120171E+022
   3.5529400000000001E-003   1.2326152960769094E+022
   3.5255199999999999E-003   1.2526002776947091E+022
   3.4979000000000000E-003   1.2729299667508231E+022
   3.4700899999999999E-003   1.2936102886559810E+022
   3.4420800000000001E-003   1.3146473365981335E+022
   3.4138500000000000E-003   1.3360473876037320E+022
   3.3854200000000001E-003   1.3578168767064253E+022
   3.3567699999999998E-003   1.3799623852272132E+022
   3.3278900000000000E-003   1.4024906764219480E+022
   3.2987899999999998E-003   1.4254086517837156E+022
   3.2694600000000001E-003   1.4487233864022914E+022
   3.2398900000000000E-003   1.4724420893988566E+022
   3.2100700000000002E-003   1.4965721308133014E+022
   3.1800100000000000E-003   1.5211210456480048E+022
   3.1496900000000001E-003   1.5460965293023425E+022
   3.1191000000000001E-003   1.5715064019256745E+022
   3.0882499999999998E-003   1.5973586941073605E+022
   3.0571100000000000E-003   1.6236615315710080E+022
   3.0256900000000002E-003   1.6504232295795899E+022
   2.9939799999999998E-003   1.6776522892663750E+022
   2.9619600000000000E-003   1.7053573303678819E+022
   2.9296299999999999E-003   1.7335471531843111E+022
   2.8969800000000000E-003   1.7622307261675792E+022
   2.8639899999999999E-003   1.7914171885570138E+022
   2.8306700000000000E-003   1.8211158269843391E+022
   2.7969800000000001E-003   1.8513361153041547E+022
   2.7629299999999998E-003   1.8820876840777305E+022
   2.7285000000000000E-003   1.9133803724702533E+022
   2.6936799999999999E-003   1.9452241456463809E+022
   2.6584500000000001E-003   1.9776291849302748E+022
   2.6227899999999998E-003   2.0106057982088567E+022
   2.5866900000000000E-003   2.0441645293481430E+022
   2.5501299999999998E-003   2.0783160839919167E+022
   2.5130999999999999E-003   2.1130712895717498E+022
   2.4755599999999999E-003   2.1484412566698862E+022
   2.4375000000000000E-003   2.1844371848131915E+022
   2.3988999999999998E-003   2.2210705314297521E+022
   2.3597200000000000E-003   2.2583528585096505E+022
   2.3199499999999999E-003   2.2962939458138900E+022
   2.2795400000000000E-003   2.3349218817846486E+022
   2.2384700000000002E-003   2.3742347880332958E+022
   2.1967000000000002E-003   2.4142449529774127E+022
   2.1541899999999998E-003   2.4549648939191791E+022
   2.1109000000000002E-003   2.4964072372599484E+022
   2.0667699999999999E-003   2.5385810756658967E+022
   2.0217600000000001E-003   2.5815182142268517E+022
   1.9758000000000002E-003   2.6252179937371378E+022
   1.9288300000000001E-003   2.6695545818001061E+022
   1.8810900000000000E-003   2.7148242176912176E+022
   1.8315400000000000E-003   2.7610495319617269E+022
   1.7810400000000000E-003   2.8079378714057247E+022
   1.7291600000000000E-003   2.8494303232880124E+022
   1.6895700000000000E-003   2.8858199418599861E+022
   1.6484799999999999E-003   2.9379442661461154E+022
   1.5711000000000000E-003   2.9909962482893007E+022
   1.5277699999999999E-003   3.0293296858086693E+022
   1.4823400000000000E-003   3.0871555343369036E+022
   1.3881700000000000E-003   3.1528937000489644E+022
   1.3231700000000000E-003   3.2056459418021281E+022
   1.2553600000000001E-003   3.2598894028096077E+022
   1.1804800000000000E-003   3.3167781683580683E+022
   1.1007400000000000E-003   3.3759468554922450E+022
   1.0089500000000000E-003   3.4411447677857431E+022
   8.9948000000000003E-004   3.5242014290752488E+022
   7.0651999999999998E-004   3.6100931235539589E+022
   5.6791999999999997E-004   3.6594610989137385E+022
   4.8422999999999999E-004   3.6902322762364349E+022
   3.8304000000000002E-004   3.7148843437188813E+022
   3.1390999999999998E-004   3.7309939245694956E+022
   2.5075000000000000E-004   3.7404264421736434E+022
   2.0168000000000001E-004   3.7484836825971101E+022
   1.6420000000000001E-004   3.7521634319602626E+022
   1.3645000000000001E-004   3.7552837757851807E+022
   1.1691000000000000E-004   3.7565331068013475E+022
   1.0406000000000000E-004   3.7579354283065322E+022
   8.6890000000000003E-005   3.7591226819847219E+022
   6.8960000000000004E-005   3.7599746778270567E+022
   5.4729999999999999E-005   3.7606917730521137E+022
   4.3439999999999997E-005   3.7610472348916057E+022
   3.4480000000000002E-005   3.7612633317235403E+022
   2.7359999999999999E-005   3.7614770885807703E+022
   2.1719999999999999E-005   3.7615649497807025E+022
   1.7240000000000001E-005   3.7616562961671896E+022
   1.3679999999999999E-005   3.7617388857431849E+022
