   8.8867900000000003E-003   1794981788229099.2     
   8.8867800000000004E-003   2077705926559376.8     
   8.8867800000000004E-003   2324718999928283.5     
   8.8867800000000004E-003   2545809789026423.0     
   8.8867800000000004E-003   2747163343631688.5     
   8.8867700000000004E-003   2933083478106608.5     
   8.8867700000000004E-003   3106451759314877.5     
   8.8867700000000004E-003   3269216456538763.5     
   8.8867700000000004E-003   3422642770793113.5     
   8.8867700000000004E-003   3567857163848786.5     
   8.8867700000000004E-003   3705863993078423.5     
   8.8867700000000004E-003   3837520638797439.5     
   8.8867600000000005E-003   3963559060955125.5     
   8.8867600000000005E-003   4084587589584647.0     
   8.8867600000000005E-003   4201086038566921.0     
   8.8867600000000005E-003   4313443375703971.0     
   8.8867600000000005E-003   4421995932500961.5     
   8.8867600000000005E-003   4527038268144894.0     
   8.8867600000000005E-003   4628827983333447.0     
   8.8867600000000005E-003   4727594236664180.0     
   8.8867600000000005E-003   4846963586209941.0     
   8.8867600000000005E-003   4985080860739863.0     
   8.8867500000000006E-003   5117929422506368.0     
   8.8867500000000006E-003   5245989788878011.0     
   8.8867500000000006E-003   5349452270993661.0     
   8.8867500000000006E-003   5430095720324805.0     
   8.8867500000000006E-003   5509026158500195.0     
   8.8867500000000006E-003   5586331532001723.0     
   8.8867500000000006E-003   5680710981177820.0     
   8.8867500000000006E-003   5791064253291676.0     
   8.8867500000000006E-003   5898315835544286.0     
   8.8867500000000006E-003   6002649817355056.0     
   8.8867500000000006E-003   6087542536701118.0     
   8.8867400000000006E-003   6154083953583456.0     
   8.8867400000000006E-003   6219494993244193.0     
   8.8867400000000006E-003   6283813682103115.0     
   8.8867400000000006E-003   6378200668011534.0     
   8.8867400000000006E-003   6470562671102066.0     
   8.8867400000000006E-003   6530860881428992.0     
   8.8867400000000006E-003   6619479244463142.0     
   8.8867400000000006E-003   6734703896970759.0     
   8.8867400000000006E-003   6846620605949991.0     
   8.8867400000000006E-003   6955435898051465.0     
   8.8867400000000006E-003   7035208668322373.0     
   8.8867400000000006E-003   7087463612418982.0     
   8.8867400000000006E-003   7139045966452067.0     
   8.8867300000000007E-003   7189975241490882.0     
   8.8867300000000007E-003   7265114418374974.0     
   8.8867300000000007E-003   7363289246843145.0     
   8.8867300000000007E-003   7459173684543002.0     
   8.8867300000000007E-003   7552893661389996.0     
   8.8867300000000007E-003   7659581655288279.0     
   8.8867300000000007E-003   7778375935858788.0     
   8.8867300000000007E-003   7893947914130354.0     
   8.8867300000000007E-003   8006482588918678.0     
   8.8867300000000007E-003   8116145064286919.0     
   8.8867200000000007E-003   8223079572188601.0     
   8.8867200000000007E-003   8327416661550120.0     
   8.8867200000000007E-003   8429280707490716.0     
   8.8867200000000007E-003   8541017478171328.0     
   8.8867200000000007E-003   8661916677720414.0     
   8.8867200000000007E-003   8779525513654456.0     
   8.8867200000000007E-003   8865765242185154.0     
   8.8867200000000007E-003   8922272558013703.0     
   8.8867200000000007E-003   9005612627336070.0     
   8.8867200000000007E-003   9114419853033512.0     
   8.8867100000000008E-003   9220600842063132.0     
   8.8867100000000008E-003   9324293357948024.0     
   8.8867100000000008E-003   9425622841874428.0     
   8.8867100000000008E-003   9524709440116198.0     
   8.8867100000000008E-003   9621662559100434.0     
   8.8867100000000008E-003   9716586618077894.0     
   8.8867100000000008E-003   9809572445812134.0     
   8.8867100000000008E-003   9900695680811320.0     
   8.8867100000000008E-003   10033855092345458.     
   8.8867000000000008E-003   10184706578119096.     
   8.8867000000000008E-003   10310005445631298.     
   8.8867000000000008E-003   10431864269868236.     
   8.8867000000000008E-003   10521174425778660.     
   8.8867000000000008E-003   10579676385011118.     
   8.8867000000000008E-003   10665932296444448.     
   8.8867000000000008E-003   10778490421116186.     
   8.8866899999999992E-003   10941941555980410.     
   8.8866899999999992E-003   11100156448585318.     
   8.8866899999999992E-003   11202516301400292.     
   8.8866899999999992E-003   11302657589393454.     
   8.8866899999999992E-003   11400707724976338.     
   8.8866899999999992E-003   11496787151682364.     
   8.8866799999999992E-003   11591006536733240.     
   8.8866799999999992E-003   11683471489086378.     
   8.8866799999999992E-003   11774279729829478.     
   8.8866799999999992E-003   11878206334309890.     
   8.8866799999999992E-003   11994597866888022.     
   8.8866799999999992E-003   12164430784413252.     
   8.8866699999999993E-003   12329948583472396.     
   8.8866699999999993E-003   12437646927336414.     
   8.8866699999999993E-003   12543533587261022.     
   8.8866699999999993E-003   12647728560168828.     
   8.8866699999999993E-003   12763013277898818.     
   8.8866699999999993E-003   12888960142111996.     
   8.8866599999999994E-003   13012732427603392.     
   8.8866599999999994E-003   13134470986097662.     
   8.8866599999999994E-003   13254305333147408.     
   8.8866599999999994E-003   13372358652875688.     
   8.8866599999999994E-003   13545993915372662.     
   8.8866499999999994E-003   13728255297241854.     
   8.8866499999999994E-003   13862553690688940.     
   8.8866499999999994E-003   13995187131759470.     
   8.8866499999999994E-003   14126295562692874.     
   8.8866499999999994E-003   14255998909129756.     
   8.8866399999999995E-003   14384397330857600.     
   8.8866399999999995E-003   14511591282573380.     
   8.8866399999999995E-003   14637696037748592.     
   8.8866399999999995E-003   14762814812158518.     
   8.8866399999999995E-003   14887045446156890.     
   8.8866299999999995E-003   15010478014666934.     
   8.8866299999999995E-003   15133191623257516.     
   8.8866299999999995E-003   15315854585295160.     
   8.8866299999999995E-003   15557828431426490.     
   8.8866199999999996E-003   15797793093072452.     
   8.8866199999999996E-003   16035737380252042.     
   8.8866199999999996E-003   16271635054228260.     
   8.8866099999999996E-003   16505455050421516.     
   8.8866099999999996E-003   16737151679283006.     
   8.8866099999999996E-003   16966567305068656.     
   8.8865999999999997E-003   17193489772701382.     
   8.8865999999999997E-003   17417745851190306.     
   8.8865999999999997E-003   17639197605300694.     
   8.8865999999999997E-003   17857732297501522.     
   8.8865899999999998E-003   18073253508614956.     
   8.8865899999999998E-003   18285657668979144.     
   8.8865899999999998E-003   18494864984017056.     
   8.8865799999999998E-003   18700824798004404.     
   8.8865799999999998E-003   19003615800310308.     
   8.8865799999999998E-003   19396061639329296.     
   8.8865699999999999E-003   19682578507290872.     
   8.8865699999999999E-003   19869941277401732.     
   8.8865699999999999E-003   20054636308821708.     
   8.8865599999999999E-003   20236767978562076.     
   8.8865599999999999E-003   20475621769045772.     
   8.8865599999999999E-003   20768718776503652.     
   8.8865500000000000E-003   21056072494482944.     
   8.8865500000000000E-003   21268335175445184.     
   8.8865500000000000E-003   21408152272223420.     
   8.8865500000000000E-003   21615463343905888.     
   8.8865400000000001E-003   21888257929216104.     
   8.8865400000000001E-003   22156876780564784.     
   8.8865300000000001E-003   22421590885906220.     
   8.8865300000000001E-003   22682611418939292.     
   8.8865300000000001E-003   22940104081008156.     
   8.8865200000000002E-003   23319478764302136.     
   8.8865200000000002E-003   23692552976917772.     
   8.8865100000000002E-003   23937050635993640.     
   8.8865100000000002E-003   24178482098711356.     
   8.8865100000000002E-003   24416912142040172.     
   8.8865000000000003E-003   24768797233852496.     
   8.8865000000000003E-003   25228449529879284.     
   8.8864900000000004E-003   25677269415685704.     
   8.8864900000000004E-003   26115737496468432.     
   8.8864800000000004E-003   26491328378619356.     
   8.8864800000000004E-003   26807380771119344.     
   8.8864700000000005E-003   27118248245288452.     
   8.8864700000000005E-003   27424103060206828.     
   8.8864600000000005E-003   27873701080109248.     
   8.8864500000000006E-003   28313194449450124.     
   8.8864500000000006E-003   28600608559797596.     
   8.8864500000000006E-003   28883786970410468.     
   8.8864400000000007E-003   29162863154822560.     
   8.8864400000000007E-003   29574005068503392.     
   8.8864300000000007E-003   30108987262987624.     
   8.8864200000000008E-003   30629533685784172.     
   8.8864200000000008E-003   31136304564489216.     
   8.8864100000000008E-003   31629829281262264.     
   8.8863999999999992E-003   32110537603185236.     
   8.8863999999999992E-003   32578797966436384.     
   8.8863899999999992E-003   33034950256176528.     
   8.8863799999999993E-003   33479328570923072.     
   8.8863799999999993E-003   33912315286763292.     
   8.8863699999999993E-003   34334348170809904.     
   8.8863599999999994E-003   34813700833076040.     
   8.8863599999999994E-003   35345287449251144.     
   8.8863499999999995E-003   35861628487764776.     
   8.8863399999999995E-003   36364987458073928.     
   8.8863299999999996E-003   36857408232946296.     
   8.8863199999999996E-003   37220651727326104.     
   8.8863199999999996E-003   37460174852413672.     
   8.8863199999999996E-003   37815938916462056.     
   8.8863099999999997E-003   38285157199850448.     
   8.8862999999999998E-003   38749487009119408.     
   8.8862899999999998E-003   39209787285939952.     
   8.8862899999999998E-003   39779732976973096.     
   8.8862799999999999E-003   40457335606756216.     
   8.8862699999999999E-003   40961150592915280.     
   8.8862600000000000E-003   41459132623258712.     
   8.8862500000000001E-003   41951592143129152.     
   8.8862500000000001E-003   42329475798624472.     
   8.8862400000000001E-003   42755729326662944.     
   8.8862300000000002E-003   43175539786451976.     
   8.8862300000000002E-003   43588678187389648.     
   8.8862200000000002E-003   44195133083402024.     
   8.8862100000000003E-003   44786275160603408.     
   8.8862000000000003E-003   45171099009035528.     
   8.8862000000000003E-003   45641777021751864.     
   8.8861900000000004E-003   46192004444422728.     
   8.8861800000000005E-003   46987120189388768.     
   8.8861600000000006E-003   47748342304174648.     
   8.8861600000000006E-003   48236603885806712.     
   8.8861500000000006E-003   48710615718823880.     
   8.8861400000000007E-003   49171042340075040.     
   8.8861300000000008E-003   49836927343333616.     
   8.8861200000000008E-003   50683705194948640.     
   8.8860999999999992E-003   51358563339305856.     
   8.8860899999999993E-003   51881035011376008.     
   8.8860799999999993E-003   52453389853273160.     
   8.8860699999999994E-003   53073321609065808.     
   8.8860599999999994E-003   53678599681535896.     
   8.8860399999999996E-003   54271583594399192.     
   8.8860299999999996E-003   54997945151077240.     
   8.8860099999999997E-003   55641527176908120.     
   8.8860099999999997E-003   56064545746370336.     
   8.8859999999999998E-003   56483671507368824.     
   8.8859899999999999E-003   56899288990478280.     
   8.8859799999999999E-003   57515982703700624.     
   8.8859600000000000E-003   58329408306390992.     
   8.8859500000000001E-003   59132497196902256.     
   8.8859300000000002E-003   59926159447005016.     
   8.8859200000000003E-003   60710638424666376.     
   8.8859000000000004E-003   61613327477750192.     
   8.8858800000000005E-003   62629586389637176.     
   8.8858600000000006E-003   63505075796610944.     
   8.8858500000000007E-003   64244651958300896.     
   8.8858300000000008E-003   64974786003955752.     
   8.8858199999999991E-003   65695622941430088.     
   8.8858099999999992E-003   66524671571115160.     
   8.8857899999999993E-003   67457685324865456.     
   8.8857699999999994E-003   68375277570105840.     
   8.8857499999999996E-003   69277912586310424.     
   8.8857399999999996E-003   70166073035344776.     
   8.8857199999999997E-003   71040420286945464.     
   8.8856999999999998E-003   71901656291404624.     
   8.8856800000000000E-003   72750427547013776.     
   8.8856700000000000E-003   73587340501696608.     
   8.8856500000000001E-003   74412958602947296.     
   8.8856400000000002E-003   75429505797811472.     
   8.8856100000000004E-003   76629697796336368.     
   8.8855900000000005E-003   77615009515425024.     
   8.8855800000000006E-003   78393659079069520.     
   8.8855600000000007E-003   79164527912952560.     
   8.8855500000000007E-003   79927912103850240.     
   8.8855300000000009E-003   81058376166628304.     
   8.8854999999999993E-003   82543553133642768.     
   8.8854699999999995E-003   83641660777940880.     
   8.8854599999999995E-003   84365261899210080.     
   8.8854499999999996E-003   85260890705654608.     
   8.8854299999999997E-003   86324132104895616.     
   8.8854099999999998E-003   87374575310400976.     
   8.8853900000000000E-003   88412641924539472.     
   8.8853700000000001E-003   89608025037532240.     
   8.8853400000000003E-003   90955210821258080.     
   8.8853200000000004E-003   91952817287102960.     
   8.8853100000000004E-003   92611014919183824.     
   8.8852900000000005E-003   93588181819825200.     
   8.8852700000000007E-003   94874278656921472.     
   8.8852500000000008E-003   96140518642738064.     
   8.8852199999999992E-003   97387111557507936.     
   8.8851999999999993E-003   98614218354931008.     
   8.8851799999999995E-003   99822026356712432.     
   8.8851599999999996E-003   1.0159756983867038E+017
   8.8851099999999999E-003   1.0333236254168547E+017
   8.8850900000000000E-003   1.0446635448951965E+017
   8.8850700000000001E-003   1.0558300972431376E+017
   8.8850500000000002E-003   1.0668281478821368E+017
   8.8850300000000004E-003   1.0803466894793272E+017
   8.8850000000000005E-003   1.0962461262907168E+017
   8.8849700000000007E-003   1.1092382112042984E+017
   8.8849500000000008E-003   1.1194705834437890E+017
   8.8849299999999992E-003   1.1320672041648782E+017
   8.8848999999999994E-003   1.1469123910905746E+017
   8.8848699999999996E-003   1.1614818319007458E+017
   8.8848399999999998E-003   1.1757972076682699E+017
   8.8848199999999999E-003   1.1898783123721102E+017
   8.8847900000000000E-003   1.2037425286851885E+017
   8.8847600000000002E-003   1.2174055862365742E+017
   8.8847400000000003E-003   1.2308821833368413E+017
   8.8847100000000005E-003   1.2441859896231792E+017
   8.8846900000000006E-003   1.2573288848184099E+017
   8.8846600000000008E-003   1.2724654544980942E+017
   8.8846299999999993E-003   1.2895353045448325E+017
   8.8845899999999995E-003   1.3021918378628786E+017
   8.8845799999999996E-003   1.3105511275188754E+017
   8.8845599999999997E-003   1.3248050647389394E+017
   8.8845199999999999E-003   1.3447946172835869E+017
   8.8844900000000001E-003   1.3604942228617139E+017
   8.8844600000000003E-003   1.3720311741259786E+017
   8.8844400000000004E-003   1.3863084223885323E+017
   8.8844100000000006E-003   1.4032592247290606E+017
   8.8843800000000007E-003   1.4200111855364534E+017
   8.8843499999999992E-003   1.4365740178054173E+017
   8.8843199999999994E-003   1.4556591934980179E+017
   8.8842799999999996E-003   1.4771922519289130E+017
   8.8842399999999998E-003   1.4931612584117200E+017
   8.8842200000000000E-003   1.5037076550543075E+017
   8.8842000000000001E-003   1.5193823691537296E+017
   8.8841600000000003E-003   1.5400609701021376E+017
   8.8841200000000006E-003   1.5604750078554797E+017
   8.8840800000000008E-003   1.5806317511791846E+017
   8.8840399999999993E-003   1.6005383232591603E+017
   8.8840099999999995E-003   1.6202024423908106E+017
   8.8839699999999997E-003   1.6396316221878202E+017
   8.8839399999999999E-003   1.6588331699565866E+017
   8.8839000000000001E-003   1.6778139986541955E+017
   8.8838700000000003E-003   1.6965798985015946E+017
   8.8838300000000005E-003   1.7197320376808243E+017
   8.8837800000000008E-003   1.7471092207604685E+017
   8.8837399999999993E-003   1.7695959087460352E+017
   8.8836999999999996E-003   1.7873644366731549E+017
   8.8836699999999998E-003   1.8049485040029741E+017
   8.8836399999999999E-003   1.8223530252351808E+017
   8.8836100000000001E-003   1.8438561490070829E+017
   8.8835600000000004E-003   1.8693220308744208E+017
   8.8835200000000007E-003   1.8944252958169552E+017
   8.8834699999999992E-003   1.9191822285684291E+017
   8.8834299999999995E-003   1.9436078459207318E+017
   8.8833899999999997E-003   1.9677156977186653E+017
   8.8833400000000000E-003   1.9875775169073779E+017
   8.8833100000000002E-003   2.0033140263594051E+017
   8.8832900000000003E-003   2.0266661667609776E+017
   8.8832300000000006E-003   2.0573869988423616E+017
   8.8831799999999992E-003   2.0838839933554624E+017
   8.8831399999999994E-003   2.1063101432902352E+017
   8.8830999999999997E-003   2.1284854426394960E+017
   8.8830599999999999E-003   2.1504162030568938E+017
   8.8830200000000002E-003   2.1756950919461510E+017
   8.8829700000000004E-003   2.2042038877277622E+017
   8.8829200000000007E-003   2.2323126024561130E+017
   8.8828699999999993E-003   2.2600351984691981E+017
   8.8828199999999996E-003   2.2873856869311344E+017
   8.8827799999999998E-003   2.3143779583307181E+017
   8.8827300000000001E-003   2.3410251796408288E+017
   8.8826800000000004E-003   2.3673398049764461E+017
   8.8826400000000007E-003   2.3933337641940198E+017
   8.8825899999999992E-003   2.4190185540484390E+017
   8.8825499999999995E-003   2.4444056823210486E+017
   8.8824999999999998E-003   2.4695064146631731E+017
   8.8824600000000000E-003   2.5004858737623706E+017
   8.8823900000000004E-003   2.5371326048211005E+017
   8.8823300000000008E-003   2.5672518499714147E+017
   8.8822899999999993E-003   2.5910708628475165E+017
   8.8822499999999995E-003   2.6146612340055830E+017
   8.8822099999999998E-003   2.6380314407856963E+017
   8.8821700000000000E-003   2.6726680455795510E+017
   8.8820900000000005E-003   2.7181775765496339E+017
   8.8820099999999992E-003   2.7518298674034128E+017
   8.8819699999999994E-003   2.7740215171452554E+017
   8.8819299999999997E-003   2.8069574482486979E+017
   8.8818600000000001E-003   2.8503058830589421E+017
   8.8817900000000005E-003   2.8824092936778803E+017
   8.8817500000000008E-003   2.9036036486579066E+017
   8.8817099999999993E-003   2.9350921898255283E+017
   8.8816399999999997E-003   2.9765783409292576E+017
   8.8815700000000001E-003   3.0174848114098362E+017
   8.8815000000000005E-003   3.0578277413371366E+017
   8.8814400000000009E-003   3.0996229458712800E+017
   8.8813599999999996E-003   3.1544682627991130E+017
   8.8812500000000003E-003   3.2103060612350989E+017
   8.8811700000000007E-003   3.2444698910645920E+017
   8.8811399999999992E-003   3.2782262796790880E+017
   8.8810599999999996E-003   3.3226919784729210E+017
   8.8809900000000001E-003   3.3665385234241472E+017
   8.8809100000000005E-003   3.4097913794574790E+017
   8.8808399999999992E-003   3.4630358170039078E+017
   8.8807399999999998E-003   3.5258452260053069E+017
   8.8806300000000005E-003   3.5976615789597933E+017
   8.8804999999999995E-003   3.6780267234857946E+017
   8.8803700000000003E-003   3.7372087751692986E+017
   8.8803000000000007E-003   3.7761183770758906E+017
   8.8802399999999993E-003   3.8146323948996083E+017
   8.8801799999999997E-003   3.8527637870251949E+017
   8.8801100000000001E-003   3.8952126012740608E+017
   8.8800400000000005E-003   3.9418586737866675E+017
   8.8799599999999992E-003   3.9879684261412678E+017
   8.8798899999999997E-003   4.0335583661931034E+017
   8.8798100000000001E-003   4.0920458197039955E+017
   8.8797000000000008E-003   4.1629386114179834E+017
   8.8795799999999998E-003   4.2412470425064032E+017
   8.8794500000000005E-003   4.3265952895111251E+017
   8.8793099999999996E-003   4.4191758988018470E+017
   8.8791500000000006E-003   4.5185731454227424E+017
   8.8789899999999998E-003   4.5917310311285523E+017
   8.8789100000000003E-003   4.6398158716821037E+017
   8.8788400000000007E-003   4.7187814417651866E+017
   8.8786600000000000E-003   4.8272587889290662E+017
   8.8784899999999993E-003   4.9258767267906253E+017
   8.8783500000000001E-003   4.9930445985338234E+017
   8.8782800000000005E-003   5.0373002439322797E+017
   8.8782099999999992E-003   5.0884384172726086E+017
   8.8781199999999998E-003   5.1462786099638893E+017
   8.8780300000000003E-003   5.2317917803001165E+017
   8.8778599999999996E-003   5.3438276571691104E+017
   8.8776800000000006E-003   5.4536397002375309E+017
   8.8775199999999999E-003   5.5346634217251533E+017
   8.8774300000000004E-003   5.5880011671562637E+017
   8.8773500000000009E-003   5.6539506962013926E+017
   8.8772299999999998E-003   5.7321193863244973E+017
   8.8771100000000006E-003   5.8346610538878387E+017
   8.8769199999999999E-003   5.9604636254583731E+017
   8.8767299999999993E-003   6.0780327257983040E+017
   8.8765600000000004E-003   6.1878140219255373E+017
   8.8763899999999996E-003   6.2965343311413658E+017
   8.8762300000000006E-003   6.4042570361984128E+017
   8.8760699999999998E-003   6.5277092208918029E+017
   8.8758599999999993E-003   6.6661096016488230E+017
   8.8756600000000005E-003   6.8017323924829043E+017
   8.8754599999999999E-003   6.9347288456315482E+017
   8.8752599999999994E-003   7.0652455521898419E+017
   8.8750700000000005E-003   7.1934164995773760E+017
   8.8748799999999999E-003   7.2959577940400883E+017
   8.8747700000000006E-003   7.3738365892046016E+017
   8.8746499999999996E-003   7.4509050742333875E+017
   8.8745400000000002E-003   7.5271872965412659E+017
   8.8744300000000009E-003   7.6401061360740480E+017
   8.8742100000000004E-003   7.7882430805943565E+017
   8.8739999999999999E-003   7.9480245695432448E+017
   8.8737499999999997E-003   8.1189155278926067E+017
   8.8735099999999994E-003   8.2788905795165850E+017
   8.8732900000000007E-003   8.4285043703517811E+017
   8.8730800000000002E-003   8.5940615368483597E+017
   8.8728200000000000E-003   8.7758941501935475E+017
   8.8725599999999998E-003   8.9554616676062822E+017
   8.8723099999999996E-003   9.1328608606049062E+017
   8.8720699999999993E-003   9.2651825024500544E+017
   8.8719500000000000E-003   9.3969678985087168E+017
   8.8717199999999996E-003   9.5279424599528064E+017
   8.8716000000000003E-003   9.6321863193074931E+017
   8.8714399999999995E-003   9.7533312089145818E+017
   8.8712800000000005E-003   9.8735362360865779E+017
   8.8711199999999997E-003   9.9928206832393920E+017
   8.8709600000000007E-003   1.0153114963225375E+018
   8.8707000000000005E-003   1.0353487598603516E+018
   8.8704400000000003E-003   1.0553164552351675E+018
   8.8701900000000000E-003   1.0752202337231562E+018
   8.8699399999999998E-003   1.0981330005336739E+018
   8.8696100000000000E-003   1.1239647183592045E+018
   8.8692900000000002E-003   1.1431683776945964E+018
   8.8691299999999994E-003   1.1559194949446382E+018
   8.8689800000000003E-003   1.1749722910310817E+018
   8.8686700000000004E-003   1.2001696530065572E+018
   8.8683700000000004E-003   1.2250870257747313E+018
   8.8680700000000005E-003   1.2497376171885560E+018
   8.8677800000000005E-003   1.2772921665825910E+018
   8.8674200000000009E-003   1.3076548082858468E+018
   8.8670699999999995E-003   1.3377284308918444E+018
   8.8667299999999998E-003   1.3675295582089692E+018
   8.8663900000000000E-003   1.3970197218016115E+018
   8.8660600000000003E-003   1.4262149189168988E+018
   8.8657400000000004E-003   1.4494618879983662E+018
   8.8655399999999999E-003   1.4669232953972598E+018
   8.8653499999999993E-003   1.4842508636135224E+018
   8.8651600000000004E-003   1.5014481360644946E+018
   8.8649699999999998E-003   1.5271922327851622E+018
   8.8646000000000003E-003   1.5612429853581972E+018
   8.8642400000000007E-003   1.5978541072120310E+018
   8.8638199999999997E-003   1.6369345699214659E+018
   8.8634100000000004E-003   1.6757163481378202E+018
   8.8630099999999993E-003   1.7142208774415698E+018
   8.8626099999999999E-003   1.7442427658249101E+018
   8.8623899999999995E-003   1.7660355656028421E+018
   8.8621700000000008E-003   1.7877550929939238E+018
   8.8619500000000004E-003   1.8094043299755272E+018
   8.8617300000000000E-003   1.8363717364741460E+018
   8.8614000000000002E-003   1.8685272628786616E+018
   8.8610800000000003E-003   1.9060700127112648E+018
   8.8606599999999994E-003   1.9488257231707159E+018
   8.8602400000000001E-003   1.9912795244279782E+018
   8.8598300000000008E-003   2.0334491205727757E+018
   8.8594299999999997E-003   2.0648234598650862E+018
   8.8592299999999992E-003   2.0856877192394995E+018
   8.8590300000000004E-003   2.1092930811627830E+018
   8.8587800000000001E-003   2.1355882406071327E+018
   8.8585299999999999E-003   2.1748686567919969E+018
   8.8580499999999993E-003   2.2267407295888256E+018
   8.8575700000000004E-003   2.2652839738925041E+018
   8.8573300000000001E-003   2.2908922012845768E+018
   8.8570999999999997E-003   2.3192409303774116E+018
   8.8568199999999996E-003   2.3502732446884029E+018
   8.8565399999999996E-003   2.3810491595040579E+018
   8.8562599999999995E-003   2.4115755896507049E+018
   8.8559899999999993E-003   2.4423140408369295E+018
   8.8557099999999993E-003   2.4732614242371236E+018
   8.8554399999999991E-003   2.5195751423148938E+018
   8.8548900000000007E-003   2.5807694120273444E+018
   8.8543600000000004E-003   2.6262659100368707E+018
   8.8541000000000002E-003   2.6565472000018386E+018
   8.8538400000000000E-003   2.6896618267794156E+018
   8.8535300000000001E-003   2.7255495934064650E+018
   8.8532300000000001E-003   2.7611402022988462E+018
   8.8529200000000002E-003   2.8145078809452160E+018
   8.8523200000000003E-003   2.8678182075151549E+018
   8.8520300000000003E-003   2.9033538215984174E+018
   8.8517300000000004E-003   2.9386162813651287E+018
   8.8514400000000003E-003   2.9868541375165507E+018
   8.8509399999999998E-003   3.0477038441775805E+018
   8.8504399999999993E-003   3.1087860311438776E+018
   8.8499400000000006E-003   3.1701008738158761E+018
   8.8494500000000000E-003   3.2287962485986268E+018
   8.8489999999999992E-003   3.2849586743746811E+018
   8.8485600000000001E-003   3.3305664377620541E+018
   8.8482800000000000E-003   3.3658123653151247E+018
   8.8480000000000000E-003   3.4213124039829668E+018
   8.8473900000000001E-003   3.4957109628294994E+018
   8.8468000000000001E-003   3.5532916200577746E+018
   8.8464600000000004E-003   3.5951985500765082E+018
   8.8461200000000007E-003   3.6560947028282680E+018
   8.8454699999999994E-003   3.7355507393865718E+018
   8.8448399999999996E-003   3.8205334632185539E+018
   8.8441300000000004E-003   3.9115485848948511E+018
   8.8434299999999993E-003   3.9835419242956728E+018
   8.8430300000000000E-003   4.0363320236648284E+018
   8.8426400000000006E-003   4.0894575646973548E+018
   8.8422499999999994E-003   4.1427092873324293E+018
   8.8418600000000000E-003   4.2160297721931607E+018
   8.8411800000000006E-003   4.3088163523521976E+018
   8.8405099999999993E-003   4.3900810106096323E+018
   8.8400100000000006E-003   4.4602068430963502E+018
   8.8395100000000001E-003   4.5250474378179133E+018
   8.8390900000000008E-003   4.6143819858172549E+018
   8.8382600000000006E-003   4.7375902266825574E+018
   8.8373700000000006E-003   4.8329702847716854E+018
   8.8369299999999998E-003   4.8959013399755643E+018
   8.8365000000000006E-003   4.9896008261043917E+018
   8.8356500000000004E-003   5.1130714558947758E+018
   8.8348300000000001E-003   5.2313763709906002E+018
   8.8340599999999995E-003   5.3288103774938982E+018
   8.8335299999999992E-003   5.4093580963618867E+018
   8.8330000000000006E-003   5.5265774853636844E+018
   8.8319899999999996E-003   5.6791293815738225E+018
   8.8310100000000002E-003   5.8335805600558909E+018
   8.8299999999999993E-003   5.9898748215656151E+018
   8.8290100000000000E-003   6.1290880745840271E+018
   8.8282299999999994E-003   6.2519219403813315E+018
   8.8274700000000005E-003   6.4021022421723320E+018
   8.8263700000000000E-003   6.5347508816081152E+018
   8.8258299999999998E-003   6.6222425055176776E+018
   8.8252899999999995E-003   6.7441518698061875E+018
   8.8243400000000000E-003   6.8994001111439821E+018
   8.8234100000000003E-003   7.0199804724990607E+018
   8.8228899999999999E-003   7.1069526027035484E+018
   8.8223799999999995E-003   7.2174517194938614E+018
   8.8215800000000007E-003   7.3508434332959693E+018
   8.8208000000000002E-003   7.5201400564234025E+018
   8.8196000000000004E-003   7.6775478384952330E+018
   8.8189700000000006E-003   7.8032241054759946E+018
   8.8181600000000002E-003   7.9437891958181110E+018
   8.8173599999999998E-003   8.1158517539974892E+018
   8.8161999999999997E-003   8.2679545539244790E+018
   8.8156299999999996E-003   8.3683809622243369E+018
   8.8150699999999995E-003   8.5237643069060424E+018
   8.8138999999999995E-003   8.6804995020486472E+018
   8.8133299999999994E-003   8.7839900779250401E+018
   8.8127599999999993E-003   8.8969608796373135E+018
   8.8120899999999999E-003   9.0191858322517217E+018
   8.8114200000000004E-003   9.1748776834967562E+018
   8.8103999999999995E-003   9.3629168331654717E+018
   8.8093900000000003E-003   9.5203466184490865E+018
   8.8086999999999992E-003   9.6481598511056138E+018
   8.8080199999999997E-003   9.7759581827433595E+018
   8.8073400000000003E-003   9.9741702890429932E+018
   8.8059300000000000E-003   1.0238923539836973E+019
   8.8045599999999995E-003   1.0508427805213999E+019
   8.8031299999999993E-003   1.0714279073657772E+019
   8.8024200000000000E-003   1.0849934039032486E+019
   8.8017300000000007E-003   1.1060811898423912E+019
   8.8002700000000007E-003   1.1343473508581634E+019
   8.7988400000000005E-003   1.1630462298641500E+019
   8.7973500000000007E-003   1.1849260303623084E+019
   8.7966199999999998E-003   1.1992974763481735E+019
   8.7959000000000006E-003   1.2140267060643942E+019
   8.7951300000000000E-003   1.2290800469400127E+019
   8.7943799999999992E-003   1.2439466613097198E+019
   8.7936300000000002E-003   1.2586207676429990E+019
   8.7928899999999994E-003   1.2736355592137910E+019
   8.7921100000000005E-003   1.2889505036071856E+019
   8.7913399999999999E-003   1.3114963754251018E+019
   8.7898300000000002E-003   1.3340217648284195E+019
   8.7890299999999998E-003   1.3494534442259624E+019
   8.7882399999999992E-003   1.3646183633256724E+019
   8.7874700000000004E-003   1.3795152986943613E+019
   8.7866999999999997E-003   1.3947587178533458E+019
   8.7858899999999993E-003   1.4101645289312653E+019
   8.7850900000000006E-003   1.4252500183279407E+019
   8.7842900000000002E-003   1.4400395981143949E+019
   8.7835099999999996E-003   1.4550579138934608E+019
   8.7826799999999993E-003   1.4702545253890648E+019
   8.7818600000000007E-003   1.4850998018702690E+019
   8.7810500000000003E-003   1.4996267117405669E+019
   8.7802499999999999E-003   1.5143449171052130E+019
   8.7794099999999996E-003   1.5292116982353576E+019
   8.7785699999999994E-003   1.5437004254930573E+019
   8.7777500000000008E-003   1.5578701089140165E+019
   8.7769300000000005E-003   1.5722034005602255E+019
   8.7760700000000004E-003   1.5866916385219152E+019
   8.7752200000000002E-003   1.6008056785341381E+019
   8.7743800000000000E-003   1.6146433874495457E+019
   8.7735499999999998E-003   1.6286655109517003E+019
   8.7726699999999998E-003   1.6428788325173242E+019
   8.7717999999999997E-003   1.6567624249788772E+019
   8.7709399999999996E-003   1.6704202900617949E+019
   8.7700999999999994E-003   1.6843081141507396E+019
   8.7691999999999996E-003   1.6984368540167408E+019
   8.7683199999999996E-003   1.7122934328090397E+019
   8.7674399999999996E-003   1.7259753166110829E+019
   8.7665799999999995E-003   1.7399704398324910E+019
   8.7656699999999997E-003   1.7541830552973906E+019
   8.7647699999999999E-003   1.7679792972135418E+019
   8.7638799999999999E-003   1.7820489732205855E+019
   8.7630000000000000E-003   1.8044101088353561E+019
   8.7611500000000005E-003   1.8337707182283442E+019
   8.7593500000000008E-003   1.8555448566933553E+019
   8.7584099999999995E-003   1.8706505404638286E+019
   8.7574699999999998E-003   1.8855623741972259E+019
   8.7565500000000001E-003   1.9008218439961018E+019
   8.7556400000000003E-003   1.9253307251381408E+019
   8.7537199999999996E-003   1.9573911457126601E+019
   8.7518600000000002E-003   1.9810830188305482E+019
   8.7508800000000008E-003   1.9976541602461458E+019
   8.7499099999999996E-003   2.0225758065700012E+019
   8.7480100000000005E-003   2.0565198430053233E+019
   8.7460300000000001E-003   2.0820855987987513E+019
   8.7450600000000007E-003   2.0994602453335769E+019
   8.7440999999999994E-003   2.1274364534659441E+019
   8.7420799999999993E-003   2.1638458325770564E+019
   8.7401100000000006E-003   2.2000142102843113E+019
   8.7380600000000006E-003   2.2276507454538482E+019
   8.7370499999999997E-003   2.2460301544824459E+019
   8.7360600000000004E-003   2.2751411616747106E+019
   8.7339600000000007E-003   2.3139165352252654E+019
   8.7319300000000006E-003   2.3534858202118844E+019
   8.7297999999999994E-003   2.3938024821730853E+019
   8.7277199999999996E-003   2.4237381135998140E+019
   8.7266300000000008E-003   2.4445297651529282E+019
   8.7255600000000003E-003   2.4766303960180109E+019
   8.7233699999999994E-003   2.5188570296724472E+019
   8.7212300000000000E-003   2.5610880722597679E+019
   8.7190800000000006E-003   2.6049024807849873E+019
   8.7168300000000001E-003   2.6495436339515171E+019
   8.7146399999999992E-003   2.6826228862067925E+019
   8.7134900000000008E-003   2.7177146939949674E+019
   8.7112300000000004E-003   2.7577256184756777E+019
   8.7095300000000000E-003   2.7928801041014804E+019
   8.7077800000000000E-003   2.8344647939275407E+019
   8.7055099999999996E-003   2.8827293881613943E+019
   8.7031299999999999E-003   2.9249903995968106E+019
   8.7013799999999999E-003   2.9614197815551717E+019
   8.6995900000000001E-003   2.9994838663586042E+019
   8.6977900000000004E-003   3.0369617807740617E+019
   8.6960200000000005E-003   3.0732898845796401E+019
   8.6943100000000002E-003   3.1084708110229918E+019
   8.6926199999999999E-003   3.1397604264838586E+019
   8.6912399999999994E-003   3.1678967677571252E+019
   8.6898800000000005E-003   3.1980562919270580E+019
   8.6883199999999994E-003   3.2294950590944072E+019
   8.6867899999999998E-003   3.2607415462824624E+019
   8.6852000000000006E-003   3.2926220691996840E+019
   8.6836299999999995E-003   3.3319472358368883E+019
   8.6813800000000007E-003   3.3752324378082443E+019
   8.6791799999999999E-003   3.4099074736940302E+019
   8.6775800000000007E-003   3.4395914120587342E+019
   8.6760099999999996E-003   3.4769100381726929E+019
   8.6736999999999995E-003   3.5176707152929071E+019
   8.6714500000000007E-003   3.5502089570387231E+019
   8.6697800000000002E-003   3.5773682304291627E+019
   8.6681499999999995E-003   3.6035399398641148E+019
   8.6665000000000006E-003   3.6292099531477070E+019
   8.6648699999999999E-003   3.6602867224309785E+019
   8.6625299999999999E-003   3.6934975119820521E+019
   8.6602499999999995E-003   3.7218060756181803E+019
   8.6581999999999996E-003   3.7472346979348849E+019
   8.6562099999999993E-003   3.7710165799852335E+019
   8.6541699999999992E-003   3.7937849234921292E+019
   8.6521800000000006E-003   3.8171695142930350E+019
   8.6497999999999992E-003   3.8405658751023989E+019
   8.6474900000000007E-003   3.8622046586070213E+019
   8.6451099999999993E-003   3.8817731086099096E+019
   8.6428000000000008E-003   3.8959913730545484E+019
   8.6411100000000005E-003   3.9088931718812115E+019
   8.6394599999999998E-003   3.9278872922675560E+019
   8.6364000000000007E-003   3.9495754580118069E+019
   8.6334600000000008E-003   3.9651783069856055E+019
   8.6314100000000008E-003   3.9786393813511979E+019
   8.6294200000000005E-003   3.9927619201338941E+019
   8.6273900000000004E-003   4.0071061619342901E+019
   8.6254100000000000E-003   4.0296295356672262E+019
   8.6214399999999993E-003   4.0530235490649539E+019
   8.6194400000000008E-003   4.0698970976475677E+019
   8.6175000000000002E-003   4.0912072049470890E+019
   8.6148000000000006E-003   4.1103820709438824E+019
   8.6134899999999997E-003   4.1236002392259887E+019
   8.6122000000000004E-003   4.1451505568116425E+019
   8.6095000000000008E-003   4.1677169197204169E+019
   8.6081899999999999E-003   4.1875111937767645E+019
   8.6062099999999996E-003   4.2126931341786268E+019
   8.6041899999999994E-003   4.2346797810589434E+019
   8.6028800000000002E-003   4.2624187201384915E+019
   8.6002100000000005E-003   4.2916060219957535E+019
   8.5988699999999998E-003   4.3117907703115260E+019
   8.5975500000000007E-003   4.3380647823522841E+019
   8.5955600000000004E-003   4.3714098177730724E+019
   8.5935200000000003E-003   4.4004087633654637E+019
   8.5921899999999996E-003   4.4239335219035374E+019
   8.5908800000000004E-003   4.4614597844383842E+019
   8.5881399999999993E-003   4.5072207218993152E+019
   8.5861300000000008E-003   4.5409183296703889E+019
   8.5847700000000002E-003   4.5765340219743363E+019
   8.5827000000000004E-003   4.6278497945060139E+019
   8.5800100000000008E-003   4.6732768380059419E+019
   8.5786000000000005E-003   4.7133044300902998E+019
   8.5765300000000006E-003   4.7616787613360300E+019
   8.5744900000000006E-003   4.8209232557538779E+019
   8.5716600000000000E-003   4.8780664510878818E+019
   8.5699000000000001E-003   4.9229472580206305E+019
   8.5681700000000000E-003   4.9788288910069940E+019
   8.5656699999999992E-003   5.0450645660495479E+019
   8.5632199999999999E-003   5.1189454114803278E+019
   8.5602999999999999E-003   5.1795499322794713E+019
   8.5588699999999997E-003   5.2204625340341215E+019
   8.5574499999999994E-003   5.2907728034465038E+019
   8.5540900000000003E-003   5.3895539941465801E+019
   8.5508300000000006E-003   5.4678149785164063E+019
   8.5489399999999997E-003   5.5430139415468925E+019
   8.5459500000000001E-003   5.6442902446107656E+019
   8.5425299999999996E-003   5.7356730435612230E+019
   8.5402700000000008E-003   5.8043476904808915E+019
   8.5383100000000003E-003   5.8687432634138903E+019
   8.5363699999999997E-003   5.9488129036419564E+019
   8.5336000000000006E-003   6.0405330826354328E+019
   8.5308799999999994E-003   6.1284857305476424E+019
   8.5284799999999997E-003   6.2111745483061838E+019
   8.5261199999999999E-003   6.2822901872632988E+019
   8.5244799999999992E-003   6.3406727712228262E+019
   8.5228500000000002E-003   6.4261028525177135E+019
   8.5197299999999997E-003   6.5405023740681511E+019
   8.5166700000000005E-003   6.6256344765261390E+019
   8.5150999999999994E-003   6.6845366160140771E+019
   8.5135400000000000E-003   6.7571624240836747E+019
   8.5112999999999994E-003   6.8428671464087675E+019
   8.5090900000000004E-003   6.9535277980958048E+019
   8.5056400000000001E-003   7.0916202651605664E+019
   8.5021400000000000E-003   7.2423349376991011E+019
   8.4982100000000008E-003   7.3784439840884941E+019
   8.4955199999999995E-003   7.4920389037814546E+019
   8.4927800000000001E-003   7.6323914883967320E+019
   8.4889400000000004E-003   7.8201865659767702E+019
   8.4841099999999996E-003   7.9727294526699373E+019
   8.4819800000000001E-003   8.0670331378324423E+019
   8.4798700000000005E-003   8.1781628171001758E+019
   8.4770399999999999E-003   8.3086316611101622E+019
   8.4741199999999999E-003   8.4412118538291380E+019
   8.4712499999999996E-003   8.5760560878797996E+019
   8.4682899999999998E-003   8.7146004057635914E+019
   8.4653100000000002E-003   8.8537565823259574E+019
   8.4623800000000002E-003   8.9721377697417380E+019
   8.4603200000000003E-003   9.1181297837461996E+019
   8.4562500000000002E-003   9.3429626080485917E+019
   8.4510799999999997E-003   9.5585127827304645E+019
   8.4474500000000004E-003   9.7263642555351237E+019
   8.4442700000000002E-003   9.8861299107090498E+019
   8.4410500000000003E-003   1.0103602308804274E+020
   8.4356399999999995E-003   1.0330782369465275E+020
   8.4320799999999998E-003   1.0470876010870229E+020
   8.4301700000000007E-003   1.0630773346301564E+020
   8.4259199999999999E-003   1.0850614632122358E+020
   8.4217500000000004E-003   1.1020272856061818E+020
   8.4194500000000002E-003   1.1141076538770840E+020
   8.4171699999999999E-003   1.1319408506050899E+020
   8.4127700000000000E-003   1.1552976530415126E+020
   8.4084499999999996E-003   1.1717680411621117E+020
   8.4066499999999999E-003   1.1814814838978852E+020
   8.4048700000000000E-003   1.1979644593675061E+020
   8.4006199999999993E-003   1.2211045076539331E+020
   8.3964399999999998E-003   1.2384008431552030E+020
   8.3942800000000005E-003   1.2503644854679160E+020
   8.3921399999999993E-003   1.2672950569533530E+020
   8.3882300000000000E-003   1.2891232536782597E+020
   8.3843800000000003E-003   1.3076656509504750E+020
   8.3816800000000007E-003   1.3229924715200895E+020
   8.3790099999999992E-003   1.3404876203046111E+020
   8.3755800000000005E-003   1.3601168522482601E+020
   8.3721999999999998E-003   1.3825139340698015E+020
   8.3678899999999994E-003   1.4076046285871063E+020
   8.3636400000000003E-003   1.4306931113991905E+020
   8.3600399999999991E-003   1.4605765739526577E+020
   8.3535899999999993E-003   1.4884075858644202E+020
   8.3507300000000007E-003   1.5066980220060739E+020
   8.3475500000000005E-003   1.5259608662056354E+020
   8.3444000000000001E-003   1.5557446393257545E+020
   8.3378600000000008E-003   1.5958169887542585E+020
   8.3314600000000006E-003   1.6373229200471645E+020
   8.3246199999999996E-003   1.6802327684356696E+020
   8.3179399999999994E-003   1.7129043241454636E+020
   8.3143399999999999E-003   1.7360514344919492E+020
   8.3107800000000003E-003   1.7605866229498888E+020
   8.3067999999999996E-003   1.7865003561425856E+020
   8.3028700000000004E-003   1.8111236781766161E+020
   8.2993300000000006E-003   1.8344901507117095E+020
   8.2958300000000006E-003   1.8625878441332661E+020
   8.2909300000000002E-003   1.8953423087871915E+020
   8.2860999999999994E-003   1.9317453014782558E+020
   8.2802299999999995E-003   1.9716845083272987E+020
   8.2744600000000008E-003   2.0090812421915971E+020
   8.2694099999999996E-003   2.0440842933671317E+020
   8.2644299999999997E-003   2.0803907817194029E+020
   8.2590300000000005E-003   2.1147354923302768E+020
   8.2548099999999996E-003   2.1447798299157253E+020
   8.2506400000000001E-003   2.1853348189071560E+020
   8.2435900000000003E-003   2.2362136681752455E+020
   8.2366899999999996E-003   2.2844231574281460E+020
   8.2305499999999997E-003   2.3298150126794185E+020
   8.2245100000000008E-003   2.3722236543634558E+020
   8.2191599999999997E-003   2.4271837769689694E+020
   8.2100799999999998E-003   2.4758364622536986E+020
   8.2064800000000004E-003   2.5036244410739311E+020
   8.2029100000000008E-003   2.5450801308568433E+020
   8.1958699999999992E-003   2.6000090129338201E+020
   8.1889600000000003E-003   2.6446387054879864E+020
   8.1846300000000000E-003   2.6791287049123578E+020
   8.1803599999999994E-003   2.7197032432467968E+020
   8.1745900000000007E-003   2.7662887619521616E+020
   8.1689099999999997E-003   2.8181682369986596E+020
   8.1619799999999992E-003   2.8880539656504941E+020
   8.1521200000000005E-003   2.9588860162754006E+020
   8.1451300000000004E-003   3.0053600220514995E+020
   8.1411799999999996E-003   3.0579941549189956E+020
   8.1329000000000002E-003   3.1291810835283103E+020
   8.1247699999999999E-003   3.1833512218182943E+020
   8.1205099999999992E-003   3.2209049742469418E+020
   8.1162800000000000E-003   3.2583028039821859E+020
   8.1121000000000006E-003   3.2955699185713604E+020
   8.1079499999999992E-003   3.3536298545330822E+020
   8.0992500000000005E-003   3.4322329959575093E+020
   8.0907099999999992E-003   3.5128521734396897E+020
   8.0817900000000002E-003   3.5954753842906884E+020
   8.0730400000000001E-003   3.6584586996322586E+020
   8.0684499999999996E-003   3.7020362980468746E+020
   8.0639000000000006E-003   3.7454709159786932E+020
   8.0593999999999996E-003   3.7887662920067888E+020
   8.0549400000000000E-003   3.8562447546015331E+020
   8.0455700000000002E-003   3.9475939209544421E+020
   8.0363799999999992E-003   4.0168962800456906E+020
   8.0315600000000001E-003   4.0650863558709104E+020
   8.0267900000000007E-003   4.1131290850747947E+020
   8.0220599999999993E-003   4.1610262741866512E+020
   8.0173799999999993E-003   4.2356501498548309E+020
   8.0075500000000004E-003   4.3367513319092152E+020
   7.9979000000000005E-003   4.4402696545155940E+020
   7.9878299999999996E-003   4.5466756807390442E+020
   7.9779599999999992E-003   4.6278604231487134E+020
   7.9727700000000006E-003   4.6840309394398839E+020
   7.9676399999999998E-003   4.7400468784367626E+020
   7.9625600000000005E-003   4.7959218040146271E+020
   7.9575199999999992E-003   4.8829539042137034E+020
   7.9469599999999994E-003   5.0009178759023165E+020
   7.9366000000000003E-003   5.0904382618839823E+020
   7.9311599999999996E-003   5.1527171241517574E+020
   7.9257800000000003E-003   5.2148395442230224E+020
   7.9204500000000008E-003   5.2768066984178352E+020
   7.9151699999999992E-003   5.3733555007618902E+020
   7.9040900000000008E-003   5.5042644895084105E+020
   7.8932199999999994E-003   5.6386023105605232E+020
   7.8818800000000008E-003   5.7765737493513090E+020
   7.8707499999999993E-003   5.8819243534440550E+020
   7.8649099999999993E-003   5.9548310973116016E+020
   7.8591300000000006E-003   6.0275794725740190E+020
   7.8534099999999999E-003   6.1001832088309413E+020
   7.8477400000000006E-003   6.2132503110073778E+020
   7.8358500000000001E-003   6.3666326188227114E+020
   7.8241900000000000E-003   6.4831634016235356E+020
   7.8180699999999999E-003   6.5642014359740560E+020
   7.8120200000000002E-003   6.6853578744641906E+020
   7.8000700000000001E-003   6.8516747733949206E+020
   7.7876200000000003E-003   6.9799335075768081E+020
   7.7814800000000003E-003   7.0650220595224550E+020
   7.7754000000000000E-003   7.1976620658517226E+020
   7.7626500000000003E-003   7.3776958226686529E+020
   7.7501400000000000E-003   7.5145038034915138E+020
   7.7435899999999998E-003   7.6096968902427542E+020
   7.7370900000000003E-003   7.7298601734357923E+020
   7.7272699999999996E-003   7.8752404560416984E+020
   7.7175899999999999E-003   8.0230675410429726E+020
   7.7076499999999999E-003   8.1737423217291218E+020
   7.6978500000000000E-003   8.3288469640546196E+020
   7.6875800000000003E-003   8.4882665621696676E+020
   7.6774599999999997E-003   8.6506664795214040E+020
   7.6670599999999998E-003   8.8663400381833583E+020
   7.6506300000000003E-003   9.1000751518272520E+020
   7.6384000000000001E-003   9.3039331501973203E+020
   7.6260599999999996E-003   9.5125154523227632E+020
   7.6135999999999999E-003   9.7537574657576731E+020
   7.5978299999999999E-003   1.0000189060742108E+021
   7.5851900000000003E-003   1.0227042253012110E+021
   7.5721000000000000E-003   1.0461201452868743E+021
   7.5590099999999997E-003   1.0685923599450563E+021
   7.5472999999999998E-003   1.0895536587811583E+021
   7.5361600000000001E-003   1.1146457813707961E+021
   7.5203199999999996E-003   1.1417878815051570E+021
   7.5072899999999998E-003   1.1652106862697402E+021
   7.4956199999999997E-003   1.1892298781605608E+021
   7.4818400000000000E-003   1.2171722856676951E+021
   7.4667300000000004E-003   1.2415966315769868E+021
   7.4568000000000004E-003   1.2638949458887429E+021
   7.4428200000000002E-003   1.2921626898525481E+021
   7.4263899999999997E-003   1.3186519233867476E+021
   7.4105600000000001E-003   1.3435646547011667E+021
   7.3959000000000004E-003   1.3598964447876665E+021
   7.3818499999999997E-003   1.3710865218948180E+021
   7.3659800000000003E-003   1.3616657960583155E+021
   7.3597000000000003E-003   1.3763656810701888E+021
   7.3448599999999999E-003   1.3351119966243898E+021
   7.3254300000000000E-003   1.3233333203494303E+021
   7.3116500000000003E-003   1.2609804354780198E+021
   7.2983299999999996E-003   1.1644781715217332E+021
   7.2832000000000001E-003   1.1119371971516249E+021
   7.2693100000000002E-003   1.0804069554780327E+021
   7.2634199999999996E-003   1.0355688066475105E+021
   7.2575599999999997E-003   9.9621497216369007E+020
   7.2432699999999996E-003   9.6490924515386170E+020
   7.2375299999999998E-003   9.4843859859522283E+020
   7.2309799999999997E-003   9.1768785111815828E+020
   7.2258799999999996E-003   9.1816884654656284E+020
   7.2177800000000000E-003   9.0492212561427104E+020
   7.2126100000000004E-003   8.8771188421728875E+020
   7.2077499999999997E-003   8.8006067919876076E+020
   7.2033599999999998E-003   8.8543014587890270E+020
   7.1981099999999998E-003   8.7542077261920784E+020
   7.1923100000000004E-003   8.7211485295287245E+020
   7.1865399999999999E-003   8.7487755599921807E+020
   7.1830499999999999E-003   8.7788925369682926E+020
   7.1782800000000004E-003   8.8019996384623447E+020
   7.1759099999999998E-003   8.8242155695068768E+020
   7.1741299999999999E-003   8.8610119356819413E+020
   7.1699700000000003E-003   8.9046821787802691E+020
   7.1675799999999998E-003   8.9465304381077232E+020
   7.1642800000000003E-003   8.9974225892494659E+020
   7.1615600000000000E-003   9.0898296018010230E+020
   7.1555200000000003E-003   9.2195517272336748E+020
   7.1509900000000003E-003   9.3188707255315215E+020
   7.1458700000000003E-003   9.4982015247716057E+020
   7.1398800000000004E-003   9.6615650052037856E+020
   7.1351799999999996E-003   9.8065304242732899E+020
   7.1306800000000004E-003   9.9720287396520041E+020
   7.1263300000000002E-003   1.0111328225793437E+021
   7.1223700000000003E-003   1.0284704135345288E+021
   7.1173399999999998E-003   1.0425046501186858E+021
   7.1152699999999999E-003   1.0547475520335206E+021
   7.1111400000000002E-003   1.0696381415308417E+021
   7.1084000000000000E-003   1.0837780930444010E+021
   7.1043000000000000E-003   1.0970297598778232E+021
   7.1022500000000001E-003   1.1101666779852993E+021
   7.0982600000000003E-003   1.1276128680412521E+021
   7.0943800000000000E-003   1.1407765287071849E+021
   7.0924400000000002E-003   1.1510810467773961E+021
   7.0899300000000004E-003   1.1684642674451318E+021
   7.0849099999999998E-003   1.1918399935551085E+021
   7.0799200000000000E-003   1.2155055437386083E+021
   7.0749500000000000E-003   1.2334173835682046E+021
   7.0724700000000000E-003   1.2436441834269282E+021
   7.0706199999999997E-003   1.2571071446300277E+021
   7.0669200000000000E-003   1.2750606624316572E+021
   7.0632799999999999E-003   1.2927625552742892E+021
   7.0597100000000003E-003   1.3101648535468701E+021
   7.0561900000000004E-003   1.3272547715226117E+021
   7.0527300000000001E-003   1.3470326476617584E+021
   7.0482100000000001E-003   1.3652008388859983E+021
   7.0454200000000002E-003   1.3789331836210001E+021
   7.0426500000000001E-003   1.3968270721841129E+021
   7.0380800000000004E-003   1.4167364419354629E+021
   7.0344900000000000E-003   1.4333202225594014E+021
   7.0313299999999997E-003   1.4477712395416358E+021
   7.0285900000000004E-003   1.4661308748541379E+021
   7.0239899999999999E-003   1.4889022192277494E+021
   7.0191899999999998E-003   1.5170815520752937E+021
   7.0129900000000002E-003   1.5385678394165908E+021
   7.0100700000000002E-003   1.5544542334234691E+021
   7.0071500000000002E-003   1.5763298556004013E+021
   7.0027900000000001E-003   1.5910532428958227E+021
   6.9969999999999997E-003   1.6295892734657049E+021
   6.9941200000000004E-003   1.6313223973914034E+021
   6.9912400000000001E-003   1.6447093470874470E+021
   6.9867799999999997E-003   1.6695542352431777E+021
   6.9805300000000004E-003   1.7019765078773363E+021
   6.9769100000000002E-003   1.7198350733265053E+021
   6.9707800000000002E-003   1.7544140186881179E+021
   6.9647499999999996E-003   1.7597957110950094E+021
   6.9613200000000000E-003   1.7759379423205951E+021
   6.9591200000000001E-003   1.8035146204369846E+021
   6.9547200000000002E-003   1.8126114698066660E+021
   6.9493999999999997E-003   1.8707374752110582E+021
   6.9462700000000000E-003   1.8630040851424823E+021
   6.9412600000000003E-003   1.8687176614869837E+021
   6.9387600000000004E-003   1.8779954596158607E+021
   6.9338999999999998E-003   1.9353008635807830E+021
   6.9268000000000003E-003   1.9414838393788894E+021
   6.9219399999999997E-003   1.9725041709245512E+021
   6.9170899999999999E-003   1.9919703585624144E+021
   6.9087799999999998E-003   2.0133359324486823E+021
   6.9043600000000000E-003   2.0407875370951961E+021
   6.9006800000000002E-003   2.0616775653665360E+021
   6.8970100000000003E-003   2.0858807972563502E+021
   6.8943199999999998E-003   2.0875389550717197E+021
   6.8923099999999996E-003   2.1075404130721255E+021
   6.8886399999999997E-003   2.1299862436943299E+021
   6.8870600000000004E-003   2.1493112389599785E+021
   6.8845299999999998E-003   2.1651829865720788E+021
   6.8824899999999998E-003   2.1873595554264040E+021
   6.8809099999999996E-003   2.1920159624023187E+021
   6.8793400000000003E-003   2.2044179365220052E+021
   6.8780400000000002E-003   2.2134641702994759E+021
   6.8767400000000001E-003   2.2219244095890661E+021
   6.8754699999999998E-003   2.2332297140662134E+021
   6.8741899999999996E-003   2.2545604626164658E+021
   6.8716000000000003E-003   2.2646259406633495E+021
   6.8690100000000000E-003   2.2723516377621460E+021
   6.8678699999999999E-003   2.2758463388257202E+021
   6.8667399999999996E-003   2.3022353963634616E+021
   6.8649399999999999E-003   2.3078904253017015E+021
   6.8631300000000003E-003   2.3135476064168551E+021
   6.8613299999999997E-003   2.3192070242297952E+021
   6.8595399999999999E-003   2.3385939420945475E+021
   6.8554999999999996E-003   2.3574042601195590E+021
   6.8514700000000001E-003   2.3858471986774934E+021
   6.8424999999999996E-003   2.4259576153083389E+021
   6.8225200000000003E-003   2.4840314323855690E+021
   6.8046199999999999E-003   2.5352403838392866E+021
   6.7902300000000004E-003   2.5856495105655686E+021
   6.7768300000000002E-003   2.6463187527908930E+021
   6.7571000000000003E-003   2.7162027416813426E+021
   6.7386000000000000E-003   2.7787903864526822E+021
   6.7221800000000003E-003   2.8387116690612955E+021
   6.7058300000000003E-003   2.9000714863934466E+021
   6.6896600000000001E-003   2.9663487979356637E+021
   6.6709200000000003E-003   3.0318899263770156E+021
   6.6553200000000002E-003   3.0934680895918000E+021
   6.6393499999999996E-003   3.1591970634556427E+021
   6.6219499999999997E-003   3.2310304233130862E+021
   6.6033899999999998E-003   3.3142025800982594E+021
   6.5809800000000002E-003   3.3948204836674916E+021
   6.5643899999999998E-003   3.4717196947667036E+021
   6.5444800000000001E-003   3.5567179659675718E+021
   6.5248199999999998E-003   3.6348064897535978E+021
   6.5085200000000003E-003   3.6949060697987901E+021
   6.4978700000000002E-003   3.7597995151947412E+021
   6.4794300000000004E-003   3.8272542620467095E+021
   6.4681399999999998E-003   3.9043082306570698E+021
   6.4457899999999999E-003   3.9937355526589839E+021
   6.4295300000000001E-003   4.0705660982433305E+021
   6.4134300000000003E-003   4.1411029676150552E+021
   6.4003000000000003E-003   4.2049057053475136E+021
   6.3872699999999996E-003   4.3114523597070658E+021
   6.3570600000000003E-003   4.4622689270507158E+021
   6.3273799999999996E-003   4.5741736062778889E+021
   6.3138300000000003E-003   4.6717903462388067E+021
   6.2901700000000003E-003   4.7616935296131903E+021
   6.2800299999999998E-003   4.8549935158357981E+021
   6.2556299999999999E-003   4.9881420910956726E+021
   6.2315599999999997E-003   5.0952910156362552E+021
   6.2176599999999999E-003   5.1734053587331790E+021
   6.2038700000000002E-003   5.2741587989638435E+021
   6.1825500000000002E-003   5.3984007935405263E+021
   6.1614599999999997E-003   5.5037263084857621E+021
   6.1472599999999999E-003   5.5884788411651284E+021
   6.1331500000000004E-003   5.7199221940930184E+021
   6.1040900000000004E-003   5.8996454232555614E+021
   6.0754499999999996E-003   6.0496830406203414E+021
   6.0570299999999997E-003   6.1687310933078531E+021
   6.0387699999999997E-003   6.2659143777030179E+021
   6.0277200000000003E-003   6.3383896665951757E+021
   6.0167299999999996E-003   6.4628383997179095E+021
   5.9905300000000000E-003   6.6764096600068944E+021
   5.9541699999999999E-003   6.9039288441956729E+021
   5.9256500000000002E-003   7.0711082352029121E+021
   5.9077000000000001E-003   7.2209983397348287E+021
   5.8845399999999997E-003   7.3916882553088078E+021
   5.8616299999999996E-003   7.5958758206378323E+021
   5.8305199999999996E-003   7.8372955717742006E+021
   5.7991300000000004E-003   8.0248015886504186E+021
   5.7832500000000002E-003   8.1511384651237268E+021
   5.7674700000000002E-003   8.3460267777534187E+021
   5.7351700000000004E-003   8.6122362921973554E+021
   5.7032999999999997E-003   8.8877851701893975E+021
   5.6704399999999997E-003   9.1719102691487294E+021
   5.6379999999999998E-003   9.4653459403096971E+021
   5.6045499999999998E-003   9.7694906697768239E+021
   5.5715399999999998E-003   1.0082290379782806E+022
   5.5374999999999999E-003   1.0406276264404548E+022
   5.5038900000000000E-003   1.0741090240132549E+022
   5.4692500000000002E-003   1.1086170619320394E+022
   5.4350300000000004E-003   1.1352167974138813E+022
   5.4175300000000003E-003   1.1533165015747785E+022
   5.4001400000000003E-003   1.1811760353849161E+022
   5.3645600000000000E-003   1.2192776290979128E+022
   5.3294099999999997E-003   1.2485648629053964E+022
   5.3114299999999998E-003   1.2685391501744644E+022
   5.2935700000000000E-003   1.2990789595080184E+022
   5.2573999999999997E-003   1.3410634556570310E+022
   5.2208999999999997E-003   1.3844413783938374E+022
   5.1840699999999998E-003   1.4292578095460025E+022
   5.1469000000000003E-003   1.4755648603182233E+022
   5.1093900000000001E-003   1.5234131455357248E+022
   5.0715400000000002E-003   1.5728555489400707E+022
   5.0333399999999999E-003   1.6239459299053099E+022
   4.9947699999999999E-003   1.6767392861314747E+022
   4.9558500000000004E-003   1.7312987894422784E+022
   4.9165700000000003E-003   1.7733394473662074E+022
   4.8966900000000004E-003   1.8020350401379320E+022
   4.8769099999999999E-003   1.8311094214441094E+022
   4.8568400000000003E-003   1.8607655582022156E+022
   4.8368700000000001E-003   1.8996048236141286E+022
   4.8050999999999996E-003   1.9478446440511988E+022
   4.7735499999999997E-003   1.9882201477513558E+022
   4.7529900000000003E-003   2.0204301457184206E+022
   4.7325300000000004E-003   2.0532407096091997E+022
   4.7117699999999997E-003   2.0865802547149406E+022
   4.6911000000000001E-003   2.1204931728277418E+022
   4.6701399999999997E-003   2.1549728548187605E+022
   4.6492699999999996E-003   2.1900599986435144E+022
   4.6280999999999996E-003   2.2257480856058846E+022
   4.6070199999999999E-003   2.2620497510655462E+022
   4.5856400000000002E-003   2.2989936080125520E+022
   4.5643500000000000E-003   2.3365730668128896E+022
   4.5427599999999999E-003   2.3748331469290126E+022
   4.5212600000000000E-003   2.4137833627086097E+022
   4.4994500000000003E-003   2.4534247654911031E+022
   4.4777200000000001E-003   2.4937671040019070E+022
   4.4556999999999999E-003   2.5348693604962943E+022
   4.4337500000000002E-003   2.5767413299818585E+022
   4.4114899999999997E-003   2.6193836575003446E+022
   4.3893100000000004E-003   2.6628442598674270E+022
   4.3668300000000004E-003   2.7070810081276803E+022
   4.3444199999999999E-003   2.7522363363794321E+022
   4.3217000000000004E-003   2.7982630238928675E+022
   4.2990399999999996E-003   2.8452258877653790E+022
   4.2760799999999998E-003   2.8931196908150024E+022
   4.2531899999999996E-003   2.9419190219243579E+022
   4.2300699999999998E-003   2.9918347442261758E+022
   4.2068299999999999E-003   3.0428177797971400E+022
   4.1834699999999999E-003   3.0949125278102800E+022
   4.1599699999999998E-003   3.1481452568360111E+022
   4.1363399999999996E-003   3.2026188721907764E+022
   4.1125800000000002E-003   3.2583285708050643E+022
   4.0886899999999999E-003   3.3154396322186085E+022
   4.0646600000000003E-003   3.3739199241388389E+022
   4.0404999999999998E-003   3.4338593005384382E+022
   4.0161900000000002E-003   3.4953570120373862E+022
   3.9917499999999996E-003   3.5584218932869073E+022
   3.9671600000000000E-003   3.6231180068654460E+022
   3.9424200000000003E-003   3.6895456693502557E+022
   3.9175399999999997E-003   3.7577395445372354E+022
   3.8925100000000001E-003   3.8277504549002311E+022
   3.8673300000000000E-003   3.8998126074216283E+022
   3.8419900000000000E-003   3.9739118792166032E+022
   3.8164900000000001E-003   4.0503267629916504E+022
   3.7908400000000002E-003   4.1294339795780310E+022
   3.7650200000000000E-003   4.2114532315495609E+022
   3.7390399999999999E-003   4.2960003303011862E+022
   3.7128899999999999E-003   4.3824990098841703E+022
   3.6865700000000001E-003   4.4706050844489228E+022
   3.6600700000000001E-003   4.5603352457781830E+022
   3.6334000000000002E-003   4.6517079471563687E+022
   3.6065500000000000E-003   4.7447429980969480E+022
   3.5795200000000001E-003   4.8394619128094273E+022
   3.5523000000000000E-003   4.9358870430683608E+022
   3.5248800000000002E-003   5.0340419893123862E+022
   3.4972800000000002E-003   5.1339514807476210E+022
   3.4694700000000001E-003   5.2356407939979754E+022
   3.4414599999999999E-003   5.3391360602201005E+022
   3.4132400000000001E-003   5.4444644230994338E+022
   3.3848099999999998E-003   5.5516532294448363E+022
   3.3561699999999999E-003   5.6607310144512144E+022
   3.3273000000000000E-003   5.7717263972898582E+022
   3.2981999999999998E-003   5.8846689362158916E+022
   3.2688800000000000E-003   5.9995882540701630E+022
   3.2393100000000000E-003   6.1165149266434427E+022
   3.2095000000000001E-003   6.2354795295756415E+022
   3.1794400000000000E-003   6.3565133823742394E+022
   3.1491300000000000E-003   6.4796481845575949E+022
   3.1185499999999999E-003   6.6049157854569322E+022
   3.0877000000000001E-003   6.7323486032532383E+022
   3.0565700000000002E-003   6.8619791859505254E+022
   3.0251599999999998E-003   6.9938405119065644E+022
   2.9934499999999999E-003   7.1279658863675912E+022
   2.9614400000000001E-003   7.2643887698714366E+022
   2.9291100000000000E-003   7.4031428087716264E+022
   2.8964699999999999E-003   7.5442617237558123E+022
   2.8634899999999998E-003   7.6877800199603716E+022
   2.8301699999999999E-003   7.8337313932693033E+022
   2.7964900000000000E-003   7.9821502890302994E+022
   2.7624500000000001E-003   8.1330713762086710E+022
   2.7280199999999998E-003   8.2865288076030846E+022
   2.6932100000000001E-003   8.4425570473367749E+022
   2.6579799999999999E-003   8.6011903976434840E+022
   2.6223300000000000E-003   8.7624631479172499E+022
   2.5862400000000001E-003   8.9264094442666531E+022
   2.5496899999999999E-003   9.0930632383863850E+022
   2.5126599999999999E-003   9.2624580298712610E+022
   2.4751299999999999E-003   9.4346273294836795E+022
   2.4370799999999999E-003   9.6096040812134669E+022
   2.3984800000000001E-003   9.7874204296826428E+022
   2.3593099999999999E-003   9.9681087310600335E+022
   2.3195400000000001E-003   1.0151653383058983E+023
   2.2791500000000002E-003   1.0338457546084789E+023
   2.2380799999999999E-003   1.0528227902551185E+023
   2.1963199999999999E-003   1.0720991946539499E+023
   2.1538199999999999E-003   1.0916778067823744E+023
   2.1105299999999998E-003   1.1115611081394189E+023
   2.0664099999999999E-003   1.1317428708806330E+023
   2.0214100000000000E-003   1.1522693011113001E+023
   1.9754600000000001E-003   1.1731102910198995E+023
   1.9285000000000001E-003   1.1942119929801815E+023
   1.8807699999999999E-003   1.2157167256779188E+023
   1.8312199999999999E-003   1.2375921621049888E+023
   1.7807299999999999E-003   1.2597170799375105E+023
   1.7288600000000000E-003   1.2787925640799830E+023
   1.6892700000000001E-003   1.2961118301827287E+023
   1.6482000000000001E-003   1.3210884163851674E+023
   1.5708300000000001E-003   1.3448607999867150E+023
   1.5275000000000000E-003   1.3630522380327015E+023
   1.4820800000000000E-003   1.3904774460996067E+023
   1.3879299999999999E-003   1.4199245533423968E+023
   1.3229400000000001E-003   1.4444024279055241E+023
   1.2551400000000001E-003   1.4687275456081568E+023
   1.1802700000000000E-003   1.4949151821109208E+023
   1.1005500000000001E-003   1.5210771132195298E+023
   1.0087700000000000E-003   1.5507774305870828E+023
   8.9932000000000000E-004   1.5876017986049438E+023
   7.0640000000000004E-004   1.6221288262070750E+023
   5.6782000000000002E-004   1.6444577109416754E+023
   4.8413999999999998E-004   1.6576105243739296E+023
   3.8297000000000000E-004   1.6664860635305130E+023
   3.1386000000000001E-004   1.6747672106379662E+023
   2.5071000000000002E-004   1.6761388121193701E+023
   2.0164000000000000E-004   1.6820076577492121E+023
   1.6417000000000000E-004   1.6827012754593677E+023
   1.3642999999999999E-004   1.6851951386133981E+023
   1.1689000000000000E-004   1.6853393495496685E+023
   1.0404999999999999E-004   1.6865173012826822E+023
   8.6870000000000000E-005   1.6871691996128141E+023
   6.8949999999999995E-005   1.6875158666174092E+023
   5.4719999999999998E-005   1.6881481454595084E+023
   4.3430000000000003E-005   1.6883253925725089E+023
   3.4470000000000000E-005   1.6884191539457482E+023
   2.7359999999999999E-005   1.6886563018634883E+023
   2.1719999999999999E-005   1.6886983028954547E+023
   1.7240000000000001E-005   1.6888074518384603E+023
   1.3679999999999999E-005   1.6889125441103349E+023
