   8.8766000000000001E-003   6767374074904278.0     
   8.8766000000000001E-003   6946904463438065.0     
   8.8766000000000001E-003   7121158853756711.0     
   8.8766000000000001E-003   7290461588272349.0     
   8.8766000000000001E-003   7455098846948383.0     
   8.8766000000000001E-003   7615336934181911.0     
   8.8766000000000001E-003   7771431165556226.0     
   8.8766000000000001E-003   7923583413356701.0     
   8.8766000000000001E-003   8072012118564493.0     
   8.8766000000000001E-003   8216880141094548.0     
   8.8766000000000001E-003   8358381856374163.0     
   8.8765900000000002E-003   8496662892036226.0     
   8.8765900000000002E-003   8631891066599272.0     
   8.8765900000000002E-003   8764209889336619.0     
   8.8765900000000002E-003   8893733483121600.0     
   8.8765900000000002E-003   9020593338122948.0     
   8.8765900000000002E-003   9144900902399254.0     
   8.8765900000000002E-003   9266742473580366.0     
   8.8765900000000002E-003   9386228394431046.0     
   8.8765900000000002E-003   9503439383858374.0     
   8.8765900000000002E-003   9646887020098752.0     
   8.8765900000000002E-003   9814718280028292.0     
   8.8765900000000002E-003   9978096180086336.0     
   8.8765900000000002E-003   10137252340456030.     
   8.8765900000000002E-003   10266819960197072.     
   8.8765900000000002E-003   10368552509797612.     
   8.8765900000000002E-003   10468640711198430.     
   8.8765900000000002E-003   10567137115520546.     
   8.8765900000000002E-003   10688099249728932.     
   8.8765900000000002E-003   10830188538947782.     
   8.8765900000000002E-003   10969069822035684.     
   8.8765800000000002E-003   11104889548986856.     
   8.8765800000000002E-003   11215815823456484.     
   8.8765800000000002E-003   11303141032959426.     
   8.8765800000000002E-003   11431864807608272.     
   8.8765800000000002E-003   11599378287486910.     
   8.8765800000000002E-003   11722051549266738.     
   8.8765800000000002E-003   11802495827692824.     
   8.8765800000000002E-003   11921233686484186.     
   8.8765800000000002E-003   12075976158003018.     
   8.8765800000000002E-003   12226848288755642.     
   8.8765800000000002E-003   12374008268379510.     
   8.8765800000000002E-003   12517599868036598.     
   8.8765800000000002E-003   12657765283279788.     
   8.8765800000000002E-003   12794614066458666.     
   8.8765800000000002E-003   12928292458217416.     
   8.8765800000000002E-003   13058867392936530.     
   8.8765800000000002E-003   13186455933490320.     
   8.8765800000000002E-003   13331685356567178.     
   8.8765700000000003E-003   13492941721290484.     
   8.8765700000000003E-003   13649343053455906.     
   8.8765700000000003E-003   13801034941327062.     
   8.8765700000000003E-003   13948146189364114.     
   8.8765700000000003E-003   14090750326476430.     
   8.8765700000000003E-003   14228918533635054.     
   8.8765700000000003E-003   14362707542638882.     
   8.8765700000000003E-003   14508125137183610.     
   8.8765700000000003E-003   14663141958479852.     
   8.8765700000000003E-003   14811334075028794.     
   8.8765700000000003E-003   14917662711836564.     
   8.8765700000000003E-003   14986539864440998.     
   8.8765700000000003E-003   15088072578480170.     
   8.8765700000000003E-003   15221061100555664.     
   8.8765600000000004E-003   15351325225508622.     
   8.8765600000000004E-003   15478991476945430.     
   8.8765600000000004E-003   15604190081802284.     
   8.8765600000000004E-003   15727012658011598.     
   8.8765600000000004E-003   15847571288659356.     
   8.8765600000000004E-003   15965966854973152.     
   8.8765600000000004E-003   16082281005075320.     
   8.8765600000000004E-003   16196601862180604.     
   8.8765600000000004E-003   16364292279055876.     
   8.8765600000000004E-003   16555199935885440.     
   8.8765600000000004E-003   16714588081390890.     
   8.8765600000000004E-003   16870378091884290.     
   8.8765500000000004E-003   16985073787809112.     
   8.8765500000000004E-003   17060442846232430.     
   8.8765500000000004E-003   17171891874656044.     
   8.8765500000000004E-003   17317933193133270.     
   8.8765500000000004E-003   17531190923910300.     
   8.8765500000000004E-003   17738897047129088.     
   8.8765500000000004E-003   17873943845363140.     
   8.8765500000000004E-003   18006533047500924.     
   8.8765500000000004E-003   18136792687268356.     
   8.8765500000000004E-003   18264800207247588.     
   8.8765400000000005E-003   18390668180845712.     
   8.8765400000000005E-003   18514458725515268.     
   8.8765400000000005E-003   18636271041403640.     
   8.8765400000000005E-003   18775942269859380.     
   8.8765400000000005E-003   18932589544720264.     
   8.8765400000000005E-003   19161538696764936.     
   8.8765400000000005E-003   19384709374565968.     
   8.8765400000000005E-003   19529964146302656.     
   8.8765300000000005E-003   19672697126078448.     
   8.8765300000000005E-003   19813017758369740.     
   8.8765300000000005E-003   19968096490920824.     
   8.8765300000000005E-003   20137225797471488.     
   8.8765300000000005E-003   20303107325401912.     
   8.8765300000000005E-003   20465942121026624.     
   8.8765300000000005E-003   20625857093032384.     
   8.8765300000000005E-003   20782995454794656.     
   8.8765200000000006E-003   21013521426837924.     
   8.8765200000000006E-003   21253907354025476.     
   8.8765200000000006E-003   21430162649851436.     
   8.8765200000000006E-003   21603326151021636.     
   8.8765200000000006E-003   21773545135972472.     
   8.8765200000000006E-003   21940983225134800.     
   8.8765100000000006E-003   22105760909966360.     
   8.8765100000000006E-003   22267997788331780.     
   8.8765100000000006E-003   22427827639510792.     
   8.8765100000000006E-003   22585344664982252.     
   8.8765100000000006E-003   22740651335180940.     
   8.8765100000000006E-003   22893810750890416.     
   8.8765100000000006E-003   23044941548305612.     
   8.8765000000000007E-003   23267736144641080.     
   8.8765000000000007E-003   23558671258861844.     
   8.8765000000000007E-003   23842736731237628.     
   8.8765000000000007E-003   24120419256193156.     
   8.8764900000000008E-003   24392115729928096.     
   8.8764900000000008E-003   24658249920470720.     
   8.8764900000000008E-003   24919139516617680.     
   8.8764900000000008E-003   25175110038368888.     
   8.8764800000000008E-003   25426453201319900.     
   8.8764800000000008E-003   25673398441861440.     
   8.8764800000000008E-003   25916206978045904.     
   8.8764800000000008E-003   26155068437667380.     
   8.8764699999999992E-003   26390167423325260.     
   8.8764699999999992E-003   26621683692301084.     
   8.8764699999999992E-003   26849781607633884.     
   8.8764699999999992E-003   27074607937924724.     
   8.8764699999999992E-003   27405612977394084.     
   8.8764599999999992E-003   27837073794739104.     
   8.8764599999999992E-003   28153631006695776.     
   8.8764499999999993E-003   28361149455437160.     
   8.8764499999999993E-003   28566100088408252.     
   8.8764499999999993E-003   28768590652796220.     
   8.8764499999999993E-003   29034702474138676.     
   8.8764399999999993E-003   29361818050229520.     
   8.8764399999999993E-003   29682873987861832.     
   8.8764399999999993E-003   29920012445942184.     
   8.8764399999999993E-003   30076276914264556.     
   8.8764399999999993E-003   30308023070452156.     
   8.8764299999999994E-003   30612660874571364.     
   8.8764299999999994E-003   30912336353083632.     
   8.8764299999999994E-003   31207276589754812.     
   8.8764199999999994E-003   31497674869551468.     
   8.8764199999999994E-003   31783614079149324.     
   8.8764199999999994E-003   32204092842306944.     
   8.8764099999999995E-003   32616020095991300.     
   8.8764099999999995E-003   32885382576075076.     
   8.8764099999999995E-003   33150872644637136.     
   8.8763999999999996E-003   33412586741280664.     
   8.8763999999999996E-003   33797992209244528.     
   8.8763899999999996E-003   34300173720730068.     
   8.8763899999999996E-003   34789096501059724.     
   8.8763799999999997E-003   35265445806068492.     
   8.8763799999999997E-003   35672722949100152.     
   8.8763799999999997E-003   36014913113059708.     
   8.8763699999999997E-003   36351222818581784.     
   8.8763699999999997E-003   36681970668450624.     
   8.8763599999999998E-003   37167665586353024.     
   8.8763599999999998E-003   37643459493405152.     
   8.8763499999999999E-003   37954560686319680.     
   8.8763499999999999E-003   38261381241039200.     
   8.8763499999999999E-003   38564122168011248.     
   8.8763399999999999E-003   39010570504154736.     
   8.8763399999999999E-003   39593981829906944.     
   8.8763300000000000E-003   40164185279379120.     
   8.8763200000000000E-003   40722217062694544.     
   8.8763200000000000E-003   41269054660189928.     
   8.8763100000000001E-003   41805630556009224.     
   8.8763000000000002E-003   42332476305098576.     
   8.8763000000000002E-003   42849809488705768.     
   8.8762900000000002E-003   43357824958297712.     
   8.8762900000000002E-003   43856813790515248.     
   8.8762800000000003E-003   44347019028720424.     
   8.8762800000000003E-003   44907974937485712.     
   8.8762700000000003E-003   45535620612709688.     
   8.8762600000000004E-003   46149085156955360.     
   8.8762500000000005E-003   46748795555238408.     
   8.8762500000000005E-003   47335333908001064.     
   8.8762400000000005E-003   47767271684964584.     
   8.8762400000000005E-003   48051168410950488.     
   8.8762300000000006E-003   48471099863216504.     
   8.8762300000000006E-003   49021263849181664.     
   8.8762200000000006E-003   49560341232111576.     
   8.8762100000000007E-003   50088958744888368.     
   8.8762100000000007E-003   50735282951131808.     
   8.8762000000000008E-003   51492349952738968.     
   8.8761900000000008E-003   52048114576939528.     
   8.8761799999999991E-003   52592691201239584.     
   8.8761799999999991E-003   53129543532546608.     
   8.8761699999999992E-003   53540631810276240.     
   8.8761699999999992E-003   54004859825555480.     
   8.8761599999999993E-003   54463324931210312.     
   8.8761499999999993E-003   54916477053261352.     
   8.8761499999999993E-003   55586095069726984.     
   8.8761399999999994E-003   56247688956627376.     
   8.8761299999999994E-003   56683119595484128.     
   8.8761299999999994E-003   57221832672999712.     
   8.8761199999999995E-003   57861583090127240.     
   8.8761099999999996E-003   58806172808446024.     
   8.8760999999999996E-003   59739707836666352.     
   8.8760899999999997E-003   60354023987766184.     
   8.8760799999999997E-003   60963121353692136.     
   8.8760699999999998E-003   61567175150764408.     
   8.8760699999999998E-003   62462985685184496.     
   8.8760499999999999E-003   63642575032390824.     
   8.8760400000000000E-003   64612162391814232.     
   8.8760300000000000E-003   65377798376845680.     
   8.8760200000000001E-003   66228421591067920.     
   8.8760100000000001E-003   67160477325631344.     
   8.8760000000000002E-003   68078204855118752.     
   8.8759900000000003E-003   68981279265585288.     
   8.8759800000000003E-003   70088607529189336.     
   8.8759600000000004E-003   71065953424566496.     
   8.8759500000000005E-003   71706460700941448.     
   8.8759500000000005E-003   72338427664658176.     
   8.8759400000000006E-003   72961932420865040.     
   8.8759300000000006E-003   73881023945444928.     
   8.8759200000000007E-003   75078276534505840.     
   8.8759000000000008E-003   76243068811596208.     
   8.8758900000000009E-003   77376175329212336.     
   8.8758799999999992E-003   78479178950601712.     
   8.8758599999999993E-003   79729739784995072.     
   8.8758499999999994E-003   81115044053740032.     
   8.8758299999999995E-003   82291697309008912.     
   8.8758199999999995E-003   83275731425791216.     
   8.8757999999999997E-003   84239351854334912.     
   8.8757899999999997E-003   85184084829198960.     
   8.8757799999999998E-003   86263758317121456.     
   8.8757599999999999E-003   87471396932147040.     
   8.8757500000000000E-003   88652879148092656.     
   8.8757300000000001E-003   89810382845232080.     
   8.8757200000000001E-003   90945755422718128.     
   8.8757000000000003E-003   92060411699343744.     
   8.8756900000000003E-003   93155567123911728.     
   8.8756800000000004E-003   94232373784266704.     
   8.8756600000000005E-003   95291878403786672.     
   8.8756500000000006E-003   96334998247443488.     
   8.8756300000000007E-003   97616226608673456.     
   8.8756100000000008E-003   99123879690765760.     
   8.8755899999999992E-003   1.0035656652321835E+017
   8.8755799999999992E-003   1.0132709202920714E+017
   8.8755699999999993E-003   1.0228464469407864E+017
   8.8755599999999994E-003   1.0322966035150800E+017
   8.8755399999999995E-003   1.0462355923207280E+017
   8.8755199999999996E-003   1.0644391283611262E+017
   8.8754899999999998E-003   1.0778224093931843E+017
   8.8754799999999998E-003   1.0866126071902344E+017
   8.8754699999999999E-003   1.0974621021646205E+017
   8.8754500000000000E-003   1.1102981069108774E+017
   8.8754400000000001E-003   1.1229398550785005E+017
   8.8754200000000002E-003   1.1353983190877760E+017
   8.8754000000000003E-003   1.1497116663026682E+017
   8.8753800000000004E-003   1.1658094981439016E+017
   8.8753600000000005E-003   1.1777174008450040E+017
   8.8753500000000006E-003   1.1855728513978202E+017
   8.8753400000000007E-003   1.1972374372648344E+017
   8.8753200000000008E-003   1.2126033450421502E+017
   8.8752999999999992E-003   1.2277562981323736E+017
   8.8752799999999993E-003   1.2427085754458333E+017
   8.8752599999999994E-003   1.2574710234836386E+017
   8.8752399999999995E-003   1.2720524984833810E+017
   8.8752199999999996E-003   1.2935750827001549E+017
   8.8751799999999999E-003   1.3147657563621168E+017
   8.8751600000000000E-003   1.3286787846610958E+017
   8.8751400000000001E-003   1.3424371086130970E+017
   8.8751300000000002E-003   1.3560443921835643E+017
   8.8751100000000003E-003   1.3728394263456613E+017
   8.8750800000000005E-003   1.3927050512756518E+017
   8.8750600000000006E-003   1.4090257444738155E+017
   8.8750400000000007E-003   1.4219254171871334E+017
   8.8750200000000008E-003   1.4378599155292554E+017
   8.8749999999999992E-003   1.4567228368169846E+017
   8.8749699999999994E-003   1.4753078352998752E+017
   8.8749499999999995E-003   1.4936233475834819E+017
   8.8749199999999997E-003   1.5116796523792768E+017
   8.8748999999999998E-003   1.5294870675760624E+017
   8.8748799999999999E-003   1.5470555923593830E+017
   8.8748600000000000E-003   1.5643947529382995E+017
   8.8748300000000002E-003   1.5815138342972458E+017
   8.8748100000000003E-003   1.5984211278454326E+017
   8.8747900000000005E-003   1.6178856424064925E+017
   8.8747600000000006E-003   1.6398130904625946E+017
   8.8747300000000008E-003   1.6560495072246010E+017
   8.8747199999999991E-003   1.6667699506285523E+017
   8.8746999999999993E-003   1.6850465419323542E+017
   8.8746699999999994E-003   1.7106310685891520E+017
   8.8746399999999996E-003   1.7306900889728864E+017
   8.8746199999999997E-003   1.7454200866397453E+017
   8.8745999999999998E-003   1.7636333024324006E+017
   8.8745700000000000E-003   1.7852192416794938E+017
   8.8745400000000002E-003   1.8065139780786038E+017
   8.8745100000000004E-003   1.8275286055100077E+017
   8.8744900000000005E-003   1.8516996005300800E+017
   8.8744500000000007E-003   1.8788989351758653E+017
   8.8744199999999992E-003   1.8990159103031590E+017
   8.8743999999999993E-003   1.9122866623115942E+017
   8.8743799999999994E-003   1.9319887665108790E+017
   8.8743499999999996E-003   1.9579160413460144E+017
   8.8743199999999998E-003   1.9834572051147158E+017
   8.8742800000000000E-003   2.0086294680120419E+017
   8.8742500000000002E-003   2.0334487230313357E+017
   8.8742200000000004E-003   2.0579299885198531E+017
   8.8741900000000005E-003   2.0820878830562029E+017
   8.8741600000000007E-003   2.1059365686598144E+017
   8.8741299999999992E-003   2.1294895292792954E+017
   8.8740999999999993E-003   2.1527598072266746E+017
   8.8740699999999995E-003   2.1814591823937235E+017
   8.8740199999999998E-003   2.2153784950981309E+017
   8.8739800000000001E-003   2.2432327835576381E+017
   8.8739500000000002E-003   2.2652479072436813E+017
   8.8739200000000004E-003   2.2870399685842301E+017
   8.8739000000000005E-003   2.3086170608295878E+017
   8.8738700000000007E-003   2.3352900532106218E+017
   8.8738299999999992E-003   2.3668969211211907E+017
   8.8737899999999995E-003   2.3980760743285165E+017
   8.8737499999999997E-003   2.4288455788769126E+017
   8.8737099999999999E-003   2.4592222250645008E+017
   8.8736700000000002E-003   2.4892210434592896E+017
   8.8736400000000003E-003   2.5139471870397818E+017
   8.8736100000000005E-003   2.5335467098900333E+017
   8.8735900000000006E-003   2.5626472528062154E+017
   8.8735399999999992E-003   2.6009482727548403E+017
   8.8734899999999995E-003   2.6340007752058874E+017
   8.8734599999999997E-003   2.6619907576372278E+017
   8.8734199999999999E-003   2.6896807913388035E+017
   8.8733900000000001E-003   2.7170797113273786E+017
   8.8733500000000003E-003   2.7486831910110387E+017
   8.8733100000000006E-003   2.7843540069575350E+017
   8.8732599999999991E-003   2.8195596865763578E+017
   8.8732199999999994E-003   2.8543185282560448E+017
   8.8731799999999996E-003   2.8886477930049370E+017
   8.8731399999999998E-003   2.9225635822699117E+017
   8.8731000000000001E-003   2.9560810713311418E+017
   8.8730500000000004E-003   2.9892138993247853E+017
   8.8730100000000006E-003   3.0219751019397997E+017
   8.8729700000000009E-003   3.0543765665506118E+017
   8.8729299999999994E-003   3.0864298713321696E+017
   8.8728999999999995E-003   3.1181455127190918E+017
   8.8728599999999998E-003   3.1573220017677402E+017
   8.8728000000000001E-003   3.2037006997067373E+017
   8.8727400000000005E-003   3.2418435706717229E+017
   8.8727100000000007E-003   3.2720263842472346E+017
   8.8726699999999992E-003   3.3019301433010349E+017
   8.8726399999999993E-003   3.3315628603856480E+017
   8.8725999999999996E-003   3.3755019383748749E+017
   8.8725300000000000E-003   3.4332341105002752E+017
   8.8724600000000004E-003   3.4759207832419098E+017
   8.8724300000000006E-003   3.5040800417214208E+017
   8.8723900000000008E-003   3.5458873483789670E+017
   8.8723299999999995E-003   3.6009056142297344E+017
   8.8722599999999999E-003   3.6416473673589894E+017
   8.8722300000000000E-003   3.6685531876401114E+017
   8.8722000000000002E-003   3.7085413793241446E+017
   8.8721300000000006E-003   3.7612338299677408E+017
   8.8720699999999993E-003   3.8132190329883430E+017
   8.8720099999999996E-003   3.8645222140386586E+017
   8.8719500000000000E-003   3.9177155076882835E+017
   8.8718900000000003E-003   3.9875959251454598E+017
   8.8717899999999992E-003   4.0588009080884755E+017
   8.8717199999999996E-003   4.1024062037005434E+017
   8.8716899999999998E-003   4.1455335294021197E+017
   8.8716200000000002E-003   4.2023757869253741E+017
   8.8715500000000006E-003   4.2584680592581453E+017
   8.8714899999999992E-003   4.3138370271990893E+017
   8.8714199999999997E-003   4.3820540978230131E+017
   8.8713300000000002E-003   4.4625746327087597E+017
   8.8712400000000007E-003   4.5547141745168819E+017
   8.8711199999999997E-003   4.6578454116237702E+017
   8.8710000000000004E-003   4.7337887517689997E+017
   8.8709400000000008E-003   4.7837432656726138E+017
   8.8708899999999993E-003   4.8331990263578880E+017
   8.8708299999999997E-003   4.8821727025042886E+017
   8.8707800000000000E-003   4.9367039231010106E+017
   8.8707100000000004E-003   4.9966299268020166E+017
   8.8706400000000008E-003   5.0558739787202413E+017
   8.8705699999999995E-003   5.1144603415953696E+017
   8.8705099999999999E-003   5.1896550680799418E+017
   8.8704100000000004E-003   5.2808279420098938E+017
   8.8702999999999994E-003   5.3816239135484218E+017
   8.8701800000000001E-003   5.4915767729371910E+017
   8.8700600000000008E-003   5.6109997506432749E+017
   8.8699199999999999E-003   5.7393893913010778E+017
   8.8697800000000007E-003   5.8339888065292006E+017
   8.8697099999999994E-003   5.8962414044915379E+017
   8.8696399999999998E-003   5.9986054676958336E+017
   8.8694800000000008E-003   6.1393570022832090E+017
   8.8693299999999999E-003   6.2674596724394688E+017
   8.8692000000000007E-003   6.3547682930493952E+017
   8.8691399999999993E-003   6.4123375066534259E+017
   8.8690799999999997E-003   6.4788899017885696E+017
   8.8690000000000001E-003   6.5541833010878131E+017
   8.8689200000000006E-003   6.6655688684426534E+017
   8.8687599999999998E-003   6.8114515598176358E+017
   8.8686100000000007E-003   6.9544002159160358E+017
   8.8684599999999999E-003   7.0598218921770176E+017
   8.8683800000000004E-003   7.1292439320150131E+017
   8.8683100000000008E-003   7.2151033399779610E+017
   8.8681999999999997E-003   7.3168792920255245E+017
   8.8680900000000003E-003   7.4504735173257254E+017
   8.8679199999999996E-003   7.6144058551947827E+017
   8.8677500000000006E-003   7.7676894684128922E+017
   8.8675999999999998E-003   7.9109166384410726E+017
   8.8674500000000007E-003   8.0528538997394688E+017
   8.8673099999999998E-003   8.1935864490211904E+017
   8.8671600000000007E-003   8.3550234533862195E+017
   8.8669700000000001E-003   8.5361801393782170E+017
   8.8667899999999994E-003   8.7139239225709286E+017
   8.8666100000000005E-003   8.8884389282375923E+017
   8.8664399999999997E-003   9.0598827874319475E+017
   8.8662600000000008E-003   9.2284023830296397E+017
   8.8661000000000000E-003   9.3633035462231744E+017
   8.8659900000000007E-003   9.4658436019346202E+017
   8.8658899999999995E-003   9.5673732198598374E+017
   8.8657900000000001E-003   9.6679229548741926E+017
   8.8656900000000007E-003   9.8169147686305485E+017
   8.8654900000000002E-003   1.0012481905339255E+018
   8.8652999999999996E-003   1.0223620378199224E+018
   8.8650799999999991E-003   1.0450277044834385E+018
   8.8648600000000004E-003   1.0663411254094998E+018
   8.8646599999999999E-003   1.0863545254361202E+018
   8.8644699999999993E-003   1.1085497887289459E+018
   8.8642400000000007E-003   1.1328494676956593E+018
   8.8640100000000003E-003   1.1567781459792028E+018
   8.8637899999999999E-003   1.1803541051221709E+018
   8.8635699999999994E-003   1.1978887170460877E+018
   8.8634600000000001E-003   1.2153419697014500E+018
   8.8632499999999996E-003   1.2326369542614643E+018
   8.8631400000000003E-003   1.2463934735214060E+018
   8.8629999999999994E-003   1.2623561289258081E+018
   8.8628500000000002E-003   1.2781744369474424E+018
   8.8627099999999993E-003   1.2938525779464238E+018
   8.8625700000000002E-003   1.3149028637725330E+018
   8.8623299999999999E-003   1.3411617363799322E+018
   8.8620999999999995E-003   1.3672847675020035E+018
   8.8618700000000009E-003   1.3932805148047160E+018
   8.8616400000000005E-003   1.4231635826675389E+018
   8.8613500000000005E-003   1.4567799779728980E+018
   8.8610600000000005E-003   1.4817159042597143E+018
   8.8609199999999996E-003   1.4982618460331863E+018
   8.8607800000000004E-003   1.5229681325433567E+018
   8.8605000000000003E-003   1.5555756957825160E+018
   8.8602200000000002E-003   1.5877653755183634E+018
   8.8599500000000001E-003   1.6195586416751770E+018
   8.8596899999999999E-003   1.6550470785025464E+018
   8.8593700000000001E-003   1.6940799079928223E+018
   8.8590500000000003E-003   1.7326793979509852E+018
   8.8587300000000004E-003   1.7708721029552189E+018
   8.8584300000000005E-003   1.8086141970899671E+018
   8.8581300000000005E-003   1.8459300958786844E+018
   8.8578300000000006E-003   1.8756034527622794E+018
   8.8576499999999999E-003   1.8978787230635968E+018
   8.8574799999999992E-003   1.9199683242819500E+018
   8.8573000000000002E-003   1.9418775588395169E+018
   8.8571299999999995E-003   1.9746603443537692E+018
   8.8567899999999998E-003   2.0179621736063035E+018
   8.8564600000000000E-003   2.0644700777229281E+018
   8.8560800000000005E-003   2.1140504131708032E+018
   8.8556999999999993E-003   2.1631936769813046E+018
   8.8553299999999998E-003   2.2119294681926026E+018
   8.8549700000000002E-003   2.2498830438142694E+018
   8.8547599999999997E-003   2.2774186555401595E+018
   8.8545599999999992E-003   2.3048445693225979E+018
   8.8543500000000004E-003   2.3321644465064760E+018
   8.8541499999999999E-003   2.3661754942505016E+018
   8.8538499999999999E-003   2.4066888499580058E+018
   8.8535599999999999E-003   2.4539455261669591E+018
   8.8531700000000005E-003   2.5076923636817188E+018
   8.8527799999999993E-003   2.5609938680978109E+018
   8.8523999999999999E-003   2.6138767537172833E+018
   8.8520300000000003E-003   2.6531767970317025E+018
   8.8518499999999996E-003   2.6792988519997358E+018
   8.8516600000000008E-003   2.7088376308762583E+018
   8.8514300000000004E-003   2.7417203892955709E+018
   8.8512000000000000E-003   2.7908117417311969E+018
   8.8507499999999992E-003   2.8555552510427971E+018
   8.8503100000000001E-003   2.9036041241265807E+018
   8.8500899999999997E-003   2.9355113764822446E+018
   8.8498699999999993E-003   2.9708154855644754E+018
   8.8496100000000008E-003   3.0094386115341368E+018
   8.8493500000000006E-003   3.0477219895608253E+018
   8.8490900000000004E-003   3.0856762740002304E+018
   8.8488400000000002E-003   3.1238767979811149E+018
   8.8485800000000000E-003   3.1623197186791721E+018
   8.8483199999999998E-003   3.2198291670984760E+018
   8.8478199999999993E-003   3.2957478845986186E+018
   8.8473200000000005E-003   3.3521431794116710E+018
   8.8470800000000002E-003   3.3896653242582994E+018
   8.8468300000000000E-003   3.4306834394942894E+018
   8.8465400000000000E-003   3.4751173323197614E+018
   8.8462599999999999E-003   3.5191658902781757E+018
   8.8459799999999998E-003   3.5851959579389087E+018
   8.8454099999999997E-003   3.6511039934994068E+018
   8.8451299999999997E-003   3.6950264564101780E+018
   8.8448599999999995E-003   3.7385990268640942E+018
   8.8445899999999994E-003   3.7981913360369434E+018
   8.8441100000000005E-003   3.8733256955465580E+018
   8.8436499999999998E-003   3.9486660978149780E+018
   8.8431800000000008E-003   4.0237399155330785E+018
   8.8427200000000001E-003   4.0946948006573512E+018
   8.8422899999999992E-003   4.1616931696625004E+018
   8.8418699999999999E-003   4.2156711370155346E+018
   8.8416099999999997E-003   4.2573571138817157E+018
   8.8413499999999996E-003   4.3232621438595651E+018
   8.8407699999999995E-003   4.4125650757830257E+018
   8.8402099999999994E-003   4.4826740537192264E+018
   8.8398899999999996E-003   4.5342942477555461E+018
   8.8395699999999997E-003   4.6101648115944540E+018
   8.8389599999999999E-003   4.7103990690883297E+018
   8.8383600000000000E-003   4.8183793954396826E+018
   8.8376800000000005E-003   4.9333145864171489E+018
   8.8370199999999993E-003   5.0228802448864686E+018
   8.8366499999999997E-003   5.0878886400040632E+018
   8.8362700000000002E-003   5.1529589433917972E+018
   8.8359000000000007E-003   5.2180928266077051E+018
   8.8355299999999994E-003   5.3077443277740073E+018
   8.8348899999999998E-003   5.4211344214851297E+018
   8.8342600000000000E-003   5.5203915949407601E+018
   8.8337799999999994E-003   5.6060105149606472E+018
   8.8333000000000005E-003   5.6851470398836582E+018
   8.8328999999999994E-003   5.7941444307760210E+018
   8.8321100000000007E-003   5.9443835973458237E+018
   8.8312600000000005E-003   6.0606193332935270E+018
   8.8308499999999995E-003   6.1372888405368986E+018
   8.8304400000000002E-003   6.2514127984047053E+018
   8.8296299999999998E-003   6.4017198256592968E+018
   8.8288399999999993E-003   6.5456685411309394E+018
   8.8281100000000001E-003   6.6641715796389519E+018
   8.8275999999999997E-003   6.7621081932167076E+018
   8.8270899999999992E-003   6.9045937924872049E+018
   8.8261299999999997E-003   7.0899345709771663E+018
   8.8251900000000001E-003   7.2774953637196063E+018
   8.8242200000000007E-003   7.4672080479671992E+018
   8.8232699999999994E-003   7.6361166171775611E+018
   8.8225300000000003E-003   7.7851048844093778E+018
   8.8217999999999994E-003   7.9672088607735491E+018
   8.8207400000000005E-003   8.1279914653473987E+018
   8.8202200000000001E-003   8.2340180907668480E+018
   8.8197099999999997E-003   8.3817274522600397E+018
   8.8187900000000000E-003   8.5697732185956076E+018
   8.8179000000000000E-003   8.7157853854796186E+018
   8.8173999999999995E-003   8.8210844601112525E+018
   8.8169000000000008E-003   8.9548495011070505E+018
   8.8161400000000001E-003   9.1162898968761139E+018
   8.8153899999999993E-003   9.3211413869916652E+018
   8.8142299999999993E-003   9.5115488439134904E+018
   8.8136199999999994E-003   9.6635498385363333E+018
   8.8128400000000006E-003   9.8335253957058888E+018
   8.8120700000000000E-003   1.0041551663428846E+019
   8.8109499999999997E-003   1.0225396639108086E+019
   8.8103999999999995E-003   1.0346766907086926E+019
   8.8098599999999992E-003   1.0534534774425369E+019
   8.8087300000000007E-003   1.0723889101892200E+019
   8.8081800000000005E-003   1.0848901929111146E+019
   8.8076300000000003E-003   1.0985351993165711E+019
   8.8069800000000007E-003   1.1132957444012059E+019
   8.8063299999999994E-003   1.1320963452009359E+019
   8.8053400000000000E-003   1.1547964571115518E+019
   8.8043700000000006E-003   1.1737962413256063E+019
   8.8036999999999994E-003   1.1892191802186938E+019
   8.8030399999999998E-003   1.2046372635790014E+019
   8.8023800000000003E-003   1.2285476500011301E+019
   8.8010199999999997E-003   1.2604711431180009E+019
   8.7996900000000006E-003   1.2929521174365762E+019
   8.7983000000000002E-003   1.3177460238073727E+019
   8.7976100000000008E-003   1.3340798312699458E+019
   8.7969399999999996E-003   1.3594624506160327E+019
   8.7955199999999994E-003   1.3934547230605560E+019
   8.7941400000000006E-003   1.4279310824941670E+019
   8.7926900000000006E-003   1.4541864834060362E+019
   8.7919799999999996E-003   1.4714145483210861E+019
   8.7912700000000003E-003   1.4890585599315255E+019
   8.7905299999999995E-003   1.5070713551333063E+019
   8.7897900000000005E-003   1.5248426739240657E+019
   8.7890699999999995E-003   1.5423632953376510E+019
   8.7883500000000003E-003   1.5602709454152018E+019
   8.7875899999999996E-003   1.5785086384154808E+019
   8.7868400000000006E-003   1.6053048573656863E+019
   8.7853700000000007E-003   1.6319936900329783E+019
   8.7845900000000001E-003   1.6502409377853796E+019
   8.7838199999999995E-003   1.6681336134850359E+019
   8.7830700000000005E-003   1.6856694282449547E+019
   8.7823199999999997E-003   1.7035946068624376E+019
   8.7815299999999992E-003   1.7216421295440640E+019
   8.7807400000000004E-003   1.7392598555591451E+019
   8.7799699999999998E-003   1.7564831956108229E+019
   8.7792100000000008E-003   1.7739212932506810E+019
   8.7784000000000004E-003   1.7915041448427071E+019
   8.7776000000000000E-003   1.8086162473381136E+019
   8.7768099999999995E-003   1.8253054384781988E+019
   8.7760300000000006E-003   1.8421539810249404E+019
   8.7752100000000003E-003   1.8591037812832813E+019
   8.7743900000000000E-003   1.8755491976672739E+019
   8.7735799999999996E-003   1.8915757356036342E+019
   8.7727900000000008E-003   1.9077216762618278E+019
   8.7719500000000006E-003   1.9239788761111319E+019
   8.7711100000000004E-003   1.9397431271485657E+019
   8.7702900000000000E-003   1.9551555611804803E+019
   8.7694799999999996E-003   1.9707181610845708E+019
   8.7686199999999995E-003   1.9864451707016552E+019
   8.7677699999999994E-003   2.0017488036511482E+019
   8.7669299999999992E-003   2.0167780024103711E+019
   8.7661000000000006E-003   2.0320230612196114E+019
   8.7652300000000006E-003   2.0475040993157960E+019
   8.7643600000000006E-003   2.0626487278520508E+019
   8.7635100000000004E-003   2.0775953506513015E+019
   8.7626600000000002E-003   2.0928760556049342E+019
   8.7617700000000003E-003   2.1083589271650415E+019
   8.7608900000000003E-003   2.1233044925044220E+019
   8.7600100000000004E-003   2.1386907581981397E+019
   8.7591500000000003E-003   2.1633228739868742E+019
   8.7573400000000006E-003   2.1954915673157734E+019
   8.7555800000000007E-003   2.2192410483862934E+019
   8.7546499999999992E-003   2.2357584053680136E+019
   8.7537299999999995E-003   2.2520582679437124E+019
   8.7528299999999996E-003   2.2688989510760178E+019
   8.7519399999999997E-003   2.2962020186537583E+019
   8.7500600000000005E-003   2.3317092137341157E+019
   8.7482299999999992E-003   2.3578169342959776E+019
   8.7472599999999998E-003   2.3761584384765948E+019
   8.7463100000000002E-003   2.4038641849386336E+019
   8.7444500000000008E-003   2.4416543593353384E+019
   8.7425000000000003E-003   2.4700468164652515E+019
   8.7415500000000007E-003   2.4895019894226682E+019
   8.7405999999999994E-003   2.5211053465711432E+019
   8.7386200000000008E-003   2.5619822381126218E+019
   8.7366900000000001E-003   2.6024122079100346E+019
   8.7346699999999999E-003   2.6333419044297359E+019
   8.7336800000000006E-003   2.6539701533228331E+019
   8.7326999999999995E-003   2.6868064677116748E+019
   8.7306399999999996E-003   2.7305156768031191E+019
   8.7286299999999994E-003   2.7752052887619727E+019
   8.7265399999999996E-003   2.8208223263075963E+019
   8.7244999999999996E-003   2.8546034037497008E+019
   8.7234200000000008E-003   2.8781186368840081E+019
   8.7223600000000002E-003   2.9145805525480575E+019
   8.7202000000000009E-003   2.9625102271692210E+019
   8.7180999999999995E-003   3.0105176142042538E+019
   8.7159799999999999E-003   3.0604178126780740E+019
   8.7137699999999992E-003   3.1113565756327789E+019
   8.7115999999999999E-003   3.1490037360156459E+019
   8.7104699999999997E-003   3.1891916796502368E+019
   8.7082300000000008E-003   3.2349088683987980E+019
   8.7065600000000003E-003   3.2751481410632020E+019
   8.7048400000000001E-003   3.3228588739311903E+019
   8.7025899999999996E-003   3.3782855662446723E+019
   8.7002399999999997E-003   3.4267486522826559E+019
   8.6985199999999995E-003   3.4685578482602512E+019
   8.6967499999999996E-003   3.5124769374153736E+019
   8.6949699999999998E-003   3.5556787157913940E+019
   8.6932199999999998E-003   3.5975236895111401E+019
   8.6915299999999994E-003   3.6380095480154931E+019
   8.6898600000000006E-003   3.6739567326809993E+019
   8.6885000000000000E-003   3.7063265345507508E+019
   8.6871599999999993E-003   3.7410779202351333E+019
   8.6856199999999998E-003   3.7772324598018580E+019
   8.6841000000000002E-003   3.8130803997499875E+019
   8.6825200000000009E-003   3.8497458717249896E+019
   8.6809699999999997E-003   3.8951697806745387E+019
   8.6787500000000007E-003   3.9447848041890660E+019
   8.6765799999999997E-003   3.9841655712234021E+019
   8.6750000000000004E-003   4.0180736434063876E+019
   8.6734399999999993E-003   4.0609546232551457E+019
   8.6711600000000007E-003   4.1073490970644136E+019
   8.6689300000000000E-003   4.1440357026805268E+019
   8.6672799999999994E-003   4.1746957640191967E+019
   8.6656600000000004E-003   4.2041652434542076E+019
   8.6640199999999997E-003   4.2331070704128991E+019
   8.6624200000000005E-003   4.2682867137982284E+019
   8.6601000000000004E-003   4.3055710910719205E+019
   8.6578400000000000E-003   4.3371049587582771E+019
   8.6558099999999999E-003   4.3655027030777766E+019
   8.6538399999999994E-003   4.3920513096833294E+019
   8.6518099999999994E-003   4.4176175094917857E+019
   8.6498400000000007E-003   4.4440682045840351E+019
   8.6474800000000008E-003   4.4707862561115292E+019
   8.6451900000000005E-003   4.4958922042555105E+019
   8.6428300000000007E-003   4.5189883081792946E+019
   8.6405400000000004E-003   4.5360996456568676E+019
   8.6388699999999999E-003   4.5522006387457532E+019
   8.6372299999999992E-003   4.5768344171730575E+019
   8.6341899999999999E-003   4.6062778169997599E+019
   8.6312699999999999E-003   4.6289148389455888E+019
   8.6292399999999998E-003   4.6493105793113006E+019
   8.6272699999999994E-003   4.6714417627531313E+019
   8.6252499999999992E-003   4.6947521059833471E+019
   8.6232900000000005E-003   4.7327620126787002E+019
   8.6193399999999996E-003   4.7739606442739417E+019
   8.6173599999999993E-003   4.8043508868879008E+019
   8.6154300000000003E-003   4.8434151077015724E+019
   8.6127500000000006E-003   4.8792803137551761E+019
   8.6114399999999997E-003   4.9042011136235209E+019
   8.6101600000000004E-003   4.9450649372684190E+019
   8.6074800000000007E-003   4.9883652382114906E+019
   8.6061699999999998E-003   5.0265318775472701E+019
   8.6042099999999993E-003   5.0753920012697657E+019
   8.6022000000000008E-003   5.1182915424734618E+019
   8.6008899999999999E-003   5.1726703985486717E+019
   8.5982500000000000E-003   5.2301747417029755E+019
   8.5969099999999993E-003   5.2701149775477383E+019
   8.5956000000000001E-003   5.3221737871418900E+019
   8.5936199999999997E-003   5.3882902505465905E+019
   8.5915899999999996E-003   5.4458281113053135E+019
   8.5902700000000005E-003   5.4926643892205199E+019
   8.5889599999999997E-003   5.5677474544820691E+019
   8.5862300000000003E-003   5.6589971675827315E+019
   8.5842399999999999E-003   5.7262854505195725E+019
   8.5828899999999993E-003   5.7976399379238281E+019
   8.5808299999999994E-003   5.9004987737794306E+019
   8.5781499999999997E-003   5.9913594874120217E+019
   8.5767499999999993E-003   6.0717724437549359E+019
   8.5746799999999995E-003   6.1688984895569748E+019
   8.5726499999999994E-003   6.2881238942180344E+019
   8.5698300000000005E-003   6.4034107639362462E+019
   8.5680800000000005E-003   6.4936212522889757E+019
   8.5663600000000003E-003   6.6065913255973118E+019
   8.5638699999999995E-003   6.7400206490805535E+019
   8.5614300000000001E-003   6.8872504632340947E+019
   8.5585200000000000E-003   7.0092108962461712E+019
   8.5570999999999998E-003   7.0913052762408092E+019
   8.5556899999999995E-003   7.2343972794060603E+019
   8.5523400000000003E-003   7.4325077339110932E+019
   8.5490800000000006E-003   7.5866519154977702E+019
   8.5471999999999996E-003   7.7363102942818746E+019
   8.5442299999999999E-003   7.9378367757354025E+019
   8.5408199999999993E-003   8.1194890744529502E+019
   8.5385600000000006E-003   8.2548667719626342E+019
   8.5366100000000000E-003   8.3818773162803036E+019
   8.5346799999999994E-003   8.5399731165409853E+019
   8.5319200000000001E-003   8.7200467700429062E+019
   8.5292100000000006E-003   8.8912719006662181E+019
   8.5268199999999992E-003   9.0523171991150985E+019
   8.5244599999999993E-003   9.1895678903093215E+019
   8.5228300000000003E-003   9.3025434529607025E+019
   8.5212099999999995E-003   9.4687527281439605E+019
   8.5181000000000007E-003   9.6883960485269897E+019
   8.5150499999999997E-003   9.8501770514955567E+019
   8.5134800000000004E-003   9.9626441583634776E+019
   8.5119299999999991E-003   1.0101351986790043E+020
   8.5096900000000003E-003   1.0264268645317345E+020
   8.5074899999999995E-003   1.0473502521399534E+020
   8.5040500000000008E-003   1.0734305510496192E+020
   8.5005600000000008E-003   1.1018171479406975E+020
   8.4966399999999997E-003   1.1273605920074242E+020
   8.4939600000000001E-003   1.1486630048060078E+020
   8.4912300000000007E-003   1.1749733188605924E+020
   8.4874000000000008E-003   1.2101046004388430E+020
   8.4825800000000000E-003   1.2386679928555823E+020
   8.4804500000000005E-003   1.2563369564314655E+020
   8.4783500000000008E-003   1.2771742995701193E+020
   8.4755300000000002E-003   1.3016647696815107E+020
   8.4726200000000002E-003   1.3265887219102035E+020
   8.4697499999999998E-003   1.3519852703578436E+020
   8.4668000000000000E-003   1.3781354510407936E+020
   8.4638300000000003E-003   1.4044656777769304E+020
   8.4609100000000003E-003   1.4269236923470019E+020
   8.4588500000000004E-003   1.4548440077788543E+020
   8.4548000000000002E-003   1.4977136115448558E+020
   8.4496399999999996E-003   1.5390025595228711E+020
   8.4460100000000003E-003   1.5713645352926963E+020
   8.4428500000000000E-003   1.6023008934337469E+020
   8.4396300000000000E-003   1.6446101976573107E+020
   8.4342299999999992E-003   1.6889984753822751E+020
   8.4306799999999994E-003   1.7165086653049969E+020
   8.4287700000000004E-003   1.7480820047278106E+020
   8.4245299999999995E-003   1.7916320633188146E+020
   8.4203699999999999E-003   1.8253791867255688E+020
   8.4180799999999997E-003   1.8494888610562592E+020
   8.4158099999999993E-003   1.8852458307243770E+020
   8.4114099999999994E-003   1.9322392292251750E+020
   8.4071000000000007E-003   1.9655260710551142E+020
   8.4053099999999992E-003   1.9852118150981930E+020
   8.4035299999999993E-003   2.0187103042542371E+020
   8.3992800000000003E-003   2.0659425424096159E+020
   8.3951100000000008E-003   2.1012939804827042E+020
   8.3929599999999997E-003   2.1258913129686719E+020
   8.3908200000000002E-003   2.1608035324359095E+020
   8.3869200000000008E-003   2.2060020425357617E+020
   8.3830799999999994E-003   2.2445493274349624E+020
   8.3803899999999997E-003   2.2765189437993314E+020
   8.3777200000000000E-003   2.3131289847984708E+020
   8.3742999999999995E-003   2.3543538906197649E+020
   8.3709300000000004E-003   2.4015877937775627E+020
   8.3666200000000000E-003   2.4547334938562825E+020
   8.3623800000000009E-003   2.5038197550645510E+020
   8.3587799999999997E-003   2.5676566848156156E+020
   8.3523499999999997E-003   2.6274404104291235E+020
   8.3494899999999993E-003   2.6669026786458432E+020
   8.3463200000000008E-003   2.7086031850071976E+020
   8.3431700000000004E-003   2.7733491952107078E+020
   8.3366399999999993E-003   2.8609805491228036E+020
   8.3302600000000008E-003   2.9523597240830820E+020
   8.3234299999999997E-003   3.0474750550945766E+020
   8.3167599999999994E-003   3.1201464942103488E+020
   8.3131600000000000E-003   3.1719763327683363E+020
   8.3096100000000003E-003   3.2271161470934601E+020
   8.3056399999999996E-003   3.2855851242599809E+020
   8.3017100000000003E-003   3.3413412503972223E+020
   8.2981800000000005E-003   3.3944364074815036E+020
   8.2946800000000005E-003   3.4585177421376147E+020
   8.2897900000000000E-003   3.5335429719672134E+020
   8.2849699999999991E-003   3.6173455504625435E+020
   8.2791099999999992E-003   3.7097474701441787E+020
   8.2733500000000005E-003   3.7966535251343363E+020
   8.2682999999999993E-003   3.8783986388954035E+020
   8.2633299999999993E-003   3.9633561543691312E+020
   8.2579400000000001E-003   4.0444803220291722E+020
   8.2537200000000008E-003   4.1155928720481144E+020
   8.2495599999999995E-003   4.2119927700757479E+020
   8.2425299999999996E-003   4.3335949734086672E+020
   8.2356300000000007E-003   4.4495928408976490E+020
   8.2295000000000007E-003   4.5592904899409078E+020
   8.2234700000000001E-003   4.6618495543168192E+020
   8.2181300000000006E-003   4.7959994139873667E+020
   8.2090600000000007E-003   4.9154725257153439E+020
   8.2054599999999995E-003   4.9839415836426378E+020
   8.2018899999999999E-003   5.0864433970649753E+020
   8.1948600000000000E-003   5.2229125309540034E+020
   8.1879599999999993E-003   5.3343317274569513E+020
   8.1836400000000007E-003   5.4207593867482137E+020
   8.1793700000000000E-003   5.5227883379012718E+020
   8.1736099999999996E-003   5.6404007997789320E+020
   8.1679400000000003E-003   5.7719546505368371E+020
   8.1610099999999998E-003   5.9501068105175558E+020
   8.1511699999999992E-003   6.1317529096785075E+020
   8.1441800000000009E-003   6.2515085515969305E+020
   8.1402400000000000E-003   6.3877276171886382E+020
   8.1319700000000005E-003   6.5727739491037780E+020
   8.1238500000000002E-003   6.7141532597223673E+020
   8.1195899999999994E-003   6.8126009153568598E+020
   8.1153700000000002E-003   6.9108772535226099E+020
   8.1111900000000008E-003   7.0090713873034668E+020
   8.1070499999999993E-003   7.1625595322144850E+020
   8.0983500000000007E-003   7.3713303885851958E+020
   8.0898199999999993E-003   7.5865837917066822E+020
   8.0809100000000002E-003   7.8083395153930420E+020
   8.0721700000000000E-003   7.9781463937567031E+020
   8.0675899999999995E-003   8.0960087491139496E+020
   8.0630400000000005E-003   8.2137855189929820E+020
   8.0585399999999995E-003   8.3314784627631679E+020
   8.0540899999999999E-003   8.5155149518424546E+020
   8.0447299999999999E-003   8.7656800683925832E+020
   8.0355500000000007E-003   8.9556500553290390E+020
   8.0307399999999998E-003   9.0885724345116721E+020
   8.0259700000000003E-003   9.2214109480038315E+020
   8.0212400000000007E-003   9.3541588910715227E+020
   8.0165600000000007E-003   9.5615878121071090E+020
   8.0067400000000000E-003   9.8437753950973225E+020
   7.9971100000000000E-003   1.0133566804101435E+021
   7.9870500000000007E-003   1.0433267904982939E+021
   7.9771800000000004E-003   1.0662848863427550E+021
   7.9719999999999999E-003   1.0822123307895070E+021
   7.9668699999999992E-003   1.0981308361694080E+021
   7.9617899999999998E-003   1.1140449450041064E+021
   7.9567600000000002E-003   1.1388932662726815E+021
   7.9462100000000004E-003   1.1726966795541088E+021
   7.9358499999999995E-003   1.1983312331647625E+021
   7.9304200000000005E-003   1.2162835183776933E+021
   7.9250399999999995E-003   1.2342268009359296E+021
   7.9197099999999999E-003   1.2521595232500937E+021
   7.9144400000000000E-003   1.2801665951100132E+021
   7.9033699999999998E-003   1.3182673954728030E+021
   7.8925100000000002E-003   1.3574846958015700E+021
   7.8811699999999998E-003   1.3979315485279382E+021
   7.8700500000000000E-003   1.4289146779547830E+021
   7.8642199999999999E-003   1.4504039812635078E+021
   7.8584499999999995E-003   1.4718835685151232E+021
   7.8527300000000005E-003   1.4933584357817739E+021
   7.8470599999999995E-003   1.5268537827974714E+021
   7.8351800000000006E-003   1.5724287403984984E+021
   7.8235200000000005E-003   1.6069932078116836E+021
   7.8174100000000003E-003   1.6313430948230099E+021
   7.8113599999999998E-003   1.6675799148303454E+021
   7.7994300000000004E-003   1.7175037827307054E+021
   7.7869799999999998E-003   1.7561070744742918E+021
   7.7808499999999997E-003   1.7817046195572496E+021
   7.7747700000000003E-003   1.8216951382400146E+021
   7.7620299999999996E-003   1.8760900696033085E+021
   7.7495300000000001E-003   1.9172778978998768E+021
   7.7429800000000000E-003   1.9461310322157722E+021
   7.7364900000000004E-003   1.9825778483270525E+021
   7.7266799999999997E-003   2.0268146922174902E+021
   7.7169999999999999E-003   2.0718000068979510E+021
   7.7070699999999999E-003   2.1177778907948930E+021
   7.6972700000000000E-003   2.1651935263381838E+021
   7.6870100000000002E-003   2.2139626687754110E+021
   7.6769000000000004E-003   2.2637001861853248E+021
   7.6665099999999996E-003   2.3298336842444578E+021
   7.6500900000000000E-003   2.4015927734716193E+021
   7.6378699999999997E-003   2.4643060369172647E+021
   7.6255300000000002E-003   2.5284498092952424E+021
   7.6130800000000004E-003   2.6026920033930078E+021
   7.5973200000000003E-003   2.6785450195876651E+021
   7.5846899999999998E-003   2.7483848117735328E+021
   7.5716100000000003E-003   2.8204322305957230E+021
   7.5585200000000000E-003   2.8894986780695803E+021
   7.5468200000000001E-003   2.9537952901250034E+021
   7.5356800000000003E-003   3.0306280818701930E+021
   7.5198599999999997E-003   3.1133388057051561E+021
   7.5068299999999999E-003   3.1840630054263749E+021
   7.4951699999999998E-003   3.2547754902483055E+021
   7.4813900000000001E-003   3.3378950517969220E+021
   7.4662900000000004E-003   3.4099200545301683E+021
   7.4563600000000004E-003   3.4702378363387920E+021
   7.4424000000000001E-003   3.5443102855456668E+021
   7.4259699999999996E-003   3.5967053633149406E+021
   7.4101499999999999E-003   3.6433997762718707E+021
   7.3955000000000002E-003   3.6387390590164140E+021
   7.3814600000000003E-003   3.5970718361873830E+021
   7.3655900000000000E-003   3.4615016810773820E+021
   7.3593199999999999E-003   3.4766356862924300E+021
   7.3444799999999996E-003   3.1499616332324966E+021
   7.3250600000000004E-003   3.0092229799665494E+021
   7.3112899999999998E-003   2.6792811395795108E+021
   7.2979700000000000E-003   2.2741966575440130E+021
   7.2828399999999996E-003   2.0695725562184587E+021
   7.2689599999999997E-003   1.9558105260311980E+021
   7.2630699999999999E-003   1.8197263823610068E+021
   7.2572200000000000E-003   1.7018350002496885E+021
   7.2429299999999999E-003   1.6122487235898630E+021
   7.2372000000000001E-003   1.5666459250510392E+021
   7.2306499999999999E-003   1.4913452792675770E+021
   7.2255499999999999E-003   1.4867386466227506E+021
   7.2174600000000002E-003   1.4531818326120491E+021
   7.2122799999999997E-003   1.4146218625906191E+021
   7.2074299999999999E-003   1.3973223203853078E+021
   7.2030400000000000E-003   1.4049393970723548E+021
   7.1977899999999999E-003   1.3851983086447671E+021
   7.1919899999999997E-003   1.3803772668172650E+021
   7.1862300000000000E-003   1.3854760183129283E+021
   7.1827400000000000E-003   1.3912248500512282E+021
   7.1779699999999997E-003   1.3990809046538529E+021
   7.1755999999999999E-003   1.4053500347025027E+021
   7.1738200000000000E-003   1.4145184800670844E+021
   7.1696599999999996E-003   1.4241480622111352E+021
   7.1672799999999998E-003   1.4338593905995256E+021
   7.1639700000000004E-003   1.4462147729585511E+021
   7.1612600000000000E-003   1.4697925643312038E+021
   7.1552200000000003E-003   1.5035538344837639E+021
   7.1506900000000003E-003   1.5267109267921476E+021
   7.1455700000000004E-003   1.5749819436187347E+021
   7.1395800000000004E-003   1.6177951137680445E+021
   7.1348799999999997E-003   1.6559728012405999E+021
   7.1303800000000004E-003   1.7015834650374651E+021
   7.1260300000000002E-003   1.7390833920632535E+021
   7.1220800000000003E-003   1.7876827201458843E+021
   7.1170399999999998E-003   1.8275551521888626E+021
   7.1149700000000000E-003   1.8625885555421099E+021
   7.1108500000000002E-003   1.9064787975353569E+021
   7.1081000000000000E-003   1.9481485219087927E+021
   7.1040000000000001E-003   1.9879223073563376E+021
   7.1019600000000000E-003   2.0278307879736265E+021
   7.0979700000000003E-003   2.0816603580525005E+021
   7.0940899999999999E-003   2.1229464761461692E+021
   7.0921500000000002E-003   2.1557281590171415E+021
   7.0896400000000004E-003   2.2116399647255497E+021
   7.0846199999999998E-003   2.2883237275494934E+021
   7.0796300000000000E-003   2.3678157338651163E+021
   7.0746600000000000E-003   2.4292379138956339E+021
   7.0721899999999999E-003   2.4645917921253817E+021
   7.0703299999999997E-003   2.5118926661278258E+021
   7.0666300000000000E-003   2.5759834188284255E+021
   7.0629999999999998E-003   2.6402279048789450E+021
   7.0594200000000003E-003   2.7043935805106217E+021
   7.0559000000000004E-003   2.7683688403546281E+021
   7.0524400000000001E-003   2.8438588385140230E+021
   7.0479300000000000E-003   2.9144713571342531E+021
   7.0451400000000001E-003   2.9685090856509453E+021
   7.0423700000000001E-003   3.0396726816116446E+021
   7.0378000000000003E-003   3.1202243538935244E+021
   7.0342099999999999E-003   3.1884993449987812E+021
   7.0310499999999996E-003   3.2487151851462040E+021
   7.0283100000000003E-003   3.3267633390371131E+021
   7.0237099999999998E-003   3.4243703591365493E+021
   7.0189099999999997E-003   3.5502184996709791E+021
   7.0127200000000001E-003   3.6433523938699641E+021
   7.0097900000000001E-003   3.7191576014226556E+021
   7.0068800000000001E-003   3.8265217997211021E+021
   7.0025199999999999E-003   3.8817873202136927E+021
   6.9967299999999996E-003   4.0928325635867641E+021
   6.9938500000000002E-003   4.0802774392562306E+021
   6.9909700000000000E-003   4.1376341345762741E+021
   6.9865099999999996E-003   4.2631696445786292E+021
   6.9802500000000003E-003   4.4367160945173568E+021
   6.9766400000000001E-003   4.5217754570301222E+021
   6.9705100000000001E-003   4.7168692622109484E+021
   6.9644800000000003E-003   4.7061386518110017E+021
   6.9610499999999999E-003   4.7978785352214538E+021
   6.9588499999999999E-003   4.9689883441163602E+021
   6.9544600000000000E-003   4.9969654478649090E+021
   6.9491300000000004E-003   5.4053471166114751E+021
   6.9459999999999999E-003   5.2979784806598485E+021
   6.9409900000000002E-003   5.2958643638772559E+021
   6.9385000000000002E-003   5.3290681087195181E+021
   6.9336299999999997E-003   5.7423501450832364E+021
   6.9265300000000002E-003   5.7120310583839498E+021
   6.9216700000000004E-003   5.9183727114543086E+021
   6.9168299999999997E-003   6.0063508587671024E+021
   6.9085199999999996E-003   6.1051187810571062E+021
   6.9040999999999998E-003   6.3015280362618555E+021
   6.9004200000000000E-003   6.4456554885725773E+021
   6.8967500000000001E-003   6.6293562242580066E+021
   6.8940599999999996E-003   6.6062944486051262E+021
   6.8920500000000003E-003   6.7639975202680388E+021
   6.8883900000000003E-003   6.9496366118843953E+021
   6.8868000000000002E-003   7.1230209013255965E+021
   6.8842699999999996E-003   7.2543457427774851E+021
   6.8822299999999996E-003   7.4771565837358339E+021
   6.8806500000000003E-003   7.4927122776720534E+021
   6.8790800000000001E-003   7.6099730666480028E+021
   6.8777800000000000E-003   7.6893403085036554E+021
   6.8764899999999999E-003   7.7619451266972485E+021
   6.8752099999999997E-003   7.8729270216175963E+021
   6.8739300000000003E-003   8.1017550936273794E+021
   6.8713400000000001E-003   8.1610748180081798E+021
   6.8687499999999999E-003   8.2109249070485723E+021
   6.8676199999999996E-003   8.2235079913864880E+021
   6.8664900000000003E-003   8.5525930868102419E+021
   6.8646799999999997E-003   8.5737538275658768E+021
   6.8628800000000000E-003   8.5949168523816154E+021
   6.8610800000000003E-003   8.6160817092417573E+021
   6.8592799999999997E-003   8.8048344633013321E+021
   6.8552400000000003E-003   8.9463751244535782E+021
   6.8512199999999999E-003   9.1465079311574908E+021
   6.8422400000000003E-003   9.2427476453332017E+021
   6.8222700000000001E-003   9.4295387742897743E+021
   6.8043699999999997E-003   9.6015740876017159E+021
   6.7899800000000001E-003   9.8369539201679281E+021
   6.7765899999999999E-003   1.0118253708000711E+022
   6.7568599999999999E-003   1.0424883056625232E+022
   6.7383599999999997E-003   1.0671745415879475E+022
   6.7219400000000000E-003   1.0909990426751248E+022
   6.7055900000000000E-003   1.1164235320691301E+022
   6.6894299999999997E-003   1.1430992849249075E+022
   6.6706900000000000E-003   1.1684093533768332E+022
   6.6550899999999998E-003   1.1925865402180326E+022
   6.6391200000000001E-003   1.2179291735506813E+022
   6.6217300000000002E-003   1.2453277982760622E+022
   6.6031600000000003E-003   1.2767747451976195E+022
   6.5807599999999997E-003   1.3069269307279446E+022
   6.5641700000000002E-003   1.3358474428834352E+022
   6.5442599999999997E-003   1.3678091476636940E+022
   6.5246000000000002E-003   1.3964237761602935E+022
   6.5082999999999998E-003   1.4191656476017452E+022
   6.4976499999999998E-003   1.4429458093490513E+022
   6.4792199999999999E-003   1.4676025609195367E+022
   6.4679300000000002E-003   1.4955473136413131E+022
   6.4455700000000003E-003   1.5270054911187605E+022
   6.4293199999999997E-003   1.5548084394802037E+022
   6.4132199999999999E-003   1.5804029573674350E+022
   6.4000899999999998E-003   1.6034128657009045E+022
   6.3870600000000000E-003   1.6413691721411740E+022
   6.3568599999999998E-003   1.6941649170309812E+022
   6.3271800000000000E-003   1.7334303854526563E+022
   6.3136299999999998E-003   1.7674509097562458E+022
   6.2899799999999997E-003   1.7981731539410823E+022
   6.2798300000000001E-003   1.8304607205730476E+022
   6.2554300000000002E-003   1.8757921214104603E+022
   6.2313700000000000E-003   1.9128663810762424E+022
   6.2174700000000001E-003   1.9387461412630615E+022
   6.2036799999999996E-003   1.9724920183259157E+022
   6.1823599999999996E-003   2.0143377833302375E+022
   6.1612699999999999E-003   2.0497332851277814E+022
   6.1470700000000001E-003   2.0773229025845158E+022
   6.1329699999999997E-003   2.1205065147162493E+022
   6.1039099999999997E-003   2.1790874469321375E+022
   6.0752699999999998E-003   2.2277192450255144E+022
   6.0568400000000000E-003   2.2663531065280911E+022
   6.0385899999999999E-003   2.2982700346954637E+022
   6.0275399999999996E-003   2.3209608564609305E+022
   6.0165499999999998E-003   2.3605619600031956E+022
   5.9903500000000002E-003   2.4277694921296048E+022
   5.9540000000000001E-003   2.4986405601380340E+022
   5.9254800000000003E-003   2.5508122446494349E+022
   5.9075300000000002E-003   2.5971127510128996E+022
   5.8843699999999999E-003   2.6491599733417516E+022
   5.8614599999999998E-003   2.7113496732342510E+022
   5.8303499999999998E-003   2.7839006170486994E+022
   5.7989699999999996E-003   2.8402975364241856E+022
   5.7830800000000003E-003   2.8774051717960308E+022
   5.7673100000000003E-003   2.9348290155041664E+022
   5.7350099999999996E-003   3.0125609577487272E+022
   5.7031399999999998E-003   3.0927327070699760E+022
   5.6702799999999998E-003   3.1740971351166302E+022
   5.6378499999999998E-003   3.2572459276127166E+022
   5.6043999999999998E-003   3.3434640955773397E+022
   5.5713899999999998E-003   3.4299691407461646E+022
   5.5373499999999999E-003   3.5193759808751208E+022
   5.5037400000000000E-003   3.6109526199702785E+022
   5.4691000000000002E-003   3.7035937414827049E+022
   5.4348900000000004E-003   3.7747302039777666E+022
   5.4173900000000002E-003   3.8226507357930358E+022
   5.3999900000000003E-003   3.8960762840403648E+022
   5.3644200000000000E-003   3.9956452021098351E+022
   5.3292699999999997E-003   4.0711736724877730E+022
   5.3112899999999998E-003   4.1225083971029252E+022
   5.2934300000000000E-003   4.2008383334076375E+022
   5.2572599999999997E-003   4.3070100418069453E+022
   5.2207599999999996E-003   4.4155860518710316E+022
   5.1839299999999998E-003   4.5266368038984909E+022
   5.1467700000000002E-003   4.6402446344754062E+022
   5.1092600000000000E-003   4.7564855300861710E+022
   5.0714100000000002E-003   4.8754472308048744E+022
   5.0332099999999998E-003   4.9971951840290490E+022
   4.9946499999999998E-003   5.1217915988387853E+022
   4.9557300000000002E-003   5.2494171954484791E+022
   4.9164400000000002E-003   5.3448188144678903E+022
   4.8965700000000003E-003   5.4116112618981511E+022
   4.8767899999999998E-003   5.4776602577909901E+022
   4.8567200000000001E-003   5.5460273000783282E+022
   4.8367499999999999E-003   5.6353751856693115E+022
   4.8049800000000004E-003   5.7440385450681244E+022
   4.7734300000000004E-003   5.8342332153119380E+022
   4.7528800000000001E-003   5.9060787141716346E+022
   4.7324100000000003E-003   5.9796347975597487E+022
   4.7116500000000004E-003   6.0538475631061819E+022
   4.6909800000000000E-003   6.1291901506955174E+022
   4.6700200000000004E-003   6.2054523998453776E+022
   4.6491500000000003E-003   6.2830299908068312E+022
   4.6279900000000002E-003   6.3617083950335548E+022
   4.6069099999999997E-003   6.4415492434022088E+022
   4.5855300000000000E-003   6.5227331516245951E+022
   4.5642399999999998E-003   6.6051032111512879E+022
   4.5426499999999996E-003   6.6890011198140566E+022
   4.5211499999999998E-003   6.7744320821855840E+022
   4.4993400000000001E-003   6.8612648574255767E+022
   4.4776199999999999E-003   6.9495146908004905E+022
   4.4555899999999997E-003   7.0396230103968420E+022
   4.4336400000000000E-003   7.1315837828959736E+022
   4.4113900000000003E-003   7.2252542884365925E+022
   4.3892100000000002E-003   7.3209931173945888E+022
   4.3667300000000001E-003   7.4182568054163845E+022
   4.3443099999999997E-003   7.5182592245736562E+022
   4.3215900000000002E-003   7.6203993414669500E+022
   4.2989400000000002E-003   7.7251531944811722E+022
   4.2759800000000004E-003   7.8323040139044282E+022
   4.2530800000000002E-003   7.9421503355889549E+022
   4.2299700000000004E-003   8.0551105863675986E+022
   4.2067299999999997E-003   8.1712270568031401E+022
   4.1833699999999996E-003   8.2907221016588440E+022
   4.1598700000000004E-003   8.4136597348517058E+022
   4.1362400000000002E-003   8.5407289783999569E+022
   4.1124899999999999E-003   8.6717247955416308E+022
   4.0885899999999996E-003   8.8078167114870797E+022
   4.0645700000000000E-003   8.9485662780220531E+022
   4.0404000000000004E-003   9.0945165233010443E+022
   4.0160999999999999E-003   9.2462742494036862E+022
   3.9916500000000002E-003   9.4037276975033389E+022
   3.9670699999999996E-003   9.5672021049525752E+022
   3.9423300000000000E-003   9.7373021253168381E+022
   3.9174500000000003E-003   9.9141188993502243E+022
   3.8924200000000002E-003   1.0097871355201622E+023
   3.8672400000000001E-003   1.0290188094889348E+023
   3.8419000000000001E-003   1.0490786121863231E+023
   3.8164000000000002E-003   1.0701629172742024E+023
   3.7907499999999998E-003   1.0925432783567944E+023
   3.7649300000000001E-003   1.1163731233657617E+023
   3.7389500000000000E-003   1.1413473931886316E+023
   3.7128000000000000E-003   1.1670129919885710E+023
   3.6864799999999998E-003   1.1930916777767895E+023
   3.6599900000000001E-003   1.2195800664452736E+023
   3.6333200000000002E-003   1.2464755542365613E+023
   3.6064700000000001E-003   1.2737760627647101E+023
   3.5794400000000001E-003   1.3014801455460555E+023
   3.5522100000000001E-003   1.3295865611748468E+023
   3.5247999999999998E-003   1.3580945419050614E+023
   3.4971899999999998E-003   1.3870036501143145E+023
   3.4693900000000001E-003   1.4163135382107299E+023
   3.4413800000000000E-003   1.4460240931287207E+023
   3.4131600000000002E-003   1.4761354117145404E+023
   3.3847299999999999E-003   1.5066475805801734E+023
   3.3560899999999999E-003   1.5375610036769996E+023
   3.3272200000000001E-003   1.5688758436209621E+023
   3.2981299999999998E-003   1.6005926374271873E+023
   3.2688000000000001E-003   1.6327116236456564E+023
   3.2392400000000000E-003   1.6652332875033513E+023
   3.2094300000000001E-003   1.6981579688930915E+023
   3.1793699999999999E-003   1.7314860184682531E+023
   3.1490500000000000E-003   1.7652177669058145E+023
   3.1184799999999999E-003   1.7993533999759667E+023
   3.0876300000000001E-003   1.8338930834717901E+023
   3.0565000000000002E-003   1.8688368794373416E+023
   3.0250899999999998E-003   1.9041847212499630E+023
   2.9933799999999999E-003   1.9399364604558976E+023
   2.9613700000000001E-003   1.9760917842806761E+023
   2.9290499999999999E-003   2.0126501712971588E+023
   2.8963999999999999E-003   2.0496109517846841E+023
   2.8634200000000002E-003   2.0869733824479731E+023
   2.8300999999999999E-003   2.1247364502634603E+023
   2.7964299999999999E-003   2.1628986660766210E+023
   2.7623900000000000E-003   2.2014587690109843E+023
   2.7279600000000002E-003   2.2404149692149494E+023
   2.6931500000000001E-003   2.2797650409701640E+023
   2.6579199999999998E-003   2.3195069377693585E+023
   2.6222699999999999E-003   2.3596376798949643E+023
   2.5861800000000000E-003   2.4001543331596355E+023
   2.5496300000000002E-003   2.4410535819741451E+023
   2.5125999999999998E-003   2.4823314617402898E+023
   2.4750699999999998E-003   2.5239837955220115E+023
   2.4370199999999998E-003   2.5660058627840980E+023
   2.3984300000000000E-003   2.6083922484072228E+023
   2.3592600000000002E-003   2.6511373090863035E+023
   2.3194900000000000E-003   2.6942006441970146E+023
   2.2790900000000001E-003   2.7378467059639838E+023
   2.2380299999999998E-003   2.7818302907935927E+023
   2.1962700000000002E-003   2.8261424090241350E+023
   2.1537700000000002E-003   2.8707738642682352E+023
   2.1104900000000000E-003   2.9157139415874623E+023
   2.0663700000000001E-003   2.9608894709241888E+023
   2.0213599999999998E-003   3.0065984424081163E+023
   1.9754099999999999E-003   3.0525978200751423E+023
   1.9284500000000000E-003   3.0988129407050796E+023
   1.8807299999999999E-003   3.1455697844016516E+023
   1.8311800000000000E-003   3.1925491739716929E+023
   1.7806899999999999E-003   3.2396057854790329E+023
   1.7288300000000000E-003   3.2771821730707310E+023
   1.6892400000000001E-003   3.3147994753919175E+023
   1.6481600000000001E-003   3.3699181006364849E+023
   1.5708000000000000E-003   3.4130397039568536E+023
   1.5274700000000000E-003   3.4521005031230297E+023
   1.4820499999999999E-003   3.5108071053827753E+023
   1.3879000000000001E-003   3.5642532062987763E+023
   1.3229100000000001E-003   3.6136210643590359E+023
   1.2551200000000000E-003   3.6580467858556017E+023
   1.1802500000000001E-003   3.7097265161903747E+023
   1.1005300000000000E-003   3.7555868865352817E+023
   1.0087500000000001E-003   3.8126040566802694E+023
   8.9930000000000001E-004   3.8780360412757672E+023
   7.0638999999999999E-004   3.9209509545511485E+023
   5.6780000000000003E-004   3.9633227059756916E+023
   4.8412999999999999E-004   3.9844489010356743E+023
   3.8296000000000001E-004   3.9899964888146469E+023
   3.1385000000000001E-004   4.0106925992047203E+023
   2.5071000000000002E-004   3.9990390056732258E+023
   2.0164000000000000E-004   4.0211632930894056E+023
   1.6417000000000000E-004   4.0177072463520840E+023
   1.3642999999999999E-004   4.0277845741708670E+023
   1.1689000000000000E-004   4.0259873522358874E+023
   1.0404000000000000E-004   4.0309075761225675E+023
   8.6870000000000000E-005   4.0327151134806313E+023
   6.8940000000000001E-005   4.0331847037624939E+023
   5.4719999999999998E-005   4.0359061201562501E+023
   4.3430000000000003E-005   4.0363248876734169E+023
   3.4470000000000000E-005   4.0364836140937691E+023
   2.7359999999999999E-005   4.0376280479403166E+023
   2.1710000000000001E-005   4.0377191212815855E+023
   1.7229999999999999E-005   4.0382614770965569E+023
   1.3679999999999999E-005   4.0387957586249580E+023
