   8.9366299999999992E-003   269902513021103.69     
   8.9365899999999995E-003   425249328217855.56     
   8.9365699999999996E-003   536580082888065.81     
   8.9365499999999997E-003   628292924515564.00     
   8.9365399999999998E-003   708703476416705.25     
   8.9365299999999998E-003   781562941486068.75     
   8.9365199999999999E-003   848726748074889.62     
   8.9365099999999999E-003   911417655344638.38     
   8.9365000000000000E-003   970528601930135.38     
   8.9364900000000001E-003   1026697131129662.6     
   8.9364900000000001E-003   1080392324796616.9     
   8.9364800000000001E-003   1131961769267158.8     
   8.9364700000000002E-003   1181677407880208.5     
   8.9364700000000002E-003   1229743276352174.5     
   8.9364600000000002E-003   1276305279447147.5     
   8.9364600000000002E-003   1321480234974181.0     
   8.9364500000000003E-003   1365370960302170.2     
   8.9364500000000003E-003   1408067566283561.5     
   8.9364400000000004E-003   1449644732359283.0     
   8.9364400000000004E-003   1490167360670529.8     
   8.9364400000000004E-003   1539362659621365.5     
   8.9364300000000004E-003   1596627357872263.0     
   8.9364200000000005E-003   1652077788659925.8     
   8.9364200000000005E-003   1705910513243838.2     
   8.9364100000000005E-003   1749715589749621.2     
   8.9364100000000005E-003   1784059288446613.5     
   8.9364100000000005E-003   1817860968345367.2     
   8.9364100000000005E-003   1851156441740575.5     
   8.9364000000000006E-003   1892070460960097.0     
   8.9364000000000006E-003   1940318015017478.5     
   8.9363900000000007E-003   1987659801327976.8     
   8.9363900000000007E-003   2034162902606595.2     
   8.9363900000000007E-003   2072349136121549.8     
   8.9363800000000007E-003   2102501626395092.8     
   8.9363800000000007E-003   2132339901558969.2     
   8.9363800000000007E-003   2161877909363641.2     
   8.9363800000000007E-003   2205584685845707.8     
   8.9363700000000008E-003   2248806645811328.5     
   8.9363700000000008E-003   2277259667557594.0     
   8.9363700000000008E-003   2319424028667418.5     
   8.9363600000000008E-003   2374894346695325.0     
   8.9363600000000008E-003   2429469826965019.0     
   8.9363499999999992E-003   2483194176679857.0     
   8.9363499999999992E-003   2522995328716550.0     
   8.9363499999999992E-003   2549256373939916.0     
   8.9363499999999992E-003   2575326990673989.5     
   8.9363399999999992E-003   2601212177737517.5     
   8.9363399999999992E-003   2639663948222752.5     
   8.9363399999999992E-003   2690371943066509.5     
   8.9363399999999992E-003   2740413405187001.0     
   8.9363299999999993E-003   2789814320871914.5     
   8.9363299999999993E-003   2846640216940439.0     
   8.9363199999999993E-003   2910634101898784.5     
   8.9363199999999993E-003   2973620118489439.5     
   8.9363199999999993E-003   3035633182745375.0     
   8.9363099999999994E-003   3096699963109371.0     
   8.9363099999999994E-003   3156836736975347.0     
   8.9362999999999995E-003   3216056040551962.0     
   8.9362999999999995E-003   3274368741747795.0     
   8.9362999999999995E-003   3338876131885127.0     
   8.9362899999999995E-003   3409256175608896.0     
   8.9362899999999995E-003   3478268593177310.5     
   8.9362799999999996E-003   3529178797894628.5     
   8.9362799999999996E-003   3562685350083893.5     
   8.9362799999999996E-003   3612305917982660.5     
   8.9362799999999996E-003   3677398067209507.0     
   8.9362699999999996E-003   3741260449158146.0     
   8.9362699999999996E-003   3803937816480570.0     
   8.9362699999999996E-003   3865482818833734.0     
   8.9362599999999997E-003   3925950091932402.0     
   8.9362599999999997E-003   3985390658276448.0     
   8.9362599999999997E-003   4043849805376932.5     
   8.9362499999999997E-003   4101368846027021.5     
   8.9362499999999997E-003   4157984223783116.0     
   8.9362499999999997E-003   4241178806573994.0     
   8.9362399999999998E-003   4336053742202900.0     
   8.9362299999999999E-003   4415370051489555.5     
   8.9362299999999999E-003   4492938969198635.0     
   8.9362299999999999E-003   4550044806172314.0     
   8.9362199999999999E-003   4587564409478314.0     
   8.9362199999999999E-003   4643037060680338.0     
   8.9362199999999999E-003   4715676303828365.0     
   8.9362100000000000E-003   4821678228729934.0     
   8.9362000000000000E-003   4924840016871312.0     
   8.9362000000000000E-003   4991894266370605.0     
   8.9362000000000000E-003   5057733983657183.0     
   8.9361900000000001E-003   5122414149929039.0     
   8.9361900000000001E-003   5185979467020504.0     
   8.9361900000000001E-003   5248468367255258.0     
   8.9361800000000002E-003   5309913245381617.0     
   8.9361800000000002E-003   5370344217526054.0     
   8.9361800000000002E-003   5439571226164143.0     
   8.9361700000000002E-003   5517130160240222.0     
   8.9361700000000002E-003   5630237811152150.0     
   8.9361600000000003E-003   5740297387342682.0     
   8.9361500000000003E-003   5811759177611244.0     
   8.9361500000000003E-003   5881884280654503.0     
   8.9361500000000003E-003   5950746835693179.0     
   8.9361400000000004E-003   6026754464902820.0     
   8.9361400000000004E-003   6109570352824308.0     
   8.9361300000000005E-003   6190711719759533.0     
   8.9361300000000005E-003   6270257993360592.0     
   8.9361200000000005E-003   6348273224584497.0     
   8.9361200000000005E-003   6424814207267602.0     
   8.9361100000000006E-003   6536747088920898.0     
   8.9361000000000006E-003   6653296415330925.0     
   8.9361000000000006E-003   6738463808624320.0     
   8.9360900000000007E-003   6821950122849341.0     
   8.9360900000000007E-003   6903853406690603.0     
   8.9360800000000008E-003   6984262887578795.0     
   8.9360800000000008E-003   7063258669945317.0     
   8.9360700000000008E-003   7140915468357907.0     
   8.9360700000000008E-003   7217307835124841.0     
   8.9360700000000008E-003   7292510755587699.0     
   8.9360599999999991E-003   7366587986782240.0     
   8.9360599999999991E-003   7439596682901218.0     
   8.9360499999999992E-003   7511585711108114.0     
   8.9360499999999992E-003   7617525886709601.0     
   8.9360399999999993E-003   7755832153487309.0     
   8.9360299999999993E-003   7890620047722419.0     
   8.9360199999999994E-003   8022103655952539.0     
   8.9360099999999994E-003   8150499119435041.0     
   8.9360099999999994E-003   8276015325730073.0     
   8.9359999999999995E-003   8398831407542654.0     
   8.9359899999999996E-003   8519100261780043.0     
   8.9359799999999996E-003   8636965962048334.0     
   8.9359699999999997E-003   8752593839339181.0     
   8.9359699999999997E-003   8866134243210167.0     
   8.9359599999999997E-003   8977711202844122.0     
   8.9359499999999998E-003   9087423592523914.0     
   8.9359499999999998E-003   9195335459654280.0     
   8.9359399999999999E-003   9301503028324262.0     
   8.9359299999999999E-003   9406008426024790.0     
   8.9359299999999999E-003   9559579366735004.0     
   8.9359100000000000E-003   9759990808814406.0     
   8.9359000000000001E-003   9907180791644554.0     
   8.9358900000000002E-003   10003472593829098.     
   8.9358900000000002E-003   10098468924438864.     
   8.9358800000000002E-003   10192167343708288.     
   8.9358800000000002E-003   10314949576594640.     
   8.9358700000000003E-003   10465577325689582.     
   8.9358600000000003E-003   10612949977374306.     
   8.9358500000000004E-003   10721605370385764.     
   8.9358400000000004E-003   10792972956507916.     
   8.9358400000000004E-003   10898499283645702.     
   8.9358300000000005E-003   11037040705111820.     
   8.9358200000000006E-003   11173010690941474.     
   8.9358100000000006E-003   11306546104244156.     
   8.9358000000000007E-003   11437761392191960.     
   8.9357900000000007E-003   11566792407285186.     
   8.9357800000000008E-003   11756133892741276.     
   8.9357700000000009E-003   11942193675682782.     
   8.9357599999999992E-003   12063904505484932.     
   8.9357499999999992E-003   12184056459261878.     
   8.9357399999999993E-003   12302702247170466.     
   8.9357399999999993E-003   12477676988569398.     
   8.9357199999999994E-003   12706778571668478.     
   8.9357099999999995E-003   12930859129678000.     
   8.9356899999999996E-003   13149889841790302.     
   8.9356799999999997E-003   13337518333734816.     
   8.9356699999999997E-003   13495272036109630.     
   8.9356599999999998E-003   13650507301054308.     
   8.9356399999999999E-003   13803435261050640.     
   8.9356300000000000E-003   14028303836248620.     
   8.9356100000000001E-003   14249644942046808.     
   8.9356000000000001E-003   14394423954903850.     
   8.9355900000000002E-003   14537342623274756.     
   8.9355900000000002E-003   14678482677629254.     
   8.9355800000000003E-003   14886626611069780.     
   8.9355600000000004E-003   15159247023547858.     
   8.9355400000000005E-003   15426031495811222.     
   8.9355200000000006E-003   15687268440857326.     
   8.9355000000000007E-003   15943012453505202.     
   8.9354900000000008E-003   16193177219237602.     
   8.9354699999999992E-003   16437793446409848.     
   8.9354499999999993E-003   16677168826627820.     
   8.9354399999999994E-003   16911879883582138.     
   8.9354199999999995E-003   17142569814659246.     
   8.9354099999999995E-003   17369709504572366.     
   8.9353899999999997E-003   17630370514270378.     
   8.9353699999999998E-003   17923331781816494.     
   8.9353499999999999E-003   18210938355119148.     
   8.9353300000000000E-003   18493424102680308.     
   8.9353100000000001E-003   18771005054943084.     
   8.9352900000000002E-003   18976320489857996.     
   8.9352800000000003E-003   19111556175842948.     
   8.9352800000000003E-003   19312020887084088.     
   8.9352600000000004E-003   19575778739520628.     
   8.9352400000000005E-003   19835303849678008.     
   8.9352200000000007E-003   20090756897429736.     
   8.9352000000000008E-003   20404111493621136.     
   8.9351799999999992E-003   20772163135938940.     
   8.9351499999999993E-003   21042635057542664.     
   8.9351399999999994E-003   21307840807591864.     
   8.9351199999999995E-003   21569374345525296.     
   8.9351099999999996E-003   21769794847995064.     
   8.9350899999999997E-003   21996294018299836.     
   8.9350799999999998E-003   22220114880009984.     
   8.9350599999999999E-003   22441358783471684.     
   8.9350499999999999E-003   22768113412948580.     
   8.9350200000000001E-003   23090464563953520.     
   8.9350000000000002E-003   23302258186331116.     
   8.9349900000000003E-003   23563747708652548.     
   8.9349700000000004E-003   23873291645005864.     
   8.9349500000000005E-003   24328044273337356.     
   8.9349100000000008E-003   24774207040004816.     
   8.9348899999999992E-003   25065880955499896.     
   8.9348699999999993E-003   25353497153879680.     
   8.9348499999999994E-003   25637162072188724.     
   8.9348299999999995E-003   26054850832591860.     
   8.9347899999999997E-003   26599821293790556.     
   8.9347500000000000E-003   27044039649991448.     
   8.9347300000000001E-003   27392883762755748.     
   8.9347100000000002E-003   27779007109388144.     
   8.9346800000000004E-003   28201048873435816.     
   8.9346500000000006E-003   28616042161868432.     
   8.9346200000000008E-003   29024399093758672.     
   8.9345899999999992E-003   29525509242076796.     
   8.9345499999999994E-003   29969131178143924.     
   8.9345299999999996E-003   30260453056424336.     
   8.9345099999999997E-003   30548643470427160.     
   8.9344899999999998E-003   30833827882030720.     
   8.9344799999999999E-003   31255783112559460.     
   8.9344400000000001E-003   31809313063086436.     
   8.9344000000000003E-003   32352265189276468.     
   8.9343700000000005E-003   32885131888969928.     
   8.9343300000000007E-003   33408502512701784.     
   8.9342999999999992E-003   34007526350222068.     
   8.9342499999999995E-003   34678544087088868.     
   8.9342099999999997E-003   35254294078097640.     
   8.9341700000000000E-003   35739251535617372.     
   8.9341400000000001E-003   36216862997590440.     
   8.9341100000000003E-003   36687424515127320.     
   8.9340800000000005E-003   37227651988257296.     
   8.9340400000000007E-003   37834503171818960.     
   8.9339999999999992E-003   38430374425765424.     
   8.9339599999999995E-003   39015890630684656.     
   8.9339199999999997E-003   39591643348595936.     
   8.9338799999999999E-003   40158137322662992.     
   8.9338500000000001E-003   40715828456115672.     
   8.9338100000000004E-003   41265190088765592.     
   8.9337700000000006E-003   41806649112620704.     
   8.9337400000000008E-003   42340585845799176.     
   8.9336999999999993E-003   42997580225614016.     
   8.9336499999999996E-003   43772413786097864.     
   8.9335999999999999E-003   44407413822956632.     
   8.9335700000000001E-003   44908362742357192.     
   8.9335400000000002E-003   45403539918369152.     
   8.9335100000000004E-003   45893102839727632.     
   8.9334700000000006E-003   46616639696526848.     
   8.9334099999999993E-003   47563921001453456.     
   8.9333499999999996E-003   48261849282630664.     
   8.9333199999999998E-003   48720773758647448.     
   8.9332900000000000E-003   49287648837250112.     
   8.9332500000000002E-003   49958740362489680.     
   8.9332100000000005E-003   50619834635539824.     
   8.9331600000000008E-003   51271365460764560.     
   8.9331199999999993E-003   52019853558923496.     
   8.9330699999999996E-003   52861350227063864.     
   8.9330199999999998E-003   53483351667598408.     
   8.9329900000000000E-003   53893442552032536.     
   8.9329600000000002E-003   54502011998230336.     
   8.9329100000000005E-003   55302810965831616.     
   8.9328600000000008E-003   56091759825568552.     
   8.9328099999999994E-003   56869671943759528.     
   8.9327599999999997E-003   58015809173302848.     
   8.9326700000000002E-003   59509901279686032.     
   8.9325800000000007E-003   60606190481440488.     
   8.9325299999999993E-003   61325146642828592.     
   8.9324899999999995E-003   62035355066949760.     
   8.9324399999999998E-003   62737061029739064.     
   8.9324000000000001E-003   63602275747840344.     
   8.9323300000000005E-003   64624506883099208.     
   8.9322700000000008E-003   65463592677323488.     
   8.9322299999999993E-003   66126432464096120.     
   8.9321899999999996E-003   66944808666715200.     
   8.9321299999999999E-003   67913136036975640.     
   8.9320700000000003E-003   68866872392990120.     
   8.9320100000000006E-003   69806771425864832.     
   8.9319499999999993E-003   70733528127300064.     
   8.9318999999999996E-003   71647759512489376.     
   8.9318399999999999E-003   72549970233562912.     
   8.9317900000000002E-003   73440601872345376.     
   8.9317300000000006E-003   74320069207556176.     
   8.9316799999999991E-003   75188765053922944.     
   8.9316299999999994E-003   76188900984508224.     
   8.9315599999999998E-003   77315449693451344.     
   8.9314900000000003E-003   78149390336743952.     
   8.9314600000000004E-003   78699913367604432.     
   8.9314200000000007E-003   79638238462065408.     
   8.9313399999999994E-003   80950963587311856.     
   8.9312699999999998E-003   81979696198499520.     
   8.9312200000000001E-003   82735008633587728.     
   8.9311700000000004E-003   83668857147014816.     
   8.9311100000000008E-003   84775549498919456.     
   8.9310399999999995E-003   85867422036988768.     
   8.9309799999999998E-003   86945169566671312.     
   8.9309100000000002E-003   88185279905339472.     
   8.9308300000000007E-003   89581602016092160.     
   8.9307499999999995E-003   90615078901568768.     
   8.9307099999999997E-003   91297272506307456.     
   8.9306699999999999E-003   92310684411349728.     
   8.9305900000000004E-003   93645194502702912.     
   8.9305099999999991E-003   94960727516437424.     
   8.9304299999999996E-003   96257993568824912.     
   8.9303600000000000E-003   97537669544585056.     
   8.9302800000000005E-003   98800413483964688.     
   8.9302099999999992E-003   1.0004685728953186E+017
   8.9301399999999996E-003   1.0127759312666606E+017
   8.9300700000000000E-003   1.0249317777640707E+017
   8.9300000000000004E-003   1.0369414627585814E+017
   8.9299300000000009E-003   1.0517525480460520E+017
   8.9298199999999998E-003   1.0692538021520477E+017
   8.9297200000000004E-003   1.0836228950830435E+017
   8.9296600000000007E-003   1.0949797581652742E+017
   8.9295899999999994E-003   1.1062210251577795E+017
   8.9295299999999998E-003   1.1173507988483669E+017
   8.9294700000000001E-003   1.1311090170758011E+017
   8.9293700000000007E-003   1.1474094002014176E+017
   8.9292799999999995E-003   1.1634870121624618E+017
   8.9291900000000000E-003   1.1793514572025611E+017
   8.9291000000000006E-003   1.1950117084381626E+017
   8.9290099999999994E-003   1.2104758961684474E+017
   8.9289299999999999E-003   1.2232201352833802E+017
   8.9288700000000002E-003   1.2333219200797869E+017
   8.9288100000000006E-003   1.2483213342597691E+017
   8.9286999999999995E-003   1.2680591486650602E+017
   8.9285900000000001E-003   1.2850920858929803E+017
   8.9285100000000006E-003   1.2995189908735798E+017
   8.9284299999999994E-003   1.3137937159586163E+017
   8.9283599999999998E-003   1.3279208407214701E+017
   8.9282800000000002E-003   1.3442195901110827E+017
   8.9281800000000008E-003   1.3626177083012414E+017
   8.9280799999999997E-003   1.3807777536384174E+017
   8.9279800000000003E-003   1.3987092428176446E+017
   8.9278799999999991E-003   1.4164216789503061E+017
   8.9277899999999997E-003   1.4339243147309763E+017
   8.9276900000000003E-003   1.4512256884582758E+017
   8.9276000000000008E-003   1.4683323086215901E+017
   8.9275099999999996E-003   1.4852495651487501E+017
   8.9274200000000001E-003   1.5019824942923418E+017
   8.9273300000000007E-003   1.5185359798079923E+017
   8.9272399999999995E-003   1.5349148104424160E+017
   8.9271500000000000E-003   1.5551475239634544E+017
   8.9270200000000008E-003   1.5790962046115610E+017
   8.9268999999999998E-003   1.5987888101516224E+017
   8.9268100000000003E-003   1.6143716888292800E+017
   8.9267300000000008E-003   1.6298089917754592E+017
   8.9266499999999995E-003   1.6451048211096394E+017
   8.9265700000000000E-003   1.6677860733068912E+017
   8.9264099999999992E-003   1.6975770604980723E+017
   8.9262600000000001E-003   1.7195968292556963E+017
   8.9261800000000006E-003   1.7341225771609939E+017
   8.9261099999999993E-003   1.7556879653382026E+017
   8.9259600000000001E-003   1.7840557894748710E+017
   8.9258099999999993E-003   1.8050531602051990E+017
   8.9257399999999997E-003   1.8189184006362470E+017
   8.9256700000000001E-003   1.8395232068933610E+017
   8.9255299999999992E-003   1.8666614745356477E+017
   8.9253900000000001E-003   1.8934263118732358E+017
   8.9252499999999992E-003   1.9198335271975901E+017
   8.9251199999999999E-003   1.9472097283693459E+017
   8.9249800000000008E-003   1.9831725053220874E+017
   8.9247600000000003E-003   2.0197992954521587E+017
   8.9245999999999995E-003   2.0422240612258947E+017
   8.9245300000000000E-003   2.0644055192478218E+017
   8.9243800000000009E-003   2.0936322202421834E+017
   8.9242400000000000E-003   2.1224694705333018E+017
   8.9240900000000008E-003   2.1509322152787366E+017
   8.9239499999999999E-003   2.1859994158916419E+017
   8.9237499999999994E-003   2.2273765800565258E+017
   8.9235400000000006E-003   2.2747193896774278E+017
   8.9232800000000004E-003   2.3276910936706131E+017
   8.9230200000000003E-003   2.3666779876628618E+017
   8.9228999999999992E-003   2.3923237021099702E+017
   8.9227700000000000E-003   2.4177076989450256E+017
   8.9226500000000007E-003   2.4428380121018794E+017
   8.9225299999999997E-003   2.4708145686263942E+017
   8.9223800000000006E-003   2.5015488127472944E+017
   8.9222299999999997E-003   2.5319258830645946E+017
   8.9220800000000006E-003   2.5619596481436778E+017
   8.9219399999999997E-003   2.6005072438976877E+017
   8.9217099999999994E-003   2.6472306812850576E+017
   8.9214900000000007E-003   2.6988801992696685E+017
   8.9212200000000005E-003   2.7551976331289782E+017
   8.9209600000000003E-003   2.8163448658808083E+017
   8.9206500000000005E-003   2.8820383473424781E+017
   8.9203400000000006E-003   2.9303989335177888E+017
   8.9201899999999997E-003   2.9622177526306803E+017
   8.9200500000000005E-003   3.0145305569040326E+017
   8.9197100000000008E-003   3.0863717812116384E+017
   8.9193799999999993E-003   3.1516945653724282E+017
   8.9191099999999992E-003   3.2109488905561152E+017
   8.9188400000000008E-003   3.2788815481134912E+017
   8.9184899999999994E-003   3.3550468002919328E+017
   8.9181499999999997E-003   3.4297120600708730E+017
   8.9178199999999999E-003   3.5029635335106189E+017
   8.9175000000000001E-003   3.5570369224690035E+017
   8.9173399999999993E-003   3.5926767338389811E+017
   8.9171800000000002E-003   3.6367867479822253E+017
   8.9169499999999999E-003   3.6891077061706790E+017
   8.9167299999999994E-003   3.7578489776189491E+017
   8.9163599999999999E-003   3.8422571145069075E+017
   8.9160000000000003E-003   3.9212339177307366E+017
   8.9156900000000004E-003   3.9950671840517446E+017
   8.9153800000000005E-003   4.0682620610208102E+017
   8.9150700000000006E-003   4.1408575412518234E+017
   8.9147800000000006E-003   4.2241706775506906E+017
   8.9143899999999995E-003   4.3176911734357568E+017
   8.9140100000000000E-003   4.4094982774800499E+017
   8.9136500000000004E-003   4.4996940369177088E+017
   8.9132900000000008E-003   4.5883730892017376E+017
   8.9129499999999993E-003   4.6756234148402746E+017
   8.9126099999999996E-003   4.7455297397409510E+017
   8.9123999999999991E-003   4.7987155856427373E+017
   8.9122000000000003E-003   4.8514153837187091E+017
   8.9119999999999998E-003   4.9036445183491443E+017
   8.9117999999999992E-003   4.9811178450661485E+017
   8.9114199999999998E-003   5.0829216178969683E+017
   8.9110400000000003E-003   5.1929978477705555E+017
   8.9105999999999994E-003   5.3109614365133856E+017
   8.9101800000000002E-003   5.4216142076718630E+017
   8.9098000000000007E-003   5.5253262401779533E+017
   8.9094399999999994E-003   5.6401733386442637E+017
   8.9089900000000003E-003   5.7656774987346931E+017
   8.9085599999999994E-003   5.8890874658876493E+017
   8.9081400000000002E-003   6.0105250741558682E+017
   8.9077400000000008E-003   6.1007193704342016E+017
   8.9075300000000003E-003   6.1904893011320461E+017
   8.9071399999999992E-003   6.2793199299036685E+017
   8.9069500000000003E-003   6.3499685291508224E+017
   8.9066800000000002E-003   6.4318980982461043E+017
   8.9064100000000000E-003   6.5130537630354522E+017
   8.9061499999999998E-003   6.5934660794600128E+017
   8.9058999999999996E-003   6.7014329979201536E+017
   8.9054700000000004E-003   6.8360613955381248E+017
   8.9050499999999994E-003   6.9699848030964045E+017
   8.9046400000000001E-003   7.1032517620968307E+017
   8.9042400000000008E-003   7.2564726617965734E+017
   8.9037200000000004E-003   7.4288457345322048E+017
   8.9032099999999999E-003   7.5567277147792819E+017
   8.9029599999999997E-003   7.6416291731305459E+017
   8.9027199999999994E-003   7.7684791519337395E+017
   8.9022300000000006E-003   7.9359789830468851E+017
   8.9017599999999999E-003   8.1014723817631322E+017
   8.9013100000000008E-003   8.2650714368654336E+017
   8.9008600000000000E-003   8.4478670511299891E+017
   8.9003099999999998E-003   8.6491138258407642E+017
   8.8997799999999995E-003   8.8483364078107200E+017
   8.8992499999999992E-003   9.0456746480424269E+017
   8.8987500000000004E-003   9.2409122636270771E+017
   8.8982499999999999E-003   9.4341849607842304E+017
   8.8977699999999993E-003   9.5880446060533504E+017
   8.8974799999999993E-003   9.7036527228967795E+017
   8.8971899999999993E-003   9.8183847737912320E+017
   8.8969099999999992E-003   9.9322657080020672E+017
   8.8966400000000008E-003   1.0102829879268169E+018
   8.8960900000000006E-003   1.0328395050299459E+018
   8.8955600000000003E-003   1.0570733410264876E+018
   8.8949500000000004E-003   1.0830217116594871E+018
   8.8943600000000005E-003   1.1087792768482092E+018
   8.8937800000000004E-003   1.1343620997355309E+018
   8.8932100000000004E-003   1.1543126767508918E+018
   8.8929000000000005E-003   1.1688022488789094E+018
   8.8925800000000006E-003   1.1832470040328970E+018
   8.8922700000000007E-003   1.1976487242687311E+018
   8.8919600000000008E-003   1.2155955259369556E+018
   8.8915000000000001E-003   1.2370000042196078E+018
   8.8910599999999992E-003   1.2620038067253788E+018
   8.8904599999999993E-003   1.2904910555535316E+018
   8.8898799999999993E-003   1.3187939926252516E+018
   8.8893099999999992E-003   1.3469251813088771E+018
   8.8887600000000008E-003   1.3678643201297684E+018
   8.8884900000000006E-003   1.3817974359911250E+018
   8.8882100000000006E-003   1.3975682783515075E+018
   8.8878700000000008E-003   1.4151442893750976E+018
   8.8875399999999993E-003   1.4414216337660705E+018
   8.8868699999999998E-003   1.4761504445926346E+018
   8.8862300000000002E-003   1.5019770514367173E+018
   8.8859100000000003E-003   1.5191502301177661E+018
   8.8855900000000005E-003   1.5381730301278973E+018
   8.8852099999999993E-003   1.5590102901605555E+018
   8.8848399999999998E-003   1.5796909684858568E+018
   8.8844700000000002E-003   1.6002202314262881E+018
   8.8841100000000006E-003   1.6209088956976451E+018
   8.8837399999999993E-003   1.6417549191995843E+018
   8.8833699999999998E-003   1.6729851177552988E+018
   8.8826600000000006E-003   1.7142972760764365E+018
   8.8819599999999995E-003   1.7450465005157320E+018
   8.8816099999999999E-003   1.7655323983084895E+018
   8.8812700000000001E-003   1.7879529519295217E+018
   8.8808700000000008E-003   1.8122721812705367E+018
   8.8804699999999997E-003   1.8364128950086141E+018
   8.8800800000000003E-003   1.8726571244357614E+018
   8.8792999999999997E-003   1.9089062658664428E+018
   8.8789200000000002E-003   1.9330970500242888E+018
   8.8785400000000007E-003   1.9571216772826703E+018
   8.8781699999999995E-003   1.9900186901427694E+018
   8.8775199999999999E-003   2.0315631921209656E+018
   8.8768900000000001E-003   2.0733192334320476E+018
   8.8762500000000005E-003   2.1152862140211648E+018
   8.8756300000000007E-003   2.1555083821281341E+018
   8.8750600000000006E-003   2.1940411468346002E+018
   8.8745000000000004E-003   2.2254509922958392E+018
   8.8741400000000008E-003   2.2498956239944164E+018
   8.8737899999999995E-003   2.2887900903555945E+018
   8.8730300000000005E-003   2.3417560883198848E+018
   8.8722899999999997E-003   2.3833356440148685E+018
   8.8718700000000005E-003   2.4138439720281856E+018
   8.8714499999999995E-003   2.4584062073993349E+018
   8.8706500000000008E-003   2.5166427123454367E+018
   8.8698700000000002E-003   2.5785950949565809E+018
   8.8689900000000002E-003   2.6441364509941064E+018
   8.8681400000000001E-003   2.6952803386085504E+018
   8.8676599999999994E-003   2.7324043609499597E+018
   8.8671800000000005E-003   2.7693764957241779E+018
   8.8666999999999999E-003   2.8060730841462205E+018
   8.8662299999999993E-003   2.8560101577349668E+018
   8.8654100000000007E-003   2.9183559225578757E+018
   8.8646100000000002E-003   2.9724727816227471E+018
   8.8640000000000004E-003   3.0190724254128031E+018
   8.8634000000000004E-003   3.0622737881460091E+018
   8.8628900000000000E-003   3.1222654401815076E+018
   8.8618900000000007E-003   3.2063781119690737E+018
   8.8608300000000001E-003   3.2726875906207442E+018
   8.8603099999999997E-003   3.3168376987495900E+018
   8.8597899999999993E-003   3.3827164042240671E+018
   8.8587800000000001E-003   3.4696212295891256E+018
   8.8578000000000007E-003   3.5529882497800602E+018
   8.8568999999999991E-003   3.6217160500005176E+018
   8.8562599999999995E-003   3.6785783094068925E+018
   8.8556399999999997E-003   3.7614009551694464E+018
   8.8544499999999998E-003   3.8693021748582851E+018
   8.8532999999999997E-003   3.9786747443869768E+018
   8.8521099999999998E-003   4.0894751092720266E+018
   8.8509599999999997E-003   4.1882642882278840E+018
   8.8500599999999999E-003   4.2755054274512241E+018
   8.8491700000000000E-003   4.3822624846702474E+018
   8.8478900000000006E-003   4.4766320317449830E+018
   8.8472700000000008E-003   4.5389202248896666E+018
   8.8466499999999993E-003   4.6257669108035389E+018
   8.8455500000000006E-003   4.7364543814919014E+018
   8.8444900000000000E-003   4.8224949645060588E+018
   8.8438800000000001E-003   4.8845929688134339E+018
   8.8432900000000002E-003   4.9635352635630367E+018
   8.8423800000000004E-003   5.0589042622179543E+018
   8.8414900000000005E-003   5.1800552850493082E+018
   8.8401199999999999E-003   5.2928163804500685E+018
   8.8393900000000008E-003   5.3829226343720724E+018
   8.8384699999999993E-003   5.4837898462085970E+018
   8.8375599999999995E-003   5.6073790538398013E+018
   8.8362500000000004E-003   5.7167541388207278E+018
   8.8356000000000007E-003   5.7890252158660833E+018
   8.8349699999999993E-003   5.9009324651942687E+018
   8.8336500000000002E-003   6.0139403019461980E+018
   8.8330000000000006E-003   6.0886192487791094E+018
   8.8323599999999992E-003   6.1701958258877092E+018
   8.8316000000000002E-003   6.2585257707163832E+018
   8.8308499999999995E-003   6.3711350233566966E+018
   8.8296999999999994E-003   6.5073139607110175E+018
   8.8285700000000009E-003   6.6214691888005540E+018
   8.8278000000000002E-003   6.7142346226510049E+018
   8.8270399999999995E-003   6.8070772011879168E+018
   8.8262700000000006E-003   6.9512154267691008E+018
   8.8246999999999996E-003   7.1440871375058657E+018
   8.8231700000000000E-003   7.3408134111707105E+018
   8.8215700000000008E-003   7.4913872132329400E+018
   8.8207900000000002E-003   7.5907415746655334E+018
   8.8200199999999996E-003   7.7453909669095711E+018
   8.8184000000000005E-003   7.9531938292118477E+018
   8.8168199999999995E-003   8.1647723732658360E+018
   8.8151700000000006E-003   8.3265164139490232E+018
   8.8143600000000003E-003   8.4329926527072430E+018
   8.8135699999999997E-003   8.5423037737461197E+018
   8.8127199999999996E-003   8.6542598464289659E+018
   8.8118899999999993E-003   8.7650557153716070E+018
   8.8110700000000007E-003   8.8746640734459464E+018
   8.8102600000000003E-003   8.9870608297962588E+018
   8.8094000000000002E-003   9.1020179362769654E+018
   8.8085600000000000E-003   9.2718332595483853E+018
   8.8068999999999995E-003   9.4423724319806587E+018
   8.8060199999999995E-003   9.5596180870707896E+018
   8.8051599999999994E-003   9.6752486278330819E+018
   8.8043099999999992E-003   9.7892591408181944E+018
   8.8034800000000007E-003   9.9061710311926497E+018
   8.8025900000000008E-003   1.0024986615492536E+019
   8.8017100000000008E-003   1.0141878394890732E+019
   8.8008500000000007E-003   1.0256977201128993E+019
   8.8000000000000005E-003   1.0374383762672939E+019
   8.7990900000000007E-003   1.0493806444031599E+019
   8.7982000000000008E-003   1.0611108392240548E+019
   8.7973200000000008E-003   1.0726466555750887E+019
   8.7964500000000008E-003   1.0843958697409798E+019
   8.7955399999999993E-003   1.0963329833281618E+019
   8.7946299999999995E-003   1.1080398849027858E+019
   8.7937299999999996E-003   1.1195484649098332E+019
   8.7928499999999996E-003   1.1312575689548947E+019
   8.7919199999999999E-003   1.1431598111328147E+019
   8.7910000000000002E-003   1.1548297646503205E+019
   8.7900900000000004E-003   1.1663209368727702E+019
   8.7891900000000005E-003   1.1780259262040259E+019
   8.7882399999999992E-003   1.1899457125637464E+019
   8.7872999999999996E-003   1.2016536324879768E+019
   8.7863799999999999E-003   1.2132072902577476E+019
   8.7854600000000001E-003   1.2250021884722903E+019
   8.7845000000000006E-003   1.2370416974716316E+019
   8.7835499999999993E-003   1.2488979196658762E+019
   8.7826099999999997E-003   1.2606256201720629E+019
   8.7816800000000000E-003   1.2726441013054487E+019
   8.7807000000000007E-003   1.2848969526125531E+019
   8.7797299999999995E-003   1.2968822755776444E+019
   8.7787700000000000E-003   1.3089897415553110E+019
   8.7778300000000004E-003   1.3280992879332229E+019
   8.7758500000000000E-003   1.3534070612130343E+019
   8.7739199999999993E-003   1.3723182006204983E+019
   8.7729100000000001E-003   1.3854212224317428E+019
   8.7719100000000008E-003   1.3983790584816863E+019
   8.7709299999999997E-003   1.4115045505165418E+019
   8.7699500000000003E-003   1.4323773017703989E+019
   8.7679100000000003E-003   1.4599446631665426E+019
   8.7659200000000000E-003   1.4804917149714244E+019
   8.7648799999999992E-003   1.4948094312682527E+019
   8.7638500000000001E-003   1.5162596942834823E+019
   8.7618300000000000E-003   1.5454938690071265E+019
   8.7597200000000004E-003   1.5676373632804950E+019
   8.7586799999999996E-003   1.5825526328880462E+019
   8.7576700000000004E-003   1.6063305011624190E+019
   8.7555299999999992E-003   1.6376105531404163E+019
   8.7534399999999995E-003   1.6689541775882504E+019
   8.7512700000000002E-003   1.6929295417107378E+019
   8.7501999999999996E-003   1.7088421354061175E+019
   8.7491500000000007E-003   1.7339212856690917E+019
   8.7469399999999999E-003   1.7674457217888152E+019
   8.7447900000000005E-003   1.8016701375919727E+019
   8.7425400000000000E-003   1.8365596180528263E+019
   8.7403600000000008E-003   1.8626344630099313E+019
   8.7392100000000007E-003   1.8807225648076296E+019
   8.7380700000000006E-003   1.9085338103955907E+019
   8.7357700000000003E-003   1.9452603583201710E+019
   8.7335299999999998E-003   1.9820283173577646E+019
   8.7312699999999993E-003   2.0201953512855794E+019
   8.7289099999999994E-003   2.0591034000810357E+019
   8.7266099999999992E-003   2.0881329685376053E+019
   8.7253999999999995E-003   2.1187192808355807E+019
   8.7230299999999997E-003   2.1538148485907960E+019
   8.7212599999999998E-003   2.1846560280046649E+019
   8.7194300000000002E-003   2.2211148901550490E+019
   8.7170500000000005E-003   2.2635167287761089E+019
   8.7145599999999997E-003   2.3008603142672065E+019
   8.7127400000000001E-003   2.3331115046460375E+019
   8.7108700000000008E-003   2.3666284789714473E+019
   8.7089899999999998E-003   2.3997829260087632E+019
   8.7071500000000003E-003   2.4320604053685924E+019
   8.7053600000000005E-003   2.4634654031531921E+019
   8.7036100000000005E-003   2.4915580624282210E+019
   8.7021700000000004E-003   2.5168346870905684E+019
   8.7007600000000001E-003   2.5439362545300161E+019
   8.6991399999999993E-003   2.5723692668554486E+019
   8.6975400000000001E-003   2.6008338562364441E+019
   8.6958899999999995E-003   2.6298659657282425E+019
   8.6942600000000005E-003   2.6655615200614568E+019
   8.6919200000000005E-003   2.7055886015195521E+019
   8.6896400000000002E-003   2.7383490433634988E+019
   8.6879799999999997E-003   2.7662698081386234E+019
   8.6863500000000007E-003   2.8012057148159132E+019
   8.6839599999999992E-003   2.8403225541683634E+019
   8.6816299999999992E-003   2.8723687069813350E+019
   8.6799000000000008E-003   2.8992788482125025E+019
   8.6782100000000004E-003   2.9255561199376740E+019
   8.6765000000000002E-003   2.9515237673623896E+019
   8.6748299999999997E-003   2.9830803755561292E+019
   8.6724000000000002E-003   3.0179425390750388E+019
   8.6700500000000003E-003   3.0487887343572439E+019
   8.6679400000000007E-003   3.0770006175662678E+019
   8.6658800000000008E-003   3.1041682986765271E+019
   8.6637699999999995E-003   3.1307065000017363E+019
   8.6617199999999995E-003   3.1587006383924216E+019
   8.6592700000000002E-003   3.1876538883311399E+019
   8.6568900000000004E-003   3.2154919634785587E+019
   8.6544399999999994E-003   3.2419433963116536E+019
   8.6520599999999996E-003   3.2627897421219017E+019
   8.6503299999999995E-003   3.2809780327564734E+019
   8.6486299999999992E-003   3.3073509896981131E+019
   8.6454900000000005E-003   3.3391339264046465E+019
   8.6424699999999993E-003   3.3638067251038011E+019
   8.6403699999999996E-003   3.3844346836155585E+019
   8.6383299999999996E-003   3.4055160936003265E+019
   8.6362499999999998E-003   3.4267183570756334E+019
   8.6342299999999997E-003   3.4592031606163943E+019
   8.6301599999999996E-003   3.4921498531474493E+019
   8.6281199999999995E-003   3.5150082792474903E+019
   8.6261299999999992E-003   3.5429929759403504E+019
   8.6233700000000000E-003   3.5676274003933340E+019
   8.6220299999999993E-003   3.5842083540254704E+019
   8.6207100000000002E-003   3.6105873243331531E+019
   8.6179599999999992E-003   3.6376479881125298E+019
   8.6166200000000002E-003   3.6608283432114065E+019
   8.6146000000000000E-003   3.6897587557565809E+019
   8.6125500000000001E-003   3.7145702179154379E+019
   8.6111999999999994E-003   3.7453142254183670E+019
   8.6084899999999999E-003   3.7770756397499515E+019
   8.6071199999999994E-003   3.7987676961391059E+019
   8.6057800000000004E-003   3.8266032717628908E+019
   8.6037500000000003E-003   3.8614107911564567E+019
   8.6016800000000004E-003   3.8912797691287273E+019
   8.6003199999999998E-003   3.9152751754351239E+019
   8.5989900000000008E-003   3.9531508285720961E+019
   8.5962000000000000E-003   3.9987081793617125E+019
   8.5941600000000000E-003   4.0318842170047480E+019
   8.5927799999999995E-003   4.0666316970540351E+019
   8.5906799999999998E-003   4.1161920676823745E+019
   8.5879400000000005E-003   4.1596706922508599E+019
   8.5865100000000003E-003   4.1976754591714165E+019
   8.5844000000000007E-003   4.2432861297793630E+019
   8.5823400000000008E-003   4.2986965067738456E+019
   8.5794600000000006E-003   4.3517543679409512E+019
   8.5776800000000007E-003   4.3931434832508191E+019
   8.5759300000000007E-003   4.4443768079286862E+019
   8.5733900000000002E-003   4.5048336054894051E+019
   8.5709099999999993E-003   4.5719103995043602E+019
   8.5679499999999995E-003   4.6266516346222772E+019
   8.5664999999999995E-003   4.6634310898315035E+019
   8.5650599999999993E-003   4.7262977717292098E+019
   8.5616600000000005E-003   4.8143745659876942E+019
   8.5583499999999993E-003   4.8839849477946761E+019
   8.5564400000000002E-003   4.9505957142353895E+019
   8.5534200000000008E-003   5.0399236516117357E+019
   8.5499500000000006E-003   5.1202390945584685E+019
   8.5476600000000003E-003   5.1805244048353575E+019
   8.5456799999999999E-003   5.2369075116323848E+019
   8.5437299999999994E-003   5.3067824457216860E+019
   8.5409200000000005E-003   5.3868846450088239E+019
   8.5381699999999994E-003   5.4635462110521262E+019
   8.5357400000000000E-003   5.5354904462177174E+019
   8.5333600000000003E-003   5.5973059034430988E+019
   8.5316999999999997E-003   5.6479805982893621E+019
   8.5300500000000008E-003   5.7219884840477876E+019
   8.5269000000000005E-003   5.8210516738532680E+019
   8.5238099999999997E-003   5.8948582820705985E+019
   8.5222200000000005E-003   5.9458022222490173E+019
   8.5206499999999994E-003   6.0085371967877931E+019
   8.5183800000000007E-003   6.0825636159057060E+019
   8.5161500000000001E-003   6.1781260393878798E+019
   8.5126600000000000E-003   6.2972293899937972E+019
   8.5091300000000002E-003   6.4270910893564338E+019
   8.5051599999999995E-003   6.5443076042053353E+019
   8.5024499999999999E-003   6.6420475608984912E+019
   8.4996800000000008E-003   6.7627023010620252E+019
   8.4958099999999995E-003   6.9240535122191335E+019
   8.4909300000000007E-003   7.0549699759441117E+019
   8.4887799999999996E-003   7.1358431280006046E+019
   8.4866600000000000E-003   7.2310863790837793E+019
   8.4837999999999997E-003   7.3428243329899905E+019
   8.4808599999999998E-003   7.4562790666372235E+019
   8.4779599999999997E-003   7.5715719270556287E+019
   8.4749800000000000E-003   7.6899202314139566E+019
   8.4719700000000005E-003   7.8086772079352775E+019
   8.4690200000000007E-003   7.9096095332529046E+019
   8.4669399999999992E-003   8.0338248878277837E+019
   8.4628399999999993E-003   8.2251242294879011E+019
   8.4576300000000007E-003   8.4082399314210308E+019
   8.4539599999999999E-003   8.5505622682457031E+019
   8.4507599999999999E-003   8.6858395959245111E+019
   8.4475100000000001E-003   8.8696979225446105E+019
   8.4420599999999995E-003   9.0614670919382106E+019
   8.4384700000000000E-003   9.1795358895761031E+019
   8.4365499999999993E-003   9.3140766988629737E+019
   8.4322700000000004E-003   9.4988305305806586E+019
   8.4280699999999993E-003   9.6412068169416786E+019
   8.4257499999999992E-003   9.7424698951185007E+019
   8.4234600000000007E-003   9.8917426747554005E+019
   8.4190199999999993E-003   1.0086987023673562E+020
   8.4146700000000008E-003   1.0224451423345133E+020
   8.4128599999999994E-003   1.0305441824670920E+020
   8.4110699999999997E-003   1.0442740980450437E+020
   8.4067800000000008E-003   1.0635196143920446E+020
   8.4025799999999998E-003   1.0778898757585625E+020
   8.4004000000000006E-003   1.0878137670477621E+020
   8.3982499999999995E-003   1.1018426685171098E+020
   8.3943100000000003E-003   1.1199028814582923E+020
   8.3904400000000007E-003   1.1352216261420197E+020
   8.3877199999999996E-003   1.1478680269623632E+020
   8.3850299999999999E-003   1.1622861434272632E+020
   8.3815799999999996E-003   1.1784408548917038E+020
   8.3781800000000007E-003   1.1968448970094163E+020
   8.3738400000000004E-003   1.2174271023991824E+020
   8.3695599999999998E-003   1.2363359250347031E+020
   8.3659400000000005E-003   1.2607636648086910E+020
   8.3594600000000008E-003   1.2834649698985568E+020
   8.3565800000000006E-003   1.2983594596976052E+020
   8.3533700000000006E-003   1.3140248609466632E+020
   8.3502100000000003E-003   1.3382053451353807E+020
   8.3436299999999994E-003   1.3706591555341055E+020
   8.3371899999999995E-003   1.4041797536743041E+020
   8.3303100000000005E-003   1.4387343608995324E+020
   8.3235900000000005E-003   1.4649839355759233E+020
   8.3199699999999994E-003   1.4835416870911273E+020
   8.3163899999999999E-003   1.5031809786004039E+020
   8.3123899999999994E-003   1.5238886420916617E+020
   8.3084400000000003E-003   1.5435327029885167E+020
   8.3048800000000006E-003   1.5621447996175424E+020
   8.3013600000000007E-003   1.5844881278008551E+020
   8.2964400000000004E-003   1.6104829908580241E+020
   8.2915899999999997E-003   1.6393086976151703E+020
   8.2856800000000001E-003   1.6708581204675147E+020
   8.2798799999999999E-003   1.7003287125422250E+020
   8.2748000000000006E-003   1.7278497794480754E+020
   8.2698000000000008E-003   1.7563388437246958E+020
   8.2643700000000000E-003   1.7832174895888836E+020
   8.2601299999999992E-003   1.8066882750937891E+020
   8.2559399999999998E-003   1.8383023610542558E+020
   8.2488600000000002E-003   1.8778539154351260E+020
   8.2419199999999998E-003   1.9152160260195402E+020
   8.2357500000000000E-003   1.9502994914935682E+020
   8.2296899999999996E-003   1.9830029788313826E+020
   8.2243100000000003E-003   2.0252525219628804E+020
   8.2151900000000007E-003   2.0625375931036022E+020
   8.2115699999999996E-003   2.0837879267574999E+020
   8.2079800000000001E-003   2.1154284391430445E+020
   8.2009200000000004E-003   2.1572371616987886E+020
   8.1939800000000000E-003   2.1911114556716646E+020
   8.1896299999999998E-003   2.2172323106931635E+020
   8.1853299999999993E-003   2.2478977582048805E+020
   8.1795500000000007E-003   2.2830216846831141E+020
   8.1738399999999999E-003   2.3220324964201208E+020
   8.1668799999999996E-003   2.3744111033029919E+020
   8.1569799999999994E-003   2.4272981742232325E+020
   8.1499599999999995E-003   2.4618905871440488E+020
   8.1460000000000005E-003   2.5009659200328188E+020
   8.1376799999999996E-003   2.5536466217323538E+020
   8.1295199999999995E-003   2.5936062333438473E+020
   8.1252400000000006E-003   2.6212426157105604E+020
   8.1209899999999998E-003   2.6487123435865122E+020
   8.1167900000000005E-003   2.6760345705543700E+020
   8.1126299999999991E-003   2.7185004277447197E+020
   8.1039000000000007E-003   2.7757959163448440E+020
   8.0953299999999995E-003   2.8343316868692843E+020
   8.0863700000000007E-003   2.8940850848802941E+020
   8.0775900000000008E-003   2.9394749405527396E+020
   8.0729800000000004E-003   2.9708007562363798E+020
   8.0684199999999998E-003   3.0019596164889169E+020
   8.0639000000000006E-003   3.0329553716832495E+020
   8.0594199999999994E-003   3.0811409629308256E+020
   8.0500199999999997E-003   3.1461320135732619E+020
   8.0408100000000007E-003   3.1952650464519068E+020
   8.0359699999999999E-003   3.2293336383314847E+020
   8.0311800000000006E-003   3.2632246095713324E+020
   8.0264299999999993E-003   3.2969404927439661E+020
   8.0217299999999995E-003   3.3493284371501030E+020
   8.0118700000000008E-003   3.4200289625602490E+020
   8.0021899999999993E-003   3.4921054095741878E+020
   7.9920900000000003E-003   3.5658527136886233E+020
   7.9821800000000002E-003   3.6218956324997038E+020
   7.9769799999999998E-003   3.6605595118298694E+020
   7.9718299999999992E-003   3.6990270301651304E+020
   7.9667300000000000E-003   3.7373089639033484E+020
   7.9616800000000005E-003   3.7967656411322470E+020
   7.9510899999999992E-003   3.8770168888574037E+020
   7.9406900000000002E-003   3.9376776129208667E+020
   7.9352399999999997E-003   3.9797431064269770E+020
   7.9298400000000005E-003   4.0216001918352497E+020
   7.9244899999999993E-003   4.0632514254069826E+020
   7.9191899999999996E-003   4.1279488845437377E+020
   7.9080799999999996E-003   4.2152869382604030E+020
   7.8971800000000002E-003   4.3044669995546555E+020
   7.8858100000000000E-003   4.3955909146797919E+020
   7.8746500000000004E-003   4.4648572649379358E+020
   7.8687900000000005E-003   4.5126364532479413E+020
   7.8630000000000002E-003   4.5601864737626921E+020
   7.8572599999999996E-003   4.6075184941553091E+020
   7.8515700000000004E-003   4.6809921943091157E+020
   7.8396500000000001E-003   4.7801945966474743E+020
   7.8279500000000002E-003   4.8552292295908701E+020
   7.8218200000000002E-003   4.9072216224088654E+020
   7.8157499999999998E-003   4.9846930233034860E+020
   7.8037799999999997E-003   5.0905162550056714E+020
   7.7912900000000002E-003   5.1717241104354109E+020
   7.7851300000000003E-003   5.2254269752196596E+020
   7.7790400000000001E-003   5.3088393585385511E+020
   7.7662599999999997E-003   5.4214891706989347E+020
   7.7537200000000004E-003   5.5066912419047296E+020
   7.7471399999999996E-003   5.5657444308502145E+020
   7.7406400000000000E-003   5.6400455183599901E+020
   7.7307900000000004E-003   5.7295576342519579E+020
   7.7210800000000000E-003   5.8201821968577469E+020
   7.7111200000000001E-003   5.9121348822653731E+020
   7.7012900000000004E-003   6.0063593967591568E+020
   7.6909999999999999E-003   6.1027714612953127E+020
   7.6808600000000003E-003   6.2005345566684991E+020
   7.6704399999999997E-003   6.3296794471562202E+020
   7.6539599999999996E-003   6.4687736799679821E+020
   7.6417100000000003E-003   6.5893407965425775E+020
   7.6293400000000001E-003   6.7120399641291732E+020
   7.6168499999999997E-003   6.8531134516017247E+020
   7.6010499999999998E-003   6.9963137418958799E+020
   7.5883799999999996E-003   7.1273475622873465E+020
   7.5752600000000003E-003   7.2618252721296572E+020
   7.5621400000000002E-003   7.3901630100457089E+020
   7.5504099999999996E-003   7.5092498633512400E+020
   7.5392400000000000E-003   7.6510309767749920E+020
   7.5233799999999997E-003   7.8034753540636856E+020
   7.5103100000000001E-003   7.9343071440369340E+020
   7.4986300000000001E-003   8.0678268869278735E+020
   7.4848099999999997E-003   8.2222327760332692E+020
   7.4696700000000003E-003   8.3564702706544699E+020
   7.4597200000000004E-003   8.4786763084799423E+020
   7.4457200000000003E-003   8.6329819242566608E+020
   7.4292600000000000E-003   8.7777484868552897E+020
   7.4133999999999997E-003   8.9134435944000061E+020
   7.3987100000000002E-003   9.0042597360867095E+020
   7.3846399999999996E-003   9.0688681066531914E+020
   7.3687300000000004E-003   9.0256043827040525E+020
   7.3624399999999996E-003   9.1065038680098092E+020
   7.3475800000000003E-003   8.8978569106542926E+020
   7.3281099999999997E-003   8.8399146754340474E+020
   7.3143100000000001E-003   8.5023482876205885E+020
   7.3009700000000004E-003   7.9510978642259686E+020
   7.2858100000000002E-003   7.6329235563482710E+020
   7.2719000000000004E-003   7.4336447056079985E+020
   7.2659999999999999E-003   7.1440863728158966E+020
   7.2601300000000001E-003   6.8739609801767662E+020
   7.2458200000000000E-003   6.6446917736932809E+020
   7.2400700000000004E-003   6.5166337908686940E+020
   7.2335100000000003E-003   6.2725535877462229E+020
   7.2284000000000003E-003   6.2613816520575720E+020
   7.2202999999999998E-003   6.1347200750298084E+020
   7.2151100000000003E-003   5.9647405867285099E+020
   7.2102499999999996E-003   5.8685963888685554E+020
   7.2058499999999998E-003   5.9003762447303724E+020
   7.2005899999999998E-003   5.7512763538839634E+020
   7.1947900000000004E-003   5.6431536876524608E+020
   7.1890200000000000E-003   5.6242792567715398E+020
   7.1855199999999999E-003   5.6108396584411745E+020
   7.1807399999999997E-003   5.5593021752976192E+020
   7.1783599999999999E-003   5.5378638893773095E+020
   7.1765800000000001E-003   5.5202906001654501E+020
   7.1724199999999997E-003   5.5154818860480856E+020
   7.1700300000000000E-003   5.5089784685600191E+020
   7.1667199999999997E-003   5.5005429137763854E+020
   7.1640000000000002E-003   5.4837811479348570E+020
   7.1579499999999997E-003   5.4702227749280068E+020
   7.1534199999999997E-003   5.4794414148290399E+020
   7.1482999999999998E-003   5.4749993098473734E+020
   7.1422999999999999E-003   5.4849458289058860E+020
   7.1375900000000001E-003   5.4982963074388138E+020
   7.1330899999999999E-003   5.5114673292660212E+020
   7.1287299999999998E-003   5.5290962672711683E+020
   7.1247699999999999E-003   5.5491392608485029E+020
   7.1197300000000003E-003   5.5668600210539794E+020
   7.1176599999999996E-003   5.5835950450343851E+020
   7.1135199999999999E-003   5.6029339725834106E+020
   7.1107799999999997E-003   5.6233828480970673E+020
   7.1066699999999998E-003   5.6428065077446436E+020
   7.1046199999999999E-003   5.6625480426816923E+020
   7.1006300000000001E-003   5.6893343291517016E+020
   7.0967399999999998E-003   5.7098746503419698E+020
   7.0948100000000000E-003   5.7260417576039927E+020
   7.0922900000000002E-003   5.7539185780780578E+020
   7.0872699999999997E-003   5.7921040042048383E+020
   7.0822699999999999E-003   5.8313865424060560E+020
   7.0772900000000000E-003   5.8614995415971640E+020
   7.0748100000000000E-003   5.8790508651066012E+020
   7.0729599999999997E-003   5.9020332320802478E+020
   7.0692600000000000E-003   5.9328596000280255E+020
   7.0656199999999999E-003   5.9634939384455850E+020
   7.0620300000000004E-003   5.9938004115357080E+020
   7.0585099999999996E-003   6.0237763348380778E+020
   7.0550500000000002E-003   6.0585102782879891E+020
   7.0505300000000002E-003   6.0905398686609703E+020
   7.0477400000000003E-003   6.1149363590581046E+020
   7.0449600000000003E-003   6.1470261245085050E+020
   7.0403899999999997E-003   6.1828673905307065E+020
   7.0368000000000002E-003   6.2128112236875219E+020
   7.0336299999999999E-003   6.2390829674395442E+020
   7.0308899999999997E-003   6.2723393389700435E+020
   7.0262800000000002E-003   6.3144007875168607E+020
   7.0214800000000001E-003   6.3647833082028674E+020
   7.0152799999999996E-003   6.4048165371615930E+020
   7.0123499999999997E-003   6.4328033003204942E+020
   7.0094299999999997E-003   6.4675049462927314E+020
   7.0050700000000004E-003   6.5114206151603755E+020
   6.9992700000000001E-003   6.5520231418789587E+020
   6.9963899999999999E-003   6.5794880937579512E+020
   6.9935099999999997E-003   6.6106163813953647E+020
   6.9890400000000002E-003   6.6603226759216392E+020
   6.9827800000000001E-003   6.7052663936206150E+020
   6.9791699999999998E-003   6.7499887751919213E+020
   6.9730299999999999E-003   6.8058473777116099E+020
   6.9669900000000002E-003   6.8498933946572092E+020
   6.9635599999999997E-003   6.8730194156740582E+020
   6.9613599999999998E-003   6.9045434821883108E+020
   6.9569599999999999E-003   6.9489651199657181E+020
   6.9516300000000003E-003   6.9876495857057831E+020
   6.9484999999999998E-003   7.0250865236554049E+020
   6.9434800000000001E-003   7.0595332213158786E+020
   6.9409800000000002E-003   7.0933014264215083E+020
   6.9361099999999997E-003   7.1482382236238388E+020
   6.9290100000000002E-003   7.2032463869830588E+020
   6.9241399999999996E-003   7.2479559725005092E+020
   6.9192999999999998E-003   7.3085669691998536E+020
   6.9109799999999997E-003   7.3675536457477390E+020
   6.9065500000000000E-003   7.4223571331675141E+020
   6.8992000000000003E-003   7.4711067119722876E+020
   6.8958300000000004E-003   7.4968066794435510E+020
   6.8938200000000002E-003   7.5185274604629642E+020
   6.8911399999999996E-003   7.5583784767030126E+020
   6.8852399999999999E-003   7.6136876932763419E+020
   6.8792799999999998E-003   7.6737225910331585E+020
   6.8724500000000004E-003   7.7319917544928851E+020
   6.8667800000000003E-003   7.7767203976109621E+020
   6.8629900000000002E-003   7.8124211540042999E+020
   6.8592200000000001E-003   7.8378324452286110E+020
   6.8575900000000002E-003   7.8493521175667501E+020
   6.8567799999999998E-003   7.8570067232560421E+020
   6.8559600000000004E-003   7.8623822815006884E+020
   6.8556299999999997E-003   7.8655292673460876E+020
   6.8552999999999999E-003   7.8687316676806954E+020
   6.8549600000000002E-003   7.8717922585186389E+020
   6.8546299999999996E-003   7.9760505154457842E+020
   6.8542899999999999E-003   7.9791743008744971E+020
   6.8539600000000001E-003   7.9815171989492295E+020
   6.8537900000000002E-003   7.9830791161615339E+020
   6.8536300000000003E-003   7.9854219068024147E+020
   6.8532899999999997E-003   7.9881552634622404E+020
   6.8530400000000003E-003   7.9901076523115256E+020
   6.8528699999999996E-003   7.9912790776200915E+020
   6.8527900000000001E-003   7.9920600294036459E+020
   6.8527099999999997E-003   7.9928409806284771E+020
   6.8526200000000002E-003   7.9936219312932677E+020
   6.8525399999999998E-003   7.9944028814019265E+020
   6.8524600000000003E-003   7.9955743089588594E+020
   6.8522899999999996E-003   7.9979171041397021E+020
   6.8519599999999998E-003   8.0010408891269421E+020
   6.8516200000000001E-003   8.0053359910414949E+020
   6.8510400000000001E-003   8.0107017850021754E+020
   6.8504799999999999E-003   8.0176410226586537E+020
   6.8495600000000002E-003   8.0260286297226071E+020
   6.8486900000000002E-003   8.0378153960772076E+020
   6.8470500000000004E-003   8.0568556094283684E+020
   6.8446499999999999E-003   8.0819358317450442E+020
   6.8417299999999999E-003   8.1232786520008308E+020
   6.8358999999999998E-003   8.2043971881064228E+020
   6.8246499999999998E-003   8.3441459646163662E+020
   6.8067400000000004E-003   8.5007257799669357E+020
   6.7923400000000000E-003   8.6370278595234837E+020
   6.7789399999999998E-003   8.8015096996506619E+020
   6.7591900000000000E-003   8.9938073675581083E+020
   6.7406799999999998E-003   9.1728488632882351E+020
   6.7242400000000003E-003   9.3421738396990872E+020
   6.7078800000000003E-003   9.5122231125630661E+020
   6.6917000000000001E-003   9.6970891527811852E+020
   6.6729500000000004E-003   9.8812700719956073E+020
   6.6573300000000004E-003   1.0052725863047176E+021
   6.6413499999999999E-003   1.0200386465401235E+021
   6.6239400000000000E-003   1.0396976626684717E+021
   6.6053700000000002E-003   1.0623889681167649E+021
   6.5829499999999997E-003   1.0843605375010020E+021
   6.5663400000000004E-003   1.1051678646924403E+021
   6.5464199999999998E-003   1.1280713841403256E+021
   6.5267500000000004E-003   1.1491446191969309E+021
   6.5104400000000002E-003   1.1651940502459040E+021
   6.4997900000000001E-003   1.1825484407846561E+021
   6.4813400000000004E-003   1.2005743313394029E+021
   6.4700399999999998E-003   1.2210678141598124E+021
   6.4476700000000000E-003   1.2449528966472626E+021
   6.4314000000000003E-003   1.2652481927156314E+021
   6.4152999999999996E-003   1.2838067942402920E+021
   6.4021599999999996E-003   1.3005524857442869E+021
   6.3891299999999998E-003   1.3284267694227385E+021
   6.3588999999999998E-003   1.3678443141106759E+021
   6.3292100000000000E-003   1.3969333839828419E+021
   6.3156400000000000E-003   1.4221718575811398E+021
   6.2919800000000000E-003   1.4454536358402502E+021
   6.2818300000000004E-003   1.4693942142126533E+021
   6.2574199999999996E-003   1.5035553279575282E+021
   6.2333299999999996E-003   1.5308368049402245E+021
   6.2194299999999998E-003   1.5508070849807154E+021
   6.2056300000000002E-003   1.5764012803972129E+021
   6.1843000000000002E-003   1.6078017499445786E+021
   6.1631999999999998E-003   1.6343299318580374E+021
   6.1489900000000000E-003   1.6557227767212257E+021
   6.1348799999999997E-003   1.6886743408453023E+021
   6.1057999999999998E-003   1.7335852485954348E+021
   6.0771499999999999E-003   1.7709179789589718E+021
   6.0587100000000001E-003   1.8003754865698587E+021
   6.0404500000000002E-003   1.8243003376668799E+021
   6.0293899999999999E-003   1.8422334643735938E+021
   6.0184000000000001E-003   1.8728180585589572E+021
   5.9921799999999997E-003   1.9251664863633911E+021
   5.9558099999999998E-003   1.9806974779819140E+021
   5.9272800000000000E-003   2.0212461975004622E+021
   5.9093200000000000E-003   2.0574800167090764E+021
   5.8861599999999997E-003   2.0986718805728048E+021
   5.8632299999999997E-003   2.1476810979376625E+021
   5.8320999999999998E-003   2.2054503215577935E+021
   5.8006999999999998E-003   2.2500869100308647E+021
   5.7848099999999996E-003   2.2801600772199754E+021
   5.7690299999999996E-003   2.3263138517059316E+021
   5.7367199999999998E-003   2.3891571075471607E+021
   5.7048400000000001E-003   2.4538295635499171E+021
   5.6719600000000002E-003   2.5203120187792509E+021
   5.6395100000000004E-003   2.5886849094281934E+021
   5.6060499999999996E-003   2.6590949943175409E+021
   5.5730199999999997E-003   2.7314315123793514E+021
   5.5389699999999998E-003   2.8059202316721078E+021
   5.5053400000000001E-003   2.8825613515966634E+021
   5.4706900000000003E-003   2.9613830925019544E+021
   5.4364599999999997E-003   3.0218995080776222E+021
   5.4189499999999996E-003   3.0629768310273150E+021
   5.4015499999999998E-003   3.1260183593408591E+021
   5.3659600000000003E-003   3.2119727742295584E+021
   5.3308000000000001E-003   3.2779202726253644E+021
   5.3128100000000003E-003   3.3227363752012735E+021
   5.2949399999999997E-003   3.3910247127465580E+021
   5.2587600000000003E-003   3.4847490742089731E+021
   5.2222500000000003E-003   3.5812458002686537E+021
   5.1853999999999997E-003   3.6805978674616347E+021
   5.1482200000000002E-003   3.7829059338970847E+021
   5.1107000000000001E-003   3.8882659995784750E+021
   5.0728300000000004E-003   3.9967773524440803E+021
   5.0346200000000001E-003   4.1085461371558271E+021
   4.9960400000000002E-003   4.2236822310325290E+021
   4.9571099999999998E-003   4.3422890108505938E+021
   4.9178099999999999E-003   4.4339553125264628E+021
   4.8979300000000000E-003   4.4959175586024690E+021
   4.8781400000000004E-003   4.5589240230524009E+021
   4.8580699999999999E-003   4.6227836527512928E+021
   4.8380899999999998E-003   4.7062137337098367E+021
   4.8063100000000003E-003   4.8100239349132579E+021
   4.7747500000000003E-003   4.8967886563435400E+021
   4.7541800000000002E-003   4.9658384631354412E+021
   4.7337100000000003E-003   5.0359094282510276E+021
   4.7129399999999997E-003   5.1070678756281790E+021
   4.6922700000000001E-003   5.1793107307707540E+021
   4.6712999999999998E-003   5.2526694593778019E+021
   4.6504199999999997E-003   5.3271484132985122E+021
   4.6292499999999997E-003   5.4027800849113667E+021
   4.6081600000000000E-003   5.4795783019529324E+021
   4.5867800000000004E-003   5.5575678218080585E+021
   4.5654800000000002E-003   5.6367671306024848E+021
   4.5438900000000001E-003   5.7172012866024065E+021
   4.5223700000000004E-003   5.7988881177577500E+021
   4.5005599999999998E-003   5.8818594418984254E+021
   4.4788299999999996E-003   5.9661317055209705E+021
   4.4567900000000004E-003   6.0517363982237591E+021
   4.4348399999999998E-003   6.1386928520381963E+021
   4.4125800000000001E-003   6.2270348788979162E+021
   4.3903900000000001E-003   6.3167830548908815E+021
   4.3679000000000001E-003   6.4079686576317273E+021
   4.3454799999999997E-003   6.5006220166808711E+021
   4.3227500000000002E-003   6.5947761835553608E+021
   4.3000900000000003E-003   6.6904577657951706E+021
   4.2771299999999996E-003   6.7877038045820271E+021
   4.2542200000000004E-003   6.8863486102461408E+021
   4.2310999999999998E-003   6.9868216750991265E+021
   4.2078500000000000E-003   7.0889645112371624E+021
   4.1844800000000000E-003   7.1928159500497395E+021
   4.1609799999999999E-003   7.2984119306991016E+021
   4.1373399999999998E-003   7.4058054990903934E+021
   4.1135800000000004E-003   7.5150278542070446E+021
   4.0896800000000001E-003   7.6261498149343708E+021
   4.0656499999999996E-003   7.7391977946955855E+021
   4.0414700000000001E-003   7.8542271908281770E+021
   4.0171599999999997E-003   7.9712974730481893E+021
   3.9927100000000000E-003   8.0904453902009882E+021
   3.9681100000000004E-003   8.2117219631643136E+021
   3.9433699999999999E-003   8.3351889496385729E+021
   3.9184800000000002E-003   8.4608904102767965E+021
   3.8934400000000002E-003   8.5888747452532848E+021
   3.8682500000000002E-003   8.7192447722256094E+021
   3.8429100000000002E-003   8.8520315834205964E+021
   3.8173999999999999E-003   8.9873538883541900E+021
   3.7917400000000000E-003   9.1253632253503230E+021
   3.7659199999999999E-003   9.2661652630551354E+021
   3.7399299999999998E-003   9.4096769124259479E+021
   3.7137699999999999E-003   9.5557493251202634E+021
   3.6874500000000001E-003   9.7043030191878114E+021
   3.6609400000000001E-003   9.8553720432618625E+021
   3.6342700000000002E-003   1.0008992832792144E+022
   3.6074100000000001E-003   1.0165203689147063E+022
   3.5803699999999998E-003   1.0324044730680151E+022
   3.5531400000000002E-003   1.0485557799039351E+022
   3.5257200000000000E-003   1.0649786244569454E+022
   3.4981000000000001E-003   1.0816774925802835E+022
   3.4702900000000000E-003   1.0986570271318123E+022
   3.4422699999999999E-003   1.1159219855418586E+022
   3.4140500000000001E-003   1.1334772698622839E+022
   3.3856099999999998E-003   1.1513279157923968E+022
   3.3569600000000000E-003   1.1694790978114729E+022
   3.3280800000000002E-003   1.1879360837319311E+022
   3.2989800000000000E-003   1.2067043039366527E+022
   3.2696399999999999E-003   1.2257892803512870E+022
   3.2400699999999998E-003   1.2451966902326151E+022
   3.2102500000000000E-003   1.2649323079868571E+022
   3.1801899999999998E-003   1.2850020463454437E+022
   3.1498600000000000E-003   1.3054119293808219E+022
   3.1192799999999999E-003   1.3261681250510932E+022
   3.0884200000000001E-003   1.3472769238285528E+022
   3.0572799999999999E-003   1.3687447227704128E+022
   3.0258600000000000E-003   1.3905780598358233E+022
   2.9941400000000002E-003   1.4127836027709381E+022
   2.9621299999999999E-003   1.4353681624354731E+022
   2.9297899999999998E-003   1.4583386488871661E+022
   2.8971399999999999E-003   1.4817021255298190E+022
   2.8641500000000002E-003   1.5054658026794364E+022
   2.8308200000000000E-003   1.5296370028256810E+022
   2.7971400000000000E-003   1.5542231879303909E+022
   2.7630900000000002E-003   1.5792319691811212E+022
   2.7286599999999999E-003   1.6046711029015681E+022
   2.6938299999999999E-003   1.6305484630286945E+022
   2.6586000000000001E-003   1.6568721070742693E+022
   2.6229399999999998E-003   1.6836501915012595E+022
   2.5868300000000000E-003   1.7108910480469080E+022
   2.5502699999999999E-003   1.7386031438215707E+022
   2.5132399999999999E-003   1.7667950986783470E+022
   2.4756999999999999E-003   1.7954756987268970E+022
   2.4376400000000000E-003   1.8246538492752618E+022
   2.3990299999999999E-003   1.8543386260038343E+022
   2.3598500000000001E-003   1.8845392633437494E+022
   2.3200800000000000E-003   1.9152637775690204E+022
   2.2796700000000001E-003   1.9465324695376751E+022
   2.2385999999999999E-003   1.9783456648720219E+022
   2.1968199999999999E-003   2.0107131642010644E+022
   2.1543100000000000E-003   2.0436449871610006E+022
   2.1110199999999999E-003   2.0771512161084335E+022
   2.0668900000000000E-003   2.1112396789388889E+022
   2.0218699999999998E-003   2.1459333231018949E+022
   1.9759100000000000E-003   2.1812335095978824E+022
   1.9289400000000001E-003   2.2170378241235722E+022
   1.8812000000000000E-003   2.2535850162313906E+022
   1.8316400000000000E-003   2.2908961850315384E+022
   1.7811400000000001E-003   2.3287333799000799E+022
   1.7292600000000000E-003   2.3622435379233878E+022
   1.6896599999999999E-003   2.3915784074845116E+022
   1.6485700000000000E-003   2.4335707200870318E+022
   1.5711900000000001E-003   2.4764212383101447E+022
   1.5278500000000001E-003   2.5072952085624633E+022
   1.4824199999999999E-003   2.5538543354198289E+022
   1.3882499999999999E-003   2.6068962456521977E+022
   1.3232400000000000E-003   2.6493783334450136E+022
   1.2554300000000001E-003   2.6931123393284673E+022
   1.1805400000000001E-003   2.7389110713783817E+022
   1.1008000000000001E-003   2.7866128386354640E+022
   1.0089999999999999E-003   2.8390886452113770E+022
   8.9952000000000001E-004   2.9059904211076560E+022
   7.0655999999999996E-004   2.9754266157519835E+022
   5.6795000000000001E-004   3.0151266404793059E+022
   4.8424999999999998E-004   3.0399276773767549E+022
   3.8306000000000001E-004   3.0599269570645208E+022
   3.1393000000000003E-004   3.0727966669230035E+022
   2.5076999999999999E-004   3.0806100260708170E+022
   2.0169000000000000E-004   3.0869076900930633E+022
   1.6421000000000000E-004   3.0899429037916092E+022
   1.3646000000000000E-004   3.0923640451193842E+022
   1.1692000000000000E-004   3.0934018155123770E+022
   1.0407000000000000E-004   3.0944853010599876E+022
   8.6890000000000003E-005   3.0954303057198993E+022
   6.8960000000000004E-005   3.0961181156959970E+022
   5.4729999999999999E-005   3.0966698054598017E+022
   4.3439999999999997E-005   3.0969541400782973E+022
   3.4480000000000002E-005   3.0971281411572708E+022
   2.7370000000000001E-005   3.0972886894462361E+022
   2.1719999999999999E-005   3.0973591320456224E+022
   1.7240000000000001E-005   3.0974271305155311E+022
   1.3679999999999999E-005   3.0974880718826156E+022
