   8.8883899999999995E-003   1542195590368446.8     
   8.8883899999999995E-003   1837219509418287.0     
   8.8883899999999995E-003   2089742376177450.8     
   8.8883799999999995E-003   2312915933734135.0     
   8.8883799999999995E-003   2514341281085326.0     
   8.8883799999999995E-003   2699193626852081.0     
   8.8883799999999995E-003   2870890874593701.5     
   8.8883799999999995E-003   3031536951425837.5     
   8.8883699999999996E-003   3182621350982621.0     
   8.8883699999999996E-003   3325304866551753.5     
   8.8883699999999996E-003   3460599644354344.5     
   8.8883699999999996E-003   3589426852880349.0     
   8.8883699999999996E-003   3712549884399839.0     
   8.8883699999999996E-003   3830578123394274.5     
   8.8883699999999996E-003   3944011665261463.0     
   8.8883599999999997E-003   4053271808464207.5     
   8.8883599999999997E-003   4158717870072937.5     
   8.8883599999999997E-003   4260653897052127.0     
   8.8883599999999997E-003   4359346605782478.5     
   8.8883599999999997E-003   4455035351992494.0     
   8.8883599999999997E-003   4570594672676897.0     
   8.8883599999999997E-003   4704242567418047.0     
   8.8883599999999997E-003   4832745777297935.0     
   8.8883599999999997E-003   4956589054397541.0     
   8.8883499999999997E-003   5056632902847446.0     
   8.8883499999999997E-003   5134588887669001.0     
   8.8883499999999997E-003   5210874946215876.0     
   8.8883499999999997E-003   5285573126743101.0     
   8.8883499999999997E-003   5376740823461014.0     
   8.8883499999999997E-003   5483307374070128.0     
   8.8883499999999997E-003   5586854959633888.0     
   8.8883499999999997E-003   5687553189910874.0     
   8.8883499999999997E-003   5769463013641031.0     
   8.8883499999999997E-003   5833645053702809.0     
   8.8883499999999997E-003   5896717620280270.0     
   8.8883499999999997E-003   5958720251014554.0     
   8.8883399999999998E-003   6049675135159585.0     
   8.8883399999999998E-003   6138658138748306.0     
   8.8883399999999998E-003   6196735057050778.0     
   8.8883399999999998E-003   6282076463194690.0     
   8.8883399999999998E-003   6393046346674250.0     
   8.8883399999999998E-003   6500844485563968.0     
   8.8883399999999998E-003   6605684072023527.0     
   8.8883399999999998E-003   6682572972702630.0     
   8.8883399999999998E-003   6732948724620859.0     
   8.8883399999999998E-003   6782687097667554.0     
   8.8883399999999998E-003   6831809823760803.0     
   8.8883399999999998E-003   6904306569840030.0     
   8.8883299999999998E-003   6999077677171037.0     
   8.8883299999999998E-003   7091685359719017.0     
   8.8883299999999998E-003   7182240075321006.0     
   8.8883299999999998E-003   7285352664555125.0     
   8.8883299999999998E-003   7400190328694004.0     
   8.8883299999999998E-003   7511909194319804.0     
   8.8883299999999998E-003   7620670948477819.0     
   8.8883299999999998E-003   7726634647957705.0     
   8.8883299999999998E-003   7829950163529017.0     
   8.8883199999999999E-003   7930754314034500.0     
   8.8883199999999999E-003   8029177211531112.0     
   8.8883199999999999E-003   8137158027025764.0     
   8.8883199999999999E-003   8254030417656355.0     
   8.8883199999999999E-003   8367752977246192.0     
   8.8883199999999999E-003   8451163556334311.0     
   8.8883199999999999E-003   8505815969394288.0     
   8.8883199999999999E-003   8586418300999806.0     
   8.8883199999999999E-003   8691662244671194.0     
   8.8883100000000000E-003   8794366425452082.0     
   8.8883100000000000E-003   8894660111997172.0     
   8.8883100000000000E-003   8992655006169189.0     
   8.8883100000000000E-003   9088448884137482.0     
   8.8883100000000000E-003   9182133647189008.0     
   8.8883100000000000E-003   9273792654837338.0     
   8.8883100000000000E-003   9363502533037288.0     
   8.8883100000000000E-003   9451335068872514.0     
   8.8883000000000000E-003   9579507286587214.0     
   8.8883000000000000E-003   9724572238429012.0     
   8.8883000000000000E-003   9844983561079282.0     
   8.8883000000000000E-003   9962096068474502.0     
   8.8883000000000000E-003   10047972888256372.     
   8.8883000000000000E-003   10104240794084656.     
   8.8883000000000000E-003   10187230446856484.     
   8.8882900000000001E-003   10295610100741942.     
   8.8882900000000001E-003   10453164388163120.     
   8.8882900000000001E-003   10606059562373920.     
   8.8882900000000001E-003   10705182537682356.     
   8.8882900000000001E-003   10802367031803914.     
   8.8882900000000001E-003   10897743765342758.     
   8.8882800000000001E-003   10991428369948416.     
   8.8882800000000001E-003   11083504984374400.     
   8.8882800000000001E-003   11174053355478126.     
   8.8882800000000001E-003   11263144757406792.     
   8.8882800000000001E-003   11365276801578636.     
   8.8882800000000001E-003   11479879133226404.     
   8.8882800000000001E-003   11647324176539696.     
   8.8882700000000002E-003   11811038730518290.     
   8.8882700000000002E-003   11917681243987200.     
   8.8882700000000002E-003   12022660069654506.     
   8.8882700000000002E-003   12126078385833118.     
   8.8882700000000002E-003   12240607108892280.     
   8.8882600000000003E-003   12365866691498840.     
   8.8882600000000003E-003   12489092439527240.     
   8.8882600000000003E-003   12610455566352724.     
   8.8882600000000003E-003   12730123290461164.     
   8.8882600000000003E-003   12848242263367738.     
   8.8882500000000003E-003   13022482364032098.     
   8.8882500000000003E-003   13205879998076642.     
   8.8882500000000003E-003   13341418295053970.     
   8.8882500000000003E-003   13475580103850768.     
   8.8882500000000003E-003   13608516656048474.     
   8.8882400000000004E-003   13740360068222240.     
   8.8882400000000004E-003   13871226681037508.     
   8.8882400000000004E-003   14001224526141054.     
   8.8882400000000004E-003   14130450617853872.     
   8.8882400000000004E-003   14258995868736330.     
   8.8882300000000004E-003   14386918035656764.     
   8.8882300000000004E-003   14514227218452970.     
   8.8882300000000004E-003   14640929839834358.     
   8.8882300000000004E-003   14829820208289950.     
   8.8882200000000005E-003   15079774517862964.     
   8.8882200000000005E-003   15327654008493424.     
   8.8882200000000005E-003   15573523015063998.     
   8.8882100000000006E-003   15817020715914824.     
   8.8882100000000006E-003   16057785708775562.     
   8.8882100000000006E-003   16295520444250742.     
   8.8882000000000006E-003   16529982225906130.     
   8.8882000000000006E-003   16761066536434002.     
   8.8882000000000006E-003   16988748616968174.     
   8.8881900000000007E-003   17212979015842538.     
   8.8881900000000007E-003   17433700687532344.     
   8.8881900000000007E-003   17650867383582186.     
   8.8881900000000007E-003   17864561611054014.     
   8.8881800000000007E-003   18074949911932536.     
   8.8881800000000007E-003   18282172045861724.     
   8.8881800000000007E-003   18586881826967532.     
   8.8881700000000008E-003   18983771433214112.     
   8.8881700000000008E-003   19274888417385068.     
   8.8881600000000009E-003   19465635082763268.     
   8.8881600000000009E-003   19654077501956624.     
   8.8881600000000009E-003   19840306938069588.     
   8.8881600000000009E-003   20085113110691548.     
   8.8881499999999992E-003   20386263775133292.     
   8.8881499999999992E-003   20681987035792312.     
   8.8881399999999992E-003   20900509905237924.     
   8.8881399999999992E-003   21044507816221744.     
   8.8881399999999992E-003   21258061842404924.     
   8.8881399999999992E-003   21538785641426388.     
   8.8881299999999993E-003   21814883995877168.     
   8.8881299999999993E-003   22086522494161644.     
   8.8881299999999993E-003   22353854609014420.     
   8.8881199999999994E-003   22617026881940784.     
   8.8881199999999994E-003   23004012183945308.     
   8.8881099999999994E-003   23382687852315784.     
   8.8881099999999994E-003   23630331946524352.     
   8.8880999999999995E-003   23874347950092116.     
   8.8880999999999995E-003   24114840255622576.     
   8.8880999999999995E-003   24469068530012068.     
   8.8880899999999995E-003   24930087708970200.     
   8.8880899999999995E-003   25378705364478024.     
   8.8880799999999996E-003   25815589317889744.     
   8.8880699999999997E-003   26188735264006712.     
   8.8880699999999997E-003   26502043216738048.     
   8.8880699999999997E-003   26809557307520976.     
   8.8880599999999997E-003   27111460868944880.     
   8.8880599999999997E-003   27554167437079516.     
   8.8880499999999998E-003   27985044289482484.     
   8.8880399999999998E-003   28266024910890040.     
   8.8880399999999998E-003   28542091678973048.     
   8.8880399999999998E-003   28813352853778416.     
   8.8880299999999999E-003   29211571385583720.     
   8.8880199999999999E-003   29726317406552700.     
   8.8880199999999999E-003   30223444475826560.     
   8.8880100000000000E-003   30704003652142128.     
   8.8880000000000001E-003   31169152674860668.     
   8.8880000000000001E-003   31620114550193404.     
   8.8879900000000001E-003   32058215433849356.     
   8.8879800000000002E-003   32484976551554492.     
   8.8879800000000002E-003   32902055616989464.     
   8.8879700000000002E-003   33311163852768012.     
   8.8879600000000003E-003   33713635402231560.     
   8.8879600000000003E-003   34176097352845656.     
   8.8879500000000004E-003   34697461111555132.     
   8.8879400000000004E-003   35212911414475920.     
   8.8879300000000005E-003   35723827753245956.     
   8.8879200000000005E-003   36231041329685616.     
   8.8879200000000005E-003   36609479614154008.     
   8.8879100000000006E-003   36860371701424856.     
   8.8879100000000006E-003   37234226408145888.     
   8.8879000000000007E-003   37727946018106584.     
   8.8878900000000007E-003   38215086577771272.     
   8.8878900000000007E-003   38694907231658848.     
   8.8878800000000008E-003   39283201626147720.     
   8.8878700000000008E-003   39971338779333600.     
   8.8878599999999992E-003   40473874031515944.     
   8.8878499999999992E-003   40963716700282336.     
   8.8878399999999993E-003   41441445089227600.     
   8.8878399999999993E-003   41804179683609840.     
   8.8878299999999993E-003   42209457801087944.     
   8.8878299999999993E-003   42604723039716184.     
   8.8878199999999994E-003   42989891200740512.     
   8.8878099999999995E-003   43548664485777344.     
   8.8877999999999995E-003   44086283286839632.     
   8.8877999999999995E-003   44432831601003568.     
   8.8877899999999996E-003   44853039964661608.     
   8.8877799999999996E-003   45339070346823752.     
   8.8877699999999997E-003   46033800747947480.     
   8.8877499999999998E-003   46696220277522040.     
   8.8877499999999998E-003   47121760897598944.     
   8.8877399999999999E-003   47536730327482576.     
   8.8877299999999999E-003   47942373597138376.     
   8.8877200000000000E-003   48534984001280656.     
   8.8877100000000001E-003   49304183162990608.     
   8.8876900000000002E-003   49930576827479264.     
   8.8876800000000002E-003   50422763932078600.     
   8.8876700000000003E-003   50968705080899824.     
   8.8876600000000004E-003   51567985917223048.     
   8.8876400000000005E-003   52160306725542720.     
   8.8876300000000005E-003   52746266502869976.     
   8.8876200000000006E-003   53469717943128616.     
   8.8876000000000007E-003   54115283638520176.     
   8.8875900000000008E-003   54541174002660576.     
   8.8875800000000008E-003   54963965257020584.     
   8.8875800000000008E-003   55383607840383056.     
   8.8875699999999992E-003   56006248563281624.     
   8.8875499999999993E-003   56825953569938128.     
   8.8875299999999994E-003   57632415268253040.     
   8.8875199999999994E-003   58425781813209376.     
   8.8874999999999996E-003   59206298543863096.     
   8.8874899999999996E-003   60100620634680840.     
   8.8874699999999997E-003   61103367235385776.     
   8.8874499999999999E-003   61964332349419456.     
   8.8874300000000000E-003   62689720935831344.     
   8.8874200000000000E-003   63404195071730160.     
   8.8874000000000002E-003   64108150200251040.     
   8.8873900000000002E-003   64916363809057216.     
   8.8873700000000003E-003   65824396204682160.     
   8.8873500000000005E-003   66716468143943248.     
   8.8873300000000006E-003   67593917467337152.     
   8.8873200000000006E-003   68458104392387480.     
   8.8873000000000008E-003   69310376614112728.     
   8.8872799999999991E-003   70151793924879848.     
   8.8872599999999993E-003   70983097748175728.     
   8.8872499999999993E-003   71804952870610952.     
   8.8872299999999994E-003   72617977708910256.     
   8.8872199999999995E-003   73621938355991440.     
   8.8871899999999997E-003   74811504255171184.     
   8.8871699999999998E-003   75790737466028176.     
   8.8871499999999999E-003   76565574536847504.     
   8.8871400000000000E-003   77333579659666816.     
   8.8871200000000001E-003   78094945017722288.     
   8.8871100000000001E-003   79223299897517920.     
   8.8870800000000003E-003   80707294260889168.     
   8.8870500000000005E-003   81804680280276736.     
   8.8870400000000006E-003   82527429651757232.     
   8.8870200000000007E-003   83421433788583296.     
   8.8870000000000008E-003   84481580391207184.     
   8.8869799999999992E-003   85527412351226864.     
   8.8869599999999993E-003   86558929558580592.     
   8.8869399999999994E-003   87743909466200416.     
   8.8869199999999995E-003   89074742210559104.     
   8.8868899999999997E-003   90056809369146960.     
   8.8868799999999998E-003   90703626236795840.     
   8.8868699999999998E-003   91662263679325312.     
   8.8868400000000000E-003   92919819031879424.     
   8.8868200000000001E-003   94154018427294112.     
   8.8867900000000003E-003   95365352465646992.     
   8.8867700000000004E-003   96554329429769776.     
   8.8867500000000006E-003   97721471389209696.     
   8.8867300000000007E-003   99432875371025488.     
   8.8866799999999992E-003   1.0109696109384142E+017
   8.8866599999999994E-003   1.0218222515656971E+017
   8.8866399999999995E-003   1.0324883125625186E+017
   8.8866199999999996E-003   1.0429777373794008E+017
   8.8865999999999997E-003   1.0558565954610534E+017
   8.8865699999999999E-003   1.0709881613155926E+017
   8.8865300000000001E-003   1.0833498972309062E+017
   8.8865100000000002E-003   1.0930887954550379E+017
   8.8865000000000003E-003   1.1050892832653606E+017
   8.8864700000000005E-003   1.1192659579646909E+017
   8.8864400000000007E-003   1.1332156725165043E+017
   8.8864100000000008E-003   1.1469561850510096E+017
   8.8863799999999993E-003   1.1605027741925782E+017
   8.8863499999999995E-003   1.1738690466341893E+017
   8.8863299999999996E-003   1.1870667060229579E+017
   8.8862999999999998E-003   1.2001057261697182E+017
   8.8862699999999999E-003   1.2129942382975803E+017
   8.8862500000000001E-003   1.2257384538258814E+017
   8.8862200000000002E-003   1.2404231872492979E+017
   8.8861900000000004E-003   1.2569872874613968E+017
   8.8861500000000006E-003   1.2692680241739269E+017
   8.8861400000000007E-003   1.2773779927343278E+017
   8.8861200000000008E-003   1.2912053999880115E+017
   8.8860799999999993E-003   1.3105961855984216E+017
   8.8860399999999996E-003   1.3258267623259851E+017
   8.8860199999999997E-003   1.3370192686647134E+017
   8.8859999999999998E-003   1.3508698421323531E+017
   8.8859700000000000E-003   1.3673130396518755E+017
   8.8859300000000002E-003   1.3835625866652026E+017
   8.8859000000000004E-003   1.3996293085214598E+017
   8.8858700000000006E-003   1.4181444965567098E+017
   8.8858300000000008E-003   1.4390387727192475E+017
   8.8857899999999993E-003   1.4545365591856746E+017
   8.8857699999999994E-003   1.4647708650677258E+017
   8.8857499999999996E-003   1.4799805580014198E+017
   8.8857099999999998E-003   1.5000472864134941E+017
   8.8856700000000000E-003   1.5198583678218589E+017
   8.8856300000000003E-003   1.5394214047798950E+017
   8.8855900000000005E-003   1.5587423996708378E+017
   8.8855600000000007E-003   1.5778277627863171E+017
   8.8855199999999992E-003   1.5966840992401350E+017
   8.8854799999999994E-003   1.6153182173644778E+017
   8.8854499999999996E-003   1.6337370728247315E+017
   8.8854099999999998E-003   1.6519468231425862E+017
   8.8853800000000000E-003   1.6744115242143898E+017
   8.8853300000000003E-003   1.7009760134638208E+017
   8.8852800000000006E-003   1.7227967752772768E+017
   8.8852400000000008E-003   1.7400403845333126E+017
   8.8852099999999993E-003   1.7571078780551456E+017
   8.8851799999999995E-003   1.7740048651708829E+017
   8.8851499999999996E-003   1.7948859904684000E+017
   8.8850999999999999E-003   1.8196246793936867E+017
   8.8850500000000002E-003   1.8440184116911808E+017
   8.8850100000000005E-003   1.8680800231745651E+017
   8.8849600000000008E-003   1.8918214233643542E+017
   8.8849199999999993E-003   1.9152539482514483E+017
   8.8848799999999995E-003   1.9345588247799510E+017
   8.8848499999999997E-003   1.9498530117931651E+017
   8.8848199999999999E-003   1.9725464705031376E+017
   8.8847600000000002E-003   2.0023959215415946E+017
   8.8847100000000005E-003   2.0281346031047846E+017
   8.8846700000000008E-003   2.0499128800050474E+017
   8.8846299999999993E-003   2.0714413409942813E+017
   8.8845899999999995E-003   2.0927258809006576E+017
   8.8845499999999997E-003   2.1172521985609725E+017
   8.8845000000000000E-003   2.1449035954968250E+017
   8.8844500000000003E-003   2.1721596304628582E+017
   8.8844000000000006E-003   2.1990362995689293E+017
   8.8843499999999992E-003   2.2255499144881504E+017
   8.8842999999999995E-003   2.2517162579613834E+017
   8.8842499999999998E-003   2.2775495175858474E+017
   8.8842000000000001E-003   2.3030621931347018E+017
   8.8841600000000003E-003   2.3282656558048880E+017
   8.8841100000000006E-003   2.3531705954877814E+017
   8.8840700000000009E-003   2.3777889572882400E+017
   8.8840199999999994E-003   2.4021342325348835E+017
   8.8839799999999997E-003   2.4321899458680195E+017
   8.8839100000000001E-003   2.4677670923044576E+017
   8.8838500000000004E-003   2.4970299979895690E+017
   8.8838000000000007E-003   2.5201840063869738E+017
   8.8837599999999992E-003   2.5431248489541754E+017
   8.8837199999999995E-003   2.5658581262478080E+017
   8.8836799999999997E-003   2.5995563155746666E+017
   8.8836000000000002E-003   2.6438423329785366E+017
   8.8835200000000007E-003   2.6765914037733597E+017
   8.8834799999999992E-003   2.6981857394542624E+017
   8.8834399999999994E-003   2.7302306107585642E+017
   8.8833599999999999E-003   2.7723916188458643E+017
   8.8832900000000003E-003   2.8035991363791210E+017
   8.8832500000000005E-003   2.8241925701803405E+017
   8.8832200000000007E-003   2.8547736492604998E+017
   8.8831399999999994E-003   2.8950381089748589E+017
   8.8830699999999999E-003   2.9347149916709562E+017
   8.8830000000000003E-003   2.9738256374349619E+017
   8.8829300000000007E-003   3.0143285382047418E+017
   8.8828599999999994E-003   3.0674595185367584E+017
   8.8827500000000000E-003   3.1215423502276563E+017
   8.8826700000000005E-003   3.1546282012656819E+017
   8.8826300000000007E-003   3.1873137420116058E+017
   8.8825499999999995E-003   3.2303733618163283E+017
   8.8824799999999999E-003   3.2728405792449811E+017
   8.8824000000000004E-003   3.3147449722395936E+017
   8.8823300000000008E-003   3.3663493903363078E+017
   8.8822199999999997E-003   3.4272650235714963E+017
   8.8821200000000003E-003   3.4969567032124749E+017
   8.8819799999999994E-003   3.5749873241711078E+017
   8.8818500000000002E-003   3.6324726038142957E+017
   8.8817800000000006E-003   3.6702724281608474E+017
   8.8817199999999992E-003   3.7076909759691571E+017
   8.8816499999999996E-003   3.7447387618078298E+017
   8.8815900000000000E-003   3.7859792998134195E+017
   8.8815100000000004E-003   3.8312900237487968E+017
   8.8814299999999992E-003   3.8760666742251002E+017
   8.8813599999999996E-003   3.9203230074573549E+017
   8.8812800000000001E-003   3.9770752461859290E+017
   8.8811600000000008E-003   4.0458346155833965E+017
   8.8810499999999997E-003   4.1217621228987763E+017
   8.8809100000000005E-003   4.2045076575032595E+017
   8.8807699999999996E-003   4.2942536134931354E+017
   8.8806000000000006E-003   4.3905956776375821E+017
   8.8804399999999999E-003   4.4615144307136531E+017
   8.8803700000000003E-003   4.5081339230002438E+017
   8.8802900000000008E-003   4.5847114363010182E+017
   8.8801100000000001E-003   4.6899586743949766E+017
   8.8799399999999994E-003   4.7856686521179277E+017
   8.8797900000000003E-003   4.8508729863944013E+017
   8.8797200000000007E-003   4.8938415694469965E+017
   8.8796499999999993E-003   4.9434993819586438E+017
   8.8795599999999999E-003   4.9996722472211200E+017
   8.8794700000000004E-003   5.0827173262761402E+017
   8.8792899999999998E-003   5.1914887874843405E+017
   8.8791100000000008E-003   5.2980412730285677E+017
   8.8789400000000001E-003   5.3766401288751053E+017
   8.8788600000000006E-003   5.4283766622768723E+017
   8.8787799999999993E-003   5.4923491310756282E+017
   8.8786500000000001E-003   5.5681874537425107E+017
   8.8785300000000008E-003   5.6676870105794995E+017
   8.8783300000000002E-003   5.7897739474764723E+017
   8.8781399999999996E-003   5.9038666033455283E+017
   8.8779700000000007E-003   6.0103779538785638E+017
   8.8777999999999999E-003   6.1158261212055603E+017
   8.8776399999999991E-003   6.2202728065366118E+017
   8.8774700000000002E-003   6.3399287008283635E+017
   8.8772599999999997E-003   6.4740106727341658E+017
   8.8770499999999992E-003   6.6053180944751667E+017
   8.8768500000000004E-003   6.7340008133253632E+017
   8.8766499999999998E-003   6.8602430354079104E+017
   8.8764599999999992E-003   6.9842122360511450E+017
   8.8762600000000004E-003   7.0834117092148454E+017
   8.8761499999999993E-003   7.1587642927896090E+017
   8.8760300000000000E-003   7.2333498661767078E+017
   8.8759200000000007E-003   7.3071938044287654E+017
   8.8757999999999997E-003   7.4165354558595635E+017
   8.8755799999999992E-003   7.5600610533776730E+017
   8.8753700000000005E-003   7.7149353426094669E+017
   8.8751100000000003E-003   7.8806190778884954E+017
   8.8748600000000000E-003   8.0357341252657702E+017
   8.8746399999999996E-003   8.1808057445018854E+017
   8.8744300000000009E-003   8.3410626421789389E+017
   8.8741600000000007E-003   8.5168572614790528E+017
   8.8739100000000005E-003   8.6905326274840422E+017
   8.8736500000000003E-003   8.8621427706324723E+017
   8.8734100000000000E-003   8.9901584919277965E+017
   8.8732800000000008E-003   9.1176305563065971E+017
   8.8730400000000004E-003   9.2443289591338138E+017
   8.8729199999999994E-003   9.3451607738015206E+017
   8.8727600000000004E-003   9.4623491987382131E+017
   8.8725999999999996E-003   9.5786391784543130E+017
   8.8724400000000005E-003   9.6940531022913382E+017
   8.8722799999999998E-003   9.8491672825180838E+017
   8.8720099999999996E-003   1.0043128509086479E+018
   8.8717499999999994E-003   1.0236470694290248E+018
   8.8714899999999992E-003   1.0429243238650404E+018
   8.8712300000000008E-003   1.0651204019849368E+018
   8.8708999999999993E-003   1.0901507292825609E+018
   8.8705799999999994E-003   1.1087633555029987E+018
   8.8704200000000004E-003   1.1211230306398408E+018
   8.8702599999999996E-003   1.1395924736954662E+018
   8.8699499999999997E-003   1.1640245130482624E+018
   8.8696399999999998E-003   1.1881906131457623E+018
   8.8693399999999999E-003   1.2121031596545193E+018
   8.8690499999999999E-003   1.2388372499706268E+018
   8.8686800000000003E-003   1.2683014541973286E+018
   8.8683300000000007E-003   1.2974892217761892E+018
   8.8679799999999993E-003   1.3264157616143688E+018
   8.8676399999999996E-003   1.3550433466435722E+018
   8.8672999999999998E-003   1.3833878972040428E+018
   8.8669700000000001E-003   1.4059609960677942E+018
   8.8667699999999995E-003   1.4229177704970232E+018
   8.8665800000000006E-003   1.4397464668869827E+018
   8.8663900000000000E-003   1.4564506068180352E+018
   8.8661999999999994E-003   1.4814594317234332E+018
   8.8658200000000000E-003   1.5145459792490440E+018
   8.8654500000000004E-003   1.5501288885634322E+018
   8.8650299999999994E-003   1.5881222225047754E+018
   8.8646100000000002E-003   1.6258351799495342E+018
   8.8641999999999992E-003   1.6632887098928187E+018
   8.8637999999999998E-003   1.6924992450396088E+018
   8.8635799999999994E-003   1.7137068360338127E+018
   8.8633500000000007E-003   1.7348465757656108E+018
   8.8631300000000003E-003   1.7559211365673772E+018
   8.8629099999999999E-003   1.7821764713820301E+018
   8.8625800000000001E-003   1.8134883478729434E+018
   8.8622600000000003E-003   1.8500508538166909E+018
   8.8618199999999994E-003   1.8916952515173573E+018
   8.8614000000000002E-003   1.9330491909085888E+018
   8.8609899999999991E-003   1.9741297851676065E+018
   8.8605799999999998E-003   2.0046964920375383E+018
   8.8603799999999993E-003   2.0250241343144346E+018
   8.8601800000000005E-003   2.0480228242015516E+018
   8.8599200000000003E-003   2.0736426793963492E+018
   8.8596700000000000E-003   2.1119133460103237E+018
   8.8591799999999995E-003   2.1624507387848934E+018
   8.8587000000000006E-003   2.2000012056790973E+018
   8.8584600000000003E-003   2.2249489423490033E+018
   8.8582200000000000E-003   2.2525662867729290E+018
   8.8579300000000000E-003   2.2827984266160742E+018
   8.8576499999999999E-003   2.3127816444920714E+018
   8.8573699999999998E-003   2.3425231941607567E+018
   8.8570999999999997E-003   2.3724730916174182E+018
   8.8568199999999996E-003   2.4026282269085327E+018
   8.8565399999999996E-003   2.4477575658255124E+018
   8.8559899999999993E-003   2.5073903950325120E+018
   8.8554600000000008E-003   2.5517284635982602E+018
   8.8551900000000006E-003   2.5812395342393544E+018
   8.8549300000000004E-003   2.6135135171136737E+018
   8.8546100000000006E-003   2.6484932002124129E+018
   8.8543100000000007E-003   2.6831871310720241E+018
   8.8540000000000008E-003   2.7352179797211438E+018
   8.8534000000000009E-003   2.7872050298873533E+018
   8.8530899999999992E-003   2.8218635767931791E+018
   8.8527999999999992E-003   2.8562593985880443E+018
   8.8524999999999993E-003   2.9033160118912558E+018
   8.8519900000000006E-003   2.9626823922108805E+018
   8.8514900000000001E-003   3.0222828773841393E+018
   8.8509899999999996E-003   3.0821189303521828E+018
   8.8504900000000008E-003   3.1394081527413796E+018
   8.8500400000000000E-003   3.1942389972146596E+018
   8.8495899999999992E-003   3.2388794208770437E+018
   8.8493100000000009E-003   3.2734758606850217E+018
   8.8490300000000008E-003   3.3280471688611625E+018
   8.8484199999999992E-003   3.4012391848315228E+018
   8.8478199999999993E-003   3.4578268086354970E+018
   8.8474699999999996E-003   3.4989497809164329E+018
   8.8471299999999999E-003   3.5585943192329329E+018
   8.8464800000000003E-003   3.6362063652039398E+018
   8.8458400000000006E-003   3.7189748107819418E+018
   8.8451199999999997E-003   3.8074309424338038E+018
   8.8444200000000004E-003   3.8773710874941932E+018
   8.8440199999999993E-003   3.9287120243655086E+018
   8.8436200000000000E-003   3.9804907484378563E+018
   8.8432300000000005E-003   4.0325221416657526E+018
   8.8428399999999994E-003   4.1041888036073098E+018
   8.8421500000000000E-003   4.1948911380986829E+018
   8.8414800000000005E-003   4.2743378799688259E+018
   8.8409700000000001E-003   4.3429001359343867E+018
   8.8404699999999996E-003   4.4062993639952522E+018
   8.8400400000000004E-003   4.4936539943952456E+018
   8.8392100000000001E-003   4.6141444513901937E+018
   8.8383100000000003E-003   4.7074307725995694E+018
   8.8378699999999994E-003   4.7689844475713024E+018
   8.8374400000000002E-003   4.8606389162756710E+018
   8.8365800000000001E-003   4.9814267907740303E+018
   8.8357499999999999E-003   5.0971729783112264E+018
   8.8349799999999992E-003   5.1925082534101934E+018
   8.8344400000000007E-003   5.2713263545263811E+018
   8.8339100000000004E-003   5.3860368108549386E+018
   8.8328899999999995E-003   5.5353395459316982E+018
   8.8319000000000002E-003   5.6865179873581722E+018
   8.8308899999999992E-003   5.8395173259901624E+018
   8.8298900000000000E-003   5.9758097698111078E+018
   8.8291099999999994E-003   6.0960767666693601E+018
   8.8283400000000005E-003   6.2431312544208701E+018
   8.8272300000000001E-003   6.3730312715555400E+018
   8.8266899999999999E-003   6.4587155502103900E+018
   8.8261499999999996E-003   6.5781137347666964E+018
   8.8252000000000001E-003   6.7301769818929521E+018
   8.8242600000000004E-003   6.8482932882962770E+018
   8.8237400000000001E-003   6.9334929191871089E+018
   8.8232199999999997E-003   7.0417457549826427E+018
   8.8224199999999992E-003   7.1724348859275715E+018
   8.8216400000000004E-003   7.3383146570282220E+018
   8.8204300000000006E-003   7.4925596317401836E+018
   8.8197899999999992E-003   7.6157191174004163E+018
   8.8189700000000006E-003   7.7534787603324918E+018
   8.8181700000000002E-003   7.9221200397884232E+018
   8.8170100000000001E-003   8.0712112632210227E+018
   8.8164400000000000E-003   8.1696549684716933E+018
   8.8158700000000000E-003   8.3219794574392515E+018
   8.8147000000000000E-003   8.4756415715710679E+018
   8.8141199999999999E-003   8.5771091201267517E+018
   8.8135499999999999E-003   8.6878770380251750E+018
   8.8128700000000004E-003   8.8077254829199800E+018
   8.8122099999999991E-003   8.9603989792237373E+018
   8.8111700000000001E-003   9.1448092241629501E+018
   8.8101599999999992E-003   9.2992144481880740E+018
   8.8094699999999998E-003   9.4245801505645466E+018
   8.8087900000000004E-003   9.5499396494499983E+018
   8.8081099999999992E-003   9.7443824536215347E+018
   8.8066900000000007E-003   1.0004133190886070E+019
   8.8053100000000002E-003   1.0268582287870720E+019
   8.8038700000000001E-003   1.0470601796228698E+019
   8.8031600000000008E-003   1.0603743873757516E+019
   8.8024699999999997E-003   1.0810734733358698E+019
   8.8009999999999998E-003   1.1088235333212893E+019
   8.7995699999999996E-003   1.1370042015674130E+019
   8.7980699999999998E-003   1.1584932033868159E+019
   8.7973300000000008E-003   1.1726103134496201E+019
   8.7966099999999998E-003   1.1870806883780635E+019
   8.7958399999999992E-003   1.2018718777974256E+019
   8.7950800000000003E-003   1.2164818626440122E+019
   8.7943299999999995E-003   1.2309051438621948E+019
   8.7935900000000004E-003   1.2456657101459466E+019
   8.7928099999999999E-003   1.2607245140336894E+019
   8.7920399999999992E-003   1.2828991999138048E+019
   8.7905199999999996E-003   1.3050625740262294E+019
   8.7897200000000009E-003   1.3202503812613689E+019
   8.7889300000000004E-003   1.3351797885227645E+019
   8.7881499999999998E-003   1.3498496428545032E+019
   8.7873799999999992E-003   1.3648630750862041E+019
   8.7865600000000006E-003   1.3800431794995210E+019
   8.7857600000000001E-003   1.3949131582369227E+019
   8.7849599999999996E-003   1.4094964536919349E+019
   8.7841700000000009E-003   1.4243105520116236E+019
   8.7833400000000006E-003   1.4393067469961341E+019
   8.7825200000000003E-003   1.4539626217108539E+019
   8.7817099999999999E-003   1.4683098450541689E+019
   8.7809099999999994E-003   1.4828520624898843E+019
   8.7800599999999993E-003   1.4975479148645562E+019
   8.7792200000000008E-003   1.5118772899936514E+019
   8.7783900000000005E-003   1.5258969008602032E+019
   8.7775800000000001E-003   1.5400849589488105E+019
   8.7767100000000001E-003   1.5544328118486870E+019
   8.7758599999999999E-003   1.5684173622844865E+019
   8.7750099999999998E-003   1.5821327594673639E+019
   8.7741799999999995E-003   1.5960366793095002E+019
   8.7732999999999995E-003   1.6101353033076941E+019
   8.7724299999999995E-003   1.6239129330221064E+019
   8.7715699999999994E-003   1.6374697206743947E+019
   8.7707199999999992E-003   1.6512589739506903E+019
   8.7698199999999994E-003   1.6652909287409283E+019
   8.7689299999999994E-003   1.6790569407037282E+019
   8.7680499999999995E-003   1.6926509707771746E+019
   8.7671899999999994E-003   1.7065579191071402E+019
   8.7662699999999996E-003   1.7206851708106998E+019
   8.7653699999999998E-003   1.7344070643524317E+019
   8.7644799999999998E-003   1.7483889363141501E+019
   8.7635999999999999E-003   1.7705963648695599E+019
   8.7617400000000005E-003   1.7997746946840214E+019
   8.7599400000000008E-003   1.8214262993434507E+019
   8.7589899999999995E-003   1.8364446100400818E+019
   8.7580499999999999E-003   1.8512718402956628E+019
   8.7571300000000001E-003   1.8664311864110596E+019
   8.7562100000000004E-003   1.8907581829114429E+019
   8.7542899999999996E-003   1.9226042537532899E+019
   8.7524200000000003E-003   1.9461531809134146E+019
   8.7514399999999992E-003   1.9626184993503670E+019
   8.7504699999999998E-003   1.9873721358903177E+019
   8.7485700000000007E-003   2.0210871737042031E+019
   8.7465800000000003E-003   2.0464907494317670E+019
   8.7455999999999992E-003   2.0637419589361492E+019
   8.7446399999999997E-003   2.0914962782378476E+019
   8.7426199999999996E-003   2.1276460814432383E+019
   8.7406399999999992E-003   2.1635793746085392E+019
   8.7385899999999992E-003   2.1910370179336643E+019
   8.7375800000000000E-003   2.2092937972902515E+019
   8.7365800000000007E-003   2.2381980938563854E+019
   8.7344799999999993E-003   2.2767068855291257E+019
   8.7324399999999993E-003   2.3160029115315855E+019
   8.7303099999999998E-003   2.3560403608649765E+019
   8.7282300000000000E-003   2.3857821476346413E+019
   8.7271299999999996E-003   2.4064363695324783E+019
   8.7260500000000008E-003   2.4383133220275646E+019
   8.7238599999999999E-003   2.4802560247834333E+019
   8.7217200000000005E-003   2.5222038401360204E+019
   8.7195699999999994E-003   2.5657235402604577E+019
   8.7173100000000007E-003   2.6100635485627306E+019
   8.7151199999999998E-003   2.6429350939246162E+019
   8.7139599999999998E-003   2.6777868850526196E+019
   8.7116999999999993E-003   2.7175412928343523E+019
   8.7099900000000008E-003   2.7524691522216645E+019
   8.7082400000000008E-003   2.7937817755926319E+019
   8.7059600000000004E-003   2.8417353716072714E+019
   8.7035800000000007E-003   2.8837400718212960E+019
   8.7018300000000007E-003   2.9199518742025224E+019
   8.7000299999999992E-003   2.9577717265794953E+019
   8.6982299999999995E-003   2.9950205750605136E+019
   8.6964599999999996E-003   3.0311369091129250E+019
   8.6947399999999994E-003   3.0661236171417027E+019
   8.6930500000000008E-003   3.0972526646595011E+019
   8.6916700000000003E-003   3.1252449344635593E+019
   8.6903099999999997E-003   3.1552496109162332E+019
   8.6887500000000003E-003   3.1865409092379812E+019
   8.6872100000000008E-003   3.2176564835821031E+019
   8.6856199999999998E-003   3.2494015042037387E+019
   8.6840500000000004E-003   3.2885483455587934E+019
   8.6817900000000000E-003   3.3316953053513179E+019
   8.6795899999999992E-003   3.3663140816807498E+019
   8.6779900000000000E-003   3.3959382685765796E+019
   8.6764200000000007E-003   3.4331663542853808E+019
   8.6741000000000006E-003   3.4739026410763006E+019
   8.6718500000000000E-003   3.5064844823435620E+019
   8.6701799999999996E-003   3.5336907569811599E+019
   8.6685400000000006E-003   3.5599330507480855E+019
   8.6668900000000000E-003   3.5856854823232512E+019
   8.6652599999999993E-003   3.6168681916863672E+019
   8.6629199999999993E-003   3.6502764955824333E+019
   8.6606300000000008E-003   3.6788358253578834E+019
   8.6585800000000008E-003   3.7045229877863244E+019
   8.6565900000000005E-003   3.7286006836531274E+019
   8.6545400000000005E-003   3.7516857128870314E+019
   8.6525500000000002E-003   3.7754427699390407E+019
   8.6501700000000004E-003   3.7992711088123912E+019
   8.6478500000000003E-003   3.8213745932545909E+019
   8.6454700000000006E-003   3.8414409501844349E+019
   8.6431600000000004E-003   3.8561235048406794E+019
   8.6414700000000001E-003   3.8693864699540054E+019
   8.6398099999999995E-003   3.8888685178091127E+019
   8.6367500000000003E-003   3.9111952862253785E+019
   8.6338100000000004E-003   3.9273461038025966E+019
   8.6317600000000005E-003   3.9412176471385850E+019
   8.6297600000000002E-003   3.9557176625384907E+019
   8.6277300000000001E-003   3.9704113019112030E+019
   8.6257599999999997E-003   3.9933962916836950E+019
   8.6217800000000008E-003   4.0171733594758463E+019
   8.6197800000000005E-003   4.0342466954653024E+019
   8.6178299999999999E-003   4.0557331781641806E+019
   8.6151300000000004E-003   4.0750117512018633E+019
   8.6138199999999995E-003   4.0882691720202535E+019
   8.6125200000000002E-003   4.1098331405917045E+019
   8.6098300000000006E-003   4.1323621646384980E+019
   8.6085099999999998E-003   4.1520811499559297E+019
   8.6065299999999994E-003   4.1771207384988951E+019
   8.6045099999999992E-003   4.1989457096120001E+019
   8.6032000000000001E-003   4.2264358403696067E+019
   8.6005300000000003E-003   4.2553138946143601E+019
   8.5991899999999996E-003   4.2752608698933625E+019
   8.5978600000000006E-003   4.3011969297903649E+019
   8.5958700000000002E-003   4.3340752620152553E+019
   8.5938300000000002E-003   4.3626386777762030E+019
   8.5924999999999994E-003   4.3857903088303596E+019
   8.5911900000000003E-003   4.4226861297587823E+019
   8.5884399999999993E-003   4.4676389584644407E+019
   8.5864400000000007E-003   4.5007135798068814E+019
   8.5850800000000001E-003   4.5356449901456966E+019
   8.5830100000000003E-003   4.5859391936073089E+019
   8.5803100000000007E-003   4.6304363513876685E+019
   8.5789000000000004E-003   4.6696175820887581E+019
   8.5768200000000006E-003   4.7169474395737342E+019
   8.5747900000000005E-003   4.7748772534864298E+019
   8.5719500000000001E-003   4.8307192498281341E+019
   8.5701900000000001E-003   4.8745671959645020E+019
   8.5684600000000000E-003   4.9291312798067941E+019
   8.5659599999999992E-003   4.9937914070757425E+019
   8.5635099999999999E-003   5.0659210536580186E+019
   8.5605899999999999E-003   5.1250455860140417E+019
   8.5591599999999997E-003   5.1649555218060124E+019
   8.5577399999999994E-003   5.2334850780806865E+019
   8.5543800000000003E-003   5.3297984970574242E+019
   8.5511100000000007E-003   5.4061457198554841E+019
   8.5492199999999997E-003   5.4794565401124233E+019
   8.5462300000000001E-003   5.5781711022449582E+019
   8.5428099999999996E-003   5.6672287552269476E+019
   8.5405399999999992E-003   5.7341709785454305E+019
   8.5385800000000005E-003   5.7969345262533943E+019
   8.5366499999999998E-003   5.8749661007439102E+019
   8.5338800000000006E-003   5.9643555498531783E+019
   8.5311599999999994E-003   6.0501013428546175E+019
   8.5287499999999999E-003   6.1307052739713327E+019
   8.5263900000000000E-003   6.2000555548243452E+019
   8.5247499999999993E-003   6.2569778843875025E+019
   8.5231200000000003E-003   6.3402435453631521E+019
   8.5199999999999998E-003   6.4518145278302151E+019
   8.5169400000000006E-003   6.5348692581359133E+019
   8.5153699999999995E-003   6.5923224444602204E+019
   8.5138100000000001E-003   6.6631612207050473E+019
   8.5115699999999996E-003   6.7467722446406885E+019
   8.5093600000000005E-003   6.8547533850585014E+019
   8.5059000000000003E-003   6.9895075385859211E+019
   8.5024000000000002E-003   7.1365965701607219E+019
   8.4984699999999993E-003   7.2694508660507050E+019
   8.4957799999999997E-003   7.3803343844235280E+019
   8.4930400000000003E-003   7.5173417700869997E+019
   8.4892000000000006E-003   7.7006767823072625E+019
   8.4843599999999998E-003   7.8495905151971082E+019
   8.4822300000000003E-003   7.9416493183871484E+019
   8.4801200000000007E-003   8.0501305547908039E+019
   8.4772900000000002E-003   8.1774831398901137E+019
   8.4743700000000002E-003   8.3068872045353992E+019
   8.4714999999999999E-003   8.4384892903787020E+019
   8.4685400000000001E-003   8.5736880949939814E+019
   8.4655600000000004E-003   8.7094674964715127E+019
   8.4626300000000005E-003   8.8249604188039365E+019
   8.4605600000000006E-003   8.9673282873708298E+019
   8.4565000000000005E-003   9.1866308038952501E+019
   8.4513200000000000E-003   9.3968237148819194E+019
   8.4476900000000008E-003   9.5604453279837438E+019
   8.4445100000000006E-003   9.7161554343655244E+019
   8.4412800000000007E-003   9.9280516034585395E+019
   8.4358699999999998E-003   1.0149354676620940E+020
   8.4323100000000002E-003   1.0285791896463196E+020
   8.4304099999999993E-003   1.0441475556125786E+020
   8.4261500000000003E-003   1.0655484392036852E+020
   8.4219800000000008E-003   1.0820602094893631E+020
   8.4196800000000006E-003   1.0938151154384927E+020
   8.4174000000000002E-003   1.1111640724899755E+020
   8.4130000000000003E-003   1.1338814465638425E+020
   8.4086800000000000E-003   1.1498969204551361E+020
   8.4068800000000003E-003   1.1593406123947056E+020
   8.4050900000000005E-003   1.1753633411453285E+020
   8.4008399999999997E-003   1.1978518174378417E+020
   8.3966600000000002E-003   1.2146573896944563E+020
   8.3944999999999992E-003   1.2262793268379684E+020
   8.3923599999999998E-003   1.2427235567948920E+020
   8.3884500000000004E-003   1.2639198255376740E+020
   8.3846000000000007E-003   1.2819211737954184E+020
   8.3818999999999994E-003   1.2967978831650980E+020
   8.3792299999999997E-003   1.3137760607203236E+020
   8.3757999999999992E-003   1.3328211940037650E+020
   8.3724200000000002E-003   1.3545466401157281E+020
   8.3680999999999998E-003   1.3788784372363657E+020
   8.3638500000000008E-003   1.4012627027218802E+020
   8.3602499999999996E-003   1.4302263754278304E+020
   8.3537999999999998E-003   1.4571919729460586E+020
   8.3509399999999994E-003   1.4749092714778060E+020
   8.3477599999999992E-003   1.4935647210623517E+020
   8.3446100000000006E-003   1.5224019575907362E+020
   8.3380599999999996E-003   1.5611863189818088E+020
   8.3316699999999994E-003   1.6013411377252090E+020
   8.3248300000000001E-003   1.6428361282551670E+020
   8.3181399999999999E-003   1.6744188590359216E+020
   8.3145400000000005E-003   1.6967879099546531E+020
   8.3109800000000008E-003   1.7204927324096974E+020
   8.3070000000000001E-003   1.7455231655799747E+020
   8.3030699999999992E-003   1.7693012953236272E+020
   8.2995299999999994E-003   1.7918604580438468E+020
   8.2960299999999994E-003   1.8189806665122618E+020
   8.2911300000000007E-003   1.8505863744214843E+020
   8.2862999999999999E-003   1.8857010638222678E+020
   8.2804200000000001E-003   1.9242130394811246E+020
   8.2746499999999997E-003   1.9602606498885412E+020
   8.2696000000000002E-003   1.9939896529373984E+020
   8.2646200000000003E-003   2.0289641496676617E+020
   8.2592199999999994E-003   2.0620367043988675E+020
   8.2550000000000002E-003   2.0909604062977114E+020
   8.2508300000000007E-003   2.1299906351106923E+020
   8.2437799999999992E-003   2.1789367978390002E+020
   8.2368700000000003E-003   2.2252946321011288E+020
   8.2307300000000003E-003   2.2689259894235247E+020
   8.2246899999999998E-003   2.3096763714490116E+020
   8.2193400000000003E-003   2.3624640591845576E+020
   8.2102600000000005E-003   2.4091729001952362E+020
   8.2066499999999994E-003   2.4358426507421824E+020
   8.2030799999999997E-003   2.4756190852255747E+020
   8.1960399999999999E-003   2.5283024152588052E+020
   8.1891299999999993E-003   2.5710906227268377E+020
   8.1848100000000007E-003   2.6041473147259699E+020
   8.1805300000000001E-003   2.6430244136928825E+020
   8.1747599999999997E-003   2.6876459690728610E+020
   8.1690800000000004E-003   2.7373197216649422E+020
   8.1621500000000000E-003   2.8042036311546164E+020
   8.1522899999999995E-003   2.8719575039178647E+020
   8.1452999999999994E-003   2.9163927707378264E+020
   8.1413500000000003E-003   2.9666997747329407E+020
   8.1330599999999992E-003   3.0347095305275847E+020
   8.1249400000000006E-003   3.0864393676960327E+020
   8.1206700000000000E-003   3.1222896449111222E+020
   8.1164400000000008E-003   3.1579819127688738E+020
   8.1122599999999996E-003   3.1935403225992875E+020
   8.1081100000000000E-003   3.2489204501657439E+020
   8.0993999999999997E-003   3.3238609240920726E+020
   8.0908700000000000E-003   3.4006830296007567E+020
   8.0819499999999992E-003   3.4793729223568471E+020
   8.0732000000000009E-003   3.5393296775631399E+020
   8.0686000000000004E-003   3.5807993131819696E+020
   8.0640499999999997E-003   3.6221215896183990E+020
   8.0595500000000004E-003   3.6633003019544645E+020
   8.0550900000000009E-003   3.7274581338030296E+020
   8.0457199999999993E-003   3.8142698197737039E+020
   8.0365300000000001E-003   3.8801005765256387E+020
   8.0317099999999992E-003   3.9258590369054379E+020
   8.0269399999999998E-003   3.9714646991246118E+020
   8.0222100000000001E-003   4.0169195384296309E+020
   8.0175200000000002E-003   4.0877135075718477E+020
   8.0076899999999996E-003   4.1835777657932690E+020
   7.9980499999999996E-003   4.2816800050651575E+020
   7.9879800000000004E-003   4.3824587178161956E+020
   7.9781000000000001E-003   4.4593108926251015E+020
   7.9729099999999997E-003   4.5124643923015709E+020
   7.9677800000000007E-003   4.5654560227672044E+020
   7.9626999999999996E-003   4.6182987727928938E+020
   7.9576600000000001E-003   4.7005781827375602E+020
   7.9471000000000003E-003   4.8120419826464031E+020
   7.9367299999999995E-003   4.8965903717908880E+020
   7.9313000000000005E-003   4.9553851464622952E+020
   7.9259099999999996E-003   5.0140145166966725E+020
   7.9205800000000000E-003   5.0724798775326749E+020
   7.9153000000000001E-003   5.1635386453428843E+020
   7.9042200000000000E-003   5.2869376313716336E+020
   7.8933500000000004E-003   5.4134928534102468E+020
   7.8820000000000001E-003   5.5433903283034948E+020
   7.8708700000000003E-003   5.6425222274376879E+020
   7.8650400000000002E-003   5.7110987520002890E+020
   7.8592599999999999E-003   5.7795048950960855E+020
   7.8535299999999992E-003   5.8477539557090486E+020
   7.8478599999999999E-003   5.9539995223635237E+020
   7.8359699999999994E-003   6.0980482994813482E+020
   7.8243099999999993E-003   6.2074358961321306E+020
   7.8181899999999992E-003   6.2834717631242056E+020
   7.8121400000000004E-003   6.3971058999183960E+020
   7.8001900000000002E-003   6.5530070338318959E+020
   7.7877399999999996E-003   6.6731660411166484E+020
   7.7815999999999996E-003   6.7528538246268466E+020
   7.7755100000000002E-003   6.8770238006522531E+020
   7.7627599999999996E-003   7.0454663535954598E+020
   7.7502500000000002E-003   7.1734060633998479E+020
   7.7437000000000001E-003   7.2623854229672926E+020
   7.7372099999999996E-003   7.3746653800566148E+020
   7.7273799999999998E-003   7.5104424063549335E+020
   7.7177000000000001E-003   7.6484413164288410E+020
   7.7077600000000001E-003   7.7890277049546388E+020
   7.6979500000000003E-003   7.9336756540590234E+020
   7.6876899999999996E-003   8.0822772036686093E+020
   7.6775599999999999E-003   8.2335829241625195E+020
   7.6671700000000001E-003   8.4344107382486624E+020
   7.6507299999999997E-003   8.6519156985081325E+020
   7.6385000000000003E-003   8.8414955937158228E+020
   7.6261599999999999E-003   9.0353644252903270E+020
   7.6137000000000002E-003   9.2594545404722269E+020
   7.5979300000000001E-003   9.4882211895790364E+020
   7.5852899999999997E-003   9.6986877501137289E+020
   7.5722000000000003E-003   9.9158118176738745E+020
   7.5591000000000000E-003   1.0124074801268486E+021
   7.5474000000000001E-003   1.0318242398742801E+021
   7.5362500000000004E-003   1.0550558279730935E+021
   7.5204199999999999E-003   1.0801725125273618E+021
   7.5073800000000001E-003   1.1018386696780283E+021
   7.4957100000000000E-003   1.1240535450785025E+021
   7.4819300000000004E-003   1.1498795141592870E+021
   7.4668099999999999E-003   1.1724452339537659E+021
   7.4568799999999999E-003   1.1930632676036187E+021
   7.4429099999999996E-003   1.2192020084398091E+021
   7.4264700000000001E-003   1.2437711408032422E+021
   7.4106399999999996E-003   1.2668862497001631E+021
   7.3959799999999999E-003   1.2822282176552368E+021
   7.3819300000000001E-003   1.2929657605345869E+021
   7.3660599999999998E-003   1.2849284868874565E+021
   7.3597799999999998E-003   1.2986663788186546E+021
   7.3449400000000003E-003   1.2620059417449868E+021
   7.3255100000000004E-003   1.2519372311576403E+021
   7.3117299999999998E-003   1.1955435384155430E+021
   7.2984100000000000E-003   1.1073543032363463E+021
   7.2832699999999997E-003   1.0591506163803335E+021
   7.2693799999999998E-003   1.0300995705497864E+021
   7.2634900000000001E-003   9.8844624677580492E+020
   7.2576300000000002E-003   9.5178376598223847E+020
   7.2433400000000000E-003   9.2248521111464142E+020
   7.2376000000000003E-003   9.0700846763266251E+020
   7.2310500000000002E-003   8.7793036240055239E+020
   7.2259500000000001E-003   8.7839477719917737E+020
   7.2178600000000004E-003   8.6576492524149696E+020
   7.2126800000000000E-003   8.4924001798453042E+020
   7.2078200000000002E-003   8.4177652830736744E+020
   7.2034300000000002E-003   8.4689092663488165E+020
   7.1981800000000002E-003   8.3694086149037241E+020
   7.1923800000000000E-003   8.3328264922928670E+020
   7.1866100000000004E-003   8.3568957768934477E+020
   7.1831200000000003E-003   8.3835140813948256E+020
   7.1783500000000000E-003   8.4008562665205727E+020
   7.1759800000000002E-003   8.4194012885088207E+020
   7.1742000000000004E-003   8.4514057999212321E+020
   7.1700399999999999E-003   8.4905637600766460E+020
   7.1676500000000002E-003   8.5278772562967252E+020
   7.1643499999999999E-003   8.5730957039001561E+020
   7.1616300000000004E-003   8.6539556932230382E+020
   7.1555899999999999E-003   8.7690780395555783E+020
   7.1510599999999999E-003   8.8589179663431736E+020
   7.1459399999999999E-003   9.0194406124644008E+020
   7.1399499999999999E-003   9.1658079755277828E+020
   7.1352400000000002E-003   9.2958757860157817E+020
   7.1307499999999999E-003   9.4437653473825902E+020
   7.1263999999999997E-003   9.5688000429024779E+020
   7.1224399999999998E-003   9.7238602921814563E+020
   7.1174000000000003E-003   9.8493325421719034E+020
   7.1153299999999996E-003   9.9588023569011075E+020
   7.1112099999999998E-003   1.0091603334375720E+021
   7.1084599999999996E-003   1.0217835857074768E+021
   7.1043599999999997E-003   1.0335993982509879E+021
   7.1023099999999997E-003   1.0453059485987929E+021
   7.0983299999999999E-003   1.0608391139017287E+021
   7.0944399999999996E-003   1.0725480227306853E+021
   7.0925099999999998E-003   1.0817052469330638E+021
   7.0899900000000000E-003   1.0971458779697161E+021
   7.0849800000000003E-003   1.1178868677258187E+021
   7.0799799999999996E-003   1.1388567857029149E+021
   7.0750099999999996E-003   1.1547099593412646E+021
   7.0725400000000004E-003   1.1637599000101552E+021
   7.0706800000000002E-003   1.1756601208070261E+021
   7.0669799999999996E-003   1.1915153531235396E+021
   7.0633500000000004E-003   1.2071349563853822E+021
   7.0597699999999999E-003   1.2224778199988146E+021
   7.0562500000000000E-003   1.2375341519648268E+021
   7.0527899999999998E-003   1.2549392135857132E+021
   7.0482699999999997E-003   1.2709126634658396E+021
   7.0454899999999997E-003   1.2829801231335319E+021
   7.0427099999999998E-003   1.2986994049004449E+021
   7.0381400000000000E-003   1.3161745292875459E+021
   7.0345499999999997E-003   1.3307179128441481E+021
   7.0313900000000002E-003   1.3433850594688917E+021
   7.0286500000000000E-003   1.3594590885520432E+021
   7.0240500000000004E-003   1.3793986773058511E+021
   7.0192500000000003E-003   1.4040027833571714E+021
   7.0130499999999998E-003   1.4228499391157908E+021
   7.0101299999999998E-003   1.4366544452827740E+021
   7.0072099999999998E-003   1.4556398111666843E+021
   7.0028499999999997E-003   1.4687146918121009E+021
   6.9970600000000003E-003   1.5018788462252322E+021
   6.9941800000000000E-003   1.5037317050277411E+021
   6.9912999999999998E-003   1.5155248170406241E+021
   6.9868400000000002E-003   1.5370946087941319E+021
   6.9805900000000001E-003   1.5651867005984710E+021
   6.9769699999999999E-003   1.5808037333622695E+021
   6.9708399999999998E-003   1.6106541712201031E+021
   6.9648100000000001E-003   1.6158947866371327E+021
   6.9613799999999997E-003   1.6298344537306484E+021
   6.9591799999999997E-003   1.6535011126420942E+021
   6.9547799999999998E-003   1.6616531749075070E+021
   6.9494600000000002E-003   1.7111044815271066E+021
   6.9463299999999997E-003   1.7051470301224446E+021
   6.9413200000000000E-003   1.7105472674260265E+021
   6.9388200000000001E-003   1.7188323564999973E+021
   6.9339500000000004E-003   1.7675463793784204E+021
   6.9268600000000000E-003   1.7736872386802218E+021
   6.9220000000000002E-003   1.8003269186447910E+021
   6.9171500000000004E-003   1.8175042510487827E+021
   6.9088400000000003E-003   1.8363603136523949E+021
   6.9044099999999997E-003   1.8598314198758009E+021
   6.9007399999999998E-003   1.8777710327354528E+021
   6.8970699999999999E-003   1.8984204373745011E+021
   6.8943800000000003E-003   1.9001918074019940E+021
   6.8923700000000001E-003   1.9171988083039858E+021
   6.8887000000000002E-003   1.9362413302800502E+021
   6.8871200000000000E-003   1.9525260165259610E+021
   6.8845800000000004E-003   1.9660261481331035E+021
   6.8825500000000003E-003   1.9845603670263569E+021
   6.8809700000000001E-003   1.9887373619404443E+021
   6.8793999999999999E-003   1.9991870844302905E+021
   6.8780999999999998E-003   2.0068708562612231E+021
   6.8767999999999998E-003   2.0140753746199946E+021
   6.8755200000000004E-003   2.0235906294067018E+021
   6.8742500000000002E-003   2.0414137384423412E+021
   6.8716500000000000E-003   2.0502267614277062E+021
   6.8690699999999997E-003   2.0569564551380407E+021
   6.8679300000000004E-003   2.0600813424526670E+021
   6.8668000000000002E-003   2.0818529469454961E+021
   6.8649899999999996E-003   2.0869019916422018E+021
   6.8631899999999999E-003   2.0919528696721485E+021
   6.8613900000000002E-003   2.0970055495686606E+021
   6.8595899999999996E-003   2.1134421120679946E+021
   6.8555500000000002E-003   2.1297100107066882E+021
   6.8515299999999998E-003   2.1544177463253079E+021
   6.8425500000000002E-003   2.1905664153872252E+021
   6.8225800000000000E-003   2.2425705999914070E+021
   6.8046699999999996E-003   2.2883635953904263E+021
   6.7902900000000000E-003   2.3329489977226567E+021
   6.7768899999999998E-003   2.3866068106755158E+021
   6.7571599999999999E-003   2.4485200676128728E+021
   6.7386599999999996E-003   2.5041468778637306E+021
   6.7222300000000000E-003   2.5573720362242959E+021
   6.7058800000000000E-003   2.6117838812293586E+021
   6.6897199999999997E-003   2.6705920533918788E+021
   6.6709800000000000E-003   2.7288039459761029E+021
   6.6553699999999999E-003   2.7834496107826910E+021
   6.6394000000000002E-003   2.8417932678239098E+021
   6.6220000000000003E-003   2.9055555855891620E+021
   6.6034400000000004E-003   2.9793752821919294E+021
   6.5810299999999999E-003   3.0509256830949911E+021
   6.5644400000000004E-003   3.1191395613688442E+021
   6.5445299999999998E-003   3.1945119218106132E+021
   6.5248700000000003E-003   3.2637878992022416E+021
   6.5085700000000000E-003   3.3170377396252191E+021
   6.4979199999999999E-003   3.3745764301610177E+021
   6.4794800000000001E-003   3.4343760335060106E+021
   6.4681900000000004E-003   3.5026820378644515E+021
   6.4458299999999996E-003   3.5820055752545555E+021
   6.4295699999999999E-003   3.6500774471664481E+021
   6.4134700000000001E-003   3.7125517378626907E+021
   6.4003400000000000E-003   3.7690590589757277E+021
   6.3873200000000002E-003   3.8634306037538294E+021
   6.3571100000000000E-003   3.9970295585804240E+021
   6.3274300000000002E-003   4.0961121301307358E+021
   6.3138700000000001E-003   4.1825344325423590E+021
   6.2902200000000000E-003   4.2621537849613070E+021
   6.2800699999999996E-003   4.3447288834330271E+021
   6.2556799999999996E-003   4.4625946164347032E+021
   6.2316000000000003E-003   4.5573681739015457E+021
   6.2177100000000004E-003   4.6265355991209314E+021
   6.2039199999999999E-003   4.7157011313492592E+021
   6.1825900000000000E-003   4.8256057235295678E+021
   6.1615100000000003E-003   4.9187581823127912E+021
   6.1472999999999996E-003   4.9937725440951572E+021
   6.1332000000000001E-003   5.1100548634644484E+021
   6.1041300000000001E-003   5.2690354994711552E+021
   6.0755000000000002E-003   5.4017364548806792E+021
   6.0570700000000003E-003   5.5069982783890239E+021
   6.0388100000000004E-003   5.5928772730637496E+021
   6.0277600000000001E-003   5.6570084298695419E+021
   6.0167700000000003E-003   5.7670568330475906E+021
   5.9905699999999997E-003   5.9559273658599101E+021
   5.9542099999999997E-003   6.1571271791488889E+021
   5.9256900000000000E-003   6.3049156615982002E+021
   5.9077399999999999E-003   6.4374345490424985E+021
   5.8845800000000004E-003   6.5883716420883165E+021
   5.8616700000000002E-003   6.7688948784307949E+021
   5.8305600000000003E-003   6.9823686421733358E+021
   5.7991700000000002E-003   7.1481231119390427E+021
   5.7832800000000000E-003   7.2598719048915511E+021
   5.7675100000000000E-003   7.4322132016139401E+021
   5.7352100000000001E-003   7.6676387910910644E+021
   5.7033400000000003E-003   7.9112934243083286E+021
   5.6704700000000004E-003   8.1626031036803077E+021
   5.6380400000000004E-003   8.4221812444833251E+021
   5.6045899999999996E-003   8.6911726240076346E+021
   5.5715799999999996E-003   8.9679908252670398E+021
   5.5375399999999997E-003   9.2546765443899599E+021
   5.5039299999999998E-003   9.5509807843401689E+021
   5.4692800000000000E-003   9.8565134374871572E+021
   5.4350700000000002E-003   1.0092022413334604E+022
   5.4175700000000000E-003   1.0252319503753025E+022
   5.4001700000000001E-003   1.0499072506776928E+022
   5.3645899999999998E-003   1.0836598149333876E+022
   5.3294400000000004E-003   1.1096130313716710E+022
   5.3114700000000004E-003   1.1273149861550128E+022
   5.2935999999999999E-003   1.1543809855029443E+022
   5.2574299999999996E-003   1.1916051989368245E+022
   5.2209300000000004E-003   1.2300761049007911E+022
   5.1840999999999996E-003   1.2698348458138917E+022
   5.1469300000000001E-003   1.3109288640454957E+022
   5.1094299999999999E-003   1.3534043256912731E+022
   5.0715700000000001E-003   1.3973095526753313E+022
   5.0333699999999997E-003   1.4426938712900818E+022
   4.9948099999999997E-003   1.4896080340229057E+022
   4.9558800000000002E-003   1.5381085598614490E+022
   4.9166000000000001E-003   1.5755234764990578E+022
   4.8967200000000002E-003   1.6010386721614680E+022
   4.8769399999999997E-003   1.6269148198418180E+022
   4.8568700000000001E-003   1.6532949056068954E+022
   4.8368999999999999E-003   1.6878472461419104E+022
   4.8051300000000003E-003   1.7307990981617968E+022
   4.7735800000000004E-003   1.7667621952670445E+022
   4.7530200000000002E-003   1.7954551438108558E+022
   4.7325500000000003E-003   1.8246784685162396E+022
   4.7118000000000004E-003   1.8543824815328223E+022
   4.6911300000000000E-003   1.8846008966315912E+022
   4.6701700000000004E-003   1.9153310793600015E+022
   4.6492900000000004E-003   1.9466046035624513E+022
   4.6281300000000003E-003   1.9784188159256433E+022
   4.6070499999999997E-003   2.0107846574025893E+022
   4.5856700000000000E-003   2.0437256621615235E+022
   4.5643799999999998E-003   2.0772385259509950E+022
   4.5427899999999997E-003   2.1113592194892407E+022
   4.5212799999999999E-003   2.1460965776260103E+022
   4.4994800000000001E-003   2.1814538166870833E+022
   4.4777500000000000E-003   2.2174398506403973E+022
   4.4557199999999998E-003   2.2541017758453006E+022
   4.4337700000000001E-003   2.2914486388739858E+022
   4.4115200000000004E-003   2.3294836494196147E+022
   4.3893400000000003E-003   2.3682448808715605E+022
   4.3668600000000002E-003   2.4077029832577702E+022
   4.3444399999999998E-003   2.4479680561239632E+022
   4.3217200000000002E-003   2.4890072675246513E+022
   4.2990700000000003E-003   2.5308717105515558E+022
   4.2761099999999996E-003   2.5735605290608471E+022
   4.2532100000000003E-003   2.6170439882304054E+022
   4.2300999999999997E-003   2.6615107003801080E+022
   4.2068599999999998E-003   2.7069135685093660E+022
   4.1834899999999998E-003   2.7532894587077173E+022
   4.1599899999999997E-003   2.8006612263858906E+022
   4.1363700000000003E-003   2.8491107685979619E+022
   4.1126100000000001E-003   2.8986373871195728E+022
   4.0887199999999997E-003   2.9493713819843531E+022
   4.0646900000000001E-003   3.0012910764358162E+022
   4.0405199999999997E-003   3.0544687074668179E+022
   4.0162200000000000E-003   3.1089841887091483E+022
   3.9917700000000004E-003   3.1648474491396955E+022
   3.9671799999999998E-003   3.2221110885702353E+022
   3.9424500000000001E-003   3.2808559603767551E+022
   3.9175599999999996E-003   3.3411121053186430E+022
   3.8925299999999999E-003   3.4029217711955756E+022
   3.8673499999999999E-003   3.4664699815666020E+022
   3.8420099999999999E-003   3.5317488772201266E+022
   3.8165100000000000E-003   3.5989776419895575E+022
   3.7908600000000001E-003   3.6684518327646725E+022
   3.7650399999999999E-003   3.7403450443915673E+022
   3.7390600000000002E-003   3.8143619665007519E+022
   3.7129099999999998E-003   3.8900577825740426E+022
   3.6865900000000000E-003   3.9671684556964625E+022
   3.6600999999999999E-003   4.0457098953331141E+022
   3.6334200000000001E-003   4.1256996527890464E+022
   3.6065699999999999E-003   4.2071565291687460E+022
   3.5795400000000000E-003   4.2901005336466202E+022
   3.5523199999999999E-003   4.3745528338654190E+022
   3.5249000000000001E-003   4.4605352668074508E+022
   3.4972900000000001E-003   4.5480707282425182E+022
   3.4694900000000000E-003   4.6371828901321609E+022
   3.4414799999999998E-003   4.7278961087412439E+022
   3.4132600000000000E-003   4.8202352709824105E+022
   3.3848300000000001E-003   4.9142258587853446E+022
   3.3561799999999998E-003   5.0098944945010808E+022
   3.3273199999999999E-003   5.1072674688672402E+022
   3.2982200000000001E-003   5.2063722862709555E+022
   3.2688900000000000E-003   5.3072365924350517E+022
   3.2393299999999999E-003   5.4098886850459225E+022
   3.2095200000000000E-003   5.5143570415321128E+022
   3.1794599999999998E-003   5.6206709335107396E+022
   3.1491399999999999E-003   5.7288598160789553E+022
   3.1185599999999998E-003   5.8389534532893919E+022
   3.0877100000000000E-003   5.9509822793710542E+022
   3.0565900000000001E-003   6.0649766949248632E+022
   3.0251700000000002E-003   6.1809676520930689E+022
   2.9934599999999999E-003   6.2989864685863084E+022
   2.9614500000000000E-003   6.4190648069088430E+022
   2.9291299999999998E-003   6.5412342031496333E+022
   2.8964799999999999E-003   6.6655268645096632E+022
   2.8635000000000002E-003   6.7919752190917253E+022
   2.8301799999999998E-003   6.9206118032422631E+022
   2.7965099999999999E-003   7.0514692178295885E+022
   2.7624600000000000E-003   7.1845804589952558E+022
   2.7280400000000002E-003   7.3199785058067856E+022
   2.6932200000000001E-003   7.4576967235257185E+022
   2.6579899999999998E-003   7.5977681472744843E+022
   2.6223399999999999E-003   7.7402261033077111E+022
   2.5862500000000000E-003   7.8851038932646819E+022
   2.5496999999999998E-003   8.0324348022294833E+022
   2.5126699999999998E-003   8.1822518725793498E+022
   2.4751399999999998E-003   8.3345884578697802E+022
   2.4370899999999998E-003   8.4894770812250948E+022
   2.3984900000000001E-003   8.6469504319339446E+022
   2.3593199999999998E-003   8.8070408305931901E+022
   2.3195600000000000E-003   8.9697442012845113E+022
   2.2791600000000001E-003   9.1353806636110112E+022
   2.2380899999999999E-003   9.3037307297498650E+022
   2.1963299999999998E-003   9.4748240763018589E+022
   2.1538299999999998E-003   9.6486905468154513E+022
   2.1105400000000002E-003   9.8253579816066485E+022
   2.0664199999999998E-003   1.0004786250872570E+023
   2.0214199999999999E-003   1.0187342085457814E+023
   1.9754700000000000E-003   1.0372801245493196E+023
   1.9285100000000000E-003   1.0560675492950615E+023
   1.8807800000000001E-003   1.0752230165185515E+023
   1.8312300000000001E-003   1.0947239417827713E+023
   1.7807400000000001E-003   1.1144597902945973E+023
   1.7288700000000000E-003   1.1315500462069144E+023
   1.6892800000000000E-003   1.1469822045366311E+023
   1.6482000000000001E-003   1.1692168650679560E+023
   1.5708400000000000E-003   1.1906143960339078E+023
   1.5275099999999999E-003   1.2068384190806568E+023
   1.4820899999999999E-003   1.2313034819152184E+023
   1.3879400000000001E-003   1.2578206234486093E+023
   1.3229500000000000E-003   1.2797395033700962E+023
   1.2551500000000000E-003   1.3016454110947330E+023
   1.1802799999999999E-003   1.3251310693832050E+023
   1.1005600000000000E-003   1.3487509750538310E+023
   1.0087799999999999E-003   1.3754378643397079E+023
   8.9933000000000005E-004   1.4086762458391253E+023
   7.0640000000000004E-004   1.4403668298188699E+023
   5.6782000000000002E-004   1.4604592372258640E+023
   4.8414999999999998E-004   1.4724049796095805E+023
   3.8297000000000000E-004   1.4807173474900669E+023
   3.1386000000000001E-004   1.4880277181729915E+023
   2.5071000000000002E-004   1.4896747435772082E+023
   2.0164000000000000E-004   1.4946393949238349E+023
   1.6417000000000000E-004   1.4954019557869902E+023
   1.3642999999999999E-004   1.4974920621637977E+023
   1.1689000000000000E-004   1.4976818340011494E+023
   1.0404999999999999E-004   1.4986644395195341E+023
   8.6870000000000000E-005   1.4992347648507713E+023
   6.8949999999999995E-005   1.4995522853446566E+023
   5.4719999999999998E-005   1.5000773918237538E+023
   4.3430000000000003E-005   1.5002345648350681E+023
   3.4470000000000000E-005   1.5003194932079395E+023
   2.7359999999999999E-005   1.5005129141778193E+023
   2.1719999999999999E-005   1.5005503935082379E+023
   1.7240000000000001E-005   1.5006389518474254E+023
   1.3679999999999999E-005   1.5007238705681267E+023
