   8.8864500000000006E-003   1855938551063153.8     
   8.8864500000000006E-003   2136050246850469.2     
   8.8864500000000006E-003   2381840765546261.5     
   8.8864400000000007E-003   2602458949408151.0     
   8.8864400000000007E-003   2803756780947014.5     
   8.8864400000000007E-003   2989828727728780.5     
   8.8864400000000007E-003   3163527225938115.0     
   8.8864400000000007E-003   3326653834430063.0     
   8.8864400000000007E-003   3480526879580511.0     
   8.8864300000000007E-003   3626275813020313.5     
   8.8864300000000007E-003   3764844834397947.5     
   8.8864300000000007E-003   3897089149674897.0     
   8.8864300000000007E-003   4023749765791108.0     
   8.8864300000000007E-003   4145416783818101.0     
   8.8864300000000007E-003   4262558326314216.0     
   8.8864300000000007E-003   4375567057796142.0     
   8.8864300000000007E-003   4484783055552356.0     
   8.8864200000000008E-003   4590498551035167.0     
   8.8864200000000008E-003   4692964799890712.0     
   8.8864200000000008E-003   4792404378737123.0     
   8.8864200000000008E-003   4912605945569445.0     
   8.8864200000000008E-003   5051705471628937.0     
   8.8864200000000008E-003   5185514564747650.0     
   8.8864200000000008E-003   5314515464087620.0     
   8.8864200000000008E-003   5418743436040023.0     
   8.8864200000000008E-003   5499990552827454.0     
   8.8864200000000008E-003   5579515194993253.0     
   8.8864200000000008E-003   5657408556806296.0     
   8.8864100000000008E-003   5752500428806025.0     
   8.8864100000000008E-003   5863679098577694.0     
   8.8864100000000008E-003   5971739993124579.0     
   8.8864100000000008E-003   6076863087099343.0     
   8.8864100000000008E-003   6162407385168297.0     
   8.8864100000000008E-003   6229465891112494.0     
   8.8864100000000008E-003   6295391196236571.0     
   8.8864100000000008E-003   6360222535904872.0     
   8.8864100000000008E-003   6455373219139189.0     
   8.8864100000000008E-003   6548489839876101.0     
   8.8864100000000008E-003   6609281330468257.0     
   8.8864100000000008E-003   6698629235127372.0     
   8.8863999999999992E-003   6814800960826874.0     
   8.8863999999999992E-003   6927634600042457.0     
   8.8863999999999992E-003   7037338729171319.0     
   8.8863999999999992E-003   7117758328814030.0     
   8.8863999999999992E-003   7170439202855936.0     
   8.8863999999999992E-003   7222440784753111.0     
   8.8863999999999992E-003   7273784638790590.0     
   8.8863999999999992E-003   7349534597168646.0     
   8.8863999999999992E-003   7448500373874701.0     
   8.8863999999999992E-003   7545149668766802.0     
   8.8863999999999992E-003   7639604843579936.0     
   8.8863999999999992E-003   7747115127796871.0     
   8.8863899999999992E-003   7866799676946122.0     
   8.8863899999999992E-003   7983214842287181.0     
   8.8863899999999992E-003   8096558122637878.0     
   8.8863899999999992E-003   8207004217005867.0     
   8.8863899999999992E-003   8314708054258911.0     
   8.8863899999999992E-003   8419806925542994.0     
   8.8863899999999992E-003   8522424643513907.0     
   8.8863899999999992E-003   8634998164998184.0     
   8.8863899999999992E-003   8756804829100510.0     
   8.8863799999999993E-003   8875293687120669.0     
   8.8863799999999993E-003   8962174270658309.0     
   8.8863799999999993E-003   9019098116383662.0     
   8.8863799999999993E-003   9103048890405246.0     
   8.8863799999999993E-003   9212643483621522.0     
   8.8863799999999993E-003   9319589645313886.0     
   8.8863799999999993E-003   9424028348275992.0     
   8.8863799999999993E-003   9526089550778308.0     
   8.8863799999999993E-003   9625888716774852.0     
   8.8863799999999993E-003   9723536632718104.0     
   8.8863699999999993E-003   9819135393745912.0     
   8.8863699999999993E-003   9912779033300566.0     
   8.8863699999999993E-003   10004554151380466.     
   8.8863699999999993E-003   10138711524300220.     
   8.8863699999999993E-003   10290766564805314.     
   8.8863699999999993E-003   10417143219388216.     
   8.8863699999999993E-003   10540130513737562.     
   8.8863599999999994E-003   10630316959455986.     
   8.8863599999999994E-003   10689408582872902.     
   8.8863599999999994E-003   10776543536342612.     
   8.8863599999999994E-003   10890233739322134.     
   8.8863599999999994E-003   11055282625105362.     
   8.8863599999999994E-003   11214974226097228.     
   8.8863599999999994E-003   11318276129151028.     
   8.8863499999999995E-003   11419321889342354.     
   8.8863499999999995E-003   11518231242968000.     
   8.8863499999999995E-003   11615115881546684.     
   8.8863499999999995E-003   11710087712506044.     
   8.8863499999999995E-003   11803254999826382.     
   8.8863499999999995E-003   11894717683959438.     
   8.8863499999999995E-003   11999350262009512.     
   8.8863499999999995E-003   12116471165026224.     
   8.8863399999999995E-003   12287255960472294.     
   8.8863399999999995E-003   12453504681795344.     
   8.8863399999999995E-003   12561598919333646.     
   8.8863399999999995E-003   12667799821723552.     
   8.8863399999999995E-003   12772235109862218.     
   8.8863299999999996E-003   12887716694275448.     
   8.8863299999999996E-003   13013822525471936.     
   8.8863299999999996E-003   13137741966451662.     
   8.8863299999999996E-003   13259637082056774.     
   8.8863299999999996E-003   13379630508813930.     
   8.8863299999999996E-003   13497831923211228.     
   8.8863199999999996E-003   13671669724142988.     
   8.8863199999999996E-003   13853920752309794.     
   8.8863199999999996E-003   13988010469154942.     
   8.8863199999999996E-003   14120268985059862.     
   8.8863099999999997E-003   14250899385149672.     
   8.8863099999999997E-003   14380074545829966.     
   8.8863099999999997E-003   14507934246792182.     
   8.8863099999999997E-003   14634600543942962.     
   8.8863099999999997E-003   14760170930910344.     
   8.8862999999999998E-003   14884734668083948.     
   8.8862999999999998E-003   15008367307326972.     
   8.8862999999999998E-003   15131142226626490.     
   8.8862999999999998E-003   15253126531590720.     
   8.8862999999999998E-003   15434509130643292.     
   8.8862899999999998E-003   15674479463814740.     
   8.8862899999999998E-003   15912304205267046.     
   8.8862899999999998E-003   16148288280484932.     
   8.8862799999999999E-003   16382427616030466.     
   8.8862799999999999E-003   16614630673684420.     
   8.8862799999999999E-003   16844804586025492.     
   8.8862699999999999E-003   17072855505669688.     
   8.8862699999999999E-003   17298693707896700.     
   8.8862699999999999E-003   17522170859910134.     
   8.8862699999999999E-003   17743101666622742.     
   8.8862600000000000E-003   17961329397450352.     
   8.8862600000000000E-003   18176727987578796.     
   8.8862600000000000E-003   18389195760095576.     
   8.8862500000000001E-003   18598646102598496.     
   8.8862500000000001E-003   18805010168595088.     
   8.8862500000000001E-003   19108731135671808.     
   8.8862400000000001E-003   19502645168874156.     
   8.8862400000000001E-003   19789929517198424.     
   8.8862400000000001E-003   19977608206549796.     
   8.8862300000000002E-003   20162422896874224.     
   8.8862300000000002E-003   20344529371351888.     
   8.8862300000000002E-003   20583247213608968.     
   8.8862200000000002E-003   20875792215488528.     
   8.8862200000000002E-003   21162069597302216.     
   8.8862200000000002E-003   21373163350151896.     
   8.8862100000000003E-003   21512098574189064.     
   8.8862100000000003E-003   21717978041382928.     
   8.8862100000000003E-003   21988690724008588.     
   8.8862100000000003E-003   22255102592841496.     
   8.8862000000000003E-003   22517524618632176.     
   8.8862000000000003E-003   22776227533039724.     
   8.8861900000000004E-003   23031444178574140.     
   8.8861900000000004E-003   23407515081017688.     
   8.8861800000000005E-003   23777765559012684.     
   8.8861800000000005E-003   24020544053514236.     
   8.8861800000000005E-003   24260459336053588.     
   8.8861700000000005E-003   24497574215921092.     
   8.8861700000000005E-003   24847751325211872.     
   8.8861600000000006E-003   25305733423318476.     
   8.8861600000000006E-003   25753383922835232.     
   8.8861500000000006E-003   26191113057098592.     
   8.8861500000000006E-003   26566398864800140.     
   8.8861400000000007E-003   26882397051815600.     
   8.8861400000000007E-003   27193388490222252.     
   8.8861300000000008E-003   27499524607220304.     
   8.8861300000000008E-003   27949766461757836.     
   8.8861200000000008E-003   28390250129949396.     
   8.8861200000000008E-003   28678441036145768.     
   8.8861099999999991E-003   28962491392769264.     
   8.8861099999999991E-003   29242530857715248.     
   8.8861099999999991E-003   29655271172757324.     
   8.8860999999999992E-003   30192800260857244.     
   8.8860899999999993E-003   30716386212824600.     
   8.8860799999999993E-003   31226769572756640.     
   8.8860799999999993E-003   31724569803939092.     
   8.8860699999999994E-003   32210264227891972.     
   8.8860599999999994E-003   32684159479413428.     
   8.8860599999999994E-003   33146496424637392.     
   8.8860499999999995E-003   33597483715473516.     
   8.8860399999999996E-003   34037321352764280.     
   8.8860399999999996E-003   34466273173623084.     
   8.8860299999999996E-003   34953629371067740.     
   8.8860199999999997E-003   35493956095327092.     
   8.8860099999999997E-003   36017898273759380.     
   8.8860099999999997E-003   36526967643524624.     
   8.8859999999999998E-003   37023040401832600.     
   8.8859899999999999E-003   37387711088533288.     
   8.8859899999999999E-003   37627731011525432.     
   8.8859799999999999E-003   37983601613490320.     
   8.8859799999999999E-003   38451423089951840.     
   8.8859700000000000E-003   38912578264147680.     
   8.8859600000000000E-003   39368239484188200.     
   8.8859500000000001E-003   39931381356521672.     
   8.8859400000000002E-003   40599993534930632.     
   8.8859300000000002E-003   41096947797962240.     
   8.8859300000000002E-003   41589078315307264.     
   8.8859200000000003E-003   42077718462379328.     
   8.8859100000000003E-003   42453861528947944.     
   8.8859100000000003E-003   42879449494501520.     
   8.8859000000000004E-003   43299839759598360.     
   8.8859000000000004E-003   43714562079537408.     
   8.8858900000000005E-003   44324860649145400.     
   8.8858800000000005E-003   44921680673010896.     
   8.8858700000000006E-003   45311229265442592.     
   8.8858700000000006E-003   45788715671136064.     
   8.8858600000000006E-003   46347948549320776.     
   8.8858500000000007E-003   47158013152516232.     
   8.8858300000000008E-003   47936600882782184.     
   8.8858199999999991E-003   48437540956260304.     
   8.8858199999999991E-003   48924471041372016.     
   8.8858099999999992E-003   49397882622246808.     
   8.8857999999999993E-003   50083560218980648.     
   8.8857799999999994E-003   50956669979317608.     
   8.8857699999999994E-003   51650997676079712.     
   8.8857599999999995E-003   52186870198883240.     
   8.8857499999999996E-003   52771827355506344.     
   8.8857399999999996E-003   53403148045825384.     
   8.8857199999999997E-003   54017777068430032.     
   8.8857099999999998E-003   54617957129341504.     
   8.8856999999999998E-003   55350360646922216.     
   8.8856800000000000E-003   55997475202156904.     
   8.8856700000000000E-003   56422322147171720.     
   8.8856700000000000E-003   56842827615037488.     
   8.8856600000000001E-003   57259328125892112.     
   8.8856500000000001E-003   57876479496970272.     
   8.8856300000000003E-003   58689329536441704.     
   8.8856200000000003E-003   59491056713339352.     
   8.8856000000000004E-003   60282793235027056.     
   8.8855900000000005E-003   61065429156974976.     
   8.8855700000000006E-003   61967025840677512.     
   8.8855500000000007E-003   62983553689083344.     
   8.8855300000000009E-003   63860384387187688.     
   8.8855199999999992E-003   64601547690509896.     
   8.8854999999999993E-003   65333566995894608.     
   8.8854899999999994E-003   66056615438838840.     
   8.8854799999999994E-003   66888694796436056.     
   8.8854599999999995E-003   67825745127317536.     
   8.8854399999999997E-003   68747897363255696.     
   8.8854199999999998E-003   69655578649167528.     
   8.8854099999999998E-003   70549189197381968.     
   8.8853900000000000E-003   71429102940352616.     
   8.8853700000000001E-003   72295760975389600.     
   8.8853500000000002E-003   73149789319232080.     
   8.8853400000000003E-003   73991834375856464.     
   8.8853200000000004E-003   74822513344161008.     
   8.8853100000000004E-003   75845278822065744.     
   8.8852800000000006E-003   77052266823947184.     
   8.8852600000000007E-003   78042183169017072.     
   8.8852500000000008E-003   78823777908807792.     
   8.8852299999999992E-003   79597117069539760.     
   8.8852199999999992E-003   80362709279051840.     
   8.8851999999999993E-003   81496206267974720.     
   8.8851699999999995E-003   82984587028306672.     
   8.8851499999999996E-003   84084516499254880.     
   8.8851299999999998E-003   84809176603324096.     
   8.8851199999999998E-003   85705989127246304.     
   8.8850999999999999E-003   86770472860880624.     
   8.8850800000000001E-003   87822081538192368.     
   8.8850600000000002E-003   88861220815668320.     
   8.8850400000000003E-003   90057766808084144.     
   8.8850100000000005E-003   91406438065432736.     
   8.8849900000000006E-003   92405523707679456.     
   8.8849800000000007E-003   93064899715245648.     
   8.8849700000000007E-003   94044123184724080.     
   8.8849399999999992E-003   95333654707457600.     
   8.8849199999999993E-003   96603983024564688.     
   8.8848899999999995E-003   97855384523249344.     
   8.8848699999999996E-003   99088116013512048.     
   8.8848499999999997E-003   1.0030241235870934E+017
   8.8848299999999998E-003   1.0208884194314016E+017
   8.8847800000000001E-003   1.0383651301875982E+017
   8.8847600000000002E-003   1.0497955252404254E+017
   8.8847400000000003E-003   1.0610562519820442E+017
   8.8847200000000005E-003   1.0721514525240645E+017
   8.8847000000000006E-003   1.0857937415047309E+017
   8.8846700000000008E-003   1.1018443803988422E+017
   8.8846399999999992E-003   1.1149638939000728E+017
   8.8846199999999993E-003   1.1252991046286730E+017
   8.8845999999999994E-003   1.1380261063963984E+017
   8.8845699999999996E-003   1.1530292859995502E+017
   8.8845499999999997E-003   1.1677538365528150E+017
   8.8845199999999999E-003   1.1822171001369610E+017
   8.8844900000000001E-003   1.1964378195112456E+017
   8.8844600000000003E-003   1.2104342172904715E+017
   8.8844400000000004E-003   1.2242227300591438E+017
   8.8844100000000006E-003   1.2378179469055142E+017
   8.8843900000000007E-003   1.2512328583100938E+017
   8.8843599999999991E-003   1.2644791047307512E+017
   8.8843399999999993E-003   1.2797282521670466E+017
   8.8842999999999995E-003   1.2969177369234597E+017
   8.8842699999999997E-003   1.3096591337252773E+017
   8.8842499999999998E-003   1.3180735744702717E+017
   8.8842399999999998E-003   1.3324212220003330E+017
   8.8842000000000001E-003   1.3525422907094736E+017
   8.8841600000000003E-003   1.3683470836399525E+017
   8.8841400000000004E-003   1.3799623763678662E+017
   8.8841200000000006E-003   1.3943378626481758E+017
   8.8840900000000007E-003   1.4114067411844555E+017
   8.8840499999999992E-003   1.4282746313399958E+017
   8.8840199999999994E-003   1.4449492715043104E+017
   8.8839899999999996E-003   1.4641600020216819E+017
   8.8839499999999998E-003   1.4858335072381370E+017
   8.8839100000000001E-003   1.5019080153130013E+017
   8.8838900000000002E-003   1.5125249408898806E+017
   8.8838700000000003E-003   1.5283056747616378E+017
   8.8838300000000005E-003   1.5491246554716317E+017
   8.8838000000000007E-003   1.5696771442101914E+017
   8.8837599999999992E-003   1.5899710022888013E+017
   8.8837199999999995E-003   1.6100139262992810E+017
   8.8836899999999996E-003   1.6298129575635619E+017
   8.8836499999999999E-003   1.6493747462436954E+017
   8.8836100000000001E-003   1.6687059630493434E+017
   8.8835800000000003E-003   1.6878130970474390E+017
   8.8835500000000005E-003   1.7067024539937184E+017
   8.8835100000000007E-003   1.7300064815536150E+017
   8.8834599999999993E-003   1.7575631083376051E+017
   8.8834099999999996E-003   1.7801969289024762E+017
   8.8833799999999997E-003   1.7980822068776339E+017
   8.8833499999999999E-003   1.8157822367404592E+017
   8.8833200000000001E-003   1.8333020604257261E+017
   8.8832900000000003E-003   1.8549486304260189E+017
   8.8832400000000006E-003   1.8805855586723398E+017
   8.8832000000000008E-003   1.9058577576979341E+017
   8.8831499999999994E-003   1.9307801500645917E+017
   8.8831099999999996E-003   1.9553670648303552E+017
   8.8830599999999999E-003   1.9796322993533734E+017
   8.8830200000000002E-003   1.9996225177376995E+017
   8.8829900000000003E-003   2.0154602475026570E+017
   8.8829700000000004E-003   2.0389618642156042E+017
   8.8829100000000008E-003   2.0698775850710810E+017
   8.8828599999999994E-003   2.0965412091231421E+017
   8.8828199999999996E-003   2.1191076475195101E+017
   8.8827799999999998E-003   2.1414214745652982E+017
   8.8827400000000001E-003   2.1634901556578490E+017
   8.8827000000000003E-003   2.1889311749893811E+017
   8.8826500000000006E-003   2.2176293503781440E+017
   8.8825999999999992E-003   2.2459317199096134E+017
   8.8825499999999995E-003   2.2738502365425949E+017
   8.8825099999999997E-003   2.3013964963302307E+017
   8.8824600000000000E-003   2.3285820718988864E+017
   8.8824100000000003E-003   2.3554185978732694E+017
   8.8823600000000006E-003   2.3819183887111024E+017
   8.8823200000000008E-003   2.4080943951171850E+017
   8.8822699999999994E-003   2.4339590433026618E+017
   8.8822299999999996E-003   2.4595239118728509E+017
   8.8821899999999999E-003   2.4848000651417875E+017
   8.8821400000000002E-003   2.5159953522258426E+017
   8.8820800000000005E-003   2.5528951864598106E+017
   8.8820199999999992E-003   2.5832207097218954E+017
   8.8819699999999994E-003   2.6072018214777523E+017
   8.8819299999999997E-003   2.6309504681914874E+017
   8.8818899999999999E-003   2.6544744473836672E+017
   8.8818500000000002E-003   2.6893337358862640E+017
   8.8817700000000006E-003   2.7351278347405421E+017
   8.8816999999999993E-003   2.7689879412099818E+017
   8.8816599999999996E-003   2.7913177405489962E+017
   8.8816199999999998E-003   2.8244622535617696E+017
   8.8815500000000002E-003   2.8680891914252170E+017
   8.8814700000000007E-003   2.9003982276001299E+017
   8.8814400000000009E-003   2.9217266793232634E+017
   8.8813999999999994E-003   2.9534117633145830E+017
   8.8813299999999998E-003   2.9951552976230074E+017
   8.8812600000000002E-003   3.0363180735596582E+017
   8.8811900000000006E-003   3.0769215605893293E+017
   8.8811199999999993E-003   3.1189990484464768E+017
   8.8810499999999997E-003   3.1742326307048166E+017
   8.8809400000000004E-003   3.2304762129273114E+017
   8.8808600000000008E-003   3.2648890443111315E+017
   8.8808299999999993E-003   3.2988907857381331E+017
   8.8807499999999998E-003   3.3436755983891315E+017
   8.8806800000000002E-003   3.3878322458187821E+017
   8.8806000000000006E-003   3.4313885126622694E+017
   8.8805299999999993E-003   3.4850088857737178E+017
   8.8804299999999999E-003   3.5482668276460608E+017
   8.8803200000000006E-003   3.6205946334204269E+017
   8.8801899999999996E-003   3.7015162552617331E+017
   8.8800600000000004E-003   3.7610980719506598E+017
   8.8800000000000007E-003   3.8002697864647584E+017
   8.8799299999999994E-003   3.8390446141620064E+017
   8.8798699999999998E-003   3.8774356374464614E+017
   8.8798100000000001E-003   3.9201735446484666E+017
   8.8797300000000006E-003   3.9671346521812736E+017
   8.8796599999999993E-003   4.0135527950862746E+017
   8.8795799999999998E-003   4.0594464005322854E+017
   8.8795100000000002E-003   4.1183234336552749E+017
   8.8793899999999992E-003   4.1896887026594240E+017
   8.8792799999999998E-003   4.2685251272557926E+017
   8.8791400000000006E-003   4.3544651962871130E+017
   8.8790099999999997E-003   4.4477114556076582E+017
   8.8788500000000006E-003   4.5478414751473261E+017
   8.8786899999999998E-003   4.6215322155657894E+017
   8.8786100000000003E-003   4.6699618285791206E+017
   8.8785400000000007E-003   4.7494863938793946E+017
   8.8783600000000001E-003   4.8587155940694496E+017
   8.8781899999999993E-003   4.9580076900525101E+017
   8.8780500000000002E-003   5.0256365542036538E+017
   8.8779800000000006E-003   5.0702004593509216E+017
   8.8779099999999993E-003   5.1217004452545568E+017
   8.8778199999999998E-003   5.1799564715548794E+017
   8.8777300000000003E-003   5.2660924757598778E+017
   8.8775599999999996E-003   5.3789242330041830E+017
   8.8773900000000006E-003   5.4894780557662880E+017
   8.8772199999999999E-003   5.5710396970230528E+017
   8.8771400000000004E-003   5.6247348165785203E+017
   8.8770499999999992E-003   5.6911344040681197E+017
   8.8769299999999999E-003   5.7698498364833562E+017
   8.8768200000000005E-003   5.8731213197798029E+017
   8.8766200000000000E-003   5.9998142592485645E+017
   8.8764299999999994E-003   6.1182049055354202E+017
   8.8762700000000003E-003   6.2287368462639782E+017
   8.8760999999999996E-003   6.3381797754072589E+017
   8.8759400000000006E-003   6.4466027733645709E+017
   8.8757799999999998E-003   6.5708579398221722E+017
   8.8755699999999993E-003   6.7102015216071846E+017
   8.8753700000000005E-003   6.8468003933638157E+017
   8.8751699999999999E-003   6.9807836228218650E+017
   8.8749699999999994E-003   7.1122746716734976E+017
   8.8747800000000005E-003   7.2413974995079347E+017
   8.8745999999999998E-003   7.3446977486145638E+017
   8.8744800000000006E-003   7.4231561058229235E+017
   8.8743699999999995E-003   7.5008040189485722E+017
   8.8742600000000001E-003   7.5776680452982592E+017
   8.8741500000000008E-003   7.6914651353053606E+017
   8.8739300000000004E-003   7.8407653496183488E+017
   8.8737199999999999E-003   8.0017658582875046E+017
   8.8734699999999996E-003   8.1738784622248691E+017
   8.8732199999999994E-003   8.3349607949096794E+017
   8.8730100000000006E-003   8.4856219263015386E+017
   8.8728000000000001E-003   8.6524071652926707E+017
   8.8725399999999999E-003   8.8355935434289843E+017
   8.8722799999999998E-003   9.0164831791556403E+017
   8.8720399999999994E-003   9.1951628505413082E+017
   8.8718000000000009E-003   9.3284170857639642E+017
   8.8716799999999998E-003   9.4611154080903616E+017
   8.8714399999999995E-003   9.5929791282950221E+017
   8.8713200000000002E-003   9.6979280409252275E+017
   8.8711599999999995E-003   9.8198933710237773E+017
   8.8710000000000004E-003   9.9409177862966464E+017
   8.8708399999999996E-003   1.0061021135950305E+018
   8.8706900000000005E-003   1.0222427418028810E+018
   8.8704300000000003E-003   1.0424199622983368E+018
   8.8701700000000001E-003   1.0625267176762968E+018
   8.8699199999999999E-003   1.0825673621841417E+018
   8.8696699999999996E-003   1.1056356184527036E+018
   8.8693399999999999E-003   1.1316400348829432E+018
   8.8690200000000000E-003   1.1509706769481339E+018
   8.8688699999999992E-003   1.1638059115085883E+018
   8.8687100000000001E-003   1.1829843675285581E+018
   8.8684000000000002E-003   1.2083473638058143E+018
   8.8681000000000003E-003   1.2334279028325030E+018
   8.8678100000000003E-003   1.2582391255629978E+018
   8.8675200000000003E-003   1.2859722821722432E+018
   8.8671600000000007E-003   1.3165302307031777E+018
   8.8668099999999993E-003   1.3467960501886182E+018
   8.8664699999999996E-003   1.3767867152261327E+018
   8.8661299999999998E-003   1.4064637800687020E+018
   8.8658000000000001E-003   1.4358434348252877E+018
   8.8654800000000002E-003   1.4592367686212705E+018
   8.8652899999999996E-003   1.4768079601452396E+018
   8.8651000000000008E-003   1.4942442476334167E+018
   8.8649100000000002E-003   1.5115491746061338E+018
   8.8647199999999995E-003   1.5374541393815667E+018
   8.8643500000000000E-003   1.5717166710546483E+018
   8.8639900000000004E-003   1.6085545888996262E+018
   8.8635699999999994E-003   1.6478757740699574E+018
   8.8631600000000001E-003   1.6868945420195825E+018
   8.8627600000000008E-003   1.7256320847824758E+018
   8.8623699999999996E-003   1.7558338837940726E+018
   8.8621399999999993E-003   1.7777564302461409E+018
   8.8619200000000006E-003   1.7996045120968635E+018
   8.8617000000000001E-003   1.8213810814200425E+018
   8.8614799999999997E-003   1.8485059656562422E+018
   8.8611599999999999E-003   1.8808473079379325E+018
   8.8608400000000000E-003   1.9186044109287485E+018
   8.8604200000000008E-003   1.9616011324448218E+018
   8.8599999999999998E-003   2.0042925455795996E+018
   8.8595900000000005E-003   2.0466980465293220E+018
   8.8591899999999994E-003   2.0782484322252070E+018
   8.8589900000000006E-003   2.0992301822887857E+018
   8.8587900000000001E-003   2.1229686854678303E+018
   8.8585399999999998E-003   2.1494121265693043E+018
   8.8582999999999995E-003   2.1889131387542295E+018
   8.8578100000000007E-003   2.2410722832194511E+018
   8.8573400000000000E-003   2.2798250305438218E+018
   8.8570999999999997E-003   2.3055708196957130E+018
   8.8568699999999993E-003   2.3340706427780214E+018
   8.8565799999999993E-003   2.3652674345807150E+018
   8.8562999999999992E-003   2.3962062633962665E+018
   8.8560300000000008E-003   2.4268948202424791E+018
   8.8557600000000007E-003   2.4577977352037576E+018
   8.8554800000000006E-003   2.4889121548080384E+018
   8.8552100000000005E-003   2.5354787864834417E+018
   8.8546700000000002E-003   2.5970114185677614E+018
   8.8541399999999999E-003   2.6427609567517583E+018
   8.8538699999999998E-003   2.6732108240289009E+018
   8.8536099999999996E-003   2.7065095904597699E+018
   8.8533099999999997E-003   2.7425965179634918E+018
   8.8529999999999998E-003   2.7783842282205046E+018
   8.8526999999999998E-003   2.8320467470607698E+018
   8.8520999999999999E-003   2.8856504910034396E+018
   8.8518099999999999E-003   2.9213811382197540E+018
   8.8515099999999999E-003   2.9568363790470702E+018
   8.8512199999999999E-003   3.0053362576657592E+018
   8.8507199999999994E-003   3.0665125158104709E+018
   8.8502200000000007E-003   3.1279177471215703E+018
   8.8497300000000001E-003   3.1895522559357307E+018
   8.8492399999999995E-003   3.2485499021096591E+018
   8.8487900000000005E-003   3.3049931177337108E+018
   8.8483399999999997E-003   3.3507937582273536E+018
   8.8480599999999996E-003   3.3861714943476536E+018
   8.8477799999999995E-003   3.4418648116840509E+018
   8.8471799999999996E-003   3.5165231088797455E+018
   8.8465899999999997E-003   3.5743227952638387E+018
   8.8462499999999999E-003   3.6164045313938652E+018
   8.8459100000000002E-003   3.6775813109903508E+018
   8.8452700000000006E-003   3.7574507575805670E+018
   8.8446299999999992E-003   3.8429262338736348E+018
   8.8439199999999999E-003   3.9345031572338929E+018
   8.8432200000000006E-003   4.0069393776705582E+018
   8.8428299999999994E-003   4.0600364187111741E+018
   8.8424400000000000E-003   4.1134414601630643E+018
   8.8420500000000006E-003   4.1669542903851259E+018
   8.8416599999999995E-003   4.2406332532505713E+018
   8.8409800000000000E-003   4.3338716036623099E+018
   8.8403200000000005E-003   4.4155302879026591E+018
   8.8398100000000000E-003   4.4859950270120166E+018
   8.8393199999999995E-003   4.5511479995002291E+018
   8.8388900000000003E-003   4.6409116453372744E+018
   8.8380600000000000E-003   4.7647088682787574E+018
   8.8371700000000001E-003   4.8605426732980552E+018
   8.8367399999999992E-003   4.9237722223851756E+018
   8.8363100000000000E-003   5.0179148484122706E+018
   8.8354599999999998E-003   5.1419668306175939E+018
   8.8346399999999995E-003   5.2608261710351964E+018
   8.8338700000000006E-003   5.3587149515803228E+018
   8.8333400000000003E-003   5.4396374405418476E+018
   8.8328100000000000E-003   5.5574003933352008E+018
   8.8318000000000008E-003   5.7106562531622697E+018
   8.8308199999999996E-003   5.8658164962530028E+018
   8.8298100000000004E-003   6.0228245962901217E+018
   8.8288299999999993E-003   6.1626705975136471E+018
   8.8280500000000005E-003   6.2860605541779978E+018
   8.8272899999999998E-003   6.4369179618845788E+018
   8.8261899999999994E-003   6.5701620442723625E+018
   8.8256500000000009E-003   6.6580451475567780E+018
   8.8251200000000005E-003   6.7804984375806218E+018
   8.8241699999999992E-003   6.9364365788535101E+018
   8.8232399999999996E-003   7.0575506822380913E+018
   8.8227199999999992E-003   7.1449067268311890E+018
   8.8222000000000005E-003   7.2558923773050307E+018
   8.8214100000000000E-003   7.3898694366977966E+018
   8.8206299999999994E-003   7.5599061164054272E+018
   8.8194299999999996E-003   7.7179988990790953E+018
   8.8187999999999999E-003   7.8442202234633185E+018
   8.8179899999999995E-003   7.9853928959543542E+018
   8.8171900000000008E-003   8.1581963717204705E+018
   8.8160300000000007E-003   8.3109513968207329E+018
   8.8154700000000006E-003   8.4118071573241907E+018
   8.8149100000000005E-003   8.5678528952795494E+018
   8.8137400000000005E-003   8.7252535493187062E+018
   8.8131600000000004E-003   8.8291822178269010E+018
   8.8126000000000003E-003   8.9426300183628687E+018
   8.8119200000000009E-003   9.0653695541170995E+018
   8.8112599999999996E-003   9.2217149541079194E+018
   8.8102300000000005E-003   9.4105398409583247E+018
   8.8092299999999995E-003   9.5686244554088509E+018
   8.8085400000000001E-003   9.6969675698737828E+018
   8.8078700000000006E-003   9.8252938983219507E+018
   8.8071799999999995E-003   1.0024321990271726E+019
   8.8057799999999992E-003   1.0290158135532591E+019
   8.8044100000000004E-003   1.0560756528928891E+019
   8.8029700000000002E-003   1.0767437081111138E+019
   8.8022699999999992E-003   1.0903635861656472E+019
   8.8015799999999998E-003   1.1115354744984648E+019
   8.8001199999999998E-003   1.1399132905532582E+019
   8.7986899999999996E-003   1.1687242532635081E+019
   8.7971999999999998E-003   1.1906885592739863E+019
   8.7964700000000007E-003   1.2051149912946788E+019
   8.7957499999999997E-003   1.2199001732910211E+019
   8.7949800000000009E-003   1.2350101612499282E+019
   8.7942300000000001E-003   1.2499322173308242E+019
   8.7934799999999994E-003   1.2646605008595685E+019
   8.7927500000000002E-003   1.2797301833649975E+019
   8.7919699999999996E-003   1.2951004178274714E+019
   8.7912000000000007E-003   1.3177263742785321E+019
   8.7896899999999993E-003   1.3403298124019954E+019
   8.7888900000000006E-003   1.3558140379833301E+019
   8.7881000000000001E-003   1.3710296761179531E+019
   8.7873299999999994E-003   1.3859754823223243E+019
   8.7865600000000006E-003   1.4012683872616448E+019
   8.7857500000000002E-003   1.4167227176196444E+019
   8.7849499999999997E-003   1.4318544831768345E+019
   8.7841599999999992E-003   1.4466883282040013E+019
   8.7833700000000004E-003   1.4617504195486325E+019
   8.7825400000000001E-003   1.4769899488882745E+019
   8.7817299999999997E-003   1.4918757291765191E+019
   8.7809199999999994E-003   1.5064410195250264E+019
   8.7801200000000006E-003   1.5211967641644364E+019
   8.7792700000000005E-003   1.5360999516271815E+019
   8.7784400000000002E-003   1.5506225488109337E+019
   8.7776199999999999E-003   1.5648240802272995E+019
   8.7767999999999995E-003   1.5791881256355338E+019
   8.7759399999999994E-003   1.5937060405658796E+019
   8.7750899999999993E-003   1.6078473667705121E+019
   8.7742500000000008E-003   1.6217108134025167E+019
   8.7734200000000005E-003   1.6357577529444389E+019
   8.7725400000000005E-003   1.6499950956337682E+019
   8.7716700000000005E-003   1.6639008105391759E+019
   8.7708200000000004E-003   1.6775797548516549E+019
   8.7699700000000002E-003   1.6914880806254342E+019
   8.7690800000000003E-003   1.7056369220902144E+019
   8.7681900000000004E-003   1.7195122567274052E+019
   8.7673200000000003E-003   1.7332123243129846E+019
   8.7664600000000002E-003   1.7472256881648214E+019
   8.7655400000000005E-003   1.7614559171061350E+019
   8.7646400000000006E-003   1.7752673712212206E+019
   8.7637600000000006E-003   1.7893552458298628E+019
   8.7628800000000007E-003   1.8117484837170864E+019
   8.7610299999999995E-003   1.8411469502769760E+019
   8.7592299999999998E-003   1.8629464013582610E+019
   8.7582900000000002E-003   1.8780701896041636E+019
   8.7573500000000006E-003   1.8929995516979548E+019
   8.7564300000000008E-003   1.9082799805819134E+019
   8.7555199999999993E-003   1.9328272224024170E+019
   8.7536100000000002E-003   1.9649326639413535E+019
   8.7517399999999992E-003   1.9886544211043803E+019
   8.7507599999999998E-003   2.0052477877469577E+019
   8.7498000000000003E-003   2.0302048394709791E+019
   8.7478999999999994E-003   2.0641972095746687E+019
   8.7459200000000008E-003   2.0897971499417580E+019
   8.7449399999999997E-003   2.1071979671680717E+019
   8.7439800000000002E-003   2.1352214608398770E+019
   8.7419699999999999E-003   2.1716859950216688E+019
   8.7399999999999995E-003   2.2079042221317661E+019
   8.7379499999999995E-003   2.2355787262083695E+019
   8.7369400000000003E-003   2.2539842283473027E+019
   8.7359499999999993E-003   2.2831393516110152E+019
   8.7338599999999995E-003   2.3219716266797388E+019
   8.7318199999999995E-003   2.3615993333781340E+019
   8.7296900000000000E-003   2.4019757888564163E+019
   8.7276200000000002E-003   2.4319529070437425E+019
   8.7265299999999997E-003   2.4527740235008991E+019
   8.7254499999999992E-003   2.4849227066638766E+019
   8.7232700000000000E-003   2.5272103732003144E+019
   8.7211300000000005E-003   2.5695023982606221E+019
   8.7189799999999994E-003   2.6133803555126841E+019
   8.7167400000000006E-003   2.6580865499060109E+019
   8.7145399999999998E-003   2.6912106722788262E+019
   8.7133899999999997E-003   2.7263544605213979E+019
   8.7111299999999992E-003   2.7664209714346144E+019
   8.7094300000000006E-003   2.8016246313396695E+019
   8.7076900000000006E-003   2.8432684428894728E+019
   8.7054100000000002E-003   2.8916007150382064E+019
   8.7030300000000005E-003   2.9339175920057078E+019
   8.7012900000000004E-003   2.9703944597147603E+019
   8.6995000000000006E-003   3.0085119191147086E+019
   8.6976999999999992E-003   3.0460399709661102E+019
   8.6959299999999993E-003   3.0824144914169135E+019
   8.6942200000000008E-003   3.1176380749047218E+019
   8.6925300000000004E-003   3.1489630237485167E+019
   8.6911499999999999E-003   3.1771311246512087E+019
   8.6897899999999993E-003   3.2073248207762870E+019
   8.6882399999999999E-003   3.2387962331198796E+019
   8.6867000000000003E-003   3.2700718127702983E+019
   8.6851099999999994E-003   3.3019825207759319E+019
   8.6835400000000000E-003   3.3413474212073030E+019
   8.6812899999999995E-003   3.3846638687833096E+019
   8.6791000000000004E-003   3.4193522326035350E+019
   8.6774999999999994E-003   3.4490501753452855E+019
   8.6759300000000001E-003   3.4863898578867773E+019
   8.6736199999999999E-003   3.5271575577037128E+019
   8.6713699999999994E-003   3.5596879182020502E+019
   8.6697000000000007E-003   3.5868384432873501E+019
   8.6680699999999999E-003   3.6129963705943257E+019
   8.6664199999999993E-003   3.6386501597481595E+019
   8.6647900000000003E-003   3.6697061340589658E+019
   8.6624500000000004E-003   3.7028768379306410E+019
   8.6601700000000000E-003   3.7311338267871388E+019
   8.6581300000000000E-003   3.7565092821303378E+019
   8.6561299999999997E-003   3.7802301891128287E+019
   8.6540899999999997E-003   3.8029333641614303E+019
   8.6520999999999994E-003   3.8262414039960887E+019
   8.6497199999999996E-003   3.8495491411244007E+019
   8.6474099999999995E-003   3.8710928394078519E+019
   8.6450299999999997E-003   3.8905596357721661E+019
   8.6427199999999996E-003   3.9046831574895280E+019
   8.6410399999999991E-003   3.9175120901409030E+019
   8.6393900000000003E-003   3.9364090044651995E+019
   8.6363299999999994E-003   3.9579708640704348E+019
   8.6333899999999995E-003   3.9734659559916896E+019
   8.6313399999999995E-003   3.9868470929579786E+019
   8.6293499999999992E-003   4.0008992682521051E+019
   8.6273200000000008E-003   4.0151792837456814E+019
   8.6253500000000004E-003   4.0376220740147044E+019
   8.6213699999999997E-003   4.0609543710112801E+019
   8.6193699999999995E-003   4.0778001556482621E+019
   8.6174300000000006E-003   4.0990917671147897E+019
   8.6147299999999993E-003   4.1182622653792977E+019
   8.6134200000000001E-003   4.1314843584284574E+019
   8.6121300000000008E-003   4.1530517962430317E+019
   8.6094299999999995E-003   4.1756474204872401E+019
   8.6081200000000004E-003   4.1954764112382525E+019
   8.6061400000000000E-003   4.2207125487501107E+019
   8.6041299999999998E-003   4.2427545647757722E+019
   8.6028100000000007E-003   4.2705729624588124E+019
   8.6001500000000008E-003   4.2998540353221132E+019
   8.5988100000000001E-003   4.3201087974802276E+019
   8.5974799999999994E-003   4.3464799064138113E+019
   8.5954900000000008E-003   4.3799560489061343E+019
   8.5934600000000007E-003   4.4090752132979696E+019
   8.5921299999999999E-003   4.4327017628039660E+019
   8.5908200000000007E-003   4.4703980385862803E+019
   8.5880699999999997E-003   4.5163740509082952E+019
   8.5860699999999995E-003   4.5502358933280997E+019
   8.5847100000000006E-003   4.5860307108878721E+019
   8.5826400000000008E-003   4.6376119566389699E+019
   8.5799499999999994E-003   4.6832790711384564E+019
   8.5785400000000008E-003   4.7235241049297289E+019
   8.5764599999999993E-003   4.7721655807109743E+019
   8.5744299999999992E-003   4.8317447887370043E+019
   8.5715900000000005E-003   4.8892179366623093E+019
   8.5698400000000004E-003   4.9343596742639632E+019
   8.5681100000000003E-003   4.9905732866923594E+019
   8.5656099999999995E-003   5.0572048317600039E+019
   8.5631600000000002E-003   5.1315241628438954E+019
   8.5602400000000002E-003   5.1924985650061328E+019
   8.5588100000000000E-003   5.2336611997037855E+019
   8.5573999999999997E-003   5.3044150018605875E+019
   8.5540300000000007E-003   5.4038091814309683E+019
   8.5507699999999992E-003   5.4825442537369018E+019
   8.5488800000000000E-003   5.5582104799797387E+019
   8.5459000000000004E-003   5.6601196362683195E+019
   8.5424699999999999E-003   5.7520759219686138E+019
   8.5402099999999995E-003   5.8211772482324128E+019
   8.5382500000000007E-003   5.8859744255170879E+019
   8.5363200000000000E-003   5.9665450316184707E+019
   8.5335399999999992E-003   6.0588376997260026E+019
   8.5308299999999997E-003   6.1473316670959608E+019
   8.5284300000000000E-003   6.2305314999271891E+019
   8.5260600000000002E-003   6.3020793505933935E+019
   8.5244199999999996E-003   6.3608193140355465E+019
   8.5228000000000005E-003   6.4467789526083142E+019
   8.5196800000000000E-003   6.5618696405070545E+019
   8.5166200000000008E-003   6.6475089483644715E+019
   8.5150499999999997E-003   6.7067647498939228E+019
   8.5134900000000003E-003   6.7798265661783646E+019
   8.5112499999999997E-003   6.8660418339214254E+019
   8.5090400000000007E-003   6.9773555103363342E+019
   8.5055800000000004E-003   7.1162610893458457E+019
   8.5020900000000003E-003   7.2678582736873513E+019
   8.4981499999999995E-003   7.4047591461945541E+019
   8.4954699999999998E-003   7.5190134578783453E+019
   8.4927300000000004E-003   7.6601792531414614E+019
   8.4888900000000007E-003   7.8490581471532220E+019
   8.4840599999999999E-003   8.0024826656070533E+019
   8.4819300000000004E-003   8.0973315744985596E+019
   8.4798200000000008E-003   8.2091044311616012E+019
   8.4769900000000002E-003   8.3403299416643469E+019
   8.4740700000000002E-003   8.4736812516931469E+019
   8.4711999999999999E-003   8.6093125382713983E+019
   8.4682400000000001E-003   8.7486689139663667E+019
   8.4652600000000005E-003   8.8886446650686702E+019
   8.4623300000000005E-003   9.0077268438839476E+019
   8.4602700000000006E-003   9.1545985031306134E+019
   8.4562000000000005E-003   9.3807733244894069E+019
   8.4510300000000000E-003   9.5976234110213734E+019
   8.4474000000000007E-003   9.7665013083965096E+019
   8.4442300000000005E-003   9.9272510668634227E+019
   8.4410000000000006E-003   1.0146076503183516E+020
   8.4355899999999998E-003   1.0374682554227632E+020
   8.4320300000000001E-003   1.0515663404433839E+020
   8.4301199999999993E-003   1.0676583237806876E+020
   8.4258700000000002E-003   1.0897839706909167E+020
   8.4217000000000007E-003   1.1068599689498750E+020
   8.4194000000000005E-003   1.1190193099629258E+020
   8.4171300000000001E-003   1.1369700118303257E+020
   8.4127300000000002E-003   1.1604819754178352E+020
   8.4083999999999999E-003   1.1770627464546861E+020
   8.4066100000000001E-003   1.1868416442665452E+020
   8.4048200000000003E-003   1.2034362986009631E+020
   8.4005699999999996E-003   1.2267344562073341E+020
   8.3963900000000001E-003   1.2441498661262043E+020
   8.3942300000000008E-003   1.2561964192062662E+020
   8.3920899999999996E-003   1.2732450094886728E+020
   8.3881900000000002E-003   1.2952265592195785E+020
   8.3843400000000005E-003   1.3139002504219206E+020
   8.3816399999999992E-003   1.3293362987532336E+020
   8.3789599999999995E-003   1.3469569043274339E+020
   8.3755400000000008E-003   1.3667278841562369E+020
   8.3721600000000000E-003   1.3892879602049801E+020
   8.3678399999999997E-003   1.4145628348781920E+020
   8.3635900000000006E-003   1.4378222227459234E+020
   8.3599899999999994E-003   1.4679289107837072E+020
   8.3535499999999995E-003   1.4959699619219931E+020
   8.3506899999999992E-003   1.5143995029517110E+020
   8.3475100000000007E-003   1.5338097719583402E+020
   8.3443600000000003E-003   1.5638232991640125E+020
   8.3378199999999993E-003   1.6042082846539026E+020
   8.3314200000000008E-003   1.6460421920049886E+020
   8.3245799999999998E-003   1.6892955047299043E+020
   8.3178999999999996E-003   1.7222313570205224E+020
   8.3143000000000002E-003   1.7455673601266339E+020
   8.3107400000000005E-003   1.7703041397865739E+020
   8.3067599999999998E-003   1.7964323299885937E+020
   8.3028300000000006E-003   1.8212608544586695E+020
   8.2992900000000008E-003   1.8448233529310564E+020
   8.2957900000000008E-003   1.8731583770215560E+020
   8.2908900000000004E-003   1.9061917747901615E+020
   8.2860699999999995E-003   1.9429075960982795E+020
   8.2801899999999998E-003   1.9831933796079092E+020
   8.2744199999999993E-003   2.0209177309714239E+020
   8.2693699999999998E-003   2.0562301794005516E+020
   8.2643899999999999E-003   2.0928600940298738E+020
   8.2589900000000008E-003   2.1275137967209061E+020
   8.2547699999999998E-003   2.1578302987311897E+020
   8.2506000000000003E-003   2.1987556268029805E+020
   8.2435600000000005E-003   2.2501039044813911E+020
   8.2366499999999999E-003   2.2987631859549330E+020
   8.2305099999999999E-003   2.3445826799412766E+020
   8.2244699999999994E-003   2.3873940666770814E+020
   8.2191299999999998E-003   2.4428819190216989E+020
   8.2100500000000000E-003   2.4920068333382841E+020
   8.2064400000000006E-003   2.5200664756994412E+020
   8.2028699999999993E-003   2.5619301289401939E+020
   8.1958299999999994E-003   2.6174045651948211E+020
   8.1889300000000005E-003   2.6624816710140491E+020
   8.1846000000000002E-003   2.6973199027130909E+020
   8.1803199999999996E-003   2.7383068726990841E+020
   8.1745600000000009E-003   2.7853695747171598E+020
   8.1688799999999999E-003   2.8377849831008174E+020
   8.1619399999999995E-003   2.9084000992597859E+020
   8.1520900000000007E-003   2.9799801330350005E+020
   8.1451000000000006E-003   3.0269495265805094E+020
   8.1411499999999998E-003   3.0801491524059831E+020
   8.1328700000000004E-003   3.1521081299669221E+020
   8.1247400000000001E-003   3.2068712372437765E+020
   8.1204699999999994E-003   3.2448389600804281E+020
   8.1162500000000002E-003   3.2826512497756563E+020
   8.1120600000000008E-003   3.3203335954867021E+020
   8.1079199999999994E-003   3.3790447617736586E+020
   8.0992100000000008E-003   3.4585379545832450E+020
   8.0906799999999994E-003   3.5400798397386077E+020
   8.0817600000000003E-003   3.6236589020237968E+020
   8.0730100000000003E-003   3.6873777200381408E+020
   8.0684199999999998E-003   3.7314675577082446E+020
   8.0638700000000008E-003   3.7754154590491928E+020
   8.0593699999999997E-003   3.8192252025125811E+020
   8.0549100000000002E-003   3.8875106133013706E+020
   8.0455400000000003E-003   3.9799623868138180E+020
   8.0363599999999993E-003   4.0501082198769730E+020
   8.0315300000000003E-003   4.0988891615241437E+020
   8.0267600000000008E-003   4.1475240787444105E+020
   8.0220299999999994E-003   4.1960147409198082E+020
   8.0173499999999995E-003   4.2715692198794238E+020
   8.0075200000000006E-003   4.3739428798769005E+020
   7.9978800000000006E-003   4.4787770785896569E+020
   7.9878099999999997E-003   4.5865503246559170E+020
   7.9779299999999994E-003   4.6687877368640222E+020
   7.9727500000000007E-003   4.7256912092602361E+020
   7.9676100000000000E-003   4.7824419116553673E+020
   7.9625300000000006E-003   4.8390534976408938E+020
   7.9574999999999993E-003   4.9272401806869633E+020
   7.9469299999999996E-003   5.0467832425879673E+020
   7.9365700000000004E-003   5.1375111865566927E+020
   7.9311399999999997E-003   5.2006363610964020E+020
   7.9257500000000005E-003   5.2636072590431853E+020
   7.9204199999999992E-003   5.3264249868078724E+020
   7.9151399999999993E-003   5.4243072181879328E+020
   7.9040599999999992E-003   5.5570402340042257E+020
   7.8931899999999996E-003   5.6932681083930732E+020
   7.8818499999999993E-003   5.8332002820543205E+020
   7.8707199999999995E-003   5.9400610024250291E+020
   7.8648899999999994E-003   6.0140192415525896E+020
   7.8591100000000007E-003   6.0878219853764664E+020
   7.8533800000000001E-003   6.1614830288853887E+020
   7.8477100000000008E-003   6.2762063588191188E+020
   7.8358300000000002E-003   6.4318546508846701E+020
   7.8241600000000001E-003   6.5501192180766841E+020
   7.8180500000000000E-003   6.6323715827940799E+020
   7.8119900000000004E-003   6.7553539232197430E+020
   7.8000500000000002E-003   6.9241990103362319E+020
   7.7876000000000004E-003   7.0544235986221557E+020
   7.7814599999999996E-003   7.1408227602113469E+020
   7.7753700000000002E-003   7.2755180946094437E+020
   7.7626300000000004E-003   7.4583644115298943E+020
   7.7501200000000001E-003   7.5973236416149769E+020
   7.7435600000000000E-003   7.6940242502037340E+020
   7.7370700000000004E-003   7.8160998997542175E+020
   7.7272499999999997E-003   7.9638098613721065E+020
   7.7175700000000000E-003   8.1140208349388472E+020
   7.7076300000000000E-003   8.2671425764400851E+020
   7.6978200000000002E-003   8.4247832327005445E+020
   7.6875600000000004E-003   8.5868263653449846E+020
   7.6774399999999998E-003   8.7519165678580151E+020
   7.6670400000000000E-003   8.9711896784879813E+020
   7.6506100000000004E-003   9.2088595626715788E+020
   7.6383800000000002E-003   9.4161786200690616E+020
   7.6260399999999997E-003   9.6283270993295652E+020
   7.6135800000000000E-003   9.8737257013527026E+020
   7.5978100000000000E-003   1.0124437559673603E+021
   7.5851699999999996E-003   1.0355260657883477E+021
   7.5720800000000001E-003   1.0593546211931500E+021
   7.5589899999999998E-003   1.0822254313924762E+021
   7.5472899999999999E-003   1.1035607158743822E+021
   7.5361400000000002E-003   1.1291032279558210E+021
   7.5203099999999997E-003   1.1567354576309690E+021
   7.5072699999999999E-003   1.1805831362345995E+021
   7.4955999999999998E-003   1.2050382229776404E+021
   7.4818200000000001E-003   1.2334920824130875E+021
   7.4667099999999997E-003   1.2583653332254552E+021
   7.4567799999999997E-003   1.2810680746543788E+021
   7.4428000000000003E-003   1.3098475148417680E+021
   7.4263699999999998E-003   1.3367936099424178E+021
   7.4105400000000002E-003   1.3621331205253232E+021
   7.3958899999999996E-003   1.3786893405271496E+021
   7.3818399999999998E-003   1.3899673573672013E+021
   7.3659600000000004E-003   1.3801806274183931E+021
   7.3596900000000003E-003   1.3951036896995325E+021
   7.3448500000000000E-003   1.3526732140149159E+021
   7.3254100000000001E-003   1.3404422805551490E+021
   7.3116300000000004E-003   1.2765896618583424E+021
   7.2983199999999996E-003   1.1780155535694095E+021
   7.2831800000000002E-003   1.1243909439458941E+021
   7.2693000000000002E-003   1.0922414474086955E+021
   7.2633999999999997E-003   1.0466170447958249E+021
   7.2575499999999998E-003   1.0065938549398872E+021
   7.2432499999999997E-003   9.7478602570751384E+020
   7.2375199999999999E-003   9.5806494469311732E+020
   7.2309599999999998E-003   9.2689586216545734E+020
   7.2258599999999997E-003   9.2737302380157744E+020
   7.2177700000000001E-003   9.1396443215552027E+020
   7.2125899999999996E-003   8.9657406198413695E+020
   7.2077399999999998E-003   8.8886548401124554E+020
   7.2033399999999999E-003   8.9429231286204026E+020
   7.1980899999999999E-003   8.8424900333306498E+020
   7.1923000000000004E-003   8.8100788896962904E+020
   7.1865300000000000E-003   8.8384619361509350E+020
   7.1830399999999999E-003   8.8693318361524195E+020
   7.1782699999999996E-003   8.8936822656314573E+020
   7.1758899999999999E-003   8.9167035577541670E+020
   7.1741200000000000E-003   8.9545593460697478E+020
   7.1699499999999996E-003   8.9992345566355076E+020
   7.1675699999999998E-003   9.0420958204357234E+020
   7.1642600000000004E-003   9.0942611506107004E+020
   7.1615500000000000E-003   9.1890666574675182E+020
   7.1555100000000003E-003   9.3220913084412763E+020
   7.1509800000000004E-003   9.4235576277734117E+020
   7.1458600000000004E-003   9.6074151294242705E+020
   7.1398700000000004E-003   9.7746816654536108E+020
   7.1351599999999998E-003   9.9230776492467461E+020
   7.1306700000000004E-003   1.0092646685440773E+021
   7.1263200000000002E-003   1.0235246542036759E+021
   7.1223600000000003E-003   1.0412873955961892E+021
   7.1173299999999998E-003   1.0556674590854465E+021
   7.1152600000000000E-003   1.0682121423760715E+021
   7.1111300000000002E-003   1.0834786107091410E+021
   7.1083800000000001E-003   1.0979728407368575E+021
   7.1042800000000001E-003   1.1115604651900514E+021
   7.1022400000000001E-003   1.1250324579722023E+021
   7.0982500000000004E-003   1.1429274148983616E+021
   7.0943700000000000E-003   1.1564328328987041E+021
   7.0924300000000003E-003   1.1670071920346021E+021
   7.0899099999999996E-003   1.1848477573596300E+021
   7.0848999999999999E-003   1.2088447814159219E+021
   7.0799100000000000E-003   1.2331471481422063E+021
   7.0749400000000000E-003   1.2515460784585659E+021
   7.0724600000000000E-003   1.2620515092831310E+021
   7.0706099999999997E-003   1.2758848954677351E+021
   7.0669100000000000E-003   1.2943363178339705E+021
   7.0632700000000000E-003   1.3125328876351675E+021
   7.0596900000000004E-003   1.3304249375560386E+021
   7.0561699999999996E-003   1.3479989677191819E+021
   7.0527100000000002E-003   1.3683423933706519E+021
   7.0482000000000001E-003   1.3870342963974953E+021
   7.0454100000000002E-003   1.4011642444749592E+021
   7.0426300000000002E-003   1.4195777598142808E+021
   7.0380699999999996E-003   1.4400694290440659E+021
   7.0344800000000001E-003   1.4571417924857899E+021
   7.0313199999999998E-003   1.4720202888682364E+021
   7.0285699999999996E-003   1.4909282726811124E+021
   7.0239800000000000E-003   1.5143793056189118E+021
   7.0191799999999999E-003   1.5434186809859315E+021
   7.0129800000000003E-003   1.5655393670772828E+021
   7.0100600000000002E-003   1.5819281883250415E+021
   7.0071400000000002E-003   1.6045028513939123E+021
   7.0027800000000001E-003   1.6196181276472330E+021
   6.9969899999999998E-003   1.6594618688936589E+021
   6.9941100000000004E-003   1.6611582401572409E+021
   6.9912300000000002E-003   1.6749275375539488E+021
   6.9867699999999998E-003   1.7005643399771720E+021
   6.9805099999999997E-003   1.7340399736007573E+021
   6.9769000000000003E-003   1.7524382997418116E+021
   6.9707700000000003E-003   1.7881682801828993E+021
   6.9647399999999996E-003   1.7935710224717874E+021
   6.9613100000000001E-003   1.8102497090966583E+021
   6.9591000000000002E-003   1.8387844100097211E+021
   6.9547100000000002E-003   1.8481012713291931E+021
   6.9493899999999997E-003   1.9083669891849273E+021
   6.9462600000000001E-003   1.9001793190527547E+021
   6.9412500000000004E-003   1.9059584267521221E+021
   6.9387499999999996E-003   1.9154710627912099E+021
   6.9338799999999999E-003   1.9748946880434468E+021
   6.9267900000000004E-003   1.9810673300165731E+021
   6.9219199999999998E-003   2.0131628015616000E+021
   6.9170799999999999E-003   2.0331772356682761E+021
   6.9087699999999998E-003   2.0551461108579070E+021
   6.9043400000000001E-003   2.0835775306986892E+021
   6.9006700000000002E-003   2.1051919686543194E+021
   6.8970000000000004E-003   2.1302727882876836E+021
   6.8943099999999998E-003   2.1318934961696429E+021
   6.8922999999999996E-003   2.1526347171631053E+021
   6.8886299999999998E-003   2.1759240218695180E+021
   6.8870499999999996E-003   2.1960047567234694E+021
   6.8845099999999999E-003   2.2124634729297989E+021
   6.8824799999999998E-003   2.2355498987031843E+021
   6.8808999999999997E-003   2.2403199714373421E+021
   6.8793300000000003E-003   2.2532079096835625E+021
   6.8780300000000003E-003   2.2625920780169382E+021
   6.8767300000000002E-003   2.2713633814927534E+021
   6.8754599999999999E-003   2.2831149390511853E+021
   6.8741799999999997E-003   2.3053235784567158E+021
   6.8715900000000003E-003   2.3156933832686271E+021
   6.8690000000000001E-003   2.3236621339392486E+021
   6.8678599999999999E-003   2.3272447941837248E+021
   6.8667299999999997E-003   2.3547968486569371E+021
   6.8649200000000000E-003   2.3605962850802202E+021
   6.8631200000000003E-003   2.3663980053061215E+021
   6.8613199999999997E-003   2.3722019671895006E+021
   6.8595200000000000E-003   2.3923226803388615E+021
   6.8554899999999997E-003   2.4117575210606883E+021
   6.8514600000000002E-003   2.4411148141117943E+021
   6.8424799999999997E-003   2.4821543653875678E+021
   6.8225100000000004E-003   2.5416661170679458E+021
   6.8046000000000001E-003   2.5941602200826088E+021
   6.7902199999999996E-003   2.6459694675872092E+021
   6.7768200000000002E-003   2.7083237277329119E+021
   6.7570900000000003E-003   2.7801190786246823E+021
   6.7385900000000000E-003   2.8443688667648539E+021
   6.7221700000000004E-003   2.9058895990858176E+021
   6.7058200000000004E-003   2.9689117597680921E+021
   6.6896500000000001E-003   3.0369740232357797E+021
   6.6709100000000004E-003   3.1042639030179573E+021
   6.6553100000000002E-003   3.1674971879297924E+021
   6.6393399999999997E-003   3.2349880559902272E+021
   6.6219399999999998E-003   3.3087460825478023E+021
   6.6033799999999998E-003   3.3941476720770060E+021
   6.5809700000000002E-003   3.4769261966760550E+021
   6.5643799999999999E-003   3.5558952754655008E+021
   6.5444700000000001E-003   3.6431874951844893E+021
   6.5248099999999998E-003   3.7233738768837535E+021
   6.5085100000000003E-003   3.7851062087158381E+021
   6.4978600000000003E-003   3.8517502935323797E+021
   6.4794199999999996E-003   3.9210270749190977E+021
   6.4681299999999999E-003   4.0001622683048267E+021
   6.4457799999999999E-003   4.0919906140148219E+021
   6.4295200000000002E-003   4.1709046007087613E+021
   6.4134200000000004E-003   4.2433594979435681E+021
   6.4002900000000003E-003   4.3088972574336939E+021
   6.3872599999999996E-003   4.4183376245697350E+021
   6.3570500000000004E-003   4.5732433211855187E+021
   6.3273699999999997E-003   4.6881934380348348E+021
   6.3138200000000004E-003   4.7884677959818297E+021
   6.2901600000000004E-003   4.8808105119393776E+021
   6.2800199999999999E-003   4.9766553229571811E+021
   6.2556199999999999E-003   5.1134278168880936E+021
   6.2315499999999998E-003   5.2235131167518942E+021
   6.2176599999999999E-003   5.3037460710446040E+021
   6.2038700000000002E-003   5.4072446509442274E+021
   6.1825400000000003E-003   5.5348835958008326E+021
   6.1614499999999997E-003   5.6430927139325524E+021
   6.1472499999999999E-003   5.7301488012861710E+021
   6.1331500000000004E-003   5.8651792992349024E+021
   6.1040799999999996E-003   6.0498079339406688E+021
   6.0754399999999997E-003   6.2039441220926544E+021
   6.0570199999999998E-003   6.3262508806883508E+021
   6.0387599999999998E-003   6.4261075952787983E+021
   6.0277100000000004E-003   6.5005517827452720E+021
   6.0167199999999997E-003   6.6284004185051119E+021
   5.9905200000000000E-003   6.8477997606565493E+021
   5.9541600000000000E-003   7.0815250362829541E+021
   5.9256400000000002E-003   7.2532764836754211E+021
   5.9077000000000001E-003   7.4072595973981403E+021
   5.8845399999999997E-003   7.5826002393340104E+021
   5.8616199999999997E-003   7.7923579012188671E+021
   5.8305099999999997E-003   8.0403502487779861E+021
   5.7991199999999996E-003   8.2329713764189340E+021
   5.7832400000000003E-003   8.3627342560980789E+021
   5.7674600000000003E-003   8.5629174910520698E+021
   5.7351600000000004E-003   8.8363516664669735E+021
   5.7032999999999997E-003   9.1193823853589614E+021
   5.6704299999999997E-003   9.4111975518932755E+021
   5.6379999999999998E-003   9.7125608072108740E+021
   5.6045499999999998E-003   1.0024934591895475E+022
   5.5715299999999999E-003   1.0346144102799712E+022
   5.5374899999999999E-003   1.0678844128368995E+022
   5.5038800000000001E-003   1.1022648033035998E+022
   5.4692400000000002E-003   1.1376948748274230E+022
   5.4350199999999996E-003   1.1650050905316327E+022
   5.4175200000000003E-003   1.1835868021408940E+022
   5.4001300000000004E-003   1.2121874455012791E+022
   5.3645500000000000E-003   1.2513004630960859E+022
   5.3293999999999998E-003   1.2813622939610415E+022
   5.3114299999999998E-003   1.3018642879249599E+022
   5.2935600000000001E-003   1.3332104697642140E+022
   5.2573899999999998E-003   1.3762988507527417E+022
   5.2208899999999997E-003   1.4208135462896489E+022
   5.1840599999999999E-003   1.4668005113879742E+022
   5.1469000000000003E-003   1.5143128619825037E+022
   5.1093900000000001E-003   1.5634021836506222E+022
   5.0715300000000003E-003   1.6141223298037723E+022
   5.0333299999999999E-003   1.6665280484729449E+022
   4.9947699999999999E-003   1.7206753105071397E+022
   4.9558500000000004E-003   1.7766287313760070E+022
   4.9165600000000004E-003   1.8197312250047195E+022
   4.8966799999999996E-003   1.8491577295501726E+022
   4.8769000000000000E-003   1.8789659033814532E+022
   4.8568400000000003E-003   1.9093742002539634E+022
   4.8368700000000001E-003   1.9491972781590735E+022
   4.8050899999999997E-003   1.9986486877043129E+022
   4.7735499999999997E-003   2.0400342595796409E+022
   4.7529900000000003E-003   2.0730490382986284E+022
   4.7325199999999996E-003   2.1066805794427227E+022
   4.7117599999999997E-003   2.1408515432034152E+022
   4.6910900000000002E-003   2.1756090592727377E+022
   4.6701299999999998E-003   2.2109453657199717E+022
   4.6492599999999997E-003   2.2469037310219781E+022
   4.6280899999999996E-003   2.2834763257112343E+022
   4.6070099999999999E-003   2.3206763081724940E+022
   4.5856400000000002E-003   2.3585334711631699E+022
   4.5643500000000000E-003   2.3970404729957596E+022
   4.5427599999999999E-003   2.4362444682429863E+022
   4.5212500000000001E-003   2.4761552286379992E+022
   4.4994500000000003E-003   2.5167730817748580E+022
   4.4777200000000001E-003   2.5581079635376459E+022
   4.4556900000000000E-003   2.6002219297473028E+022
   4.4337400000000003E-003   2.6431247979647997E+022
   4.4114899999999997E-003   2.6868165697433479E+022
   4.3893100000000004E-003   2.7313476793875749E+022
   4.3668300000000004E-003   2.7766725768797393E+022
   4.3444099999999999E-003   2.8229418146870168E+022
   4.3216900000000004E-003   2.8701046232265783E+022
   4.2990399999999996E-003   2.9182290711480034E+022
   4.2760799999999998E-003   2.9673088287907009E+022
   4.2531799999999996E-003   3.0173197885533445E+022
   4.2300699999999998E-003   3.0684778205421207E+022
   4.2068299999999999E-003   3.1207334668661628E+022
   4.1834600000000000E-003   3.1741330396389914E+022
   4.1599599999999999E-003   3.2287036495763545E+022
   4.1363399999999996E-003   3.2845531764030649E+022
   4.1125800000000002E-003   3.3416759515327945E+022
   4.0886899999999999E-003   3.4002458495841707E+022
   4.0646600000000003E-003   3.4602280666294068E+022
   4.0404899999999999E-003   3.5217166733313927E+022
   4.0161900000000002E-003   3.5848157735323171E+022
   3.9917399999999997E-003   3.6495338448412157E+022
   3.9671500000000000E-003   3.7159376431076149E+022
   3.9424200000000003E-003   3.7841324320705697E+022
   3.9175399999999997E-003   3.8541538892268228E+022
   3.8925100000000001E-003   3.9260546733324557E+022
   3.8673200000000000E-003   4.0000815742662576E+022
   3.8419800000000000E-003   4.0762185656781507E+022
   3.8164900000000001E-003   4.1547589315109243E+022
   3.7908299999999998E-003   4.2360994890666945E+022
   3.7650200000000000E-003   4.3204714643997208E+022
   3.7390300000000000E-003   4.4074684584787500E+022
   3.7128800000000000E-003   4.4964812720438029E+022
   3.6865600000000002E-003   4.5871457864441177E+022
   3.6600700000000001E-003   4.6794785856604617E+022
   3.6334000000000002E-003   4.7734982606016421E+022
   3.6065500000000000E-003   4.8692250059714270E+022
   3.5795100000000002E-003   4.9666803834702292E+022
   3.5522900000000000E-003   5.0658871137428323E+022
   3.5248800000000002E-003   5.1668691054849910E+022
   3.4972699999999998E-003   5.2696513189464292E+022
   3.4694600000000002E-003   5.3742594861617071E+022
   3.4414500000000000E-003   5.4807202243002319E+022
   3.4132400000000001E-003   5.5890608435597219E+022
   3.3848099999999998E-003   5.6993091912426276E+022
   3.3561600000000000E-003   5.8114943489759945E+022
   3.3272900000000001E-003   5.9256449702229459E+022
   3.2981999999999998E-003   6.0417912841712616E+022
   3.2688700000000001E-003   6.1599634559529034E+022
   3.2393100000000000E-003   6.2801922346282585E+022
   3.2095000000000001E-003   6.4025087358854337E+022
   3.1794400000000000E-003   6.5269448433984785E+022
   3.1491200000000000E-003   6.6535322565163046E+022
   3.1185399999999999E-003   6.7823036454079281E+022
   3.0876900000000001E-003   6.9132915469059961E+022
   3.0565700000000002E-003   7.0465291883275409E+022
   3.0251499999999999E-003   7.1820496327958975E+022
   2.9934400000000000E-003   7.3198867049949140E+022
   2.9614300000000001E-003   7.4600742204937444E+022
   2.9291100000000000E-003   7.6026461614361985E+022
   2.8964600000000000E-003   7.7476365623088353E+022
   2.8634899999999998E-003   7.8950799108707528E+022
   2.8301600000000000E-003   8.0450108339464761E+022
   2.7964900000000000E-003   8.1974637043534476E+022
   2.7624400000000001E-003   8.3524730795140623E+022
   2.7280199999999998E-003   8.5100738311909930E+022
   2.6932000000000002E-003   8.6703002354749889E+022
   2.6579799999999999E-003   8.8331871052882713E+022
   2.6223300000000000E-003   8.9987686471485452E+022
   2.5862300000000001E-003   9.1670788810185038E+022
   2.5496799999999999E-003   9.3381519722096219E+022
   2.5126500000000000E-003   9.5120213917651029E+022
   2.4751199999999999E-003   9.6887205876667913E+022
   2.4370699999999999E-003   9.8682821711034415E+022
   2.3984800000000001E-003   1.0050738724187503E+023
   2.3593099999999999E-003   1.0236121309760983E+023
   2.3195400000000001E-003   1.0424412477114956E+023
   2.2791399999999998E-003   1.0616035436381037E+023
   2.2380799999999999E-003   1.0810677831257386E+023
   2.1963199999999999E-003   1.1008367474730859E+023
   2.1538199999999999E-003   1.1209131224558988E+023
   2.1105299999999998E-003   1.1412993799424808E+023
   2.0664099999999999E-003   1.1619886991680354E+023
   2.0214100000000000E-003   1.1830295796423917E+023
   1.9754600000000001E-003   1.2043901093908985E+023
   1.9284899999999999E-003   1.2260152603483548E+023
   1.8807600000000000E-003   1.2480509530496104E+023
   1.8312199999999999E-003   1.2704624006240216E+023
   1.7807299999999999E-003   1.2931260868759308E+023
   1.7288600000000000E-003   1.3126460427093566E+023
   1.6892700000000001E-003   1.3303915837181992E+023
   1.6481899999999999E-003   1.3559884594065600E+023
   1.5708300000000001E-003   1.3802882069615514E+023
   1.5275000000000000E-003   1.3989234964723521E+023
   1.4820800000000000E-003   1.4270162598595021E+023
   1.3879299999999999E-003   1.4571136153372233E+023
   1.3229400000000001E-003   1.4821651675701610E+023
   1.2551400000000001E-003   1.5070272579402023E+023
   1.1802700000000000E-003   1.5338191363893548E+023
   1.1005500000000001E-003   1.5605427825830735E+023
   1.0087700000000000E-003   1.5909148996024740E+023
   8.9932000000000000E-004   1.6285323280112288E+023
   7.0640000000000004E-004   1.6636633390325244E+023
   5.6782000000000002E-004   1.6864898545968002E+023
   4.8413999999999998E-004   1.6999065209191425E+023
   3.8297000000000000E-004   1.7088935282012989E+023
   3.1386000000000001E-004   1.7173967339959744E+023
   2.5071000000000002E-004   1.7186895243234453E+023
   2.0164000000000000E-004   1.7247730109261258E+023
   1.6417000000000000E-004   1.7254453982552167E+023
   1.3642999999999999E-004   1.7280356508254534E+023
   1.1689000000000000E-004   1.7281672059935818E+023
   1.0404999999999999E-004   1.7293918761712915E+023
   8.6870000000000000E-005   1.7300626573978956E+023
   6.8949999999999995E-005   1.7304155763232950E+023
   5.4719999999999998E-005   1.7310735617853392E+023
   4.3430000000000003E-005   1.7312553757765699E+023
   3.4470000000000000E-005   1.7313510720627874E+023
   2.7359999999999999E-005   1.7315988427461802E+023
   2.1719999999999999E-005   1.7316418636469650E+023
   1.7240000000000001E-005   1.7317559704532941E+023
   1.3679999999999999E-005   1.7318659622873766E+023
