   9.0709599999999994E-003   317565110599665.12     
   9.0707900000000004E-003   471671424599893.56     
   9.0707099999999992E-003   574118193723581.38     
   9.0706599999999995E-003   655995841311226.50     
   9.0706199999999997E-003   726103991930532.25     
   9.0705899999999999E-003   788318367343485.88     
   9.0705600000000001E-003   844868617942743.75     
   9.0705400000000002E-003   896987816357857.62     
   9.0705200000000003E-003   945547830196556.75     
   9.0705000000000004E-003   991280070431210.00     
   9.0704800000000006E-003   1034578811259811.1     
   9.0704600000000007E-003   1075741623323923.5     
   9.0704500000000007E-003   1115091405626034.5     
   9.0704300000000009E-003   1152891164833036.2     
   9.0704199999999992E-003   1189314623371386.0     
   9.0703999999999993E-003   1224475563908818.0     
   9.0703899999999994E-003   1258480433687304.8     
   9.0703799999999994E-003   1291438868589027.5     
   9.0703599999999995E-003   1323459018987025.0     
   9.0703499999999996E-003   1354634973076831.2     
   9.0703399999999997E-003   1392558982283309.5     
   9.0703199999999998E-003   1436586467003503.2     
   9.0703099999999998E-003   1479165074161794.2     
   9.0702899999999999E-003   1520417610421626.2     
   9.0702800000000000E-003   1553847515459714.2     
   9.0702700000000001E-003   1580048964508050.0     
   9.0702600000000001E-003   1605788804632301.2     
   9.0702500000000002E-003   1631095340254023.2     
   9.0702400000000002E-003   1662174494373967.0     
   9.0702300000000003E-003   1698670162171313.8     
   9.0702200000000004E-003   1734366832929947.2     
   9.0702100000000004E-003   1769308133771857.8     
   9.0701900000000005E-003   1797861859630804.8     
   9.0701900000000005E-003   1820370843807474.8     
   9.0701800000000006E-003   1842584322648672.5     
   9.0701700000000007E-003   1864515756072004.0     
   9.0701600000000007E-003   1896934982049237.2     
   9.0701500000000008E-003   1928731387853925.0     
   9.0701400000000008E-003   1949645301525146.5     
   9.0701400000000008E-003   1980611011951933.0     
   9.0701199999999992E-003   2021108544446161.5     
   9.0701099999999993E-003   2060789297457324.2     
   9.0700999999999993E-003   2099704435239392.8     
   9.0700899999999994E-003   2128394558223336.2     
   9.0700799999999995E-003   2147314850178475.5     
   9.0700699999999995E-003   2166064750131721.2     
   9.0700699999999995E-003   2184648739455218.8     
   9.0700599999999996E-003   2212236539396733.2     
   9.0700499999999996E-003   2248448476702182.5     
   9.0700399999999997E-003   2284059707275941.5     
   9.0700299999999998E-003   2319100206252027.0     
   9.0700199999999998E-003   2359313607191761.5     
   9.0699999999999999E-003   2404408996889602.5     
   9.0699900000000000E-003   2448657070322015.0     
   9.0699800000000001E-003   2492106879012690.5     
   9.0699600000000002E-003   2534803188635084.0     
   9.0699500000000002E-003   2576787460506692.5     
   9.0699400000000003E-003   2618094485335764.5     
   9.0699300000000004E-003   2658753866261405.0     
   9.0699200000000004E-003   2703765064656545.0     
   9.0699000000000005E-003   2752878886516790.0     
   9.0698900000000006E-003   2801100999338443.5     
   9.0698700000000007E-003   2836687973314134.0     
   9.0698700000000007E-003   2860174489535421.0     
   9.0698600000000008E-003   2895058322762245.5     
   9.0698500000000008E-003   2940882236753605.5     
   9.0698299999999992E-003   2985988635688948.5     
   9.0698199999999993E-003   3030412079168996.5     
   9.0698099999999993E-003   3074186226610956.0     
   9.0697899999999994E-003   3117342321099107.0     
   9.0697799999999995E-003   3159908525046499.5     
   9.0697699999999996E-003   3201913160375311.5     
   9.0697599999999996E-003   3243376746563410.5     
   9.0697499999999997E-003   3284317636438951.5     
   9.0697399999999997E-003   3344845270229228.5     
   9.0697099999999999E-003   3413992450963222.0     
   9.0697000000000000E-003   3472179181654367.5     
   9.0696800000000001E-003   3529396545749755.5     
   9.0696600000000002E-003   3571672756021228.5     
   9.0696600000000002E-003   3599595226869587.0     
   9.0696500000000003E-003   3641097729657450.0     
   9.0696300000000004E-003   3695662913544545.0     
   9.0696200000000005E-003   3776123568280581.0     
   9.0695900000000006E-003   3854733562742843.5     
   9.0695800000000007E-003   3906341079984841.0     
   9.0695600000000008E-003   3957293922014259.5     
   9.0695499999999991E-003   4007613544871846.5     
   9.0695399999999992E-003   4057322262055301.0     
   9.0695199999999993E-003   4106440449585815.5     
   9.0695099999999994E-003   4154991226736779.5     
   9.0694999999999994E-003   4202994125446253.0     
   9.0694799999999996E-003   4258345630390255.0     
   9.0694699999999996E-003   4320733011510921.0     
   9.0694499999999997E-003   4412797008447460.0     
   9.0694199999999999E-003   4502779700319360.5     
   9.0694000000000000E-003   4561860326791256.0     
   9.0693900000000001E-003   4620196969597672.0     
   9.0693700000000002E-003   4677819312616438.0     
   9.0693600000000003E-003   4741842853149941.0     
   9.0693400000000004E-003   4811985006941254.0     
   9.0693200000000005E-003   4881146215374071.0     
   9.0693100000000006E-003   4949373385694002.0     
   9.0692900000000007E-003   5016709725979767.0     
   9.0692700000000008E-003   5083195645711759.0     
   9.0692499999999992E-003   5181515045021120.0     
   9.0692199999999994E-003   5284235710373164.0     
   9.0691999999999995E-003   5360089703785741.0     
   9.0691799999999996E-003   5434911656175121.0     
   9.0691599999999997E-003   5508744115505981.0     
   9.0691499999999998E-003   5581628968557783.0     
   9.0691299999999999E-003   5653604585053362.0     
   9.0691100000000000E-003   5724703355677828.0     
   9.0690900000000001E-003   5794957016961091.0     
   9.0690800000000002E-003   5864394039310490.0     
   9.0690600000000003E-003   5933046045318599.0     
   9.0690400000000004E-003   6000941894066424.0     
   9.0690300000000005E-003   6068108533266975.0     
   9.0690100000000006E-003   6167649954636308.0     
   9.0689800000000008E-003   6297907976374114.0     
   9.0689499999999992E-003   6425655686518111.0     
   9.0689199999999994E-003   6551045947158057.0     
   9.0688899999999996E-003   6674214909341611.0     
   9.0688599999999998E-003   6795271700653344.0     
   9.0688299999999999E-003   6914310735577668.0     
   9.0688000000000001E-003   7031420287413824.0     
   9.0687700000000003E-003   7146691265509146.0     
   9.0687500000000004E-003   7260212897545027.0     
   9.0687200000000006E-003   7372065312239491.0     
   9.0686900000000008E-003   7482319398082098.0     
   9.0686699999999992E-003   7591045317002627.0     
   9.0686399999999993E-003   7698318821857040.0     
   9.0686199999999995E-003   7804214450562168.0     
   9.0685999999999996E-003   7908798385069287.0     
   9.0685699999999998E-003   8063541814556832.0     
   9.0685200000000001E-003   8265460917057215.0     
   9.0684800000000003E-003   8413778404195131.0     
   9.0684600000000004E-003   8511439447163421.0     
   9.0684400000000005E-003   8608075554661030.0     
   9.0684100000000007E-003   8703717335637995.0     
   9.0683900000000008E-003   8829837874914638.0     
   9.0683599999999993E-003   8985057714140481.0     
   9.0683199999999995E-003   9137812543840702.0     
   9.0682899999999997E-003   9250731437858718.0     
   9.0682699999999998E-003   9325362065842174.0     
   9.0682599999999999E-003   9436362355237040.0     
   9.0682200000000001E-003   9582367885609404.0     
   9.0681900000000003E-003   9726313156726806.0     
   9.0681600000000005E-003   9868289115513496.0     
   9.0681300000000006E-003   10008394488760168.     
   9.0681000000000008E-003   10146723148015640.     
   9.0680699999999993E-003   10351353239022246.     
   9.0680099999999996E-003   10551853847653422.     
   9.0679799999999998E-003   10683799643969866.     
   9.0679599999999999E-003   10814278448180028.     
   9.0679300000000001E-003   10943336247117590.     
   9.0679000000000003E-003   11134597389696018.     
   9.0678500000000006E-003   11384742552709644.     
   9.0678000000000009E-003   11629960964395400.     
   9.0677499999999994E-003   11870518313635936.     
   9.0676999999999997E-003   12077278121502654.     
   9.0676600000000000E-003   12252046745157024.     
   9.0676200000000002E-003   12424565805219324.     
   9.0675900000000004E-003   12594924691848496.     
   9.0675500000000006E-003   12846962260038470.     
   9.0674899999999992E-003   13093910755826586.     
   9.0674499999999995E-003   13256466384424712.     
   9.0674199999999996E-003   13417262939355670.     
   9.0673899999999998E-003   13576358335398484.     
   9.0673600000000000E-003   13812215805062042.     
   9.0672900000000004E-003   14120782194519002.     
   9.0672300000000008E-003   14423392051897154.     
   9.0671699999999994E-003   14720407245049118.     
   9.0671199999999997E-003   15012147744912550.     
   9.0670600000000001E-003   15298886604394204.     
   9.0670000000000004E-003   15580874171112582.     
   9.0669500000000007E-003   15858350194328604.     
   9.0668999999999993E-003   16131533356380574.     
   9.0668399999999996E-003   16400625121701598.     
   9.0667899999999999E-003   16665825888616966.     
   9.0667400000000002E-003   16970745999875076.     
   9.0666800000000006E-003   17313220346108908.     
   9.0666099999999993E-003   17649852732838672.     
   9.0665499999999996E-003   17980921008151484.     
   9.0664900000000000E-003   18306685226931024.     
   9.0664300000000003E-003   18547441531949452.     
   9.0664000000000005E-003   18706580393954072.     
   9.0663700000000007E-003   18943300178956876.     
   9.0663099999999993E-003   19254617566230092.     
   9.0662499999999997E-003   19561537265206372.     
   9.0662000000000000E-003   19864233069752552.     
   9.0661400000000003E-003   20237266429737636.     
   9.0660600000000008E-003   20676673421788480.     
   9.0659799999999995E-003   21000528611316836.     
   9.0659399999999998E-003   21320830932732504.     
   9.0658700000000002E-003   21636244044440140.     
   9.0658300000000004E-003   21879181248747304.     
   9.0657800000000007E-003   22153867395304484.     
   9.0657299999999993E-003   22425613669222416.     
   9.0656799999999996E-003   22694514530877036.     
   9.0656399999999998E-003   23093272896063712.     
   9.0655400000000004E-003   23485045446795852.     
   9.0655000000000006E-003   23743428002447716.     
   9.0654499999999992E-003   24063209059217252.     
   9.0653899999999996E-003   24441900462218092.     
   9.0653200000000000E-003   25001583916373608.     
   9.0651900000000007E-003   25548647924753300.     
   9.0651299999999994E-003   25908363337603696.     
   9.0650699999999997E-003   26263781872617336.     
   9.0650100000000001E-003   26615070263921072.     
   9.0649500000000004E-003   27135409516776820.     
   9.0648399999999994E-003   27815002814998620.     
   9.0647200000000001E-003   28370009836056388.     
   9.0646500000000005E-003   28807745611342976.     
   9.0645799999999992E-003   29293624224779952.     
   9.0644899999999997E-003   29825197461231140.     
   9.0644000000000002E-003   30348731250914256.     
   9.0643200000000007E-003   30864649790814808.     
   9.0642299999999995E-003   31500039928400716.     
   9.0641100000000002E-003   32061304505771816.     
   9.0640500000000006E-003   32431369296199604.     
   9.0639899999999992E-003   32797822243739012.     
   9.0639299999999996E-003   33160760450518736.     
   9.0638799999999999E-003   33699531895581680.     
   9.0637600000000006E-003   34405621453185824.     
   9.0636499999999995E-003   35099485133948392.     
   9.0635400000000001E-003   35781799196139288.     
   9.0634400000000007E-003   36453179828342320.     
   9.0633299999999997E-003   37223984568196976.     
   9.0632000000000004E-003   38088043974145328.     
   9.0630599999999995E-003   38830149503860832.     
   9.0629700000000001E-003   39457160125438424.     
   9.0628700000000006E-003   40075740859054736.     
   9.0627799999999994E-003   40686241477450392.     
   9.0626900000000000E-003   41389176417013064.     
   9.0625700000000007E-003   42179788313337288.     
   9.0624499999999997E-003   42957994103900144.     
   9.0623300000000004E-003   43724411714686744.     
   9.0622199999999993E-003   44479607181371704.     
   9.0621100000000000E-003   45224096670734408.     
   9.0620000000000006E-003   45958345747215376.     
   9.0618899999999995E-003   46682779625811416.     
   9.0617900000000001E-003   47397803021447536.     
   9.0616900000000007E-003   48103797121260768.     
   9.0615799999999996E-003   48974949776167424.     
   9.0614300000000005E-003   50002416639679288.     
   9.0612899999999996E-003   50844498252440232.     
   9.0611900000000002E-003   51510353994238624.     
   9.0611000000000008E-003   52169023406961936.     
   9.0610099999999996E-003   52820737490818296.     
   9.0609100000000001E-003   53787263777819800.     
   9.0607299999999995E-003   55051587528226344.     
   9.0605600000000005E-003   55982607197504192.     
   9.0604699999999993E-003   56596984065044896.     
   9.0603899999999998E-003   57357678315266312.     
   9.0602600000000005E-003   58258825612964056.     
   9.0601399999999995E-003   59148384466189376.     
   9.0600200000000002E-003   60026823902535128.     
   9.0598999999999992E-003   61038846583111416.     
   9.0597400000000002E-003   62177790175697800.     
   9.0595899999999993E-003   63019691162529616.     
   9.0595199999999997E-003   63576420911162320.     
   9.0594400000000002E-003   64404895412511416.     
   9.0592899999999994E-003   65494637985005640.     
   9.0591500000000002E-003   66569433752314264.     
   9.0590099999999993E-003   67629921498843936.     
   9.0588700000000001E-003   69198209741123712.     
   9.0586000000000000E-003   71239903824329592.     
   9.0583399999999998E-003   72736748522125520.     
   9.0582100000000006E-003   73722263840087264.     
   9.0580799999999996E-003   74696889056504448.     
   9.0579600000000003E-003   75661009072185984.     
   9.0578299999999994E-003   76852916758379888.     
   9.0576500000000004E-003   78262003566906512.     
   9.0574699999999998E-003   79419409031004416.     
   9.0573600000000004E-003   80336063677733728.     
   9.0572399999999994E-003   81470694498736800.     
   9.0570700000000004E-003   82814192963765664.     
   9.0569099999999996E-003   84126713050713408.     
   9.0567400000000006E-003   85399165622575344.     
   9.0565799999999998E-003   86635599574179616.     
   9.0564200000000008E-003   87839402256415904.     
   9.0562699999999999E-003   89013440796501328.     
   9.0561099999999992E-003   90160156864827856.     
   9.0559600000000001E-003   91281653389422640.     
   9.0558199999999991E-003   92379763428977856.     
   9.0556700000000000E-003   93634947288007152.     
   9.0554799999999994E-003   95034258225960992.     
   9.0552900000000006E-003   96059926790258768.     
   9.0551999999999994E-003   96735387034870256.     
   9.0551099999999999E-003   97884751630753488.     
   9.0548899999999995E-003   99476378579056720.     
   9.0546800000000007E-003   1.0071298180668949E+017
   9.0545599999999997E-003   1.0161840500817461E+017
   9.0544300000000005E-003   1.0273450436694059E+017
   9.0542499999999998E-003   1.0404890296119464E+017
   9.0540800000000008E-003   1.0533915310640090E+017
   9.0539000000000001E-003   1.0660662271321234E+017
   9.0537399999999994E-003   1.0805942120510974E+017
   9.0535100000000007E-003   1.0968465582741160E+017
   9.0533000000000002E-003   1.1087960468778381E+017
   9.0531899999999992E-003   1.1166742458833768E+017
   9.0530899999999997E-003   1.1283637736912088E+017
   9.0528799999999993E-003   1.1436695631497522E+017
   9.0526800000000004E-003   1.1586968372301930E+017
   9.0524799999999999E-003   1.1734611016785834E+017
   9.0522899999999993E-003   1.1879763868375997E+017
   9.0521000000000004E-003   1.2022553463314435E+017
   9.0519099999999998E-003   1.2163094438197733E+017
   9.0517299999999992E-003   1.2301491240065490E+017
   9.0515500000000002E-003   1.2437839354061666E+017
   9.0513699999999996E-003   1.2572226726107901E+017
   9.0512000000000006E-003   1.2737728927961085E+017
   9.0509500000000003E-003   1.2932480506919038E+017
   9.0507000000000001E-003   1.3091751149005656E+017
   9.0505399999999993E-003   1.3217473596313971E+017
   9.0503800000000002E-003   1.3341658380904328E+017
   9.0502199999999994E-003   1.3464360360100629E+017
   9.0500700000000003E-003   1.3615841189111450E+017
   9.0498400000000000E-003   1.3794661849126678E+017
   9.0496199999999995E-003   1.3970549593718846E+017
   9.0494000000000008E-003   1.4143647449650714E+017
   9.0491900000000004E-003   1.4314089499966821E+017
   9.0489799999999999E-003   1.4481999326542013E+017
   9.0487799999999993E-003   1.4619991405302390E+017
   9.0486500000000001E-003   1.4729280108459974E+017
   9.0485099999999992E-003   1.4891506238027098E+017
   9.0482600000000007E-003   1.5104178049896176E+017
   9.0480000000000005E-003   1.5287137056525600E+017
   9.0478199999999998E-003   1.5441879170718064E+017
   9.0476299999999992E-003   1.5594701381625971E+017
   9.0474500000000003E-003   1.5745672120662944E+017
   9.0472799999999996E-003   1.5919631239793949E+017
   9.0470499999999992E-003   1.6115503330694442E+017
   9.0468200000000006E-003   1.6308474483627661E+017
   9.0466000000000001E-003   1.6498675680707258E+017
   9.0463799999999997E-003   1.6686226441618890E+017
   9.0461699999999992E-003   1.6871234717132499E+017
   9.0459600000000005E-003   1.7053798505362966E+017
   9.0457500000000000E-003   1.7234007744268989E+017
   9.0455499999999994E-003   1.7411945249835725E+017
   9.0453500000000006E-003   1.7587689626155507E+017
   9.0451600000000000E-003   1.7761315615320285E+017
   9.0449599999999995E-003   1.7932894929501744E+017
   9.0447800000000005E-003   1.8144726960288829E+017
   9.0445000000000005E-003   1.8394868024697565E+017
   9.0442300000000003E-003   1.8600099119824746E+017
   9.0440499999999997E-003   1.8762430841022534E+017
   9.0438800000000007E-003   1.8923088124834986E+017
   9.0437000000000000E-003   1.9082121925254909E+017
   9.0435299999999993E-003   1.9317978851744333E+017
   9.0431999999999995E-003   1.9626869592681181E+017
   9.0428799999999997E-003   1.9854572406360205E+017
   9.0427200000000006E-003   2.0004809876628022E+017
   9.0425599999999998E-003   2.0227889104263875E+017
   9.0422599999999999E-003   2.0520593402749888E+017
   9.0419599999999999E-003   2.0736734061266938E+017
   9.0418100000000008E-003   2.0879478702570576E+017
   9.0416600000000000E-003   2.1091623561687606E+017
   9.0413799999999999E-003   2.1370378795797635E+017
   9.0410999999999998E-003   2.1644890559946195E+017
   9.0408199999999998E-003   2.1915347198428016E+017
   9.0405599999999996E-003   2.2195385780204547E+017
   9.0402699999999996E-003   2.2562994304852470E+017
   9.0398300000000004E-003   2.2936105903501443E+017
   9.0395300000000005E-003   2.3164250773565482E+017
   9.0393899999999996E-003   2.3390149623910310E+017
   9.0390999999999996E-003   2.3687251796777098E+017
   9.0388099999999996E-003   2.3980108691707779E+017
   9.0385399999999994E-003   2.4268896310926573E+017
   9.0382699999999993E-003   2.4624629015784666E+017
   9.0378699999999999E-003   2.5043567345493811E+017
   9.0374800000000005E-003   2.5522600726086125E+017
   9.0369800000000000E-003   2.6057315201577440E+017
   9.0364999999999994E-003   2.6449771862005696E+017
   9.0362700000000008E-003   2.6708001472188650E+017
   9.0360400000000004E-003   2.6963398766005834E+017
   9.0358100000000000E-003   2.7216060598172218E+017
   9.0355899999999996E-003   2.7497215153930579E+017
   9.0353099999999995E-003   2.7805757627356342E+017
   9.0350399999999994E-003   2.8110475848541002E+017
   9.0347799999999992E-003   2.8411513408029216E+017
   9.0345200000000007E-003   2.8797811672104134E+017
   9.0341099999999997E-003   2.9265082707305350E+017
   9.0337100000000004E-003   2.9781090712906765E+017
   9.0332299999999997E-003   3.0342622381571949E+017
   9.0327600000000008E-003   3.0951684202743392E+017
   9.0322200000000005E-003   3.1604743730472237E+017
   9.0316800000000003E-003   3.2084329624878726E+017
   9.0314300000000000E-003   3.2399947314073933E+017
   9.0311699999999998E-003   3.2919088184487718E+017
   9.0305899999999998E-003   3.3630048990943379E+017
   9.0300299999999997E-003   3.4275409525300979E+017
   9.0295700000000007E-003   3.4859533180580909E+017
   9.0291199999999999E-003   3.5527882982240486E+017
   9.0285399999999998E-003   3.6274647977590547E+017
   9.0279699999999997E-003   3.7004747896225331E+017
   9.0274299999999995E-003   3.7719264111538880E+017
   9.0268999999999992E-003   3.8245121465959821E+017
   9.0266400000000007E-003   3.8591607557847603E+017
   9.0263900000000005E-003   3.9020148479084653E+017
   9.0260099999999992E-003   3.9527529673074547E+017
   9.0256399999999997E-003   4.0193679052527699E+017
   9.0250499999999997E-003   4.1009320824289766E+017
   9.0244699999999997E-003   4.1770798741778381E+017
   9.0239699999999992E-003   4.2481453699514650E+017
   9.0234700000000004E-003   4.3184638109072691E+017
   9.0229799999999999E-003   4.3880706818077901E+017
   9.0225099999999992E-003   4.4678309569136506E+017
   9.0218899999999994E-003   4.5571104111855750E+017
   9.0212999999999995E-003   4.6445494173784198E+017
   9.0207199999999994E-003   4.7302623330201830E+017
   9.0201599999999993E-003   4.8143521137069069E+017
   9.0196100000000008E-003   4.8969118105454029E+017
   9.0190800000000005E-003   4.9628954358722342E+017
   9.0187600000000007E-003   5.0130514249139942E+017
   9.0184400000000008E-003   5.0626848453492352E+017
   9.0181299999999992E-003   5.1118117708622170E+017
   9.0178199999999993E-003   5.1846313195292550E+017
   9.0172099999999995E-003   5.2800201277022618E+017
   9.0166199999999995E-003   5.3829187512775789E+017
   9.0159400000000001E-003   5.4928409979404813E+017
   9.0152800000000005E-003   5.5956459578342554E+017
   9.0146900000000005E-003   5.6917677706785472E+017
   9.0141300000000004E-003   5.7979639609969766E+017
   9.0134399999999993E-003   5.9136211475664986E+017
   9.0127699999999998E-003   6.0269831734807757E+017
   9.0121200000000002E-003   6.1381771989941990E+017
   9.0114900000000005E-003   6.2204761810133478E+017
   9.0111800000000006E-003   6.3023258483940570E+017
   9.0105700000000007E-003   6.3830182125752768E+017
   9.0102700000000008E-003   6.4471321454119181E+017
   9.0098499999999998E-003   6.5213202150821850E+017
   9.0094400000000005E-003   6.5946574575426829E+017
   9.0090399999999994E-003   6.6671757286983923E+017
   9.0086500000000000E-003   6.7643759875486758E+017
   9.0079900000000004E-003   6.8851361154781773E+017
   9.0073500000000008E-003   7.0048726473016909E+017
   9.0067099999999994E-003   7.1236363842067315E+017
   9.0060899999999996E-003   7.2597725324009894E+017
   9.0052900000000009E-003   7.4122490857206054E+017
   9.0045100000000003E-003   7.5248584029779930E+017
   9.0041300000000008E-003   7.5994796769597888E+017
   9.0037499999999996E-003   7.7107626026813491E+017
   9.0030100000000005E-003   7.8570650678161728E+017
   9.0022799999999997E-003   8.0010413353496832E+017
   9.0015800000000003E-003   8.1428237831766886E+017
   9.0008899999999992E-003   8.3006760066627571E+017
   9.0000500000000008E-003   8.4736725760391782E+017
   8.9992300000000004E-003   8.6442005248647629E+017
   8.9984300000000000E-003   8.8124024565592973E+017
   8.9976499999999994E-003   8.9781204721054733E+017
   8.9968900000000004E-003   9.1414904717075315E+017
   8.9961499999999996E-003   9.2710110301863680E+017
   8.9957100000000005E-003   9.3681192135692288E+017
   8.9952699999999997E-003   9.4642908661050253E+017
   8.9948400000000005E-003   9.5595653555431859E+017
   8.9944199999999995E-003   9.7020423495257946E+017
   8.9935799999999993E-003   9.8898012797566195E+017
   8.9927700000000006E-003   1.0091169867341541E+018
   8.9918399999999992E-003   1.0305427225627512E+018
   8.9909399999999993E-003   1.0517428674680220E+018
   8.9900499999999994E-003   1.0727290039096010E+018
   8.9891899999999993E-003   1.0890369753135233E+018
   8.9887000000000005E-003   1.1008593977221796E+018
   8.9882199999999999E-003   1.1126220033167712E+018
   8.9877399999999993E-003   1.1243261988712948E+018
   8.9872700000000003E-003   1.1388833720065475E+018
   8.9865799999999992E-003   1.1561915347128980E+018
   8.9858999999999998E-003   1.1763497678677852E+018
   8.9849900000000000E-003   1.1992206000065892E+018
   8.9841100000000000E-003   1.2218500036463616E+018
   8.9832499999999999E-003   1.2442487485438349E+018
   8.9824099999999997E-003   1.2608523425537324E+018
   8.9819900000000005E-003   1.2718767930190423E+018
   8.9815799999999994E-003   1.2843285449270157E+018
   8.9810600000000008E-003   1.2981679573204859E+018
   8.9805500000000003E-003   1.3187994601399857E+018
   8.9795399999999994E-003   1.3459217430348204E+018
   8.9785700000000000E-003   1.3659881466057618E+018
   8.9780899999999993E-003   1.3792943536501921E+018
   8.9776100000000005E-003   1.3939957163098962E+018
   8.9770400000000004E-003   1.4100507077539971E+018
   8.9764700000000003E-003   1.4259371913350664E+018
   8.9759200000000001E-003   1.4416609146214505E+018
   8.9753699999999999E-003   1.4574611750701914E+018
   8.9748099999999997E-003   1.4733361955626524E+018
   8.9742699999999995E-003   1.4970484520997356E+018
   8.9731900000000007E-003   1.5282597789212332E+018
   8.9721400000000000E-003   1.5513835020452477E+018
   8.9716199999999996E-003   1.5667506114225761E+018
   8.9711099999999992E-003   1.5835309662390738E+018
   8.9704999999999993E-003   1.6016863075727834E+018
   8.9699099999999993E-003   1.6196642712788390E+018
   8.9693199999999994E-003   1.6465876056075981E+018
   8.9681599999999993E-003   1.6734027358883277E+018
   8.9675799999999993E-003   1.6912555704288420E+018
   8.9670099999999992E-003   1.7089484925650391E+018
   8.9664500000000008E-003   1.7331231872363023E+018
   8.9654899999999996E-003   1.7635516650134006E+018
   8.9645400000000000E-003   1.7940345456689682E+018
   8.9635900000000004E-003   1.8245724290678996E+018
   8.9626700000000007E-003   1.8537500755656143E+018
   8.9618200000000005E-003   1.8816233711960351E+018
   8.9609900000000003E-003   1.9042855327795873E+018
   8.9604600000000000E-003   1.9218915291152620E+018
   8.9599399999999996E-003   1.9498552948351060E+018
   8.9588199999999993E-003   1.9878168012615997E+018
   8.9577200000000006E-003   2.0175259418848312E+018
   8.9570899999999991E-003   2.0392806939096650E+018
   8.9564699999999994E-003   2.0709915788239672E+018
   8.9552899999999994E-003   2.1122974673349412E+018
   8.9541399999999993E-003   2.1560914471262356E+018
   8.9528600000000000E-003   2.2022617488097725E+018
   8.9516100000000005E-003   2.2381779310292897E+018
   8.9508999999999995E-003   2.2642295315828859E+018
   8.9502000000000002E-003   2.2902901647688576E+018
   8.9495000000000009E-003   2.3163610150127176E+018
   8.9488199999999997E-003   2.3522244971317079E+018
   8.9476199999999999E-003   2.3975435780242104E+018
   8.9464499999999999E-003   2.4371810895979489E+018
   8.9455699999999999E-003   2.4713510086801290E+018
   8.9446999999999999E-003   2.5029162632350454E+018
   8.9439700000000007E-003   2.5463696265958502E+018
   8.9425300000000006E-003   2.6062171576569943E+018
   8.9409999999999993E-003   2.6524851622584827E+018
   8.9402500000000003E-003   2.6829907929176468E+018
   8.9395199999999994E-003   2.7283808310626135E+018
   8.9380799999999993E-003   2.7881292626214815E+018
   8.9366800000000007E-003   2.8453206215111204E+018
   8.9353899999999997E-003   2.8923835741474842E+018
   8.9344899999999998E-003   2.9312671104921518E+018
   8.9335999999999999E-003   2.9878200919471816E+018
   8.9319199999999994E-003   3.0608219529700157E+018
   8.9303000000000004E-003   3.1326979457561667E+018
   8.9286299999999999E-003   3.2034762986824044E+018
   8.9270100000000008E-003   3.2656827228717896E+018
   8.9257399999999997E-003   3.3206174132414633E+018
   8.9244900000000002E-003   3.3886450826724849E+018
   8.9227000000000004E-003   3.4500217991116288E+018
   8.9218200000000004E-003   3.4912173136258616E+018
   8.9209600000000003E-003   3.5492141110929531E+018
   8.9194300000000008E-003   3.6232067095521628E+018
   8.9179399999999992E-003   3.6806730488538511E+018
   8.9171000000000007E-003   3.7221181778361006E+018
   8.9162800000000004E-003   3.7747708080762061E+018
   8.9150099999999993E-003   3.8383360670813240E+018
   8.9137799999999996E-003   3.9190101743021292E+018
   8.9118900000000004E-003   3.9940417816484552E+018
   8.9108899999999994E-003   4.0539477419591926E+018
   8.9096200000000000E-003   4.1209650604466488E+018
   8.9083700000000005E-003   4.2030119201208561E+018
   8.9065800000000007E-003   4.2755790463789363E+018
   8.9057000000000008E-003   4.3234972354144200E+018
   8.9048400000000007E-003   4.3974982715360568E+018
   8.9030399999999992E-003   4.4724742297258112E+018
   8.9021599999999992E-003   4.5219899462979758E+018
   8.9012899999999992E-003   4.5760561277657590E+018
   8.9002700000000001E-003   4.6345756371870157E+018
   8.8992600000000009E-003   4.7091406724626668E+018
   8.8976999999999997E-003   4.7992763219982643E+018
   8.8961900000000000E-003   4.8748073257061448E+018
   8.8951499999999992E-003   4.9361624647282760E+018
   8.8941400000000000E-003   4.9975544704471992E+018
   8.8931199999999992E-003   5.0928231971532739E+018
   8.8910199999999995E-003   5.2202887639268147E+018
   8.8889899999999994E-003   5.3502753612679711E+018
   8.8868699999999998E-003   5.4497856636033321E+018
   8.8858400000000008E-003   5.5154382757320346E+018
   8.8848199999999999E-003   5.6176194643390403E+018
   8.8826900000000004E-003   5.7549947566175232E+018
   8.8806200000000005E-003   5.8949404706014833E+018
   8.8784699999999994E-003   6.0020044613717647E+018
   8.8774200000000004E-003   6.0725249688733850E+018
   8.8763799999999997E-003   6.1449595774923715E+018
   8.8752799999999993E-003   6.2192017125214177E+018
   8.8742000000000005E-003   6.2927280631617219E+018
   8.8731399999999998E-003   6.3655277884900229E+018
   8.8720899999999991E-003   6.4402413227120445E+018
   8.8709800000000005E-003   6.5167421510469724E+018
   8.8698900000000001E-003   6.6298927822002995E+018
   8.8677600000000006E-003   6.7438197100521318E+018
   8.8666400000000003E-003   6.8222587949943153E+018
   8.8655399999999999E-003   6.8997453551845519E+018
   8.8644499999999994E-003   6.9762807837825516E+018
   8.8633800000000006E-003   7.0548499887092593E+018
   8.8622500000000003E-003   7.1349098368301763E+018
   8.8611400000000000E-003   7.2138549801327002E+018
   8.8600399999999996E-003   7.2917600676310917E+018
   8.8589500000000009E-003   7.3714093917573478E+018
   8.8578100000000007E-003   7.4526439992865587E+018
   8.8566800000000005E-003   7.5326617185835551E+018
   8.8555700000000001E-003   7.6115611131994614E+018
   8.8544799999999996E-003   7.6921443408566692E+018
   8.8533199999999996E-003   7.7742720446190152E+018
   8.8521799999999994E-003   7.8550867805027686E+018
   8.8510599999999991E-003   7.9347626812566938E+018
   8.8499500000000005E-003   8.0160863243831921E+018
   8.8487800000000005E-003   8.0990151377137807E+018
   8.8476300000000004E-003   8.1806184362494392E+018
   8.8465000000000002E-003   8.2611857443164426E+018
   8.8453799999999999E-003   8.3435046374076406E+018
   8.8442000000000000E-003   8.4275768058001756E+018
   8.8430300000000000E-003   8.5104290227865405E+018
   8.8418799999999999E-003   8.5923727433152307E+018
   8.8407499999999997E-003   8.6762477797058857E+018
   8.8395599999999998E-003   8.7620683229557914E+018
   8.8383799999999998E-003   8.8468169046149171E+018
   8.8372199999999998E-003   8.9307901387300690E+018
   8.8360799999999996E-003   9.0169943877510830E+018
   8.8348799999999998E-003   9.1051223355367537E+018
   8.8336899999999999E-003   9.1917183116332278E+018
   8.8325200000000000E-003   9.2788839466733445E+018
   8.8313599999999999E-003   9.4161158392708997E+018
   8.8289400000000004E-003   9.5989352936996803E+018
   8.8265900000000005E-003   9.7362874044288512E+018
   8.8253600000000008E-003   9.8314916356091556E+018
   8.8241499999999994E-003   9.9258122158635725E+018
   8.8229599999999995E-003   1.0020942843997671E+019
   8.8217799999999996E-003   1.0171556244665469E+019
   8.8193100000000003E-003   1.0371802872124432E+019
   8.8169200000000007E-003   1.0521970526372264E+019
   8.8156599999999995E-003   1.0626496596094994E+019
   8.8144199999999999E-003   1.0782900370825003E+019
   8.8120000000000004E-003   1.0996462786554194E+019
   8.8094899999999997E-003   1.1158997487105522E+019
   8.8082500000000001E-003   1.1268019366176797E+019
   8.8070400000000004E-003   1.1440937523094200E+019
   8.8044999999999998E-003   1.1670169113869402E+019
   8.8020300000000006E-003   1.1901364743930231E+019
   8.7994600000000003E-003   1.2078598649110714E+019
   8.7982000000000008E-003   1.2196180964625226E+019
   8.7969599999999995E-003   1.2381078603935724E+019
   8.7943599999999993E-003   1.2629130635614779E+019
   8.7918400000000004E-003   1.2882777819668554E+019
   8.7892100000000004E-003   1.3141807807303459E+019
   8.7866500000000000E-003   1.3336451151819868E+019
   8.7853099999999993E-003   1.3471472934178423E+019
   8.7839900000000002E-003   1.3678673600158663E+019
   8.7813200000000004E-003   1.3953347733792479E+019
   8.7787200000000003E-003   1.4228873954384232E+019
   8.7761100000000002E-003   1.4515350936034103E+019
   8.7733800000000008E-003   1.4807868140228592E+019
   8.7707299999999992E-003   1.5027386274653026E+019
   8.7693400000000005E-003   1.5257770941435236E+019
   8.7666199999999993E-003   1.5523567212375015E+019
   8.7645899999999992E-003   1.5757379095359914E+019
   8.7624999999999995E-003   1.6033895113039344E+019
   8.7597800000000000E-003   1.6356279114049481E+019
   8.7569499999999995E-003   1.6641658542884899E+019
   8.7548799999999996E-003   1.6888641453964327E+019
   8.7527500000000001E-003   1.7144541067568460E+019
   8.7506200000000006E-003   1.7398669140127750E+019
   8.7485299999999992E-003   1.7646994432579400E+019
   8.7465100000000007E-003   1.7889549472161522E+019
   8.7445300000000004E-003   1.8107535584777689E+019
   8.7429099999999996E-003   1.8303840456272974E+019
   8.7413200000000003E-003   1.8514452800785203E+019
   8.7394900000000008E-003   1.8736508204908614E+019
   8.7376999999999993E-003   1.8960047296554447E+019
   8.7358399999999999E-003   1.9188071462587007E+019
   8.7340100000000004E-003   1.9467898512408732E+019
   8.7314000000000003E-003   1.9785901495681110E+019
   8.7288499999999998E-003   2.0050124882973176E+019
   8.7270000000000004E-003   2.0274719985927938E+019
   8.7251800000000008E-003   2.0554925374769689E+019
   8.7225199999999992E-003   2.0874015722759655E+019
   8.7199200000000008E-003   2.1139945944511271E+019
   8.7180100000000000E-003   2.1364212109320192E+019
   8.7161300000000008E-003   2.1585114892689072E+019
   8.7142399999999998E-003   2.1804497783858901E+019
   8.7123800000000005E-003   2.2071831848901997E+019
   8.7097100000000007E-003   2.2373287462706086E+019
   8.7071100000000005E-003   2.2645974549018903E+019
   8.7047800000000005E-003   2.2898145073596166E+019
   8.7025200000000000E-003   2.3145076539292590E+019
   8.7002099999999999E-003   2.3389163512000999E+019
   8.6979599999999994E-003   2.3650506449279345E+019
   8.6952699999999997E-003   2.3925817924441555E+019
   8.6926699999999996E-003   2.4195932424091382E+019
   8.6899899999999999E-003   2.4459146794040783E+019
   8.6873999999999996E-003   2.4674300642452795E+019
   8.6855200000000004E-003   2.4859650719524102E+019
   8.6836699999999992E-003   2.5127342435792691E+019
   8.6802600000000004E-003   2.5459239978929975E+019
   8.6770000000000007E-003   2.5726221771796861E+019
   8.6747300000000003E-003   2.5947988909794697E+019
   8.6725199999999995E-003   2.6173497649842680E+019
   8.6702800000000007E-003   2.6400694503238820E+019
   8.6681099999999997E-003   2.6747706726082163E+019
   8.6637399999999996E-003   2.7099551351059194E+019
   8.6615500000000005E-003   2.7341099172740817E+019
   8.6594199999999993E-003   2.7634289226129474E+019
   8.6564699999999994E-003   2.7891426947207905E+019
   8.6550399999999993E-003   2.8063203085578818E+019
   8.6536300000000007E-003   2.8334158947398521E+019
   8.6507000000000008E-003   2.8610769528448029E+019
   8.6492700000000006E-003   2.8845640897943163E+019
   8.6471299999999994E-003   2.9137027473657213E+019
   8.6449500000000002E-003   2.9385541642409411E+019
   8.6435200000000000E-003   2.9691469427205669E+019
   8.6406499999999997E-003   3.0005493446612369E+019
   8.6391999999999997E-003   3.0219193563547242E+019
   8.6377699999999995E-003   3.0491634316832608E+019
   8.6356300000000000E-003   3.0830303833370681E+019
   8.6334399999999992E-003   3.1119437253014204E+019
   8.6320200000000007E-003   3.1350885132085899E+019
   8.6306100000000004E-003   3.1714749761290490E+019
   8.6276700000000005E-003   3.2149876019514667E+019
   8.6255199999999994E-003   3.2465329184809157E+019
   8.6240699999999993E-003   3.2794432300201705E+019
   8.6218600000000003E-003   3.3261789591866196E+019
   8.6189900000000000E-003   3.3670530988916883E+019
   8.6174900000000002E-003   3.4026658059599147E+019
   8.6152799999999995E-003   3.4452962760762995E+019
   8.6131200000000002E-003   3.4969237229182947E+019
   8.6101100000000007E-003   3.5462644467092713E+019
   8.6082399999999996E-003   3.5845916155654697E+019
   8.6064100000000001E-003   3.6319475793281532E+019
   8.6037600000000002E-003   3.6878094074552381E+019
   8.6011700000000000E-003   3.7495759566391386E+019
   8.5980899999999992E-003   3.8000157431135740E+019
   8.5965799999999995E-003   3.8337626592887882E+019
   8.5950799999999997E-003   3.8914042938244448E+019
   8.5915399999999999E-003   3.9720357627859911E+019
   8.5880999999999996E-003   4.0355699920596214E+019
   8.5861099999999992E-003   4.0964270193904591E+019
   8.5829700000000005E-003   4.1778357977855721E+019
   8.5793799999999993E-003   4.2509348241057989E+019
   8.5769999999999996E-003   4.3057648047204958E+019
   8.5749499999999996E-003   4.3569564956680774E+019
   8.5729199999999995E-003   4.4201730788037706E+019
   8.5700199999999994E-003   4.4930011760489472E+019
   8.5671700000000007E-003   4.5623874022359106E+019
   8.5646600000000000E-003   4.6274995031010566E+019
   8.5621900000000008E-003   4.6832145837017268E+019
   8.5604700000000006E-003   4.7289087528608350E+019
   8.5587700000000003E-003   4.7957041877791793E+019
   8.5555200000000005E-003   4.8846279960140988E+019
   8.5523300000000003E-003   4.9510002124277940E+019
   8.5506799999999997E-003   4.9967063201248592E+019
   8.5490600000000007E-003   5.0528872412142723E+019
   8.5467200000000007E-003   5.1191286510243275E+019
   8.5444200000000005E-003   5.2045182965327602E+019
   8.5408199999999993E-003   5.3107574136358216E+019
   8.5371800000000001E-003   5.4263548362605822E+019
   8.5330900000000001E-003   5.5305600078251999E+019
   8.5302999999999993E-003   5.6173137830218367E+019
   8.5274600000000006E-003   5.7242345927850230E+019
   8.5234700000000000E-003   5.8670815126090965E+019
   8.5184500000000003E-003   5.9828789818413138E+019
   8.5162399999999996E-003   6.0543471518362763E+019
   8.5140600000000004E-003   6.1384677430979199E+019
   8.5111200000000005E-003   6.2371293662414905E+019
   8.5080999999999993E-003   6.3372838172509864E+019
   8.5051199999999997E-003   6.4390421689189270E+019
   8.5020600000000005E-003   6.5434874591176442E+019
   8.4989799999999997E-003   6.6482920085430952E+019
   8.4959400000000004E-003   6.7373823939741295E+019
   8.4938099999999992E-003   6.8471952311930036E+019
   8.4895999999999999E-003   7.0158660126821032E+019
   8.4842600000000004E-003   7.1774713750288679E+019
   8.4805000000000002E-003   7.3032163533105947E+019
   8.4772300000000005E-003   7.4226952144088809E+019
   8.4738999999999995E-003   7.5852086171293712E+019
   8.4683099999999997E-003   7.7547876973154779E+019
   8.4646400000000007E-003   7.8591872669220962E+019
   8.4626800000000002E-003   7.9781527312425583E+019
   8.4582900000000003E-003   8.1415826961818108E+019
   8.4539899999999998E-003   8.2676102887148110E+019
   8.4516200000000000E-003   8.3572778005446459E+019
   8.4492800000000000E-003   8.4894465454878933E+019
   8.4447500000000009E-003   8.6624798511117500E+019
   8.4402999999999995E-003   8.7843618195318243E+019
   8.4384500000000001E-003   8.8561900335360967E+019
   8.4366100000000006E-003   8.9779878026812850E+019
   8.4322400000000006E-003   9.1487780815634465E+019
   8.4279400000000001E-003   9.2765829895120060E+019
   8.4257199999999994E-003   9.3647111288769446E+019
   8.4235200000000003E-003   9.4893258672648225E+019
   8.4194999999999999E-003   9.6497938845973496E+019
   8.4155500000000008E-003   9.7859622750607327E+019
   8.4127799999999999E-003   9.8984079161018909E+019
   8.4100300000000006E-003   1.0026641360186930E+020
   8.4065200000000007E-003   1.0170364975389301E+020
   8.4030500000000004E-003   1.0334142959719693E+020
   8.3986100000000008E-003   1.0517387073016953E+020
   8.3942500000000007E-003   1.0685863234701199E+020
   8.3905600000000000E-003   1.0903588039823856E+020
   8.3839499999999994E-003   1.1105987059726595E+020
   8.3810199999999994E-003   1.1238795815961246E+020
   8.3777599999999997E-003   1.1378507757110123E+020
   8.3745299999999998E-003   1.1594223380577819E+020
   8.3678299999999997E-003   1.1883879253368308E+020
   8.3612800000000004E-003   1.2183199358085844E+020
   8.3542800000000004E-003   1.2491899928122663E+020
   8.3474399999999994E-003   1.2726759169533170E+020
   8.3437500000000005E-003   1.2892668927825368E+020
   8.3401099999999995E-003   1.3068280094348127E+020
   8.3360399999999994E-003   1.3253487889440874E+020
   8.3320200000000007E-003   1.3429230549418285E+020
   8.3283999999999997E-003   1.3595776432681468E+020
   8.3248200000000001E-003   1.3795753186638858E+020
   8.3198100000000004E-003   1.4028473533828953E+020
   8.3148800000000002E-003   1.4286584141453443E+020
   8.3088799999999994E-003   1.4569194402508635E+020
   8.3029899999999997E-003   1.4833327122030015E+020
   8.2978300000000008E-003   1.5080028500795061E+020
   8.2927499999999998E-003   1.5335695810829822E+020
   8.2872299999999996E-003   1.5576548723614345E+020
   8.2829300000000008E-003   1.5787046574278007E+020
   8.2786700000000001E-003   1.6070631152237540E+020
   8.2714899999999994E-003   1.6425511790927040E+020
   8.2644399999999996E-003   1.6760733328333973E+020
   8.2581800000000004E-003   1.7075675117684716E+020
   8.2520200000000005E-003   1.7369687468419819E+020
   8.2465799999999999E-003   1.7749109620210526E+020
   8.2373199999999994E-003   1.8083988402758143E+020
   8.2336500000000003E-003   1.8274898242252518E+020
   8.2300099999999994E-003   1.8559181583260074E+020
   8.2228400000000004E-003   1.8934890157034924E+020
   8.2158100000000005E-003   1.9239346994431096E+020
   8.2114000000000006E-003   1.9474141034295751E+020
   8.2070500000000005E-003   1.9749810843399350E+020
   8.2011800000000006E-003   2.0065596834483919E+020
   8.1954000000000003E-003   2.0416365665132233E+020
   8.1883500000000005E-003   2.0887387157268247E+020
   8.1783199999999993E-003   2.1363052844965403E+020
   8.1712099999999999E-003   2.1674205661161085E+020
   8.1671999999999995E-003   2.2025668658255485E+020
   8.1587699999999992E-003   2.2499588837860966E+020
   8.1505099999999997E-003   2.2859157898973836E+020
   8.1461699999999995E-003   2.3107780919113721E+020
   8.1418800000000006E-003   2.3354929566532200E+020
   8.1376299999999999E-003   2.3600756533328816E+020
   8.1334100000000006E-003   2.3982837659340328E+020
   8.1245699999999994E-003   2.4498366376982076E+020
   8.1159000000000005E-003   2.5025059109601221E+020
   8.1068400000000006E-003   2.5562706225422405E+020
   8.0979599999999995E-003   2.5971112257066454E+020
   8.0932899999999995E-003   2.6252964416889881E+020
   8.0886799999999991E-003   2.6533308679626103E+020
   8.0841100000000003E-003   2.6812178719898760E+020
   8.0795799999999994E-003   2.7245662964127993E+020
   8.0700700000000004E-003   2.7830339765519729E+020
   8.0607500000000002E-003   2.8272588916800677E+020
   8.0558599999999998E-003   2.8579040027457844E+020
   8.0510200000000007E-003   2.8883876278496664E+020
   8.0462199999999998E-003   2.9187121289452369E+020
   8.0414700000000002E-003   2.9658261536143258E+020
   8.0315000000000004E-003   3.0294024405167256E+020
   8.0217199999999995E-003   3.0942229165617945E+020
   8.0115199999999994E-003   3.1605173401301687E+020
   8.0014999999999999E-003   3.2108877755340829E+020
   7.9962499999999999E-003   3.2456338367235208E+020
   7.9910499999999995E-003   3.2801997064906362E+020
   7.9859000000000006E-003   3.3145943502950564E+020
   7.9807999999999997E-003   3.3680066203713333E+020
   7.9700900000000009E-003   3.4400850386632842E+020
   7.9595900000000008E-003   3.4945887607027643E+020
   7.9540900000000005E-003   3.5323553440853747E+020
   7.9486399999999999E-003   3.5699292416059743E+020
   7.9432400000000007E-003   3.6073129320849742E+020
   7.9378899999999995E-003   3.6653695458295946E+020
   7.9266700000000002E-003   3.7437213709258667E+020
   7.9156699999999997E-003   3.8237042834050456E+020
   7.9041800000000002E-003   3.9053943841211764E+020
   7.8929199999999995E-003   3.9674682316856394E+020
   7.8870199999999998E-003   4.0102747877568473E+020
   7.8811699999999998E-003   4.0528671110270353E+020
   7.8753799999999995E-003   4.0952546253928497E+020
   7.8696400000000007E-003   4.1610374420964455E+020
   7.8576099999999992E-003   4.2498216668735327E+020
   7.8458099999999999E-003   4.3169838838580445E+020
   7.8396200000000003E-003   4.3634835647534327E+020
   7.8335000000000002E-003   4.4327483495511746E+020
   7.8214200000000008E-003   4.5273134532231627E+020
   7.8088300000000001E-003   4.5998480753648442E+020
   7.8026199999999997E-003   4.6478062324947039E+020
   7.7964699999999998E-003   4.7222654560685012E+020
   7.7835800000000000E-003   4.8227722478856176E+020
   7.7709399999999996E-003   4.8987891928670090E+020
   7.7643100000000000E-003   4.9514274368404980E+020
   7.7577499999999999E-003   5.0176347438520251E+020
   7.7478299999999998E-003   5.0973481238087782E+020
   7.7380399999999998E-003   5.1780203245359478E+020
   7.7279999999999996E-003   5.2598216515222104E+020
   7.7180900000000004E-003   5.3435888059272908E+020
   7.7077200000000004E-003   5.4292624267173239E+020
   7.6975000000000003E-003   5.5160861907787212E+020
   7.6870000000000003E-003   5.6307007774729542E+020
   7.6704000000000000E-003   5.7540786223854898E+020
   7.6580499999999996E-003   5.8608761604028196E+020
   7.6455899999999999E-003   5.9695150196439423E+020
   7.6330100000000000E-003   6.0943181095176713E+020
   7.6170900000000000E-003   6.2208930562332715E+020
   7.6043300000000003E-003   6.3366131565000511E+020
   7.5911199999999998E-003   6.4552795906194473E+020
   7.5779000000000003E-003   6.5684398638503258E+020
   7.5660900000000001E-003   6.6733711581176555E+020
   7.5548400000000002E-003   6.7982023838613871E+020
   7.5388699999999996E-003   6.9323285856323699E+020
   7.5257099999999997E-003   7.0473895708937329E+020
   7.5139500000000001E-003   7.1648856821708489E+020
   7.5000400000000004E-003   7.3005165189796397E+020
   7.4847999999999998E-003   7.4183578043315506E+020
   7.4747800000000003E-003   7.5260412910867893E+020
   7.4606899999999999E-003   7.6620426752737660E+020
   7.4441200000000003E-003   7.7909739709018997E+020
   7.4281599999999996E-003   7.9118313521238023E+020
   7.4133799999999998E-003   7.9956763615254204E+020
   7.3992099999999998E-003   8.0585667186759290E+020
   7.3832100000000003E-003   8.0309370139297605E+020
   7.3768799999999997E-003   8.1037009410896901E+020
   7.3619200000000001E-003   7.9434592619263846E+020
   7.3423400000000002E-003   7.9046177191408239E+020
   7.3284500000000002E-003   7.6303559037141870E+020
   7.3150400000000001E-003   7.1702490379860364E+020
   7.2997899999999996E-003   6.9006915183197422E+020
   7.2858000000000003E-003   6.7291495135719339E+020
   7.2798699999999999E-003   6.4756311057522727E+020
   7.2739700000000003E-003   6.2347950181988211E+020
   7.2595799999999999E-003   6.0256315564004921E+020
   7.2538000000000004E-003   5.9062942341575698E+020
   7.2472099999999996E-003   5.6758504642696623E+020
   7.2420699999999998E-003   5.6614908194926061E+020
   7.2339300000000004E-003   5.5351344471520700E+020
   7.2287200000000001E-003   5.3628030464899278E+020
   7.2238299999999997E-003   5.2595705339065113E+020
   7.2194099999999999E-003   5.2866189110151433E+020
   7.2141300000000000E-003   5.1200868733139426E+020
   7.2083000000000000E-003   4.9870094792684359E+020
   7.2024999999999997E-003   4.9539809892204642E+020
   7.1989799999999998E-003   4.9271930252521046E+020
   7.1941899999999996E-003   4.8511012451816577E+020
   7.1917999999999999E-003   4.8154398137093888E+020
   7.1900100000000002E-003   4.7802800929965815E+020
   7.1858199999999999E-003   4.7601786182656577E+020
   7.1834300000000002E-003   4.7381740407691942E+020
   7.1801000000000000E-003   4.7105962192344718E+020
   7.1773699999999998E-003   4.6584791157683578E+020
   7.1713000000000002E-003   4.5978968254441973E+020
   7.1667500000000004E-003   4.5781515094866808E+020
   7.1615999999999997E-003   4.5131577070600887E+020
   7.1555799999999999E-003   4.4729266878057329E+020
   7.1508500000000003E-003   4.4434202050303551E+020
   7.1463300000000002E-003   4.4068689289306263E+020
   7.1419600000000001E-003   4.3851420205901519E+020
   7.1379800000000004E-003   4.3556596074246301E+020
   7.1329200000000001E-003   4.3339930714346842E+020
   7.1308400000000003E-003   4.3169465704132785E+020
   7.1266899999999998E-003   4.2949908813020902E+020
   7.1239399999999996E-003   4.2770613606268679E+020
   7.1198099999999999E-003   4.2608883258920724E+020
   7.1177599999999999E-003   4.2456509427681952E+020
   7.1137500000000003E-003   4.2264676716026141E+020
   7.1098500000000000E-003   4.2126759399132398E+020
   7.1079100000000003E-003   4.2021625206451739E+020
   7.1053799999999997E-003   4.1854479896840680E+020
   7.1003400000000001E-003   4.1644375211885783E+020
   7.0953199999999996E-003   4.1446778847828974E+020
   7.0903299999999997E-003   4.1306986895934141E+020
   7.0878499999999997E-003   4.1232840325502580E+020
   7.0859800000000004E-003   4.1136349339577208E+020
   7.0822699999999999E-003   4.1013672329569744E+020
   7.0786099999999999E-003   4.0899191960074119E+020
   7.0750199999999996E-003   4.0791837483501486E+020
   7.0714899999999997E-003   4.0691957482569682E+020
   7.0680099999999996E-003   4.0581550632971829E+020
   7.0634799999999996E-003   4.0485323928839645E+020
   7.0606799999999997E-003   4.0416629819877012E+020
   7.0578899999999998E-003   4.0332432515885996E+020
   7.0533000000000002E-003   4.0244374583702290E+020
   7.0496999999999999E-003   4.0175866466445885E+020
   7.0465199999999997E-003   4.0120595613268351E+020
   7.0437700000000004E-003   4.0054257046690628E+020
   7.0391500000000001E-003   3.9983771426565456E+020
   7.0343300000000001E-003   3.9885169534600276E+020
   7.0281099999999997E-003   3.9884735505656788E+020
   7.0251799999999998E-003   3.9813282611660659E+020
   7.0222499999999998E-003   3.9734963446772728E+020
   7.0178699999999998E-003   3.9776520851977090E+020
   7.0120599999999996E-003   3.9710573098073994E+020
   7.0091600000000004E-003   3.9646446462145724E+020
   7.0062700000000002E-003   3.9713360829342260E+020
   7.0017999999999999E-003   3.9664076212101290E+020
   6.9955199999999999E-003   3.9655471819688228E+020
   6.9918899999999997E-003   3.9649450191055611E+020
   6.9857299999999999E-003   3.9648441704856119E+020
   6.9796800000000003E-003   3.9622591692415946E+020
   6.9762299999999999E-003   3.9735500334303930E+020
   6.9740200000000000E-003   3.9688944521692748E+020
   6.9696100000000002E-003   3.9713773059753050E+020
   6.9642699999999998E-003   3.9739578421695644E+020
   6.9611300000000003E-003   3.9765486202884221E+020
   6.9560999999999998E-003   3.9794460627616530E+020
   6.9535899999999999E-003   3.9826669687055797E+020
   6.9487100000000003E-003   3.9884783516671679E+020
   6.9415800000000001E-003   3.9949456596457619E+020
   6.9366999999999996E-003   4.0007240778781983E+020
   6.9318399999999999E-003   4.0094251712282631E+020
   6.9235000000000000E-003   4.0182471992874900E+020
   6.9190600000000003E-003   4.0259901319439863E+020
   6.9116799999999999E-003   4.0391995208502903E+020
   6.9083100000000000E-003   4.0400110709005117E+020
   6.9062899999999998E-003   4.0446540843584999E+020
   6.9036100000000001E-003   4.0525214266281066E+020
   6.8976899999999997E-003   4.0636437525372908E+020
   6.8917099999999997E-003   4.0751576838707701E+020
   6.8848700000000004E-003   4.0901708190002256E+020
   6.8791800000000004E-003   4.0994629729062185E+020
   6.8748699999999999E-003   4.1117685025425680E+020
   6.8683299999999997E-003   4.1257719061726219E+020
   6.8629800000000003E-003   4.1360037434989445E+020
   6.8597900000000002E-003   4.1457122864200771E+020
   6.8537900000000002E-003   4.1613606006448410E+020
   6.8495300000000004E-003   4.1705297344604956E+020
   6.8452699999999997E-003   4.1854832592746342E+020
   6.8378600000000003E-003   4.2028548094179122E+020
   6.8336500000000001E-003   4.2166115331409360E+020
   6.8273500000000003E-003   4.2363899650955162E+020
   6.8197300000000004E-003   4.2562290918943660E+020
   6.8137500000000004E-003   4.2724242003815871E+020
   6.8089999999999999E-003   4.2882088831236283E+020
   6.8030699999999996E-003   4.3096877646939528E+020
   6.7962200000000004E-003   4.3309710452123487E+020
   6.7894100000000001E-003   4.3540860456653678E+020
   6.7822700000000000E-003   4.3772329395378474E+020
   6.7756200000000004E-003   4.4035291963605641E+020
   6.7670300000000003E-003   4.4315977778074268E+020
   6.7593899999999997E-003   4.4623269498016989E+020
   6.7505700000000000E-003   4.4933812033043969E+020
   6.7418000000000000E-003   4.5323302108207212E+020
   6.7308100000000003E-003   4.5738044951510837E+020
   6.7199000000000000E-003   4.6276698398858904E+020
   6.7036900000000000E-003   4.6987160079719026E+020
   6.6848899999999998E-003   4.7705404000225047E+020
   6.6692499999999998E-003   4.8377224201165236E+020
   6.6532300000000004E-003   4.9108167681548845E+020
   6.6357899999999999E-003   4.9898232831284380E+020
   6.6171700000000003E-003   5.0816963434565324E+020
   6.5947000000000002E-003   5.1700082768720953E+020
   6.5780600000000002E-003   5.2539228895001687E+020
   6.5580999999999999E-003   5.3455028220531455E+020
   6.5383899999999998E-003   5.4296592956464851E+020
   6.5220499999999997E-003   5.4932817078711701E+020
   6.5113699999999998E-003   5.5624909307318311E+020
   6.4928800000000004E-003   5.6337733430864190E+020
   6.4815599999999999E-003   5.7152024404179190E+020
   6.4591500000000003E-003   5.8095283081954224E+020
   6.4428400000000000E-003   5.8893801709145902E+020
   6.4266999999999996E-003   5.9621425752115629E+020
   6.4135399999999997E-003   6.0277758905436891E+020
   6.4004800000000001E-003   6.1373151806858422E+020
   6.3701900000000004E-003   6.2912216249543007E+020
   6.3404400000000001E-003   6.4039296621684484E+020
   6.3268500000000002E-003   6.5020176539281536E+020
   6.3031299999999997E-003   6.5919960151983692E+020
   6.2929600000000002E-003   6.6848007692840337E+020
   6.2685099999999997E-003   6.8164803707628683E+020
   6.2443700000000000E-003   6.9208244658269271E+020
   6.2304400000000003E-003   6.9975572177132218E+020
   6.2166200000000000E-003   7.0957085529931409E+020
   6.1952400000000003E-003   7.2153868521090816E+020
   6.1741000000000001E-003   7.3159304197880362E+020
   6.1598599999999996E-003   7.3972463859809216E+020
   6.1457300000000003E-003   7.5223852195702283E+020
   6.1165899999999999E-003   7.6917233622121290E+020
   6.0878800000000004E-003   7.8316201149732697E+020
   6.0694099999999999E-003   7.9417534191516176E+020
   6.0511100000000002E-003   8.0304414983074021E+020
   6.0400300000000001E-003   8.0975381659305876E+020
   6.0290200000000004E-003   8.2115623447349835E+020
   6.0027500000000003E-003   8.4056169600442866E+020
   5.9663099999999998E-003   8.6099327414066545E+020
   5.9377199999999996E-003   8.7581821378021032E+020
   5.9197299999999998E-003   8.8906058984186551E+020
   5.8965199999999997E-003   9.0405508955367775E+020
   5.8735500000000000E-003   9.2183725814196562E+020
   5.8423599999999996E-003   9.4268150398608972E+020
   5.8108999999999999E-003   9.5864964642563136E+020
   5.7949799999999999E-003   9.6943575026354998E+020
   5.7791700000000001E-003   9.8595231637952581E+020
   5.7467899999999999E-003   1.0082781371921245E+021
   5.7148499999999996E-003   1.0311191386415499E+021
   5.6819100000000001E-003   1.0544898834516062E+021
   5.6493999999999997E-003   1.0784034417236211E+021
   5.6158700000000002E-003   1.1028695925040926E+021
   5.5827799999999999E-003   1.1279014130793273E+021
   5.5486600000000004E-003   1.1535157790022566E+021
   5.5149800000000001E-003   1.1797263071696291E+021
   5.4802499999999999E-003   1.2065441647703973E+021
   5.4459599999999997E-003   1.2269467827407078E+021
   5.4284199999999998E-003   1.2408241823026452E+021
   5.4109900000000001E-003   1.2620603906194470E+021
   5.3753300000000002E-003   1.2907908828401469E+021
   5.3401000000000004E-003   1.3126543837730523E+021
   5.3220899999999998E-003   1.3275229015533782E+021
   5.3041800000000004E-003   1.3501119459982269E+021
   5.2679299999999997E-003   1.3808907771454510E+021
   5.2313500000000001E-003   1.4123868277989633E+021
   5.1944399999999998E-003   1.4446172900566882E+021
   5.1571899999999999E-003   1.4775872377899542E+021
   5.1196000000000002E-003   1.5113408794024930E+021
   5.0816600000000000E-003   1.5458705328685276E+021
   5.0433700000000001E-003   1.5812082048853690E+021
   5.0047199999999998E-003   1.6173669655801752E+021
   4.9657199999999999E-003   1.6543684716701687E+021
   4.9263400000000004E-003   1.6827411897930285E+021
   4.9064199999999999E-003   1.7018934266261154E+021
   4.8865999999999996E-003   1.7212667991476978E+021
   4.8664900000000002E-003   1.7408645400416310E+021
   4.8464800000000002E-003   1.7663709601289085E+021
   4.8146400000000002E-003   1.7979066284424988E+021
   4.7830199999999998E-003   1.8241270355534673E+021
   4.7624199999999998E-003   1.8449034947684325E+021
   4.7419000000000003E-003   1.8659116458032452E+021
   4.7210999999999998E-003   1.8871531171617340E+021
   4.7003899999999996E-003   1.9086313148661663E+021
   4.6793800000000003E-003   1.9303448694833645E+021
   4.6584699999999996E-003   1.9522989306216928E+021
   4.6372599999999998E-003   1.9744883317442939E+021
   4.6161300000000004E-003   1.9969123749258810E+021
   4.5947100000000001E-003   2.0195932100953018E+021
   4.5733700000000002E-003   2.0425244261967958E+021
   4.5517400000000003E-003   2.0657251525647689E+021
   4.5301899999999999E-003   2.0891878948123713E+021
   4.5083399999999996E-003   2.1129402770921908E+021
   4.4865599999999997E-003   2.1369685084456836E+021
   4.4644899999999998E-003   2.1613181372194706E+021
   4.4424900000000003E-003   2.1859729563252081E+021
   4.4201900000000001E-003   2.2109719606459902E+021
   4.3979700000000002E-003   2.2362999572499787E+021
   4.3754400000000004E-003   2.2619999148544541E+021
   4.3529800000000002E-003   2.2881858993550018E+021
   4.3302100000000001E-003   2.3143817989323765E+021
   4.3075099999999996E-003   2.3406153810660544E+021
   4.2845000000000001E-003   2.3672613313070367E+021
   4.2615600000000002E-003   2.3672609745971467E+021
   4.2384099999999997E-003   2.3937704374854552E+021
   4.2151300000000001E-003   2.4218036201186572E+021
   4.1917300000000003E-003   2.4496688714641142E+021
   4.1681899999999996E-003   2.4775463133206964E+021
   4.1445299999999996E-003   2.5064196893316030E+021
   4.1207300000000004E-003   2.5359340609089799E+021
   4.0968100000000002E-003   2.5659515444712571E+021
   4.0727400000000000E-003   2.5965490372853115E+021
   4.0485399999999998E-003   2.6274426124132601E+021
   4.0242000000000003E-003   2.6587137296698604E+021
   3.9997100000000001E-003   2.6903672019672781E+021
   3.9750799999999998E-003   2.7224079719036030E+021
   3.9503100000000003E-003   2.7548409199194512E+021
   3.9253900000000000E-003   2.7876710251381297E+021
   3.9003200000000001E-003   2.8209034410448655E+021
   3.8750899999999999E-003   2.8545433398893499E+021
   3.8497100000000001E-003   2.8887649257450604E+021
   3.8241700000000000E-003   2.9232288491094792E+021
   3.7984799999999999E-003   2.9581093720345611E+021
   3.7726200000000000E-003   2.9934115115006946E+021
   3.7465900000000002E-003   3.0291403434127450E+021
   3.7204000000000000E-003   3.0653009958639035E+021
   3.6940300000000001E-003   3.1018986600509845E+021
   3.6674899999999998E-003   3.1389385733981256E+021
   3.6407700000000002E-003   3.1764260369395215E+021
   3.6138799999999999E-003   3.2143664057129029E+021
   3.5867899999999999E-003   3.2527650846279970E+021
   3.5595200000000000E-003   3.2916275361150754E+021
   3.5320600000000001E-003   3.3309592766971658E+021
   3.5044000000000000E-003   3.3707658766091220E+021
   3.4765500000000001E-003   3.4110529604295370E+021
   3.4484899999999998E-003   3.4518261904446760E+021
   3.4202199999999999E-003   3.4930912983920306E+021
   3.3917399999999999E-003   3.5348540452402763E+021
   3.3630399999999999E-003   3.5771202524712592E+021
   3.3341099999999999E-003   3.6198957733649386E+021
   3.3049700000000000E-003   3.6631865123412755E+021
   3.2755800000000002E-003   3.7069983986866198E+021
   3.2459600000000000E-003   3.7513374156633355E+021
   3.2160999999999999E-003   3.7962095683906442E+021
   3.1859800000000001E-003   3.8416208822143534E+021
   3.1556100000000001E-003   3.8875774182898323E+021
   3.1249699999999999E-003   3.9340852442680829E+021
   3.0940600000000000E-003   3.9811504551246629E+021
   3.0628700000000001E-003   4.0287791368529447E+021
   3.0314000000000001E-003   4.0769773874527905E+021
   2.9996300000000001E-003   4.1257512888440586E+021
   2.9675600000000002E-003   4.1751069224035292E+021
   2.9351700000000000E-003   4.2250503404317725E+021
   2.9024599999999999E-003   4.2755875808122220E+021
   2.8694200000000001E-003   4.3267246635749899E+021
   2.8360299999999998E-003   4.3784675970067244E+021
   2.8022899999999998E-003   4.4308223953500551E+021
   2.7681799999999999E-003   4.4837951212267766E+021
   2.7336900000000000E-003   4.5373919637456405E+021
   2.6987999999999999E-003   4.5916193926090226E+021
   2.6635000000000001E-003   4.6464845256255005E+021
   2.6277800000000001E-003   4.7019965343401105E+021
   2.5916200000000002E-003   4.7581611011468134E+021
   2.5549900000000000E-003   4.8149834460150492E+021
   2.5178900000000001E-003   4.8724684382189839E+021
   2.4802800000000001E-003   4.9306205530134078E+021
   2.4421500000000001E-003   4.9894418199868342E+021
   2.4034799999999999E-003   5.0489272041862993E+021
   2.3642300000000002E-003   5.1090788507743462E+021
   2.3243800000000000E-003   5.1699178918309559E+021
   2.2839000000000002E-003   5.2314464749478803E+021
   2.2427599999999999E-003   5.2936657111145146E+021
   2.2009099999999999E-003   5.3565753843579177E+021
   2.1583200000000000E-003   5.4201736745210033E+021
   2.1149400000000000E-003   5.4844567761067170E+021
   2.0707299999999998E-003   5.5494184072791636E+021
   2.0256400000000000E-003   5.6150493118032322E+021
   1.9795899999999998E-003   5.6813366263153647E+021
   1.9325300000000000E-003   5.7480463188064553E+021
   1.8847000000000000E-003   5.8155783211940441E+021
   1.8350500000000000E-003   5.8839421556726306E+021
   1.7844600000000001E-003   5.9526359392476096E+021
   1.7324800000000000E-003   6.0131943578077820E+021
   1.6927999999999999E-003   6.0653801192690108E+021
   1.6516400000000000E-003   6.1392573269143800E+021
   1.5741100000000001E-003   6.2146136167322432E+021
   1.5306899999999999E-003   6.2677212208287292E+021
   1.4851700000000001E-003   6.3469292583295836E+021
   1.3908200000000001E-003   6.4365675968201763E+021
   1.3256800000000001E-003   6.5066390402218831E+021
   1.2577400000000000E-003   6.5782253291052812E+021
   1.1827100000000000E-003   6.6502078213163948E+021
   1.1028200000000000E-003   6.7224084471375158E+021
   1.0108500000000000E-003   6.7951831538457651E+021
   9.0116000000000003E-004   6.8731227600559245E+021
   7.0781000000000001E-004   6.8953287735734687E+021
   5.6895000000000003E-004   6.9318359792648978E+021
   4.8511000000000002E-004   6.9760611215150961E+021
   3.8373999999999998E-004   7.0126094033258723E+021
   3.1448000000000001E-004   7.0346435948302240E+021
   2.5120999999999997E-004   7.0500620452913396E+021
   2.0204000000000001E-004   7.0598025356896832E+021
   1.6449999999999999E-004   7.0656941705013525E+021
   1.3669999999999999E-004   7.0693036980959141E+021
   1.1713000000000000E-004   7.0713691705263469E+021
   1.0425000000000000E-004   7.0729495941535016E+021
   8.7039999999999993E-005   7.0745383209448631E+021
   6.9079999999999996E-005   7.0757661566733270E+021
   5.4830000000000002E-005   7.0765526460625175E+021
   4.3519999999999997E-005   7.0770411884617369E+021
   3.4539999999999998E-005   7.0773483974041367E+021
   2.7410000000000000E-005   7.0775475034526319E+021
   2.1759999999999998E-005   7.0776695691695452E+021
   1.7269999999999999E-005   7.0777490610847440E+021
   1.3709999999999999E-005   7.0778162557495762E+021
