   8.8786600000000000E-003   4915864577001648.0     
   8.8786600000000000E-003   5136005877563599.0     
   8.8786600000000000E-003   5346144412582689.0     
   8.8786500000000001E-003   5547145495766913.0     
   8.8786500000000001E-003   5739799776129786.0     
   8.8786500000000001E-003   5924715732540557.0     
   8.8786500000000001E-003   6102363812073365.0     
   8.8786500000000001E-003   6273216429183134.0     
   8.8786500000000001E-003   6437689535822833.0     
   8.8786500000000001E-003   6596116350407112.0     
   8.8786500000000001E-003   6748781850736482.0     
   8.8786500000000001E-003   6895928106768709.0     
   8.8786500000000001E-003   7037780351701875.0     
   8.8786500000000001E-003   7174518368814265.0     
   8.8786500000000001E-003   7306291636933789.0     
   8.8786500000000001E-003   7433227170762584.0     
   8.8786500000000001E-003   7555413169418935.0     
   8.8786500000000001E-003   7672922395393795.0     
   8.8786500000000001E-003   7785801764728678.0     
   8.8786400000000001E-003   7894062705453130.0     
   8.8786400000000001E-003   8023124140224447.0     
   8.8786400000000001E-003   8168376463812449.0     
   8.8786400000000001E-003   8309241813549632.0     
   8.8786400000000001E-003   8446012426886709.0     
   8.8786400000000001E-003   8557131135866798.0     
   8.8786400000000001E-003   8644112247331478.0     
   8.8786400000000001E-003   8729522621140848.0     
   8.8786400000000001E-003   8813415394281574.0     
   8.8786400000000001E-003   8916160891732879.0     
   8.8786400000000001E-003   9036667153764176.0     
   8.8786400000000001E-003   9154189584065558.0     
   8.8786400000000001E-003   9268867090464392.0     
   8.8786400000000001E-003   9362421525741878.0     
   8.8786400000000001E-003   9435928491303842.0     
   8.8786400000000001E-003   9508318326588184.0     
   8.8786400000000001E-003   9579639578461164.0     
   8.8786400000000001E-003   9684571095681548.0     
   8.8786300000000002E-003   9787504992505048.0     
   8.8786300000000002E-003   9854870628701570.0     
   8.8786300000000002E-003   9954123025413514.0     
   8.8786300000000002E-003   10083564369702848.     
   8.8786300000000002E-003   10209726324719708.     
   8.8786300000000002E-003   10332810151402988.     
   8.8786300000000002E-003   10423276316330232.     
   8.8786300000000002E-003   10482658521188742.     
   8.8786300000000002E-003   10570371345178888.     
   8.8786300000000002E-003   10685154722702024.     
   8.8786300000000002E-003   10797453667246710.     
   8.8786300000000002E-003   10907389802819152.     
   8.8786300000000002E-003   11015073556104460.     
   8.8786300000000002E-003   11137925166343024.     
   8.8786300000000002E-003   11275008887968608.     
   8.8786300000000002E-003   11408667061938084.     
   8.8786200000000003E-003   11539075363195026.     
   8.8786200000000003E-003   11666404067945670.     
   8.8786200000000003E-003   11790800589543672.     
   8.8786200000000003E-003   11912408822204372.     
   8.8786200000000003E-003   12031355558815692.     
   8.8786200000000003E-003   12162081128816158.     
   8.8786200000000003E-003   12303806705477230.     
   8.8786200000000003E-003   12441959928235536.     
   8.8786200000000003E-003   12543421956109692.     
   8.8786200000000003E-003   12609995184150512.     
   8.8786200000000003E-003   12708304758854950.     
   8.8786200000000003E-003   12836833503292882.     
   8.8786100000000003E-003   12962481313443426.     
   8.8786100000000003E-003   13085378848366450.     
   8.8786100000000003E-003   13205670069115998.     
   8.8786100000000003E-003   13323482860400792.     
   8.8786100000000003E-003   13438933110547584.     
   8.8786100000000003E-003   13552136274567018.     
   8.8786100000000003E-003   13663184648604994.     
   8.8786100000000003E-003   13772178124831906.     
   8.8786100000000003E-003   13931853658697658.     
   8.8786100000000003E-003   14113238721714908.     
   8.8786100000000003E-003   14264466152952030.     
   8.8786000000000004E-003   14412094350871042.     
   8.8786000000000004E-003   14520656577427360.     
   8.8786000000000004E-003   14591966053300248.     
   8.8786000000000004E-003   14697385880597352.     
   8.8786000000000004E-003   14835412831859730.     
   8.8786000000000004E-003   15036885627390566.     
   8.8786000000000004E-003   15232935005574562.     
   8.8786000000000004E-003   15360380479985740.     
   8.8786000000000004E-003   15485474506472018.     
   8.8785900000000004E-003   15608329489854898.     
   8.8785900000000004E-003   15729036131091448.     
   8.8785900000000004E-003   15847689777132968.     
   8.8785900000000004E-003   15964364339797998.     
   8.8785900000000004E-003   16079132905830834.     
   8.8785900000000004E-003   16210667308307994.     
   8.8785900000000004E-003   16358120950833096.     
   8.8785900000000004E-003   16573494274441250.     
   8.8785800000000005E-003   16783092462153944.     
   8.8785800000000005E-003   16919390079963992.     
   8.8785800000000005E-003   17053194290765642.     
   8.8785800000000005E-003   17184625765110256.     
   8.8785800000000005E-003   17329720552348338.     
   8.8785800000000005E-003   17487762413152618.     
   8.8785800000000005E-003   17642586435495640.     
   8.8785800000000005E-003   17794363346983662.     
   8.8785700000000006E-003   17943250763411076.     
   8.8785700000000006E-003   18089386142111120.     
   8.8785700000000006E-003   18303505048288188.     
   8.8785700000000006E-003   18526293272090248.     
   8.8785700000000006E-003   18689441012891152.     
   8.8785600000000006E-003   18849522308147600.     
   8.8785600000000006E-003   19006696312616752.     
   8.8785600000000006E-003   19161122559125264.     
   8.8785600000000006E-003   19312934179906064.     
   8.8785600000000006E-003   19462251290986748.     
   8.8785600000000006E-003   19609207990266740.     
   8.8785600000000006E-003   19753897845423748.     
   8.8785500000000007E-003   19896436215245568.     
   8.8785500000000007E-003   20036906188053236.     
   8.8785500000000007E-003   20175370296696992.     
   8.8785500000000007E-003   20379294814157860.     
   8.8785500000000007E-003   20645045104600232.     
   8.8785400000000007E-003   20903912069034808.     
   8.8785400000000007E-003   21156320744579200.     
   8.8785400000000007E-003   21402632499329232.     
   8.8785400000000007E-003   21643195562458740.     
   8.8785300000000008E-003   21878307106667480.     
   8.8785300000000008E-003   22108261614708148.     
   8.8785300000000008E-003   22333311385090516.     
   8.8785300000000008E-003   22553705909851496.     
   8.8785200000000009E-003   22769663809374628.     
   8.8785200000000009E-003   22981387125635632.     
   8.8785200000000009E-003   23189069575904716.     
   8.8785200000000009E-003   23392912799694572.     
   8.8785099999999992E-003   23593078019811368.     
   8.8785099999999992E-003   23789736642808732.     
   8.8785099999999992E-003   24078166109210388.     
   8.8784999999999992E-003   24452425591987080.     
   8.8784999999999992E-003   24725962372099284.     
   8.8784999999999992E-003   24904750398903800.     
   8.8784999999999992E-003   25080985718843280.     
   8.8784899999999993E-003   25254761807622724.     
   8.8784899999999993E-003   25482607325697092.     
   8.8784899999999993E-003   25762092448114084.     
   8.8784799999999994E-003   26035952583690000.     
   8.8784799999999994E-003   26238140056264244.     
   8.8784799999999994E-003   26371325601644332.     
   8.8784799999999994E-003   26568847233288340.     
   8.8784699999999994E-003   26828702348691724.     
   8.8784699999999994E-003   27084641622600264.     
   8.8784699999999994E-003   27336907528123920.     
   8.8784599999999995E-003   27585744904438264.     
   8.8784599999999995E-003   27831398773776416.     
   8.8784599999999995E-003   28194179172185376.     
   8.8784499999999995E-003   28551665604063884.     
   8.8784499999999995E-003   28786937591822664.     
   8.8784499999999995E-003   29019994201844928.     
   8.8784399999999996E-003   29250927629246768.     
   8.8784399999999996E-003   29593446269510384.     
   8.8784299999999997E-003   30043820592949124.     
   8.8784299999999997E-003   30487287657233028.     
   8.8784199999999997E-003   30923951856751780.     
   8.8784199999999997E-003   31300677495421528.     
   8.8784099999999998E-003   31619740696704152.     
   8.8784099999999998E-003   31935439031843640.     
   8.8784099999999998E-003   32247736885905436.     
   8.8783999999999998E-003   32709298800059468.     
   8.8783899999999999E-003   33163914403084100.     
   8.8783899999999999E-003   33462175576229704.     
   8.8783899999999999E-003   33757007668677364.     
   8.8783800000000000E-003   34048496506523712.     
   8.8783800000000000E-003   34478930230079768.     
   8.8783700000000000E-003   35042471460236564.     
   8.8783700000000000E-003   35593423137867120.     
   8.8783600000000001E-003   36132614154156544.     
   8.8783500000000001E-003   36660638530964872.     
   8.8783500000000001E-003   37177920369389064.     
   8.8783400000000002E-003   37685163035791352.     
   8.8783300000000002E-003   38183302698219184.     
   8.8783300000000002E-003   38673038749338208.     
   8.8783200000000003E-003   39154889225211944.     
   8.8783200000000003E-003   39629244203035392.     
   8.8783100000000004E-003   40173367850472736.     
   8.8783000000000004E-003   40784473391370520.     
   8.8782900000000005E-003   41384530088281456.     
   8.8782900000000005E-003   41974300139644896.     
   8.8782800000000005E-003   42554468432917144.     
   8.8782700000000006E-003   42983768006112136.     
   8.8782700000000006E-003   43267013105585640.     
   8.8782700000000006E-003   43687583478378576.     
   8.8782600000000007E-003   44241110037689696.     
   8.8782500000000007E-003   44786410979980448.     
   8.8782500000000007E-003   45323845428836720.     
   8.8782400000000008E-003   45984866792090232.     
   8.8782300000000008E-003   46763075871096608.     
   8.8782199999999992E-003   47336253334448400.     
   8.8782199999999992E-003   47900339080955808.     
   8.8782099999999992E-003   48455851745846128.     
   8.8781999999999993E-003   48881921477264152.     
   8.8781999999999993E-003   49362458416855552.     
   8.8781899999999993E-003   49836148446148056.     
   8.8781799999999994E-003   50302972826733680.     
   8.8781799999999994E-003   50990406627361784.     
   8.8781699999999995E-003   51662586109143584.     
   8.8781599999999995E-003   52102399989291712.     
   8.8781599999999995E-003   52643185144945112.     
   8.8781499999999996E-003   53279556672718712.     
   8.8781399999999996E-003   54209493058460776.     
   8.8781199999999998E-003   55113379017400600.     
   8.8781199999999998E-003   55702041268350648.     
   8.8781099999999998E-003   56280908403701072.     
   8.8780999999999999E-003   56850702372092168.     
   8.8780899999999999E-003   57688810167779160.     
   8.8780800000000000E-003   58780602187260448.     
   8.8780700000000001E-003   59669732445688240.     
   8.8780600000000001E-003   60367717258349216.     
   8.8780500000000002E-003   61140076866853544.     
   8.8780400000000002E-003   61983848447045208.     
   8.8780200000000004E-003   62812939557275856.     
   8.8780100000000004E-003   63628013370121272.     
   8.8780000000000005E-003   64627210487831472.     
   8.8779900000000005E-003   65510132875623896.     
   8.8779800000000006E-003   66088907601666448.     
   8.8779700000000007E-003   66660227834943448.     
   8.8779600000000007E-003   67224110665490672.     
   8.8779600000000007E-003   68055497154066640.     
   8.8779400000000008E-003   69139116659001128.     
   8.8779299999999992E-003   70194543851010936.     
   8.8779099999999993E-003   71222862136869296.     
   8.8778999999999993E-003   72225080959213872.     
   8.8778899999999994E-003   73362806758743744.     
   8.8778699999999995E-003   74625013380416864.     
   8.8778499999999996E-003   75698352852512080.     
   8.8778399999999997E-003   76596266141071424.     
   8.8778299999999997E-003   77475177031976832.     
   8.8778099999999999E-003   78336367448689520.     
   8.8777999999999999E-003   79320212250396080.     
   8.8777800000000000E-003   80420108924852416.     
   8.8777700000000001E-003   81495985095757104.     
   8.8777500000000002E-003   82549858636510176.     
   8.8777400000000003E-003   83583636669153824.     
   8.8777200000000004E-003   84599201682262048.     
   8.8777100000000005E-003   85598145942528608.     
   8.8776900000000006E-003   86581725399470032.     
   8.8776800000000006E-003   87550954083854224.     
   8.8776600000000008E-003   88506661930212816.     
   8.8776500000000008E-003   89682688213671408.     
   8.8776299999999992E-003   91070122204390864.     
   8.8776099999999993E-003   92207740075105184.     
   8.8775999999999994E-003   93105547323676688.     
   8.8775799999999995E-003   93993325810851184.     
   8.8775699999999996E-003   94871375297510624.     
   8.8775599999999996E-003   96169662254593536.     
   8.8775299999999998E-003   97870808010341328.     
   8.8775099999999999E-003   99125370680946128.     
   8.8774900000000000E-003   99951033842897872.     
   8.8774800000000001E-003   1.0097177184610995E+017
   8.8774600000000002E-003   1.0218143677360480E+017
   8.8774500000000003E-003   1.0337460387559242E+017
   8.8774300000000004E-003   1.0455186259865650E+017
   8.8774100000000005E-003   1.0590574061974168E+017
   8.8773900000000006E-003   1.0742964707355374E+017
   8.8773700000000007E-003   1.0855749231695741E+017
   8.8773600000000008E-003   1.0930186957799901E+017
   8.8773399999999992E-003   1.1040765966164446E+017
   8.8773199999999993E-003   1.1186473152345714E+017
   8.8772999999999994E-003   1.1330206744375950E+017
   8.8772799999999995E-003   1.1472067009268333E+017
   8.8772599999999997E-003   1.1612147231219859E+017
   8.8772399999999998E-003   1.1750532957220562E+017
   8.8772199999999999E-003   1.1954896786352798E+017
   8.8771800000000001E-003   1.2156178413016310E+017
   8.8771600000000003E-003   1.2288427587815531E+017
   8.8771400000000004E-003   1.2419279188484739E+017
   8.8771200000000005E-003   1.2548764125914090E+017
   8.8771100000000006E-003   1.2708662928328608E+017
   8.8770800000000007E-003   1.2897868448163662E+017
   8.8770499999999992E-003   1.3053345186539320E+017
   8.8770299999999993E-003   1.3176246219252704E+017
   8.8770199999999994E-003   1.3328068461145755E+017
   8.8769899999999995E-003   1.3507796833996496E+017
   8.8769699999999997E-003   1.3684861728294845E+017
   8.8769399999999998E-003   1.3859333670081994E+017
   8.8769199999999999E-003   1.4031275875266010E+017
   8.8768900000000001E-003   1.4200768583637171E+017
   8.8768700000000002E-003   1.4367912472073736E+017
   8.8768400000000004E-003   1.4532800193576186E+017
   8.8768200000000005E-003   1.4695516213235949E+017
   8.8768000000000007E-003   1.4856138935939782E+017
   8.8767800000000008E-003   1.5040949992667738E+017
   8.8767499999999992E-003   1.5248991444231555E+017
   8.8767199999999994E-003   1.5402928079253530E+017
   8.8766999999999995E-003   1.5504529063587024E+017
   8.8766899999999996E-003   1.5677676728789229E+017
   8.8766499999999998E-003   1.5919864834187078E+017
   8.8766200000000000E-003   1.6109624510154848E+017
   8.8766000000000001E-003   1.6248934860823888E+017
   8.8765800000000002E-003   1.6421158385749942E+017
   8.8765500000000004E-003   1.6625233962246598E+017
   8.8765200000000006E-003   1.6826556962031539E+017
   8.8764900000000008E-003   1.7025244713179542E+017
   8.8764699999999992E-003   1.7253802143020419E+017
   8.8764299999999994E-003   1.7511033938471008E+017
   8.8763899999999996E-003   1.7701329803396432E+017
   8.8763799999999997E-003   1.7826899329186835E+017
   8.8763599999999998E-003   1.8013376855240858E+017
   8.8763200000000000E-003   1.8258882919462234E+017
   8.8762900000000002E-003   1.8500858502074067E+017
   8.8762600000000004E-003   1.8739465621691155E+017
   8.8762200000000006E-003   1.8974847360134314E+017
   8.8761900000000008E-003   1.9207131563651283E+017
   8.8761599999999993E-003   1.9436433626977917E+017
   8.8761299999999994E-003   1.9662864061928218E+017
   8.8760899999999997E-003   1.9886526852385962E+017
   8.8760599999999999E-003   2.0107521794626512E+017
   8.8760300000000000E-003   2.0380079155869763E+017
   8.8759900000000003E-003   2.0702222962218128E+017
   8.8759400000000006E-003   2.0966779146885162E+017
   8.8759200000000007E-003   2.1175886488405882E+017
   8.8758900000000009E-003   2.1382880678511120E+017
   8.8758599999999993E-003   2.1587834886001238E+017
   8.8758299999999995E-003   2.1841186382423213E+017
   8.8757899999999997E-003   2.2141368810936701E+017
   8.8757500000000000E-003   2.2437451013411478E+017
   8.8757100000000002E-003   2.2729609594565120E+017
   8.8756700000000004E-003   2.3018009310366067E+017
   8.8756300000000007E-003   2.3302791066637827E+017
   8.8755899999999992E-003   2.3537487409075357E+017
   8.8755599999999994E-003   2.3723503311402890E+017
   8.8755399999999995E-003   2.3999658282581245E+017
   8.8754899999999998E-003   2.4363036941878048E+017
   8.8754400000000001E-003   2.4676544472596586E+017
   8.8754000000000003E-003   2.4941976342448086E+017
   8.8753700000000005E-003   2.5204501953784986E+017
   8.8753300000000007E-003   2.5464194378888941E+017
   8.8752999999999992E-003   2.5763634511073469E+017
   8.8752499999999995E-003   2.6101440731924211E+017
   8.8752099999999997E-003   2.6434676187339062E+017
   8.8751600000000000E-003   2.6763539269293229E+017
   8.8751200000000002E-003   2.7088217569138634E+017
   8.8750800000000005E-003   2.7408886780468646E+017
   8.8750300000000008E-003   2.7725714446501994E+017
   8.8749899999999993E-003   2.8038861247822925E+017
   8.8749499999999995E-003   2.8348479235222864E+017
   8.8749099999999997E-003   2.8654712009522467E+017
   8.8748700000000000E-003   2.8957693609933408E+017
   8.8748300000000002E-003   2.9257551316513530E+017
   8.8747900000000005E-003   2.9628055887721421E+017
   8.8747300000000008E-003   3.0066778273131968E+017
   8.8746699999999994E-003   3.0427633384187450E+017
   8.8746399999999996E-003   3.0713185435721952E+017
   8.8745999999999998E-003   3.0996083694006138E+017
   8.8745600000000001E-003   3.1276390733326765E+017
   8.8745300000000003E-003   3.1691960025686342E+017
   8.8744500000000007E-003   3.2237745808399091E+017
   8.8743799999999994E-003   3.2641058986315571E+017
   8.8743499999999996E-003   3.2906991115800282E+017
   8.8743099999999998E-003   3.3301594218308160E+017
   8.8742500000000002E-003   3.3820382261710803E+017
   8.8741800000000006E-003   3.4204178554286995E+017
   8.8741500000000008E-003   3.4457483588803469E+017
   8.8741099999999993E-003   3.4833737704936096E+017
   8.8740499999999996E-003   3.5329131160527635E+017
   8.8739800000000001E-003   3.5817525395696371E+017
   8.8739200000000004E-003   3.6299274001467014E+017
   8.8738600000000008E-003   3.6798610292854157E+017
   8.8737899999999995E-003   3.7454452523614912E+017
   8.8736900000000000E-003   3.8122730738308774E+017
   8.8736200000000005E-003   3.8532012499429062E+017
   8.8735900000000006E-003   3.8936827139064781E+017
   8.8735199999999993E-003   3.9470537534501530E+017
   8.8734499999999997E-003   3.9997423172861517E+017
   8.8733900000000001E-003   4.0517779080794867E+017
   8.8733200000000005E-003   4.1159197558821427E+017
   8.8732199999999994E-003   4.1916785942609088E+017
   8.8731299999999999E-003   4.2784142132282592E+017
   8.8730100000000006E-003   4.3755480634311206E+017
   8.8728899999999996E-003   4.4470971747415238E+017
   8.8728300000000000E-003   4.4941610587411859E+017
   8.8727700000000003E-003   4.5407535402036499E+017
   8.8727100000000007E-003   4.5868881090736627E+017
   8.8726599999999992E-003   4.6382529243000550E+017
   8.8725899999999996E-003   4.6946950476235718E+017
   8.8725200000000001E-003   4.7504899083614458E+017
   8.8724500000000005E-003   4.8056599455753344E+017
   8.8723799999999992E-003   4.8764582083464960E+017
   8.8722799999999998E-003   4.9622832878061901E+017
   8.8721700000000004E-003   5.0571345007871360E+017
   8.8720499999999994E-003   5.1605712151205626E+017
   8.8719200000000002E-003   5.2728864879285677E+017
   8.8717699999999993E-003   5.3936082563166522E+017
   8.8716300000000001E-003   5.4825359721910816E+017
   8.8715600000000006E-003   5.5410379284754752E+017
   8.8714899999999992E-003   5.6371988872925702E+017
   8.8713300000000002E-003   5.7693598791570752E+017
   8.8711799999999993E-003   5.8895770057959974E+017
   8.8710500000000001E-003   5.9714762264525568E+017
   8.8709800000000005E-003   6.0254637306402944E+017
   8.8709199999999992E-003   6.0878640999341760E+017
   8.8708399999999996E-003   6.1584502152837261E+017
   8.8707500000000002E-003   6.2628565350052582E+017
   8.8705899999999994E-003   6.3996122920149171E+017
   8.8704400000000003E-003   6.5336601395163315E+017
   8.8702799999999995E-003   6.6325691327136858E+017
   8.8702099999999999E-003   6.6977239348534502E+017
   8.8701300000000004E-003   6.7783319664905843E+017
   8.8700199999999993E-003   6.8739171882722470E+017
   8.8699099999999999E-003   6.9994105751641741E+017
   8.8697299999999993E-003   7.1534323903774733E+017
   8.8695600000000003E-003   7.2974536709217446E+017
   8.8694099999999994E-003   7.4320105597501952E+017
   8.8692500000000004E-003   7.5653213601819917E+017
   8.8690999999999996E-003   7.6974468428227251E+017
   8.8689600000000004E-003   7.8489305434757709E+017
   8.8687699999999998E-003   8.0188311579713101E+017
   8.8685799999999992E-003   8.1854415420046886E+017
   8.8683900000000003E-003   8.3489451755783347E+017
   8.8682199999999996E-003   8.5095106742072499E+017
   8.8680400000000006E-003   8.6672953080525235E+017
   8.8678699999999999E-003   8.7935856997243251E+017
   8.8677600000000006E-003   8.8895655899307648E+017
   8.8676599999999994E-003   8.9845898599232640E+017
   8.8675600000000000E-003   9.0786880307147290E+017
   8.8674500000000007E-003   9.2180975539602662E+017
   8.8672500000000001E-003   9.4010789410351206E+017
   8.8670599999999995E-003   9.5986010599162829E+017
   8.8668299999999992E-003   9.8099457677874650E+017
   8.8666000000000005E-003   1.0008327615274392E+018
   8.8664000000000000E-003   1.0194707691721956E+018
   8.8662099999999994E-003   1.0401494057304700E+018
   8.8659700000000008E-003   1.0628001529032292E+018
   8.8657400000000004E-003   1.0851126554980914E+018
   8.8655100000000001E-003   1.1071030323202099E+018
   8.8652899999999996E-003   1.1234647813780458E+018
   8.8651800000000003E-003   1.1397495895712726E+018
   8.8649599999999999E-003   1.1558941613849285E+018
   8.8648500000000005E-003   1.1687356201773325E+018
   8.8646999999999997E-003   1.1836396187265900E+018
   8.8645500000000006E-003   1.1984114363749622E+018
   8.8644099999999997E-003   1.2130550454768422E+018
   8.8642600000000005E-003   1.2327186067367232E+018
   8.8640200000000002E-003   1.2572574006880351E+018
   8.8637899999999999E-003   1.2816774770322685E+018
   8.8635499999999996E-003   1.3059872758134866E+018
   8.8633199999999992E-003   1.3339413629501870E+018
   8.8630199999999992E-003   1.3654042774254943E+018
   8.8627199999999993E-003   1.3887556150428941E+018
   8.8625800000000001E-003   1.4042534164347505E+018
   8.8624299999999993E-003   1.4273996177661130E+018
   8.8621499999999992E-003   1.4579644800689772E+018
   8.8618700000000009E-003   1.4881514391062080E+018
   8.8616000000000007E-003   1.5179785301359437E+018
   8.8613300000000006E-003   1.5512827589585134E+018
   8.8610000000000008E-003   1.5879268382399409E+018
   8.8606699999999993E-003   1.6241746712526938E+018
   8.8603499999999995E-003   1.6600500331826419E+018
   8.8600399999999996E-003   1.6955108321995226E+018
   8.8597299999999997E-003   1.7305795446154135E+018
   8.8594299999999997E-003   1.7584731148318052E+018
   8.8592500000000008E-003   1.7794144969493489E+018
   8.8590700000000001E-003   1.8001839712885796E+018
   8.8588999999999994E-003   1.8207864286370491E+018
   8.8587200000000005E-003   1.8516164513737193E+018
   8.8583800000000008E-003   1.8923506587052639E+018
   8.8580399999999993E-003   1.9361109738800210E+018
   8.8576499999999999E-003   1.9827754139155986E+018
   8.8572700000000004E-003   2.0290399157354010E+018
   8.8568899999999992E-003   2.0749313721319142E+018
   8.8565199999999997E-003   2.1106785918299948E+018
   8.8563099999999992E-003   2.1366162140767826E+018
   8.8561000000000004E-003   2.1624539796166318E+018
   8.8558999999999999E-003   2.1881954721005005E+018
   8.8556899999999994E-003   2.2202460687228872E+018
   8.8553899999999994E-003   2.2584337139219023E+018
   8.8550899999999995E-003   2.3029888131996897E+018
   8.8546900000000001E-003   2.3536813533238938E+018
   8.8543000000000007E-003   2.4039710204972421E+018
   8.8539099999999996E-003   2.4538811466676275E+018
   8.8535400000000000E-003   2.4909824019916032E+018
   8.8533499999999994E-003   2.5156457800990152E+018
   8.8531600000000005E-003   2.5435381650696161E+018
   8.8529300000000002E-003   2.5745922574191601E+018
   8.8526899999999999E-003   2.6209578242170230E+018
   8.8522300000000009E-003   2.6821184581832745E+018
   8.8517800000000001E-003   2.7275145815116252E+018
   8.8515599999999996E-003   2.7576601897965373E+018
   8.8513399999999992E-003   2.7910151450566748E+018
   8.8510700000000008E-003   2.8275060998954808E+018
   8.8508100000000006E-003   2.8636754304223078E+018
   8.8505500000000004E-003   2.8995328760617969E+018
   8.8502900000000002E-003   2.9356217694320215E+018
   8.8500300000000000E-003   2.9719384841720484E+018
   8.8497699999999999E-003   3.0262631130694036E+018
   8.8492599999999994E-003   3.0979788173143992E+018
   8.8487600000000007E-003   3.1512547787105715E+018
   8.8485100000000004E-003   3.1867016656502912E+018
   8.8482600000000002E-003   3.2254526376381286E+018
   8.8479700000000001E-003   3.2674334365341215E+018
   8.8476800000000001E-003   3.3090531792286085E+018
   8.8473900000000001E-003   3.3714461054883220E+018
   8.8468200000000000E-003   3.4337337526604964E+018
   8.8465400000000000E-003   3.4752447226147133E+018
   8.8462599999999999E-003   3.5164266878822666E+018
   8.8459799999999998E-003   3.5727505391184118E+018
   8.8454999999999992E-003   3.6437697629004242E+018
   8.8450300000000003E-003   3.7150335912551547E+018
   8.8445599999999996E-003   3.7864010753954872E+018
   8.8440900000000006E-003   3.8540799136928143E+018
   8.8436599999999997E-003   3.9180240278293760E+018
   8.8432400000000005E-003   3.9694968108493128E+018
   8.8429700000000003E-003   4.0091944294635935E+018
   8.8427000000000002E-003   4.0718311419443809E+018
   8.8421200000000002E-003   4.1564335824209485E+018
   8.8415600000000000E-003   4.2226303147554596E+018
   8.8412300000000003E-003   4.2712553688572140E+018
   8.8409100000000004E-003   4.3425814558292920E+018
   8.8402900000000006E-003   4.4366682543830584E+018
   8.8396800000000008E-003   4.5380945800032297E+018
   8.8389999999999996E-003   4.6465523277190164E+018
   8.8383300000000001E-003   4.7313009732573768E+018
   8.8379500000000007E-003   4.7928134136760044E+018
   8.8375699999999995E-003   4.8543850960986255E+018
   8.8371999999999999E-003   4.9160175816100506E+018
   8.8368200000000004E-003   5.0008494023704023E+018
   8.8361700000000008E-003   5.1081459484335636E+018
   8.8355299999999994E-003   5.2020700584442286E+018
   8.8350500000000005E-003   5.2830882395484518E+018
   8.8345699999999999E-003   5.3579723581757041E+018
   8.8341700000000006E-003   5.4611102916322509E+018
   8.8333700000000001E-003   5.6032726955127613E+018
   8.8325100000000000E-003   5.7132593928179794E+018
   8.8320900000000008E-003   5.7858047409696799E+018
   8.8316799999999997E-003   5.8937861836770345E+018
   8.8308599999999994E-003   6.0360003423486085E+018
   8.8300600000000007E-003   6.1721929933925519E+018
   8.8293299999999998E-003   6.2843066850063964E+018
   8.8288099999999994E-003   6.3769589115995679E+018
   8.8283000000000007E-003   6.5117486424814623E+018
   8.8273199999999996E-003   6.6870690935486833E+018
   8.8263800000000000E-003   6.8644745434738575E+018
   8.8254000000000006E-003   7.0438992604904776E+018
   8.8244499999999993E-003   7.2036337948750643E+018
   8.8236900000000004E-003   7.3445174498669363E+018
   8.8229599999999995E-003   7.5166982384859331E+018
   8.8218900000000006E-003   7.6687053653283195E+018
   8.8213700000000003E-003   7.7689365009241979E+018
   8.8208499999999999E-003   7.9085600163427154E+018
   8.8199300000000001E-003   8.0862935081279990E+018
   8.8190300000000003E-003   8.2242835462313441E+018
   8.8185199999999998E-003   8.3237885127249664E+018
   8.8180199999999993E-003   8.4501819563919299E+018
   8.8172500000000004E-003   8.6027106068210145E+018
   8.8164999999999997E-003   8.7962282753730191E+018
   8.8153299999999997E-003   8.9760761428610642E+018
   8.8147099999999999E-003   9.1196283312637880E+018
   8.8139199999999994E-003   9.2801367810156769E+018
   8.8131500000000005E-003   9.4765478858262815E+018
   8.8120200000000003E-003   9.6501030120448614E+018
   8.8114700000000001E-003   9.7646661169161400E+018
   8.8109299999999998E-003   9.9418808585371689E+018
   8.8097899999999996E-003   1.0120567395734440E+019
   8.8092299999999995E-003   1.0238522884905431E+019
   8.8086799999999993E-003   1.0367256338855047E+019
   8.8080199999999997E-003   1.0506499273336373E+019
   8.8073700000000001E-003   1.0683828223754953E+019
   8.8063700000000009E-003   1.0897907750461010E+019
   8.8053899999999997E-003   1.1077064371218315E+019
   8.8047200000000003E-003   1.1222477001112764E+019
   8.8040600000000007E-003   1.1367826549886093E+019
   8.8033999999999994E-003   1.1593198328063179E+019
   8.8020200000000007E-003   1.1894046038988446E+019
   8.8006899999999999E-003   1.2200086494449209E+019
   8.7992899999999995E-003   1.2433667472250024E+019
   8.7986000000000002E-003   1.2587529080500701E+019
   8.7979200000000007E-003   1.2826602242856802E+019
   8.7964900000000006E-003   1.3146746344598041E+019
   8.7951000000000001E-003   1.3471429074584105E+019
   8.7936400000000001E-003   1.3718686017065769E+019
   8.7929299999999991E-003   1.3880938536802167E+019
   8.7922199999999999E-003   1.4047111887006253E+019
   8.7914699999999991E-003   1.4216776872824160E+019
   8.7907300000000001E-003   1.4384182363851887E+019
   8.7899999999999992E-003   1.4549248847781163E+019
   8.7892800000000000E-003   1.4717981176399268E+019
   8.7885199999999993E-003   1.4889862158910519E+019
   8.7877600000000004E-003   1.5142479643842378E+019
   8.7862800000000005E-003   1.5394221608444684E+019
   8.7854999999999999E-003   1.5566393208386163E+019
   8.7847299999999993E-003   1.5735287230204434E+019
   8.7839700000000003E-003   1.5900885812894863E+019
   8.7832199999999996E-003   1.6070177473387026E+019
   8.7824200000000009E-003   1.6240767013178139E+019
   8.7816300000000003E-003   1.6407401832312035E+019
   8.7808599999999997E-003   1.6570401137000004E+019
   8.7800900000000008E-003   1.6735534886845501E+019
   8.7792700000000005E-003   1.6902167631943123E+019
   8.7784700000000000E-003   1.7064473797766474E+019
   8.7776799999999995E-003   1.7222883522416884E+019
   8.7768900000000007E-003   1.7382932185283514E+019
   8.7760600000000005E-003   1.7544090308300972E+019
   8.7752400000000001E-003   1.7700613331657560E+019
   8.7744399999999997E-003   1.7853268741782338E+019
   8.7736399999999992E-003   1.8007203826188884E+019
   8.7727900000000008E-003   1.8162334852482230E+019
   8.7719500000000006E-003   1.8312924335167529E+019
   8.7711300000000002E-003   1.8460237964039586E+019
   8.7703099999999999E-003   1.8609103320740061E+019
   8.7694499999999998E-003   1.8759636846015058E+019
   8.7685899999999997E-003   1.8906242929920381E+019
   8.7677499999999995E-003   1.9050258228196377E+019
   8.7669199999999992E-003   1.9196410654817087E+019
   8.7660399999999992E-003   1.9344869298232340E+019
   8.7651699999999992E-003   1.9490171822199046E+019
   8.7643100000000008E-003   1.9633562654680109E+019
   8.7634600000000007E-003   1.9780148320858964E+019
   8.7625600000000008E-003   1.9928734278709322E+019
   8.7616800000000009E-003   2.0072353696115483E+019
   8.7607999999999991E-003   2.0219790217135321E+019
   8.7599400000000008E-003   2.0455292030607507E+019
   8.7581199999999994E-003   2.0763170515164254E+019
   8.7563499999999996E-003   2.0990650896344125E+019
   8.7554199999999999E-003   2.1148709378127192E+019
   8.7545000000000001E-003   2.1304664568729158E+019
   8.7535900000000003E-003   2.1465338221149889E+019
   8.7526900000000005E-003   2.1725102712784671E+019
   8.7508099999999995E-003   2.2063301356504084E+019
   8.7489700000000000E-003   2.2312193722616635E+019
   8.7480000000000006E-003   2.2486792363507167E+019
   8.7470499999999993E-003   2.2750147838269936E+019
   8.7451800000000000E-003   2.3109063600540492E+019
   8.7432199999999995E-003   2.3378776869558546E+019
   8.7422600000000000E-003   2.3563132454124167E+019
   8.7413200000000003E-003   2.3861828808244105E+019
   8.7393200000000001E-003   2.4248617530636014E+019
   8.7373799999999995E-003   2.4631417661041545E+019
   8.7353599999999993E-003   2.4924041100899742E+019
   8.7343600000000000E-003   2.5119000284810572E+019
   8.7333800000000007E-003   2.5428844242999108E+019
   8.7313200000000007E-003   2.5841159970275734E+019
   8.7293000000000006E-003   2.6262299127656018E+019
   8.7271999999999992E-003   2.6691751681072321E+019
   8.7251499999999992E-003   2.7009844163998831E+019
   8.7240700000000004E-003   2.7231074497147978E+019
   8.7230099999999998E-003   2.7573621986792366E+019
   8.7208500000000005E-003   2.8023767854152012E+019
   8.7187400000000009E-003   2.8474231835244515E+019
   8.7166099999999996E-003   2.8941985332864160E+019
   8.7143900000000007E-003   2.9418980391067193E+019
   8.7122199999999997E-003   2.9771566680376906E+019
   8.7110799999999995E-003   3.0147212490203849E+019
   8.7088400000000007E-003   3.0574571552310403E+019
   8.7071600000000002E-003   3.0950382092179522E+019
   8.7054300000000001E-003   3.1395498686558589E+019
   8.7031799999999996E-003   3.1912173897082180E+019
   8.7008299999999997E-003   3.2363814398425887E+019
   8.6990999999999995E-003   3.2753164281556562E+019
   8.6973199999999997E-003   3.3161426090562265E+019
   8.6955399999999999E-003   3.3562884473731248E+019
   8.6937899999999999E-003   3.3951584227901186E+019
   8.6920899999999995E-003   3.4327524030778126E+019
   8.6904200000000008E-003   3.4661269310711140E+019
   8.6890600000000002E-003   3.4961547084942877E+019
   8.6877099999999995E-003   3.5283640587870798E+019
   8.6861700000000000E-003   3.5618686174005559E+019
   8.6846500000000004E-003   3.5950867330757689E+019
   8.6830699999999993E-003   3.6290195478280393E+019
   8.6815099999999999E-003   3.6709871631580475E+019
   8.6792799999999993E-003   3.7168517697569759E+019
   8.6771100000000000E-003   3.7532832539223515E+019
   8.6755200000000008E-003   3.7845826376195211E+019
   8.6739599999999997E-003   3.8240778367852282E+019
   8.6716699999999994E-003   3.8668141612827804E+019
   8.6694400000000005E-003   3.9006000816172982E+019
   8.6677899999999999E-003   3.9287841322599760E+019
   8.6661599999999991E-003   3.9558371805720289E+019
   8.6645200000000002E-003   3.9823461785839829E+019
   8.6629199999999993E-003   4.0144763737986310E+019
   8.6605899999999993E-003   4.0484361762734948E+019
   8.6583300000000005E-003   4.0770384151197565E+019
   8.6563000000000005E-003   4.1026616309856879E+019
   8.6543200000000001E-003   4.1264615030870499E+019
   8.6522900000000000E-003   4.1492088887281132E+019
   8.6503199999999995E-003   4.1725104693823259E+019
   8.6479499999999997E-003   4.1957542752478036E+019
   8.6456499999999995E-003   4.2172211121878696E+019
   8.6432899999999997E-003   4.2365718198336946E+019
   8.6409999999999994E-003   4.2504718651067752E+019
   8.6393200000000007E-003   4.2634951789155918E+019
   8.6376800000000000E-003   4.2831733684032299E+019
   8.6346400000000007E-003   4.3059622172133474E+019
   8.6317200000000007E-003   4.3227119901223526E+019
   8.6296800000000007E-003   4.3377025305683624E+019
   8.6277000000000003E-003   4.3538936782258635E+019
   8.6256900000000001E-003   4.3707858927789507E+019
   8.6237199999999996E-003   4.3981588324393034E+019
   8.6197700000000006E-003   4.4275982642235335E+019
   8.6177800000000002E-003   4.4493396343227392E+019
   8.6158399999999996E-003   4.4773058113213546E+019
   8.6131599999999999E-003   4.5029337238050161E+019
   8.6118600000000007E-003   4.5207777469052461E+019
   8.6105699999999997E-003   4.5501147303227023E+019
   8.6078900000000000E-003   4.5812021696699097E+019
   8.6065800000000008E-003   4.6086717125793546E+019
   8.6046100000000004E-003   4.6438831081285648E+019
   8.6026100000000001E-003   4.6748371026939945E+019
   8.6012899999999993E-003   4.7141258209621533E+019
   8.5986399999999994E-003   4.7557216659023528E+019
   8.5973100000000004E-003   4.7846305272042602E+019
   8.5959899999999995E-003   4.8223671581713613E+019
   8.5940099999999991E-003   4.8703871327605621E+019
   8.5919800000000008E-003   4.9122494207032861E+019
   8.5906600000000000E-003   4.9463302528805962E+019
   8.5893500000000008E-003   5.0009424227099214E+019
   8.5866199999999997E-003   5.0675212500168884E+019
   8.5846199999999994E-003   5.1166621732161225E+019
   8.5832700000000005E-003   5.1687623877875917E+019
   8.5812000000000006E-003   5.2439407136469000E+019
   8.5785199999999992E-003   5.3104836141047013E+019
   8.5771200000000006E-003   5.3693260147282051E+019
   8.5750500000000007E-003   5.4404712053882970E+019
   8.5730200000000006E-003   5.5277990981017657E+019
   8.5702000000000000E-003   5.6122312240857309E+019
   8.5684500000000000E-003   5.6784230968090657E+019
   8.5667199999999999E-003   5.7611730899325673E+019
   8.5642300000000008E-003   5.8591075390759371E+019
   8.5617899999999997E-003   5.9676691222222004E+019
   8.5588799999999996E-003   6.0573169969416577E+019
   8.5574499999999994E-003   6.1177290120258560E+019
   8.5560400000000009E-003   6.2224891064775434E+019
   8.5526899999999999E-003   6.3684042830804746E+019
   8.5494300000000002E-003   6.4827582851929367E+019
   8.5475499999999992E-003   6.5933892371840623E+019
   8.5445799999999995E-003   6.7423834057178489E+019
   8.5411600000000008E-003   6.8767654646604079E+019
   8.5389000000000003E-003   6.9772637762134254E+019
   8.5369499999999997E-003   7.0715281145178481E+019
   8.5350200000000008E-003   7.1887755825124352E+019
   8.5322599999999998E-003   7.3227567436071494E+019
   8.5295500000000003E-003   7.4505257195599282E+019
   8.5271500000000007E-003   7.5707024134865191E+019
   8.5248000000000008E-003   7.6734447702734782E+019
   8.5231600000000001E-003   7.7579423403316150E+019
   8.5215399999999993E-003   7.8820226387706986E+019
   8.5184200000000005E-003   8.0467396329586295E+019
   8.5153799999999995E-003   8.1686344435562103E+019
   8.5138100000000001E-003   8.2531816692044906E+019
   8.5122500000000007E-003   8.3574157778376737E+019
   8.5100200000000001E-003   8.4800723654769983E+019
   8.5078099999999993E-003   8.6379198664876786E+019
   8.5043600000000007E-003   8.8347211382884368E+019
   8.5008800000000006E-003   9.0491034318221623E+019
   8.4969499999999996E-003   9.2422720380417409E+019
   8.4942699999999999E-003   9.4033775336738374E+019
   8.4915400000000005E-003   9.6023326795348034E+019
   8.4877100000000007E-003   9.8681870733991002E+019
   8.4828799999999999E-003   1.0084231161937517E+020
   8.4807600000000004E-003   1.0217818612727810E+020
   8.4786600000000007E-003   1.0375297832351729E+020
   8.4758300000000002E-003   1.0560299677983911E+020
   8.4729200000000001E-003   1.0748461267521180E+020
   8.4700499999999998E-003   1.0940046545504716E+020
   8.4671000000000000E-003   1.1137147287269270E+020
   8.4641300000000003E-003   1.1335416239457785E+020
   8.4612000000000003E-003   1.1504362374073903E+020
   8.4591400000000004E-003   1.1713800591591629E+020
   8.4550900000000002E-003   1.2035573473730221E+020
   8.4499299999999996E-003   1.2345010345737993E+020
   8.4463000000000003E-003   1.2586992307714733E+020
   8.4431300000000001E-003   1.2817896904429668E+020
   8.4399100000000001E-003   1.3133179257350101E+020
   8.4345099999999992E-003   1.3463459885687344E+020
   8.4309599999999995E-003   1.3667749207232912E+020
   8.4290500000000004E-003   1.3901692515390564E+020
   8.4248099999999996E-003   1.4224031458030027E+020
   8.4206400000000001E-003   1.4473479436554668E+020
   8.4183499999999998E-003   1.4651484430629685E+020
   8.4160799999999994E-003   1.4914992955565543E+020
   8.4116799999999995E-003   1.5260984534083532E+020
   8.4073700000000008E-003   1.5505685572790554E+020
   8.4055799999999993E-003   1.5650263041762663E+020
   8.4037899999999995E-003   1.5896050934000337E+020
   8.3995500000000004E-003   1.6242092768480389E+020
   8.3953799999999992E-003   1.6501210901136956E+020
   8.3932199999999998E-003   1.6680985393043708E+020
   8.3910800000000004E-003   1.6935896966084546E+020
   8.3871799999999993E-003   1.7265444549440304E+020
   8.3833399999999995E-003   1.7546140206505338E+020
   8.3806400000000000E-003   1.7778680066997646E+020
   8.3779800000000001E-003   1.8044692902183508E+020
   8.3745599999999996E-003   1.8343884457963222E+020
   8.3711800000000006E-003   1.8686210937433856E+020
   8.3668700000000002E-003   1.9070860137039089E+020
   8.3626299999999994E-003   1.9425797083552265E+020
   8.3590299999999999E-003   1.9886691192358997E+020
   8.3526000000000000E-003   2.0317536588684706E+020
   8.3497399999999996E-003   2.0601506224808316E+020
   8.3465599999999994E-003   2.0901259898225702E+020
   8.3434200000000007E-003   2.1366067635575918E+020
   8.3368799999999996E-003   2.1994029889384055E+020
   8.3304999999999994E-003   2.2647515282457661E+020
   8.3236700000000000E-003   2.3326335402668179E+020
   8.3169899999999998E-003   2.3844886780341164E+020
   8.3134000000000003E-003   2.4213705065810628E+020
   8.3098400000000006E-003   2.4605652196645998E+020
   8.3058699999999999E-003   2.5020764046546479E+020
   8.3019400000000007E-003   2.5416233138582025E+020
   8.2984100000000009E-003   2.5792455291225027E+020
   8.2949100000000008E-003   2.6246048822814822E+020
   8.2900200000000004E-003   2.6776465892923012E+020
   8.2851999999999995E-003   2.7368063759397709E+020
   8.2793299999999997E-003   2.8019529781909488E+020
   8.2735699999999992E-003   2.8631659661735438E+020
   8.2685199999999997E-003   2.9206634947214089E+020
   8.2635499999999997E-003   2.9804436783464278E+020
   8.2581600000000005E-003   3.0372864909762154E+020
   8.2539399999999995E-003   3.0871216734251549E+020
   8.2497800000000000E-003   3.1546039267188271E+020
   8.2427400000000001E-003   3.2396106525745683E+020
   8.2358399999999995E-003   3.3205356678464327E+020
   8.2297099999999995E-003   3.3970086818970914E+020
   8.2236700000000006E-003   3.4686042479340369E+020
   8.2183299999999994E-003   3.5619039673987747E+020
   8.2092599999999995E-003   3.6448643598544896E+020
   8.2056600000000000E-003   3.6923794901480387E+020
   8.2021000000000004E-003   3.7634555460569419E+020
   8.1950600000000005E-003   3.8579833161417916E+020
   8.1881599999999999E-003   3.9350775872798215E+020
   8.1838399999999995E-003   3.9948306025049116E+020
   8.1795700000000006E-003   4.0653176155192820E+020
   8.1738100000000001E-003   4.1465022661228161E+020
   8.1681400000000008E-003   4.2372279019497534E+020
   8.1612100000000003E-003   4.3599586398708571E+020
   8.1513599999999999E-003   4.4849499793412404E+020
   8.1443699999999997E-003   4.5672782193612410E+020
   8.1404300000000006E-003   4.6608336116906348E+020
   8.1321499999999994E-003   4.7878441206755112E+020
   8.1240400000000008E-003   4.8848448847444292E+020
   8.1197700000000001E-003   4.9523071539320069E+020
   8.1155499999999992E-003   5.0196336227510786E+020
   8.1113699999999997E-003   5.0868739614231101E+020
   8.1072300000000000E-003   5.1919213555888639E+020
   8.0985299999999996E-003   5.3346998958971414E+020
   8.0900000000000000E-003   5.4817957354097115E+020
   8.0810900000000008E-003   5.6332218313913428E+020
   8.0723500000000007E-003   5.7491036128342973E+020
   8.0677600000000002E-003   5.8295034018942963E+020
   8.0632199999999994E-003   5.9098185158978791E+020
   8.0587100000000002E-003   5.9900522658160548E+020
   8.0542600000000006E-003   6.1154527302217669E+020
   8.0449000000000007E-003   6.2858583797341644E+020
   8.0357199999999997E-003   6.4154581637843596E+020
   8.0309000000000005E-003   6.5059408999813743E+020
   8.0261299999999994E-003   6.5963459697067386E+020
   8.0214099999999997E-003   6.6866720658838520E+020
   8.0167299999999997E-003   6.8277805325352095E+020
   8.0069000000000008E-003   7.0196880493008978E+020
   7.9972700000000008E-003   7.2168989566994953E+020
   7.9872099999999998E-003   7.4206168298855255E+020
   7.9773399999999994E-003   7.5766362043820330E+020
   7.9721600000000007E-003   7.6848697346522140E+020
   7.9670299999999999E-003   7.7930364022322941E+020
   7.9619500000000006E-003   7.9011621331144514E+020
   7.9569199999999993E-003   8.0700058515917649E+020
   7.9463599999999995E-003   8.2997033360769522E+020
   7.9360000000000003E-003   8.4743364581786124E+020
   7.9305699999999996E-003   8.5963499404920737E+020
   7.9251900000000004E-003   8.7183102790397565E+020
   7.9198600000000008E-003   8.8402119537694605E+020
   7.9145900000000009E-003   9.0306225580431245E+020
   7.9035100000000007E-003   9.2897208046292736E+020
   7.8926499999999993E-003   9.5566001377697608E+020
   7.8813200000000007E-003   9.8318604137886384E+020
   7.8701900000000009E-003   1.0042779449444400E+021
   7.8643600000000008E-003   1.0189105834875157E+021
   7.8585900000000004E-003   1.0335401122857343E+021
   7.8528699999999996E-003   1.0481690473159548E+021
   7.8472000000000004E-003   1.0709999594658338E+021
   7.8353199999999998E-003   1.1020754856061923E+021
   7.8236599999999996E-003   1.1257139439617809E+021
   7.8175499999999995E-003   1.1422218001036938E+021
   7.8114999999999999E-003   1.1669557452893192E+021
   7.7995599999999997E-003   1.2010300890309992E+021
   7.7871099999999999E-003   1.2273911924293448E+021
   7.7809799999999998E-003   1.2449002354965437E+021
   7.7749000000000004E-003   1.2722611956032217E+021
   7.7621599999999997E-003   1.3095114380612411E+021
   7.7496500000000003E-003   1.3378334463080865E+021
   7.7431000000000002E-003   1.3576278779453165E+021
   7.7366199999999996E-003   1.3826559020676997E+021
   7.7267999999999998E-003   1.4130301906212128E+021
   7.7171200000000001E-003   1.4439720476606682E+021
   7.7071800000000001E-003   1.4756041437647552E+021
   7.6973900000000001E-003   1.5082506375438475E+021
   7.6871200000000004E-003   1.5418752042542708E+021
   7.6770099999999997E-003   1.5762065131774673E+021
   7.6666199999999999E-003   1.6219164097223789E+021
   7.6501900000000003E-003   1.6715970903740181E+021
   7.6379700000000000E-003   1.7150634005739712E+021
   7.6256300000000004E-003   1.7596184595194323E+021
   7.6131799999999998E-003   1.8112758129062846E+021
   7.5974199999999997E-003   1.8641665896202088E+021
   7.5847900000000001E-003   1.9129607197222117E+021
   7.5716999999999998E-003   1.9634124525889622E+021
   7.5586100000000003E-003   2.0118980717169829E+021
   7.5469100000000004E-003   2.0571626473571282E+021
   7.5357699999999998E-003   2.1114008919464893E+021
   7.5199400000000001E-003   2.1700588862377322E+021
   7.5069100000000003E-003   2.2205626765566972E+021
   7.4952500000000002E-003   2.2718622728681467E+021
   7.4814699999999996E-003   2.3319068582279108E+021
   7.4663700000000000E-003   2.3842719491109138E+021
   7.4564399999999999E-003   2.4303929121436986E+021
   7.4424699999999996E-003   2.4881328655553554E+021
   7.4260400000000001E-003   2.5366854535486127E+021
   7.4102200000000003E-003   2.5814114764111552E+021
   7.3955699999999997E-003   2.5987185956726364E+021
   7.3815199999999999E-003   2.5969797104952389E+021
   7.3656499999999996E-003   2.5383724545760449E+021
   7.3593799999999996E-003   2.5595966298198251E+021
   7.3445400000000001E-003   2.3937862892378218E+021
   7.3251200000000001E-003   2.3263863630600077E+021
   7.3113400000000004E-003   2.1322981614441671E+021
   7.2980299999999996E-003   1.8727194995015276E+021
   7.2829000000000001E-003   1.7369309774934201E+021
   7.2690200000000002E-003   1.6592161289393634E+021
   7.2631299999999996E-003   1.5609734087146587E+021
   7.2572699999999997E-003   1.4754161078402598E+021
   7.2429800000000004E-003   1.4093377765585301E+021
   7.2372499999999998E-003   1.3753536049779279E+021
   7.2306999999999996E-003   1.3171194042865722E+021
   7.2256000000000004E-003   1.3150126752969112E+021
   7.2175099999999999E-003   1.2894491717972132E+021
   7.2123300000000003E-003   1.2590224069812643E+021
   7.2074799999999996E-003   1.2455863105374593E+021
   7.2030799999999997E-003   1.2528045823336107E+021
   7.1978399999999996E-003   1.2370431395474293E+021
   7.1920400000000002E-003   1.2333302316305584E+021
   7.1862799999999998E-003   1.2380265630084715E+021
   7.1827899999999997E-003   1.2431895841517669E+021
   7.1780200000000002E-003   1.2494976195867095E+021
   7.1756399999999996E-003   1.2545771052850843E+021
   7.1738599999999998E-003   1.2621313893481573E+021
   7.1697000000000002E-003   1.2702368710555809E+021
   7.1673199999999996E-003   1.2783000245511056E+021
   7.1640200000000001E-003   1.2884279748228924E+021
   7.1612999999999998E-003   1.3074406886383370E+021
   7.1552600000000001E-003   1.3345033001409711E+021
   7.1507400000000000E-003   1.3535020957199056E+021
   7.1456200000000001E-003   1.3917161646471363E+021
   7.1396300000000001E-003   1.4257328553368504E+021
   7.1349200000000003E-003   1.4559820432974306E+021
   7.1304300000000001E-003   1.4916827455353594E+021
   7.1260799999999999E-003   1.5211572275277078E+021
   7.1221200000000000E-003   1.5589400704119076E+021
   7.1170900000000004E-003   1.5897980680423038E+021
   7.1150199999999997E-003   1.6168356481818037E+021
   7.1108899999999999E-003   1.6504325162454278E+021
   7.1081499999999997E-003   1.6822929318110618E+021
   7.1040399999999998E-003   1.7125360824143333E+021
   7.1019999999999998E-003   1.7427610762962317E+021
   7.0980100000000001E-003   1.7833256594810921E+021
   7.0941299999999997E-003   1.8142754642057206E+021
   7.0921900000000000E-003   1.8387411799648664E+021
   7.0896800000000001E-003   1.8803092504106191E+021
   7.0846599999999996E-003   1.9369477505899931E+021
   7.0796699999999997E-003   1.9952017780385773E+021
   7.0746999999999997E-003   2.0399028004772703E+021
   7.0722299999999997E-003   2.0655487665407853E+021
   7.0703700000000003E-003   2.0996872518403361E+021
   7.0666799999999997E-003   2.1456942134673843E+021
   7.0630399999999996E-003   2.1915458725034564E+021
   7.0594600000000000E-003   2.2370849042331816E+021
   7.0559400000000001E-003   2.2822421894145649E+021
   7.0524799999999999E-003   2.3351722452498249E+021
   7.0479699999999998E-003   2.3843640369991406E+021
   7.0451799999999998E-003   2.4218311107937147E+021
   7.0424099999999998E-003   2.4709615872373020E+021
   7.0378400000000001E-003   2.5262242996675569E+021
   7.0342499999999997E-003   2.5727688340800426E+021
   7.0310900000000003E-003   2.6136263030003010E+021
   7.0283500000000000E-003   2.6662193199653800E+021
   7.0237499999999996E-003   2.7317080623235958E+021
   7.0189500000000004E-003   2.8150182948973985E+021
   7.0127599999999998E-003   2.8769852851536800E+021
   7.0098299999999999E-003   2.9260826452184998E+021
   7.0069199999999998E-003   2.9949329014657620E+021
   7.0025599999999997E-003   3.0331132605583060E+021
   6.9967700000000002E-003   3.1640065806288610E+021
   6.9938800000000001E-003   3.1596157332670802E+021
   6.9910099999999998E-003   3.1975296698734635E+021
   6.9865500000000002E-003   3.2766287416166806E+021
   6.9802900000000001E-003   3.3838668534637417E+021
   6.9766799999999999E-003   3.4380182470744542E+021
   6.9705499999999998E-003   3.5561389307072369E+021
   6.9645200000000001E-003   3.5562519329401759E+021
   6.9610899999999996E-003   3.6115709865367605E+021
   6.9588899999999997E-003   3.7120337809743560E+021
   6.9544899999999998E-003   3.7327286663361069E+021
   6.9491700000000002E-003   3.9629715675551178E+021
   6.9460399999999997E-003   3.9101056702377886E+021
   6.9410299999999999E-003   3.9147315436966961E+021
   6.9385300000000000E-003   3.9378425722016613E+021
   6.9336700000000003E-003   4.1676378327498846E+021
   6.9265699999999999E-003   4.1613801618968921E+021
   6.9217100000000002E-003   4.2778188491875418E+021
   6.9168700000000003E-003   4.3337511884778368E+021
   6.9085600000000002E-003   4.3960236583832283E+021
   6.9041299999999996E-003   4.5039080800356071E+021
   6.9004499999999998E-003   4.5835308170987234E+021
   6.8967899999999999E-003   4.6820021215381627E+021
   6.8941000000000002E-003   4.6747968511772527E+021
   6.8920900000000000E-003   4.7582131280259559E+021
   6.8884200000000001E-003   4.8547153314022739E+021
   6.8868400000000000E-003   4.9424963391929566E+021
   6.8843000000000003E-003   5.0100998521136244E+021
   6.8822700000000002E-003   5.1186295347170393E+021
   6.8806900000000001E-003   5.1298780119056819E+021
   6.8791199999999999E-003   5.1875438421078358E+021
   6.8778199999999998E-003   5.2272480089310390E+021
   6.8765199999999997E-003   5.2637238881003839E+021
   6.8752500000000003E-003   5.3173553971093433E+021
   6.8739700000000001E-003   5.4248851249648495E+021
   6.8713799999999998E-003   5.4583468738658729E+021
   6.8687899999999996E-003   5.4855341331157992E+021
   6.8676500000000003E-003   5.4943488533503872E+021
   6.8665200000000001E-003   5.6417563801669410E+021
   6.8647200000000004E-003   5.6563299289310534E+021
   6.8629099999999998E-003   5.6709086782202629E+021
   6.8611100000000001E-003   5.6854926218111536E+021
   6.8593200000000003E-003   5.7748828416859376E+021
   6.8552800000000001E-003   5.8473427233385386E+021
   6.8512499999999997E-003   5.9520863401700554E+021
   6.8422800000000001E-003   6.0378533008138243E+021
   6.8222999999999999E-003   6.1778689494823165E+021
   6.8044000000000004E-003   6.3038509016843425E+021
   6.7900199999999999E-003   6.4503169798384407E+021
   6.7766199999999997E-003   6.6260750945462539E+021
   6.7568899999999998E-003   6.8228857019947171E+021
   6.7384000000000003E-003   6.9899753171435714E+021
   6.7219699999999999E-003   7.1507421136966323E+021
   6.7056299999999998E-003   7.3190120375126254E+021
   6.6894600000000004E-003   7.4982739324568978E+021
   6.6707199999999998E-003   7.6720750062509585E+021
   6.6551199999999996E-003   7.8368582632800906E+021
   6.6391499999999999E-003   8.0113042294633965E+021
   6.6217600000000000E-003   8.2010867952549427E+021
   6.6031900000000001E-003   8.4200618595270284E+021
   6.5807900000000004E-003   8.6313650492516399E+021
   6.5642000000000001E-003   8.8336220820040413E+021
   6.5442900000000003E-003   9.0573422640009084E+021
   6.5246300000000000E-003   9.2604123692028689E+021
   6.5083299999999997E-003   9.4193173213133847E+021
   6.4976799999999996E-003   9.5882492513195204E+021
   6.4792499999999998E-003   9.7637324061763049E+021
   6.4679600000000000E-003   9.9634916697820071E+021
   6.4456000000000001E-003   1.0192009792624666E+022
   6.4293400000000004E-003   1.0391192739106322E+022
   6.4132499999999997E-003   1.0574394724769908E+022
   6.4001199999999996E-003   1.0739666660516187E+022
   6.3870899999999998E-003   1.1014084779926608E+022
   6.3568899999999996E-003   1.1399423671135453E+022
   6.3272099999999998E-003   1.1685854014886757E+022
   6.3136499999999996E-003   1.1934951927502825E+022
   6.2899999999999996E-003   1.2162223200890138E+022
   6.2798600000000000E-003   1.2399611106592092E+022
   6.2554600000000000E-003   1.2735768822767289E+022
   6.2313899999999998E-003   1.3008606645095940E+022
   6.2174999999999999E-003   1.3203260624600910E+022
   6.2037100000000003E-003   1.3455730437678973E+022
   6.1823800000000003E-003   1.3768016515249113E+022
   6.1612999999999998E-003   1.4032529865463764E+022
   6.1470900000000000E-003   1.4242011267581201E+022
   6.1329899999999996E-003   1.4568417459407778E+022
   6.1039299999999996E-003   1.5013030721895262E+022
   6.0752899999999997E-003   1.5383213205868499E+022
   6.0568699999999998E-003   1.5677133875192682E+022
   6.0386099999999998E-003   1.5918590244338394E+022
   6.0275600000000004E-003   1.6094301694249486E+022
   6.0165799999999997E-003   1.6398508534990868E+022
   5.9903700000000001E-003   1.6917620671473949E+022
   5.9540200000000000E-003   1.7467743265261428E+022
   5.9255000000000002E-003   1.7872325405250043E+022
   5.9075500000000001E-003   1.8233112391456314E+022
   5.8843999999999997E-003   1.8641188497321699E+022
   5.8614799999999996E-003   1.9128961173735923E+022
   5.8303699999999997E-003   1.9701565317298765E+022
   5.7989900000000004E-003   2.0146417362174130E+022
   5.7831000000000002E-003   2.0442381317109338E+022
   5.7673300000000002E-003   2.0899558450943442E+022
   5.7350300000000003E-003   2.1520909242131284E+022
   5.7031699999999996E-003   2.2162576378860912E+022
   5.6702999999999996E-003   2.2818398575083074E+022
   5.6378699999999997E-003   2.3491585940649784E+022
   5.6044199999999997E-003   2.4189107363042885E+022
   5.5714099999999997E-003   2.4896675218067529E+022
   5.5373699999999998E-003   2.5628212787324509E+022
   5.5037599999999999E-003   2.6380088249822751E+022
   5.4691200000000001E-003   2.7146728165078945E+022
   5.4349000000000003E-003   2.7736082569945680E+022
   5.4174100000000001E-003   2.8134687874645787E+022
   5.4000100000000002E-003   2.8746380078462932E+022
   5.3644399999999998E-003   2.9578497616803478E+022
   5.3292900000000004E-003   3.0213058442462386E+022
   5.3113099999999996E-003   3.0644726073313896E+022
   5.2934400000000000E-003   3.1303585334975768E+022
   5.2572799999999996E-003   3.2201615120427748E+022
   5.2207800000000004E-003   3.3123271836057947E+022
   5.1839499999999997E-003   3.4069186219574253E+022
   5.1467900000000000E-003   3.5040112346069157E+022
   5.1092799999999999E-003   3.6036751377383457E+022
   5.0714300000000000E-003   3.7059881102001010E+022
   5.0332199999999997E-003   3.8110170473643205E+022
   4.9946599999999997E-003   3.9188280572368415E+022
   4.9557400000000001E-003   4.0295514924987070E+022
   4.9164600000000001E-003   4.1133255343601162E+022
   4.8965800000000002E-003   4.1712852332607923E+022
   4.8767999999999997E-003   4.2291668197082134E+022
   4.8567400000000000E-003   4.2886643035714903E+022
   4.8367699999999998E-003   4.3664377274520291E+022
   4.8050000000000002E-003   4.4617887461861258E+022
   4.7734500000000003E-003   4.5411388291365388E+022
   4.7528900000000001E-003   4.6043384762122564E+022
   4.7324200000000002E-003   4.6688641616559231E+022
   4.7116700000000003E-003   4.7341187307140467E+022
   4.6909999999999999E-003   4.8003785868273829E+022
   4.6700400000000003E-003   4.8675290114909173E+022
   4.6491700000000002E-003   4.9358058517070627E+022
   4.6280000000000002E-003   5.0050916699878048E+022
   4.6069199999999996E-003   5.0754272095558900E+022
   4.5855499999999999E-003   5.1469285162452783E+022
   4.5642599999999997E-003   5.2195072649498729E+022
   4.5426700000000004E-003   5.2933772581008780E+022
   4.5211599999999998E-003   5.3685485753957354E+022
   4.4993600000000000E-003   5.4449519243636993E+022
   4.4776299999999998E-003   5.5226022905591972E+022
   4.4555999999999997E-003   5.6017790300002833E+022
   4.4336499999999999E-003   5.6824869849635821E+022
   4.4114000000000002E-003   5.7646504473105172E+022
   4.3892200000000001E-003   5.8484978861811543E+022
   4.3667400000000000E-003   5.9337054897517187E+022
   4.3443300000000004E-003   6.0210348704797232E+022
   4.3216100000000000E-003   6.1101274756994285E+022
   4.2989500000000002E-003   6.2012904804728948E+022
   4.2760000000000003E-003   6.2944037549477661E+022
   4.2531000000000001E-003   6.3896134456515735E+022
   4.2299800000000004E-003   6.4873027194879167E+022
   4.2067500000000004E-003   6.5874617879070687E+022
   4.1833800000000004E-003   6.6902472217426913E+022
   4.1598800000000003E-003   6.7957160783970979E+022
   4.1362600000000001E-003   6.9043246972547979E+022
   4.1124999999999998E-003   7.0159603080392419E+022
   4.0886100000000003E-003   7.1313912351981012E+022
   4.0645799999999999E-003   7.2503565376565199E+022
   4.0404200000000003E-003   7.3732247932627937E+022
   4.0161099999999998E-003   7.5004081370346964E+022
   3.9916700000000001E-003   7.6318550056600066E+022
   3.9670800000000004E-003   7.7677952074496111E+022
   3.9423399999999999E-003   7.9086403760975184E+022
   3.9174600000000002E-003   8.0544699552465091E+022
   3.8924300000000001E-003   8.2054443354331919E+022
   3.8672500000000000E-003   8.3626423417370990E+022
   3.8419100000000000E-003   8.5258980137532574E+022
   3.8164100000000001E-003   8.6965077803798089E+022
   3.7907599999999998E-003   8.8762573007054870E+022
   3.7649400000000000E-003   9.0661579634307238E+022
   3.7389599999999999E-003   9.2642296535151872E+022
   3.7128100000000000E-003   9.4675311169081914E+022
   3.6864900000000002E-003   9.6742645715856813E+022
   3.6600000000000001E-003   9.8844241413973161E+022
   3.6333300000000002E-003   1.0098009265099119E+023
   3.6064800000000000E-003   1.0315023080808868E+023
   3.5794500000000001E-003   1.0535473628721744E+023
   3.5522300000000000E-003   1.0759370743746590E+023
   3.5248100000000002E-003   1.0986727706605954E+023
   3.4972100000000002E-003   1.1217560018895335E+023
   3.4694000000000001E-003   1.1451884177000087E+023
   3.4413899999999999E-003   1.1689719057908696E+023
   3.4131700000000001E-003   1.1931084280214582E+023
   3.3847399999999998E-003   1.2175999655561892E+023
   3.3560999999999999E-003   1.2424488535787753E+023
   3.3272300000000000E-003   1.2676571425249106E+023
   3.2981400000000002E-003   1.2932271806785099E+023
   3.2688100000000000E-003   1.3191612366992709E+023
   3.2392499999999999E-003   1.3454616595020185E+023
   3.2094400000000000E-003   1.3721306795552128E+023
   3.1793799999999999E-003   1.3991706498919000E+023
   3.1490600000000000E-003   1.4265838598627954E+023
   3.1184899999999998E-003   1.4543725536072601E+023
   3.0876400000000000E-003   1.4825388991515726E+023
   3.0565100000000001E-003   1.5110851043820665E+023
   3.0251000000000002E-003   1.5400131558461417E+023
   2.9933899999999999E-003   1.5693251523224809E+023
   2.9613800000000000E-003   1.5990230094681644E+023
   2.9290499999999999E-003   1.6291084689040966E+023
   2.8964099999999999E-003   1.6595832118795981E+023
   2.8634300000000001E-003   1.6904489084761702E+023
   2.8301099999999998E-003   1.7217069360504625E+023
   2.7964399999999999E-003   1.7533584814304830E+023
   2.7623900000000000E-003   1.7854048277509346E+023
   2.7279700000000001E-003   1.8178468114328810E+023
   2.6931500000000001E-003   1.8506851035739779E+023
   2.6579300000000002E-003   1.8839203982467451E+023
   2.6222799999999998E-003   1.9175527610598152E+023
   2.5861899999999999E-003   1.9515823115207240E+023
   2.5496400000000002E-003   1.9860088433295822E+023
   2.5126100000000002E-003   2.0208316944430127E+023
   2.4750800000000002E-003   2.0560500506594017E+023
   2.4370300000000002E-003   2.0916627480370267E+023
   2.3984300000000000E-003   2.1276680652172862E+023
   2.3592700000000001E-003   2.1640640229326175E+023
   2.3194999999999999E-003   2.2008256330099141E+023
   2.2791000000000000E-003   2.2381304071690774E+023
   2.2380400000000002E-003   2.2758174295165085E+023
   2.1962800000000001E-003   2.3138824344577592E+023
   2.1537800000000001E-003   2.3523208954659256E+023
   2.1104900000000000E-003   2.3911270600860053E+023
   2.0663700000000001E-003   2.4302534421468804E+023
   2.0213700000000002E-003   2.4699012451632609E+023
   1.9754199999999999E-003   2.5099092757760241E+023
   1.9284599999999999E-003   2.5501985226168453E+023
   1.8807299999999999E-003   2.5910479892217127E+023
   1.8311899999999999E-003   2.6322493243900366E+023
   1.7807000000000001E-003   2.6736397272145486E+023
   1.7288300000000000E-003   2.7075544950734209E+023
   1.6892400000000001E-003   2.7403960617226340E+023
   1.6481600000000001E-003   2.7882613844069117E+023
   1.5708000000000000E-003   2.8282854965601389E+023
   1.5274700000000000E-003   2.8624866332451119E+023
   1.4820499999999999E-003   2.9139294866029807E+023
   1.3879100000000000E-003   2.9634378861949576E+023
   1.3229100000000001E-003   3.0075103576839695E+023
   1.2551200000000000E-003   3.0485169027067826E+023
   1.1802500000000001E-003   3.0949466068174657E+023
   1.1005300000000000E-003   3.1378384966945443E+023
   1.0087600000000000E-003   3.1894816447309252E+023
   8.9930000000000001E-004   3.2502869245854425E+023
   7.0638999999999999E-004   3.2960133119520784E+023
   5.6780999999999997E-004   3.3344459326956504E+023
   4.8412999999999999E-004   3.3547332679057866E+023
   3.8297000000000000E-004   3.3630783734149668E+023
   3.1385000000000001E-004   3.3803751446359731E+023
   2.5071000000000002E-004   3.3739794196300307E+023
   2.0164000000000000E-004   3.3908190822234005E+023
   1.6417000000000000E-004   3.3890803303563374E+023
   1.3642999999999999E-004   3.3966510634728027E+023
   1.1689000000000000E-004   3.3956270870527617E+023
   1.0404000000000000E-004   3.3993013873182052E+023
   8.6870000000000000E-005   3.4007725607012950E+023
   6.8940000000000001E-005   3.4012530001558333E+023
   5.4719999999999998E-005   3.4032744729806885E+023
   4.3430000000000003E-005   3.4036298447493918E+023
   3.4470000000000000E-005   3.4037792617621364E+023
   2.7359999999999999E-005   3.4046134081790922E+023
   2.1710000000000001E-005   3.4046926041326631E+023
   1.7229999999999999E-005   3.4050861003037857E+023
   1.3679999999999999E-005   3.4054723842645704E+023
