   8.8755699999999993E-003   8132034841877894.0     
   8.8755699999999993E-003   8287478228858855.0     
   8.8755699999999993E-003   8439245331683193.0     
   8.8755699999999993E-003   8587531916825838.0     
   8.8755699999999993E-003   8732512412705884.0     
   8.8755699999999993E-003   8874347463108155.0     
   8.8755599999999994E-003   9013185406770446.0     
   8.8755599999999994E-003   9149156416770778.0     
   8.8755599999999994E-003   9282394829436690.0     
   8.8755599999999994E-003   9413027506084958.0     
   8.8755599999999994E-003   9541138872625064.0     
   8.8755599999999994E-003   9666858599342290.0     
   8.8755599999999994E-003   9790274205173334.0     
   8.8755599999999994E-003   9911468903905664.0     
   8.8755599999999994E-003   10030539708967674.     
   8.8755599999999994E-003   10147567146041410.     
   8.8755599999999994E-003   10262627776588212.     
   8.8755599999999994E-003   10375784415282104.     
   8.8755599999999994E-003   10487112422695962.     
   8.8755599999999994E-003   10596675887656788.     
   8.8755599999999994E-003   10731245433517086.     
   8.8755599999999994E-003   10889351341177398.     
   8.8755599999999994E-003   11043944296519224.     
   8.8755599999999994E-003   11195208304710618.     
   8.8755599999999994E-003   11318838748031122.     
   8.8755599999999994E-003   11416222932179918.     
   8.8755599999999994E-003   11559853805727194.     
   8.8755599999999994E-003   11723882267557834.     
   8.8755499999999994E-003   11861592210167824.     
   8.8755499999999994E-003   11996763123248982.     
   8.8755499999999994E-003   12129490848841756.     
   8.8755499999999994E-003   12238306637363880.     
   8.8755499999999994E-003   12324235554390378.     
   8.8755499999999994E-003   12451299315588718.     
   8.8755499999999994E-003   12617431947585432.     
   8.8755499999999994E-003   12739688512252212.     
   8.8755499999999994E-003   12820108277459244.     
   8.8755499999999994E-003   12939177309686388.     
   8.8755499999999994E-003   13095107032501988.     
   8.8755499999999994E-003   13247942525227578.     
   8.8755499999999994E-003   13397820092619788.     
   8.8755499999999994E-003   13544873296398072.     
   8.8755499999999994E-003   13689239192813000.     
   8.8755499999999994E-003   13831005034412726.     
   8.8755499999999994E-003   13970292493336780.     
   8.8755499999999994E-003   14107215937697144.     
   8.8755499999999994E-003   14241839986590172.     
   8.8755399999999995E-003   14396129110362998.     
   8.8755399999999995E-003   14568987653991088.     
   8.8755399999999995E-003   14738274670307278.     
   8.8755399999999995E-003   14904173375268260.     
   8.8755399999999995E-003   15066837211074276.     
   8.8755399999999995E-003   15226426975624622.     
   8.8755399999999995E-003   15383042970247760.     
   8.8755399999999995E-003   15536826849553946.     
   8.8755399999999995E-003   15706606734156984.     
   8.8755399999999995E-003   15891378242732836.     
   8.8755399999999995E-003   16072290101430560.     
   8.8755399999999995E-003   16249500973642394.     
   8.8755399999999995E-003   16423190888652564.     
   8.8755399999999995E-003   16593485862660098.     
   8.8755299999999995E-003   16760521149935642.     
   8.8755299999999995E-003   16924421297412442.     
   8.8755299999999995E-003   17085304037380718.     
   8.8755299999999995E-003   17243278661078440.     
   8.8755299999999995E-003   17398446596396582.     
   8.8755299999999995E-003   17550886068944914.     
   8.8755299999999995E-003   17700688301792932.     
   8.8755299999999995E-003   17847960745380072.     
   8.8755299999999995E-003   18064328566721248.     
   8.8755299999999995E-003   18309959998563260.     
   8.8755299999999995E-003   18515083110992500.     
   8.8755299999999995E-003   18715364925397300.     
   8.8755199999999996E-003   18862483391788816.     
   8.8755199999999996E-003   18959159565470344.     
   8.8755199999999996E-003   19102169535044872.     
   8.8755199999999996E-003   19289028390091860.     
   8.8755199999999996E-003   19561689399616340.     
   8.8755199999999996E-003   19825043838644348.     
   8.8755199999999996E-003   19995941932098052.     
   8.8755199999999996E-003   20163109204541284.     
   8.8755199999999996E-003   20326630653138740.     
   8.8755199999999996E-003   20486607215163824.     
   8.8755099999999996E-003   20643038095056816.     
   8.8755099999999996E-003   20796055279053624.     
   8.8755099999999996E-003   20945644879480792.     
   8.8755099999999996E-003   21115984048235880.     
   8.8755099999999996E-003   21304966341493524.     
   8.8755099999999996E-003   21578003976080504.     
   8.8755099999999996E-003   21835982627912960.     
   8.8755099999999996E-003   22000917645522836.     
   8.8755099999999996E-003   22159599580177124.     
   8.8754999999999997E-003   22311811059644648.     
   8.8754999999999997E-003   22475342428947220.     
   8.8754999999999997E-003   22653746465695716.     
   8.8754999999999997E-003   22828766330992252.     
   8.8754999999999997E-003   23000585790261556.     
   8.8754999999999997E-003   23169349140172216.     
   8.8754999999999997E-003   23335240986193808.     
   8.8754999999999997E-003   23578547937520124.     
   8.8754899999999998E-003   23832495387823240.     
   8.8754899999999998E-003   24018744019251896.     
   8.8754899999999998E-003   24201781788561576.     
   8.8754899999999998E-003   24381821592300608.     
   8.8754899999999998E-003   24558986137443012.     
   8.8754899999999998E-003   24733433822730872.     
   8.8754799999999998E-003   24905310954984456.     
   8.8754799999999998E-003   25074721618794864.     
   8.8754799999999998E-003   25241806746702980.     
   8.8754799999999998E-003   25406647539898008.     
   8.8754799999999998E-003   25569341873010124.     
   8.8754799999999998E-003   25730004587954340.     
   8.8754799999999998E-003   25966979557472448.     
   8.8754699999999999E-003   26276935206405264.     
   8.8754699999999999E-003   26579987314090692.     
   8.8754699999999999E-003   26876647623474304.     
   8.8754699999999999E-003   27167300643506916.     
   8.8754599999999999E-003   27452268760330916.     
   8.8754599999999999E-003   27731882241904452.     
   8.8754599999999999E-003   28006434148941084.     
   8.8754599999999999E-003   28276157298096340.     
   8.8754500000000000E-003   28541307206066244.     
   8.8754500000000000E-003   28802109815428352.     
   8.8754500000000000E-003   29058734073429488.     
   8.8754500000000000E-003   29311404081960064.     
   8.8754400000000001E-003   29560248012786344.     
   8.8754400000000001E-003   29805429922332460.     
   8.8754400000000001E-003   30047071325202712.     
   8.8754400000000001E-003   30402683668540260.     
   8.8754300000000001E-003   30866339269563292.     
   8.8754300000000001E-003   31206560150776776.     
   8.8754300000000001E-003   31429489377237852.     
   8.8754300000000001E-003   31649660264749620.     
   8.8754200000000002E-003   31867143541950784.     
   8.8754200000000002E-003   32152866831720772.     
   8.8754200000000002E-003   32504086679034808.     
   8.8754200000000002E-003   32848687080461616.     
   8.8754100000000002E-003   33103181097088876.     
   8.8754100000000002E-003   33270798690226188.     
   8.8754100000000002E-003   33519254916653796.     
   8.8754100000000002E-003   33845814211710212.     
   8.8754000000000003E-003   34166861665704832.     
   8.8754000000000003E-003   34482718958191320.     
   8.8754000000000003E-003   34793554453464936.     
   8.8753900000000004E-003   35099620869786304.     
   8.8753900000000004E-003   35549737125884528.     
   8.8753900000000004E-003   35991472687292396.     
   8.8753800000000004E-003   36280696635610456.     
   8.8753800000000004E-003   36566232986840824.     
   8.8753800000000004E-003   36848248329935312.     
   8.8753700000000005E-003   37264614650413624.     
   8.8753700000000005E-003   37809461862274096.     
   8.8753600000000005E-003   38342656603618624.     
   8.8753600000000005E-003   38864889115847504.     
   8.8753500000000006E-003   39313550073734808.     
   8.8753500000000006E-003   39691999353855320.     
   8.8753500000000006E-003   40065130249279712.     
   8.8753400000000007E-003   40433147886496480.     
   8.8753400000000007E-003   40975211480936824.     
   8.8753300000000007E-003   41507421805293496.     
   8.8753300000000007E-003   41856023772437912.     
   8.8753300000000007E-003   42200035281427232.     
   8.8753200000000008E-003   42539544376214984.     
   8.8753200000000008E-003   43040242486000752.     
   8.8753100000000008E-003   43693723179801864.     
   8.8753100000000008E-003   44331067568255624.     
   8.8752999999999992E-003   44952989586578384.     
   8.8752899999999992E-003   45560222748809640.     
   8.8752899999999992E-003   46153337049720704.     
   8.8752799999999993E-003   46732910369458312.     
   8.8752799999999993E-003   47299464885846960.     
   8.8752699999999993E-003   47853484893709056.     
   8.8752599999999994E-003   48395696008353512.     
   8.8752599999999994E-003   48926838543296688.     
   8.8752499999999995E-003   49533122623126264.     
   8.8752499999999995E-003   50210337675917976.     
   8.8752399999999995E-003   50871488131198600.     
   8.8752299999999996E-003   51517648983755672.     
   8.8752299999999996E-003   52149829847428808.     
   8.8752199999999996E-003   52615772795316976.     
   8.8752199999999996E-003   52922163014829448.     
   8.8752099999999997E-003   53375660092449152.     
   8.8752099999999997E-003   53970743111983512.     
   8.8751999999999998E-003   54554827736888312.     
   8.8751899999999998E-003   55128506251152440.     
   8.8751899999999998E-003   55831203687212016.     
   8.8751799999999999E-003   56656126431172400.     
   8.8751699999999999E-003   57262556366377736.     
   8.8751600000000000E-003   57857264016767784.     
   8.8751600000000000E-003   58443040030892128.     
   8.8751500000000001E-003   58891382443297192.     
   8.8751500000000001E-003   59397069324351792.     
   8.8751400000000001E-003   59895686209444192.     
   8.8751300000000002E-003   60387458869916616.     
   8.8751300000000002E-003   61111782016014088.     
   8.8751200000000002E-003   61823292582288200.     
   8.8751100000000003E-003   62289329935488120.     
   8.8751100000000003E-003   62863131136782736.     
   8.8751000000000003E-003   63540201763102632.     
   8.8750900000000004E-003   64531347641193464.     
   8.8750800000000005E-003   65499607577501272.     
   8.8750700000000005E-003   66130449107008288.     
   8.8750600000000006E-003   66750971487938536.     
   8.8750600000000006E-003   67361703749867624.     
   8.8750500000000006E-003   68259401805994864.     
   8.8750300000000008E-003   69428291019466440.     
   8.8750200000000008E-003   70379497126974784.     
   8.8750099999999991E-003   71125669184284240.     
   8.8749999999999992E-003   71950902281551472.     
   8.8749899999999993E-003   72852310675634576.     
   8.8749799999999993E-003   73738417119664064.     
   8.8749699999999994E-003   74610607163619120.     
   8.8749599999999994E-003   75682240263693504.     
   8.8749499999999995E-003   76634117640878624.     
   8.8749399999999996E-003   77260601968142640.     
   8.8749299999999996E-003   77881526193506560.     
   8.8749199999999997E-003   78497009592644272.     
   8.8749199999999997E-003   79409253233201072.     
   8.8748999999999998E-003   80609752627562656.     
   8.8748899999999999E-003   81791410981693488.     
   8.8748799999999999E-003   82954571206402656.     
   8.8748600000000000E-003   84099473519386256.     
   8.8748500000000001E-003   85411613710422528.     
   8.8748300000000002E-003   86882603848654016.     
   8.8748200000000003E-003   88144692888026912.     
   8.8748000000000004E-003   89206705776326912.     
   8.8747900000000005E-003   90251189983167664.     
   8.8747800000000005E-003   91278353948729104.     
   8.8747700000000006E-003   92454700124151680.     
   8.8747500000000007E-003   93771961304199120.     
   8.8747400000000008E-003   95059912659214832.     
   8.8747199999999991E-003   96318956599080160.     
   8.8747099999999992E-003   97550261970812288.     
   8.8746899999999993E-003   98755035935388752.     
   8.8746799999999994E-003   99934482915724128.     
   8.8746699999999994E-003   1.0108970073295834E+017
   8.8746499999999996E-003   1.0222194207803654E+017
   8.8746399999999996E-003   1.0333263893709654E+017
   8.8746199999999997E-003   1.0469175068080891E+017
   8.8745999999999998E-003   1.0628475968718037E+017
   8.8745899999999999E-003   1.0758278624249533E+017
   8.8745700000000000E-003   1.0860237553685293E+017
   8.8745600000000001E-003   1.0960683529809152E+017
   8.8745500000000001E-003   1.1059718891751715E+017
   8.8745400000000002E-003   1.1205674670517005E+017
   8.8745100000000004E-003   1.1396330909156534E+017
   8.8744900000000005E-003   1.1536579995638342E+017
   8.8744800000000006E-003   1.1628701508880437E+017
   8.8744600000000007E-003   1.1742431905635603E+017
   8.8744500000000007E-003   1.1877084166502509E+017
   8.8744300000000009E-003   1.2009799116137043E+017
   8.8744099999999992E-003   1.2140666804268944E+017
   8.8743999999999993E-003   1.2291058545978616E+017
   8.8743799999999994E-003   1.2460211749743403E+017
   8.8743599999999995E-003   1.2585302375522576E+017
   8.8743499999999996E-003   1.2667772612927048E+017
   8.8743299999999997E-003   1.2790140321528803E+017
   8.8743099999999998E-003   1.2951142428939067E+017
   8.8742900000000000E-003   1.3109646526724310E+017
   8.8742700000000001E-003   1.3265744087321349E+017
   8.8742600000000001E-003   1.3419522877610858E+017
   8.8742400000000003E-003   1.3571079250714917E+017
   8.8742200000000004E-003   1.3794221821215054E+017
   8.8741800000000006E-003   1.4013286358100213E+017
   8.8741600000000007E-003   1.4156822814737845E+017
   8.8741400000000008E-003   1.4298563723085667E+017
   8.8741299999999992E-003   1.4438592550471050E+017
   8.8741099999999993E-003   1.4611279156928083E+017
   8.8740799999999995E-003   1.4815458527348384E+017
   8.8740599999999996E-003   1.4983239538269757E+017
   8.8740399999999997E-003   1.5115897837396192E+017
   8.8740199999999998E-003   1.5279841076624074E+017
   8.8739999999999999E-003   1.5474094172009776E+017
   8.8739800000000001E-003   1.5665676539683549E+017
   8.8739500000000002E-003   1.5854706244270992E+017
   8.8739300000000004E-003   1.6041288001524365E+017
   8.8739000000000005E-003   1.6225504270660576E+017
   8.8738800000000007E-003   1.6407432605301626E+017
   8.8738600000000008E-003   1.6587148260091338E+017
   8.8738399999999992E-003   1.6764715841918173E+017
   8.8738199999999993E-003   1.6940195532274547E+017
   8.8737899999999995E-003   1.7142307858974086E+017
   8.8737699999999996E-003   1.7370087548465574E+017
   8.8737399999999998E-003   1.7538785888730006E+017
   8.8737199999999999E-003   1.7650169512663981E+017
   8.8737099999999999E-003   1.7840035447027427E+017
   8.8736800000000001E-003   1.8105744465857053E+017
   8.8736400000000003E-003   1.8313977808826995E+017
   8.8736300000000004E-003   1.8466827555559501E+017
   8.8736100000000005E-003   1.8655743458911830E+017
   8.8735800000000007E-003   1.8879512326726211E+017
   8.8735499999999991E-003   1.9100130068473366E+017
   8.8735299999999993E-003   1.9317732689738646E+017
   8.8734999999999994E-003   1.9567905656852064E+017
   8.8734599999999997E-003   1.9849325474035530E+017
   8.8734299999999999E-003   2.0057441679044586E+017
   8.8734100000000000E-003   2.0194724725442557E+017
   8.8734000000000000E-003   2.0398535994248522E+017
   8.8733600000000003E-003   2.0666778161709018E+017
   8.8733300000000005E-003   2.0931061740003632E+017
   8.8733000000000006E-003   2.1191582899092762E+017
   8.8732700000000008E-003   2.1448537375311613E+017
   8.8732299999999993E-003   2.1702107460529405E+017
   8.8731999999999995E-003   2.1952456889220944E+017
   8.8731699999999997E-003   2.2199726495049382E+017
   8.8731399999999998E-003   2.2444043113728512E+017
   8.8731100000000000E-003   2.2685516846865667E+017
   8.8730800000000002E-003   2.2983392048992019E+017
   8.8730400000000004E-003   2.3335579787083782E+017
   8.8730000000000007E-003   2.3624862663821907E+017
   8.8729700000000009E-003   2.3853492383608429E+017
   8.8729399999999993E-003   2.4079791500252496E+017
   8.8729199999999994E-003   2.4303831757408547E+017
   8.8728899999999996E-003   2.4580719293057949E+017
   8.8728499999999998E-003   2.4908730834397117E+017
   8.8728100000000001E-003   2.5232169303353101E+017
   8.8727700000000003E-003   2.5551208385426899E+017
   8.8727300000000005E-003   2.5866004165964253E+017
   8.8727000000000007E-003   2.6176720020460240E+017
   8.8726599999999992E-003   2.6432704562421389E+017
   8.8726399999999993E-003   2.6635548160321562E+017
   8.8726099999999995E-003   2.6936625803497296E+017
   8.8725599999999998E-003   2.7332786518388038E+017
   8.8725200000000001E-003   2.7674623275087894E+017
   8.8724800000000003E-003   2.7964104078755226E+017
   8.8724500000000005E-003   2.8250516280704432E+017
   8.8724100000000007E-003   2.8533971150392243E+017
   8.8723799999999992E-003   2.8861004673331482E+017
   8.8723399999999994E-003   2.9230279843353555E+017
   8.8722899999999997E-003   2.9594908047333030E+017
   8.8722499999999999E-003   2.9955090655107232E+017
   8.8722100000000002E-003   3.0311012684563040E+017
   8.8721700000000004E-003   3.0662840501137498E+017
   8.8721300000000006E-003   3.1010713956162400E+017
   8.8720899999999991E-003   3.1354755843217613E+017
   8.8720499999999994E-003   3.1695080159831533E+017
   8.8720099999999996E-003   3.2031797619710547E+017
   8.8719699999999999E-003   3.2365010257536461E+017
   8.8719300000000001E-003   3.2694822131776576E+017
   8.8718900000000003E-003   3.3102325271368653E+017
   8.8718400000000006E-003   3.3584878214502234E+017
   8.8717799999999992E-003   3.3981800033163347E+017
   8.8717399999999995E-003   3.4295890789480928E+017
   8.8717099999999997E-003   3.4607070476437338E+017
   8.8716699999999999E-003   3.4915408829123539E+017
   8.8716400000000001E-003   3.5372540479874003E+017
   8.8715700000000005E-003   3.5973013070990246E+017
   8.8714999999999992E-003   3.6416833013035136E+017
   8.8714699999999994E-003   3.6709503992666208E+017
   8.8714299999999996E-003   3.7143840754613453E+017
   8.8713700000000000E-003   3.7715109420995066E+017
   8.8713000000000004E-003   3.8137924122913254E+017
   8.8712700000000005E-003   3.8417049030316019E+017
   8.8712400000000007E-003   3.8831757177060288E+017
   8.8711799999999993E-003   3.9378031860372416E+017
   8.8711199999999997E-003   3.9916815569334144E+017
   8.8710600000000001E-003   4.0448460990431763E+017
   8.8710000000000004E-003   4.0999688642731910E+017
   8.8709300000000008E-003   4.1723893269049126E+017
   8.8708399999999996E-003   4.2462063118515437E+017
   8.8707700000000000E-003   4.2914235297099245E+017
   8.8707400000000002E-003   4.3361531105881126E+017
   8.8706700000000006E-003   4.3951321675319053E+017
   8.8706099999999993E-003   4.4533635208945242E+017
   8.8705399999999997E-003   4.5108775311630810E+017
   8.8704800000000000E-003   4.5817762395887539E+017
   8.8703900000000006E-003   4.6655086415478714E+017
   8.8702999999999994E-003   4.7613721082433248E+017
   8.8701800000000001E-003   4.8687153691301843E+017
   8.8700600000000008E-003   4.9477730300861914E+017
   8.8700099999999994E-003   4.9997760365504826E+017
   8.8699499999999997E-003   5.0512544448923123E+017
   8.8698900000000001E-003   5.1022223097420717E+017
   8.8698400000000004E-003   5.1589627507191475E+017
   8.8697700000000008E-003   5.2213040615322176E+017
   8.8697099999999994E-003   5.2829242293618022E+017
   8.8696399999999998E-003   5.3438502128132966E+017
   8.8695800000000002E-003   5.4220348132477926E+017
   8.8694700000000008E-003   5.5168200181444704E+017
   8.8693699999999997E-003   5.6215975986029824E+017
   8.8692500000000004E-003   5.7358903264634048E+017
   8.8691299999999994E-003   5.8600235757519424E+017
   8.8689900000000002E-003   5.9934600564385050E+017
   8.8688499999999993E-003   6.0917523725510515E+017
   8.8687799999999997E-003   6.1564183989533440E+017
   8.8687200000000001E-003   6.2627197336759526E+017
   8.8685599999999993E-003   6.4088210036480141E+017
   8.8684100000000002E-003   6.5417408418195571E+017
   8.8682899999999992E-003   6.6323115484721907E+017
   8.8682299999999995E-003   6.6920262480857280E+017
   8.8681699999999999E-003   6.7610580232878784E+017
   8.8680800000000004E-003   6.8391618625960486E+017
   8.8680100000000008E-003   6.9547277810500634E+017
   8.8678500000000000E-003   7.1061850323330880E+017
   8.8676999999999992E-003   7.2547385263777562E+017
   8.8675500000000001E-003   7.3644016013430694E+017
   8.8674800000000005E-003   7.4366576057889907E+017
   8.8673999999999992E-003   7.5260666957608755E+017
   8.8672999999999998E-003   7.6321128395518272E+017
   8.8671900000000005E-003   7.7713920849346982E+017
   8.8670199999999998E-003   7.9424073172149440E+017
   8.8668500000000008E-003   8.1023849770699610E+017
   8.8666999999999999E-003   8.2518830652220826E+017
   8.8665600000000008E-003   8.3999998565453875E+017
   8.8664099999999999E-003   8.5467891848020723E+017
   8.8662700000000007E-003   8.7150701910359552E+017
   8.8660800000000001E-003   8.9037763993981734E+017
   8.8658999999999995E-003   9.0888249210821120E+017
   8.8657300000000005E-003   9.2704426242641050E+017
   8.8655499999999998E-003   9.4488372844881997E+017
   8.8653800000000008E-003   9.6242019565900314E+017
   8.8652200000000000E-003   9.7646156701926246E+017
   8.8651200000000006E-003   9.8713690165172147E+017
   8.8650099999999996E-003   9.9770946539319322E+017
   8.8649100000000002E-003   1.0081825625247012E+018
   8.8648200000000007E-003   1.0237056660387287E+018
   8.8646200000000001E-003   1.0440902330001009E+018
   8.8644299999999995E-003   1.0661067823521842E+018
   8.8642100000000008E-003   1.0896753847842159E+018
   8.8639900000000004E-003   1.1118250642642354E+018
   8.8637999999999998E-003   1.1326297715598541E+018
   8.8636099999999992E-003   1.1557095213901655E+018
   8.8633800000000006E-003   1.1809842582222851E+018
   8.8631600000000001E-003   1.2058785379791877E+018
   8.8629399999999997E-003   1.2304093418302154E+018
   8.8627199999999993E-003   1.2486546560059384E+018
   8.8626099999999999E-003   1.2668155461659213E+018
   8.8623999999999994E-003   1.2848101433208550E+018
   8.8623000000000000E-003   1.2991222815733509E+018
   8.8621499999999992E-003   1.3157279499950543E+018
   8.8620100000000000E-003   1.3321815899478134E+018
   8.8618700000000009E-003   1.3484876281072284E+018
   8.8617300000000000E-003   1.3703782777456230E+018
   8.8614999999999996E-003   1.3976801924996521E+018
   8.8612699999999992E-003   1.4248347153395786E+018
   8.8610400000000006E-003   1.4518497590081974E+018
   8.8608100000000002E-003   1.4828948972342694E+018
   8.8605200000000002E-003   1.5178069223941069E+018
   8.8602400000000001E-003   1.5436973147552087E+018
   8.8600999999999992E-003   1.5608747064420933E+018
   8.8599600000000001E-003   1.5865225169684818E+018
   8.8596800000000000E-003   1.6203723180463580E+018
   8.8594099999999999E-003   1.6537913426659845E+018
   8.8591399999999997E-003   1.6868025498355786E+018
   8.8588799999999995E-003   1.7236545805316664E+018
   8.8585599999999997E-003   1.7641903000073521E+018
   8.8582499999999998E-003   1.8042778301577390E+018
   8.8579399999999999E-003   1.8439435709625687E+018
   8.8576300000000000E-003   1.8831418313873510E+018
   8.8573300000000001E-003   1.9218981962313382E+018
   8.8570400000000001E-003   1.9527174040415076E+018
   8.8568599999999994E-003   1.9758533674799928E+018
   8.8566900000000004E-003   1.9987967395690995E+018
   8.8565199999999997E-003   2.0215529540652892E+018
   8.8563500000000007E-003   2.0556033626724022E+018
   8.8560099999999992E-003   2.1005779290692216E+018
   8.8556799999999995E-003   2.1488791901164621E+018
   8.8553000000000000E-003   2.2003651593792105E+018
   8.8549300000000004E-003   2.2513895428715238E+018
   8.8545599999999992E-003   2.3019828322596879E+018
   8.8541999999999996E-003   2.3413777076024069E+018
   8.8540000000000008E-003   2.3699568922649708E+018
   8.8538000000000002E-003   2.3984207525643428E+018
   8.8535999999999997E-003   2.4267733777727862E+018
   8.8534000000000009E-003   2.4620690518949202E+018
   8.8530999999999992E-003   2.5041116501175537E+018
   8.8528099999999992E-003   2.5531520674917560E+018
   8.8524199999999997E-003   2.6089284522791209E+018
   8.8520400000000003E-003   2.6642439815307085E+018
   8.8516600000000008E-003   2.7191260417971528E+018
   8.8512899999999995E-003   2.7599128585468954E+018
   8.8511100000000006E-003   2.7870239631370721E+018
   8.8509299999999999E-003   2.8176821581031168E+018
   8.8506999999999995E-003   2.8518123381146890E+018
   8.8504699999999992E-003   2.9027690086417981E+018
   8.8500200000000001E-003   2.9699784853733509E+018
   8.8495799999999993E-003   3.0198617172247388E+018
   8.8493600000000006E-003   3.0529888901595510E+018
   8.8491500000000001E-003   3.0896439431536179E+018
   8.8488899999999999E-003   3.1297460798960660E+018
   8.8486299999999997E-003   3.1694961045586586E+018
   8.8483699999999995E-003   3.2089047233819971E+018
   8.8481199999999992E-003   3.2485690322564434E+018
   8.8478600000000008E-003   3.2884848450221527E+018
   8.8476100000000005E-003   3.3481972266516209E+018
   8.8471100000000000E-003   3.4270244660893947E+018
   8.8466199999999995E-003   3.4855816119955625E+018
   8.8463699999999992E-003   3.5245429634395131E+018
   8.8461300000000007E-003   3.5671352955800202E+018
   8.8458400000000006E-003   3.6132758283973033E+018
   8.8455600000000006E-003   3.6590176633493693E+018
   8.8452800000000005E-003   3.7275879178414761E+018
   8.8447200000000004E-003   3.7960329866445614E+018
   8.8444500000000002E-003   3.8416454909934254E+018
   8.8441700000000002E-003   3.8868936156902538E+018
   8.8439000000000000E-003   3.9487749629683354E+018
   8.8434299999999993E-003   4.0267910866885601E+018
   8.8429700000000003E-003   4.1049122286082304E+018
   8.8424999999999997E-003   4.1825660583468462E+018
   8.8420400000000007E-003   4.2559108170126193E+018
   8.8416199999999997E-003   4.3252032761939313E+018
   8.8412100000000004E-003   4.3810893437631611E+018
   8.8409400000000003E-003   4.4242955581417006E+018
   8.8406800000000001E-003   4.4926954589646162E+018
   8.8401100000000000E-003   4.5855609783349878E+018
   8.8395599999999998E-003   4.6586008069249331E+018
   8.8392300000000000E-003   4.7124403066123315E+018
   8.8389200000000001E-003   4.7916376034314486E+018
   8.8383100000000003E-003   4.8963030239349217E+018
   8.8377100000000004E-003   5.0089327061750845E+018
   8.8370400000000009E-003   5.1285059192776161E+018
   8.8363799999999996E-003   5.2216535905715814E+018
   8.8360100000000000E-003   5.2892664156189921E+018
   8.8356400000000005E-003   5.3569505384898867E+018
   8.8352699999999992E-003   5.4247063172979763E+018
   8.8348999999999997E-003   5.5179752832662958E+018
   8.8342600000000000E-003   5.6359566035984302E+018
   8.8336300000000003E-003   5.7392472489739715E+018
   8.8331499999999997E-003   5.8283559772111974E+018
   8.8326800000000007E-003   5.9107272349205187E+018
   8.8322799999999996E-003   6.0241930995573699E+018
   8.8315000000000008E-003   6.1806198296154327E+018
   8.8306500000000007E-003   6.3016660559262996E+018
   8.8302399999999996E-003   6.3815185760663777E+018
   8.8298300000000003E-003   6.5003952862253885E+018
   8.8290299999999999E-003   6.6569923448222290E+018
   8.8282399999999994E-003   6.8069965765248829E+018
   8.8275200000000002E-003   6.9305083252152576E+018
   8.8269999999999998E-003   7.0325999806597960E+018
   8.8264999999999993E-003   7.1811550512323174E+018
   8.8255399999999998E-003   7.3744392440065741E+018
   8.8246100000000001E-003   7.5700923881548288E+018
   8.8236400000000006E-003   7.7680464034838948E+018
   8.8226999999999993E-003   7.9443408286653716E+018
   8.8219600000000002E-003   8.0998809487877868E+018
   8.8212299999999993E-003   8.2900394977855519E+018
   8.8201800000000004E-003   8.4579814299755008E+018
   8.8196600000000000E-003   8.5687506201082051E+018
   8.8191499999999996E-003   8.7230957330165258E+018
   8.8182399999999998E-003   8.9196425054333133E+018
   8.8173499999999998E-003   9.0722967392080486E+018
   8.8168499999999993E-003   9.1824064621250898E+018
   8.8163600000000005E-003   9.3223082030216294E+018
   8.8155999999999998E-003   9.4911949035576893E+018
   8.8148500000000008E-003   9.7055545262836572E+018
   8.8137000000000007E-003   9.9048665155922596E+018
   8.8130900000000009E-003   1.0064016462411702E+019
   8.8123100000000003E-003   1.0242032630428844E+019
   8.8115399999999997E-003   1.0459962845865634E+019
   8.8104299999999993E-003   1.0652624419398296E+019
   8.8098800000000008E-003   1.0779844431706982E+019
   8.8093400000000006E-003   1.0976707970308426E+019
   8.8082200000000003E-003   1.1175299378401829E+019
   8.8076600000000001E-003   1.1306441445348669E+019
   8.8071199999999999E-003   1.1449610926564616E+019
   8.8064700000000003E-003   1.1604519929345411E+019
   8.8058300000000006E-003   1.1801880590781788E+019
   8.8048399999999995E-003   1.2040253383212898E+019
   8.8038700000000001E-003   1.2239833763624298E+019
   8.8032000000000006E-003   1.2401888057098699E+019
   8.8025499999999993E-003   1.2563924774232488E+019
   8.8018899999999997E-003   1.2815285738794013E+019
   8.8005300000000009E-003   1.3151028504547533E+019
   8.7992100000000000E-003   1.3492793720975270E+019
   8.7978199999999996E-003   1.3753781866429131E+019
   8.7971400000000002E-003   1.3925763667730534E+019
   8.7964600000000007E-003   1.4193095122203253E+019
   8.7950500000000004E-003   1.4551238209056240E+019
   8.7936700000000000E-003   1.4914626742154297E+019
   8.7922199999999999E-003   1.5191460999550204E+019
   8.7915200000000006E-003   1.5373144530869133E+019
   8.7908199999999995E-003   1.5559245776841728E+019
   8.7900700000000005E-003   1.5749259914055545E+019
   8.7893399999999997E-003   1.5936751263289473E+019
   8.7886200000000005E-003   1.6121615959595911E+019
   8.7878999999999995E-003   1.6310585302818820E+019
   8.7871400000000006E-003   1.6503046698366263E+019
   8.7863999999999998E-003   1.6785834047860711E+019
   8.7849299999999998E-003   1.7067478695627592E+019
   8.7841499999999993E-003   1.7260043052203102E+019
   8.7833900000000003E-003   1.7448853409723701E+019
   8.7826299999999996E-003   1.7633880158111730E+019
   8.7818900000000005E-003   1.7823036940773954E+019
   8.7811000000000000E-003   1.8013421088196790E+019
   8.7803199999999994E-003   1.8199229214945362E+019
   8.7795500000000005E-003   1.8380843420955310E+019
   8.7787799999999999E-003   1.8564682564745490E+019
   8.7779799999999995E-003   1.8749990917108720E+019
   8.7771800000000007E-003   1.8930274905663701E+019
   8.7763900000000002E-003   1.9106052684957503E+019
   8.7756099999999997E-003   1.9283449165824999E+019
   8.7747899999999993E-003   1.9461838742504903E+019
   8.7739800000000007E-003   1.9634836135942935E+019
   8.7731700000000003E-003   1.9803370879992648E+019
   8.7723799999999998E-003   1.9973088377410425E+019
   8.7715399999999995E-003   2.0143908306542567E+019
   8.7707099999999993E-003   2.0309461355917201E+019
   8.7698900000000007E-003   2.0471285393745519E+019
   8.7690800000000003E-003   2.0634629449979036E+019
   8.7682200000000002E-003   2.0799658288024498E+019
   8.7673700000000000E-003   2.0960182694093070E+019
   8.7665399999999997E-003   2.1117825473887531E+019
   8.7657099999999995E-003   2.1277708837107323E+019
   8.7648399999999994E-003   2.1440062264335708E+019
   8.7639699999999994E-003   2.1598863613055128E+019
   8.7631199999999992E-003   2.1755621089210421E+019
   8.7622800000000008E-003   2.1915914171801502E+019
   8.7613799999999992E-003   2.2078311072121131E+019
   8.7604999999999992E-003   2.2234963125068222E+019
   8.7596299999999992E-003   2.2396552790128226E+019
   8.7587800000000007E-003   2.2655660789361680E+019
   8.7569699999999993E-003   2.2993930145452351E+019
   8.7552099999999994E-003   2.3243622715216450E+019
   8.7542799999999997E-003   2.3417412817982370E+019
   8.7533699999999999E-003   2.3588956336672293E+019
   8.7524700000000000E-003   2.3766540088117019E+019
   8.7515700000000002E-003   2.4055016024585724E+019
   8.7496999999999991E-003   2.4430027011456532E+019
   8.7478699999999996E-003   2.4705696890705338E+019
   8.7469100000000001E-003   2.4899578357814579E+019
   8.7459600000000005E-003   2.5192769924828266E+019
   8.7440999999999994E-003   2.5593007317885624E+019
   8.7421600000000006E-003   2.5893766090170782E+019
   8.7411999999999993E-003   2.6100208612504502E+019
   8.7402599999999997E-003   2.6436184846406185E+019
   8.7382799999999993E-003   2.6870562190300758E+019
   8.7363500000000004E-003   2.7300151827424145E+019
   8.7343400000000002E-003   2.7629051017802138E+019
   8.7333500000000008E-003   2.7848590246379950E+019
   8.7323699999999997E-003   2.8198472610446647E+019
   8.7303199999999997E-003   2.8664431955792056E+019
   8.7283099999999995E-003   2.9141291399400333E+019
   8.7262199999999998E-003   2.9628502678318891E+019
   8.7241799999999998E-003   2.9989344637329793E+019
   8.7231099999999992E-003   3.0240713521299124E+019
   8.7220500000000003E-003   3.0630899856666632E+019
   8.7198999999999992E-003   3.1144041075124683E+019
   8.7177999999999995E-003   3.1658460234763665E+019
   8.7156800000000000E-003   3.2193659799277003E+019
   8.7134699999999992E-003   3.2740521760901071E+019
   8.7113099999999999E-003   3.3144747519384048E+019
   8.7101699999999997E-003   3.3576890424351687E+019
   8.7079400000000008E-003   3.4068588136736735E+019
   8.7062700000000003E-003   3.4501724424238543E+019
   8.7045500000000001E-003   3.5015763277936415E+019
   8.7023099999999996E-003   3.5613431985716384E+019
   8.6999599999999996E-003   3.6136256191006269E+019
   8.6982399999999994E-003   3.6587620516179243E+019
   8.6964699999999995E-003   3.7062448389145166E+019
   8.6946999999999997E-003   3.7529753308610478E+019
   8.6929499999999996E-003   3.7982619746940404E+019
   8.6912599999999993E-003   3.8421002519593361E+019
   8.6896000000000004E-003   3.8810376451654730E+019
   8.6882399999999999E-003   3.9161284587219534E+019
   8.6868899999999992E-003   3.9538312399097610E+019
   8.6853599999999996E-003   3.9930721253589369E+019
   8.6838400000000000E-003   4.0319931744894755E+019
   8.6822700000000006E-003   4.0718489444413686E+019
   8.6807199999999994E-003   4.1212967688223785E+019
   8.6785000000000004E-003   4.1753207163710071E+019
   8.6763299999999995E-003   4.2182078045116858E+019
   8.6747500000000002E-003   4.2552047290371580E+019
   8.6731900000000008E-003   4.3020786318313374E+019
   8.6709100000000004E-003   4.3528410898581299E+019
   8.6686799999999998E-003   4.3930355437453795E+019
   8.6670400000000009E-003   4.4266919129214231E+019
   8.6654200000000001E-003   4.4590997094467740E+019
   8.6637899999999993E-003   4.4910039383271817E+019
   8.6621800000000002E-003   4.5298916935998636E+019
   8.6598600000000001E-003   4.5712691165183443E+019
   8.6576099999999996E-003   4.6064555395074376E+019
   8.6555799999999995E-003   4.6383125207003808E+019
   8.6536100000000008E-003   4.6683024935260266E+019
   8.6515900000000007E-003   4.6973920235529495E+019
   8.6496200000000002E-003   4.7277735254369206E+019
   8.6472600000000004E-003   4.7588158797418283E+019
   8.6449700000000001E-003   4.7884317161105351E+019
   8.6426100000000002E-003   4.8161431537509966E+019
   8.6403199999999999E-003   4.8371982737559945E+019
   8.6386499999999995E-003   4.8570186046459412E+019
   8.6370200000000005E-003   4.8875688356891902E+019
   8.6339799999999994E-003   4.9248644249308316E+019
   8.6310699999999994E-003   4.9543643227104109E+019
   8.6290399999999993E-003   4.9809866784753189E+019
   8.6270600000000006E-003   5.0098954237918659E+019
   8.6250500000000004E-003   5.0404648967558193E+019
   8.6230899999999999E-003   5.0903866505586663E+019
   8.6191500000000008E-003   5.1446099350027887E+019
   8.6171600000000004E-003   5.1845100947727319E+019
   8.6152299999999998E-003   5.2357084766258905E+019
   8.6125500000000001E-003   5.2827036643823239E+019
   8.6112500000000008E-003   5.3152910364596912E+019
   8.6099699999999998E-003   5.3686037266227511E+019
   8.6072900000000001E-003   5.4250417638231982E+019
   8.6059799999999992E-003   5.4746848201742385E+019
   8.6040200000000004E-003   5.5381475459828113E+019
   8.6020200000000002E-003   5.5937944360974172E+019
   8.6007099999999993E-003   5.6642448243206210E+019
   8.5980599999999994E-003   5.7386606021302288E+019
   8.5967300000000003E-003   5.7903061880352940E+019
   8.5954099999999995E-003   5.8575539882127901E+019
   8.5934300000000009E-003   5.9428396854754476E+019
   8.5914100000000007E-003   6.0169636172483854E+019
   8.5900799999999999E-003   6.0772897092415128E+019
   8.5887800000000007E-003   6.1740192230782435E+019
   8.5860499999999996E-003   6.2913314751599092E+019
   8.5840599999999993E-003   6.3777863609383035E+019
   8.5827100000000003E-003   6.4694860299598545E+019
   8.5806500000000004E-003   6.6015982940692513E+019
   8.5779700000000007E-003   6.7181413900298953E+019
   8.5765700000000004E-003   6.8213558764887884E+019
   8.5745000000000005E-003   6.9459452385233256E+019
   8.5724800000000004E-003   7.0989142697366766E+019
   8.5696599999999998E-003   7.2468530611433693E+019
   8.5679099999999998E-003   7.3625045053959414E+019
   8.5661899999999996E-003   7.5075308032222511E+019
   8.5637000000000005E-003   7.6785667215400288E+019
   8.5612599999999994E-003   7.8667334034352734E+019
   8.5583499999999993E-003   8.0229309145908249E+019
   8.5569300000000008E-003   8.1280413240058348E+019
   8.5555200000000005E-003   8.3119524804415996E+019
   8.5521699999999996E-003   8.5655036810546708E+019
   8.5489199999999998E-003   8.7618008901164122E+019
   8.5470400000000005E-003   8.9528471384583766E+019
   8.5440700000000008E-003   9.2101601336487625E+019
   8.5406600000000003E-003   9.4420191753649668E+019
   8.5383999999999998E-003   9.6143569064041169E+019
   8.5364499999999992E-003   9.7761095937657962E+019
   8.5345200000000003E-003   9.9776838516206502E+019
   8.5317599999999993E-003   1.0206449761317839E+020
   8.5290599999999998E-003   1.0423633327862641E+020
   8.5266600000000001E-003   1.0627867640515826E+020
   8.5243100000000002E-003   1.0801616838142045E+020
   8.5226699999999996E-003   1.0944701703597649E+020
   8.5210500000000005E-003   1.1155451258705281E+020
   8.5179399999999999E-003   1.1433218993397074E+020
   8.5149000000000006E-003   1.1636899139353941E+020
   8.5133299999999995E-003   1.1778811770314274E+020
   8.5117800000000000E-003   1.1953942006292169E+020
   8.5095399999999995E-003   1.2159322954074926E+020
   8.5073400000000004E-003   1.2422686716936217E+020
   8.5039000000000000E-003   1.2750945448807373E+020
   8.5004099999999999E-003   1.3108058323302919E+020
   8.4964900000000006E-003   1.3429050548147087E+020
   8.4938099999999992E-003   1.3696773642098922E+020
   8.4910799999999998E-003   1.4027521388797580E+020
   8.4872500000000000E-003   1.4468843067644379E+020
   8.4824299999999991E-003   1.4827770178013492E+020
   8.4803099999999996E-003   1.5049873880883973E+020
   8.4782099999999999E-003   1.5311879141557564E+020
   8.4753899999999993E-003   1.5619883373911943E+020
   8.4724799999999992E-003   1.5933436971964006E+020
   8.4696200000000006E-003   1.6253066497984142E+020
   8.4666600000000009E-003   1.6582333023270342E+020
   8.4636999999999993E-003   1.6914040994906237E+020
   8.4607699999999994E-003   1.7197106545437819E+020
   8.4587099999999995E-003   1.7549614283268184E+020
   8.4546599999999993E-003   1.8090810666928603E+020
   8.4495000000000004E-003   1.8612335876475221E+020
   8.4458799999999994E-003   1.9021592702778062E+020
   8.4427100000000008E-003   1.9413337626670898E+020
   8.4394899999999991E-003   1.9949486208727292E+020
   8.4340999999999999E-003   2.0512354035431417E+020
   8.4305500000000002E-003   2.0861669659970221E+020
   8.4286499999999993E-003   2.1263221236846504E+020
   8.4244000000000003E-003   2.1817312403374296E+020
   8.4202400000000007E-003   2.2246898290700419E+020
   8.4179500000000004E-003   2.2553980089291289E+020
   8.4156800000000000E-003   2.3010014149220168E+020
   8.4112900000000001E-003   2.3609381560037317E+020
   8.4069799999999997E-003   2.4034247943546611E+020
   8.4051799999999999E-003   2.4285625593997518E+020
   8.4034000000000001E-003   2.4713581823636940E+020
   8.3991599999999993E-003   2.5317434356301722E+020
   8.3949899999999997E-003   2.5768638178780253E+020
   8.3928400000000004E-003   2.6083452970815514E+020
   8.3906999999999992E-003   2.6530488522928079E+020
   8.3867999999999998E-003   2.7109656877876576E+020
   8.3829600000000001E-003   2.7603852614920235E+020
   8.3802700000000004E-003   2.8013923008926705E+020
   8.3776000000000007E-003   2.8483734064358533E+020
   8.3741800000000002E-003   2.9013037361602095E+020
   8.3708099999999994E-003   2.9619898566500627E+020
   8.3665000000000007E-003   3.0303057935030079E+020
   8.3622599999999998E-003   3.0934030487478587E+020
   8.3586700000000003E-003   3.1755120917356911E+020
   8.3522400000000004E-003   3.2524743993058709E+020
   8.3493800000000000E-003   3.3033154918870922E+020
   8.3461999999999998E-003   3.3570648389842869E+020
   8.3430599999999994E-003   3.4405596770751821E+020
   8.3365300000000000E-003   3.5536420829498946E+020
   8.3301499999999997E-003   3.6716466123963492E+020
   8.3233200000000004E-003   3.7945618741146288E+020
   8.3166500000000001E-003   3.8883490240919418E+020
   8.3130500000000006E-003   3.9553860566963526E+020
   8.3094999999999992E-003   4.0267302858320491E+020
   8.3055300000000002E-003   4.1024164182005757E+020
   8.3016099999999992E-003   4.1746050599102113E+020
   8.2980699999999994E-003   4.2433680698384050E+020
   8.2945799999999993E-003   4.3263830372261449E+020
   8.2896900000000006E-003   4.4236064674811045E+020
   8.2848699999999997E-003   4.5322597513971060E+020
   8.2789999999999999E-003   4.6520835114645232E+020
   8.2732499999999994E-003   4.7647572348812860E+020
   8.2681999999999999E-003   4.8707842337235495E+020
   8.2632299999999999E-003   4.9807966774692472E+020
   8.2578400000000007E-003   5.0862460079061323E+020
   8.2536199999999997E-003   5.1785700618039348E+020
   8.2494600000000001E-003   5.3037459545206116E+020
   8.2424300000000002E-003   5.4616771441460367E+020
   8.2355299999999996E-003   5.6124589260959121E+020
   8.2293999999999996E-003   5.7549757292254344E+020
   8.2233700000000007E-003   5.8878300775040562E+020
   8.2180299999999994E-003   6.0621272004023878E+020
   8.2089599999999995E-003   6.2174105679976766E+020
   8.2053600000000001E-003   6.3063729598418557E+020
   8.2018000000000004E-003   6.4395532602660330E+020
   8.1947700000000005E-003   6.6168612527176142E+020
   8.1878699999999999E-003   6.7616180663415787E+020
   8.1835499999999995E-003   6.8739028592060885E+020
   8.1792800000000006E-003   7.0064562806950527E+020
   8.1735200000000001E-003   7.1592601744271645E+020
   8.1678500000000008E-003   7.3301887126980067E+020
   8.1609200000000003E-003   7.5626544732427439E+020
   8.1510799999999998E-003   7.7987644782857893E+020
   8.1440999999999996E-003   7.9544303400642019E+020
   8.1401600000000005E-003   8.1315286008554521E+020
   8.1318799999999993E-003   8.3719979512372121E+020
   8.1237700000000006E-003   8.5555750039223088E+020
   8.1195099999999999E-003   8.6834726181533254E+020
   8.1152900000000007E-003   8.8110934359475500E+020
   8.1111099999999995E-003   8.9385797374607845E+020
   8.1069699999999998E-003   9.1377992575681797E+020
   8.0982699999999994E-003   9.4086474464748922E+020
   8.0897499999999997E-003   9.6877567658029993E+020
   8.0808400000000006E-003   9.9751308958745703E+020
   8.0721000000000005E-003   1.0195065009651395E+021
   8.0675100000000000E-003   1.0347661994165746E+021
   8.0629699999999992E-003   1.0500097431074282E+021
   8.0584699999999999E-003   1.0652373286769357E+021
   8.0540200000000003E-003   1.0890419349821749E+021
   8.0446600000000004E-003   1.1213726848210212E+021
   8.0354799999999994E-003   1.1458534849206301E+021
   8.0306700000000002E-003   1.1630108737487865E+021
   8.0259000000000007E-003   1.1801503706552435E+021
   8.0211799999999993E-003   1.1972709076592749E+021
   8.0164999999999993E-003   1.2240087026141328E+021
   8.0066800000000004E-003   1.2603535570926785E+021
   7.9970500000000003E-003   1.2976030822016911E+021
   7.9869899999999994E-003   1.3361281820499790E+021
   7.9771200000000007E-003   1.3656150565964318E+021
   7.9719400000000003E-003   1.3860579537712673E+021
   7.9668099999999995E-003   1.4064782708033559E+021
   7.9617400000000001E-003   1.4268832277330136E+021
   7.9567100000000005E-003   1.4587169312855766E+021
   7.9461500000000008E-003   1.5019780340434925E+021
   7.9357999999999998E-003   1.5346607957736022E+021
   7.9303700000000008E-003   1.5575920506344217E+021
   7.9249899999999998E-003   1.5804973374042116E+021
   7.9196600000000002E-003   1.6033742630943337E+021
   7.9143900000000003E-003   1.6390741791246128E+021
   7.9033200000000001E-003   1.6875830382795269E+021
   7.8924600000000004E-003   1.7374249578503738E+021
   7.8811300000000001E-003   1.7887764377390694E+021
   7.8700100000000002E-003   1.8280659096556646E+021
   7.8641800000000001E-003   1.8552919268245218E+021
   7.8584099999999997E-003   1.8824841780421649E+021
   7.8526900000000007E-003   1.9096501652100617E+021
   7.8470199999999997E-003   1.9519655293416828E+021
   7.8351400000000009E-003   2.0094465299027012E+021
   7.8234900000000007E-003   2.0528367503847963E+021
   7.8173800000000005E-003   2.0832517291432422E+021
   7.8113300000000000E-003   2.1287408649468670E+021
   7.7993999999999997E-003   2.1913197269370213E+021
   7.7869499999999999E-003   2.2396209620604200E+021
   7.7808100000000000E-003   2.2715705863738258E+021
   7.7747399999999996E-003   2.3214400085910917E+021
   7.7619999999999998E-003   2.3891574536764564E+021
   7.7495000000000003E-003   2.4401790933631595E+021
   7.7429500000000002E-003   2.4759945835126488E+021
   7.7364599999999997E-003   2.5211733261993829E+021
   7.7266499999999998E-003   2.5759921624892524E+021
   7.7169700000000001E-003   2.6316119377519177E+021
   7.7070400000000001E-003   2.6884201991028185E+021
   7.6972400000000002E-003   2.7469325506714445E+021
   7.6869800000000004E-003   2.8070040454138571E+021
   7.6768699999999997E-003   2.8681710543847917E+021
   7.6664799999999998E-003   2.9493513826288748E+021
   7.6500600000000002E-003   3.0372454306048335E+021
   7.6378399999999999E-003   3.1139361313998404E+021
   7.6255000000000003E-003   3.1921719902157936E+021
   7.6130599999999996E-003   3.2825328069319789E+021
   7.5973000000000004E-003   3.3746222367462282E+021
   7.5846700000000000E-003   3.4592162382225961E+021
   7.5715799999999996E-003   3.5462604499971909E+021
   7.5585000000000001E-003   3.6294747382281598E+021
   7.5468000000000002E-003   3.7067094143496288E+021
   7.5356599999999996E-003   3.7987356927075083E+021
   7.5198399999999999E-003   3.8973347461635553E+021
   7.5068100000000000E-003   3.9810583113605442E+021
   7.4951499999999999E-003   4.0634303525982815E+021
   7.4813700000000002E-003   4.1607119976301430E+021
   7.4662699999999997E-003   4.2444816817193883E+021
   7.4563399999999997E-003   4.3109770635946875E+021
   7.4423800000000002E-003   4.3909929977314888E+021
   7.4259499999999997E-003   4.4356174800411117E+021
   7.4101300000000000E-003   4.4735705984582382E+021
   7.3954800000000003E-003   4.4371964882105601E+021
   7.3814400000000004E-003   4.3473166268205215E+021
   7.3655700000000001E-003   4.1333694169947712E+021
   7.3593000000000000E-003   4.1377906123436180E+021
   7.3444699999999996E-003   3.6639730627005813E+021
   7.3250399999999997E-003   3.4583729647496085E+021
   7.3112699999999999E-003   3.0209497616445688E+021
   7.2979600000000000E-003   2.5105140644309542E+021
   7.2828299999999997E-003   2.2588431547651976E+021
   7.2689499999999997E-003   2.1213386339547124E+021
   7.2630600000000000E-003   1.9614124040262186E+021
   7.2572100000000000E-003   1.8235505629417140E+021
   7.2429199999999999E-003   1.7197179368279234E+021
   7.2371800000000002E-003   1.6671753236204235E+021
   7.2306300000000000E-003   1.5819657318619105E+021
   7.2255399999999999E-003   1.5757593044210263E+021
   7.2174400000000003E-003   1.5375579336522429E+021
   7.2122699999999998E-003   1.4943884339091905E+021
   7.2074100000000000E-003   1.4748806423398038E+021
   7.2030200000000001E-003   1.4826037629094978E+021
   7.1977800000000000E-003   1.4606288462944081E+021
   7.1919799999999997E-003   1.4551618611998915E+021
   7.1862200000000001E-003   1.4604167511872029E+021
   7.1827300000000000E-003   1.4664296149050608E+021
   7.1779599999999997E-003   1.4751297627103497E+021
   7.1755800000000000E-003   1.4820458405222912E+021
   7.1738100000000001E-003   1.4920805397751183E+021
   7.1696399999999997E-003   1.5025097037450775E+021
   7.1672600000000000E-003   1.5130999910104380E+021
   7.1639599999999996E-003   1.5266591442813429E+021
   7.1612400000000001E-003   1.5527417649591941E+021
   7.1551999999999996E-003   1.5902020264696412E+021
   7.1506800000000004E-003   1.6156113653461987E+021
   7.1455599999999996E-003   1.6695048090211307E+021
   7.1395699999999996E-003   1.7172342198203898E+021
   7.1348599999999998E-003   1.7598605594914859E+021
   7.1303699999999996E-003   1.8110939704461054E+021
   7.1260200000000003E-003   1.8531424397958059E+021
   7.1220600000000004E-003   1.9079348758315716E+021
   7.1170299999999999E-003   1.9529971476352540E+021
   7.1149600000000000E-003   1.9926518635513425E+021
   7.1108300000000003E-003   2.0425382693022878E+021
   7.1080900000000001E-003   2.0899397975864993E+021
   7.1039900000000001E-003   2.1353159482061066E+021
   7.1019400000000002E-003   2.1809443772583746E+021
   7.0979600000000004E-003   2.2426561940480309E+021
   7.0940800000000000E-003   2.2901219272283398E+021
   7.0921400000000002E-003   2.3279003322529987E+021
   7.0896199999999996E-003   2.3924740321096494E+021
   7.0846099999999999E-003   2.4813599960743553E+021
   7.0796200000000000E-003   2.5739032188126846E+021
   7.0746500000000000E-003   2.6456877484109783E+021
   7.0721700000000000E-003   2.6870865598899883E+021
   7.0703199999999997E-003   2.7426291937374555E+021
   7.0666200000000000E-003   2.8181179619654348E+021
   7.0629899999999999E-003   2.8940396884387053E+021
   7.0594100000000003E-003   2.9701158604943424E+021
   7.0558900000000004E-003   3.0462084900065321E+021
   7.0524300000000002E-003   3.1363432662718680E+021
   7.0479100000000001E-003   3.2209739711651455E+021
   7.0451300000000001E-003   3.2859254385668847E+021
   7.0423500000000002E-003   3.3716893002978270E+021
   7.0377900000000004E-003   3.4691339628823771E+021
   7.0342000000000000E-003   3.5520406239930362E+021
   7.0310399999999997E-003   3.6253743006264596E+021
   7.0282900000000004E-003   3.7208094249237516E+021
   7.0236999999999999E-003   3.8405164228324706E+021
   7.0188999999999998E-003   3.9960550195754120E+021
   7.0127000000000002E-003   4.1109819003335145E+021
   7.0097800000000002E-003   4.2058714246693886E+021
   7.0068700000000001E-003   4.3410513798097178E+021
   7.0025100000000000E-003   4.4080781949403713E+021
   6.9967199999999997E-003   4.6787652722666855E+021
   6.9938300000000004E-003   4.6592743839059144E+021
   6.9909600000000001E-003   4.7306144257255229E+021
   6.9864999999999997E-003   4.8907974037314638E+021
   6.9802400000000004E-003   5.1146868834071824E+021
   6.9766300000000002E-003   5.2229837243683732E+021
   6.9705000000000001E-003   5.4781053103934674E+021
   6.9644700000000004E-003   5.4569749283873101E+021
   6.9610399999999999E-003   5.5772976480925830E+021
   6.9588400000000000E-003   5.8050401436356261E+021
   6.9544400000000001E-003   5.8377064913927794E+021
   6.9491199999999996E-003   6.3945526018352601E+021
   6.9459900000000000E-003   6.2389566788161755E+021
   6.9409800000000002E-003   6.2293840931478800E+021
   6.9384900000000003E-003   6.2696773643511781E+021
   6.9336199999999997E-003   6.8392512208881907E+021
   6.9265200000000002E-003   6.7845696518039001E+021
   6.9216599999999996E-003   7.0678245561783844E+021
   6.9168199999999997E-003   7.1811431051997710E+021
   6.9085099999999997E-003   7.3089353100424255E+021
   6.9040799999999999E-003   7.5833719381033778E+021
   6.9004100000000001E-003   7.7846937890016073E+021
   6.8967400000000002E-003   8.0457975682903426E+021
   6.8940499999999997E-003   8.0061888165734022E+021
   6.8920400000000003E-003   8.2323145623157091E+021
   6.8883700000000004E-003   8.5015260575461037E+021
   6.8867900000000003E-003   8.7571283245504649E+021
   6.8842599999999997E-003   8.9497018963742310E+021
   6.8822199999999997E-003   9.2865414202556752E+021
   6.8806400000000004E-003   9.3046560546797220E+021
   6.8790700000000001E-003   9.4817536578148631E+021
   6.8777700000000001E-003   9.6008317094979059E+021
   6.8764799999999999E-003   9.7096720985273171E+021
   6.8751999999999997E-003   9.8796119567671335E+021
   6.8739200000000004E-003   1.0236129350443183E+022
   6.8713300000000001E-003   1.0319842103827794E+022
   6.8687399999999999E-003   1.0391720073562048E+022
   6.8676099999999997E-003   1.0406702654668812E+022
   6.8664700000000004E-003   1.0935436120228918E+022
   6.8646699999999998E-003   1.0960949561550308E+022
   6.8628700000000001E-003   1.0986459340206655E+022
   6.8610700000000004E-003   1.1011964838136957E+022
   6.8592699999999998E-003   1.1308772597248328E+022
   6.8552300000000004E-003   1.1522521075551801E+022
   6.8512099999999999E-003   1.1821223688288254E+022
   6.8422300000000004E-003   1.1902707687079503E+022
   6.8222600000000001E-003   1.2107694045535461E+022
   6.8043599999999997E-003   1.2301913045929543E+022
   6.7899700000000002E-003   1.2611823626815210E+022
   6.7765799999999999E-003   1.2980879316262706E+022
   6.7568500000000000E-003   1.3374088286031525E+022
   6.7383499999999997E-003   1.3675867207353357E+022
   6.7219300000000001E-003   1.3967953975999617E+022
   6.7055800000000000E-003   1.4285187913016379E+022
   6.6894199999999997E-003   1.4613453712577285E+022
   6.6706800000000000E-003   1.4918712120838831E+022
   6.6550799999999998E-003   1.5212410052126074E+022
   6.6391100000000002E-003   1.5517469648857007E+022
   6.6217200000000002E-003   1.5845406664027120E+022
   6.6031500000000003E-003   1.6220044470579248E+022
   6.5807499999999998E-003   1.6577208220591881E+022
   6.5641600000000003E-003   1.6920589122131487E+022
   6.5442499999999997E-003   1.7299892083400899E+022
   6.5245900000000003E-003   1.7635222052474450E+022
   6.5082999999999998E-003   1.7905716929884754E+022
   6.4976399999999998E-003   1.8184333283092316E+022
   6.4792100000000000E-003   1.8472807041570150E+022
   6.4679200000000003E-003   1.8798563271023421E+022
   6.4455700000000003E-003   1.9159902789517932E+022
   6.4293099999999997E-003   1.9483668792241295E+022
   6.4132099999999999E-003   1.9782068636402437E+022
   6.4000799999999998E-003   2.0049578176477798E+022
   6.3870600000000000E-003   2.0488418670870956E+022
   6.3568499999999998E-003   2.1093951267264354E+022
   6.3271700000000000E-003   2.1544885911976619E+022
   6.3136199999999998E-003   2.1934520208345803E+022
   6.2899699999999998E-003   2.2283257716460828E+022
   6.2798200000000002E-003   2.2652084752250724E+022
   6.2554300000000002E-003   2.3166225171155530E+022
   6.2313600000000000E-003   2.3589907254902186E+022
   6.2174600000000002E-003   2.3880036758890048E+022
   6.2036699999999997E-003   2.4260445224046183E+022
   6.1823499999999997E-003   2.4733543986381160E+022
   6.1612699999999999E-003   2.5133476424062373E+022
   6.1470600000000002E-003   2.5440977203171191E+022
   6.1329599999999998E-003   2.5924604938327807E+022
   6.1038999999999998E-003   2.6578873037159144E+022
   6.0752599999999999E-003   2.7121142173784640E+022
   6.0568400000000000E-003   2.7552469895127952E+022
   6.0385800000000000E-003   2.7910732858969020E+022
   6.0275299999999997E-003   2.8160413057106628E+022
   6.0165399999999999E-003   2.8599538115274735E+022
   5.9903400000000002E-003   2.9341920402880164E+022
   5.9539900000000002E-003   3.0122365714765342E+022
   5.9254700000000004E-003   3.0697965460356443E+022
   5.9075200000000003E-003   3.1207111713727137E+022
   5.8843699999999999E-003   3.1776910253971401E+022
   5.8614499999999998E-003   3.2458195950588211E+022
   5.8303399999999998E-003   3.3249657918145564E+022
   5.7989599999999997E-003   3.3865806284594583E+022
   5.7830700000000004E-003   3.4267770707305392E+022
   5.7673000000000004E-003   3.4891250339881165E+022
   5.7349999999999996E-003   3.5733277531124670E+022
   5.7031399999999998E-003   3.6601857360397722E+022
   5.6702699999999998E-003   3.7479311729322828E+022
   5.6378399999999999E-003   3.8373850737977227E+022
   5.6043899999999999E-003   3.9303057082358088E+022
   5.5713799999999999E-003   4.0228251868306581E+022
   5.5373400000000000E-003   4.1185400219493992E+022
   5.5037400000000000E-003   4.2164256242551981E+022
   5.4690900000000002E-003   4.3149512141755084E+022
   5.4348799999999996E-003   4.3906159186062747E+022
   5.4173800000000003E-003   4.4414677196158863E+022
   5.3999900000000003E-003   4.5193505058065708E+022
   5.3644100000000000E-003   4.6248124948039963E+022
   5.3292599999999997E-003   4.7045657277341299E+022
   5.3112899999999998E-003   4.7587781893473738E+022
   5.2934200000000001E-003   4.8415405303012574E+022
   5.2572499999999998E-003   4.9533580555771359E+022
   5.2207599999999996E-003   5.0675315834552408E+022
   5.1839299999999998E-003   5.1841397302958534E+022
   5.1467600000000002E-003   5.3032716503450600E+022
   5.1092600000000000E-003   5.4250096572653671E+022
   5.0714000000000002E-003   5.5494507663443003E+022
   5.0331999999999998E-003   5.6766610141862171E+022
   4.9946399999999998E-003   5.8067014063478001E+022
   4.9557200000000003E-003   5.9397897049698183E+022
   4.9164400000000002E-003   6.0385077926553545E+022
   4.8965600000000003E-003   6.1082540427284580E+022
   4.8767799999999998E-003   6.1767809322977480E+022
   4.8567200000000001E-003   6.2480953902249087E+022
   4.8367499999999999E-003   6.3413291061656288E+022
   4.8049800000000004E-003   6.4541618668531339E+022
   4.7734300000000004E-003   6.5477123957562047E+022
   4.7528700000000002E-003   6.6222773781436620E+022
   4.7324000000000003E-003   6.6987957935764635E+022
   4.7116500000000004E-003   6.7759078912688245E+022
   4.6909800000000000E-003   6.8542173020308143E+022
   4.6700200000000004E-003   6.9334506912715943E+022
   4.6491500000000003E-003   7.0141088355093701E+022
   4.6279800000000003E-003   7.0959122360283542E+022
   4.6068999999999997E-003   7.1789356461236712E+022
   4.5855300000000000E-003   7.2634009776966108E+022
   4.5642399999999998E-003   7.3491062970592958E+022
   4.5426499999999996E-003   7.4364743590913570E+022
   4.5211399999999999E-003   7.5255066598023493E+022
   4.4993400000000001E-003   7.6160301253442759E+022
   4.4776099999999999E-003   7.7080602542767933E+022
   4.4555899999999997E-003   7.8021390774100271E+022
   4.4336300000000000E-003   7.8982525788643465E+022
   4.4113800000000003E-003   7.9962135765896070E+022
   4.3892000000000002E-003   8.0964608845054881E+022
   4.3667200000000002E-003   8.1983120692477885E+022
   4.3443099999999997E-003   8.3032612294028698E+022
   4.3215900000000002E-003   8.4105535574862593E+022
   4.2989400000000002E-003   8.5207674007189430E+022
   4.2759800000000004E-003   8.6336241306255061E+022
   4.2530800000000002E-003   8.7495190442138294E+022
   4.2299700000000004E-003   8.8688772391986073E+022
   4.2067299999999997E-003   8.9917761524612792E+022
   4.1833599999999997E-003   9.1184747162993640E+022
   4.1598700000000004E-003   9.2490381491623107E+022
   4.1362400000000002E-003   9.3842925115505071E+022
   4.1124800000000000E-003   9.5239737060694478E+022
   4.0885899999999996E-003   9.6694878787086833E+022
   4.0645600000000000E-003   9.8202862680199397E+022
   4.0404000000000004E-003   9.9770124786421887E+022
   4.0160999999999999E-003   1.0140385200230368E+023
   3.9916500000000002E-003   1.0310253008056587E+023
   3.9670599999999997E-003   1.0486993758509668E+023
   3.9423300000000000E-003   1.0671322610995876E+023
   3.9174500000000003E-003   1.0863335198754217E+023
   3.8924099999999998E-003   1.1063280715988560E+023
   3.8672300000000001E-003   1.1273111094014521E+023
   3.8418900000000001E-003   1.1492470486561033E+023
   3.8164000000000002E-003   1.1723715254929668E+023
   3.7907399999999999E-003   1.1970109412047868E+023
   3.7649300000000001E-003   1.2233497073316550E+023
   3.7389500000000000E-003   1.2510193221900840E+023
   3.7128000000000000E-003   1.2794725697387684E+023
   3.6864799999999998E-003   1.3083725825260492E+023
   3.6599900000000001E-003   1.3377141086839494E+023
   3.6333200000000002E-003   1.3674928626030530E+023
   3.6064700000000001E-003   1.3977050548616238E+023
   3.5794300000000002E-003   1.4283476951426105E+023
   3.5522100000000001E-003   1.4594180091152471E+023
   3.5247999999999998E-003   1.4909137769187256E+023
   3.4971899999999998E-003   1.5228330717580978E+023
   3.4693900000000001E-003   1.5551741565510828E+023
   3.4413800000000000E-003   1.5879355653139381E+023
   3.4131600000000002E-003   1.6211159282978314E+023
   3.3847299999999999E-003   1.6547140564922558E+023
   3.3560899999999999E-003   1.6887290083260086E+023
   3.3272200000000001E-003   1.7231595731727260E+023
   3.2981199999999999E-003   1.7580049450924610E+023
   3.2688000000000001E-003   1.7932641162080105E+023
   3.2392300000000001E-003   1.8289361453472689E+023
   3.2094200000000002E-003   1.8650200145355135E+023
   3.1793699999999999E-003   1.9015148203940182E+023
   3.1490500000000000E-003   1.9384194583264499E+023
   3.1184699999999999E-003   1.9757328256650383E+023
   3.0876200000000001E-003   2.0134536921065876E+023
   3.0565000000000002E-003   2.0515806777383845E+023
   3.0250799999999999E-003   2.0901124015842457E+023
   2.9933799999999999E-003   2.1290472259724722E+023
   2.9613700000000001E-003   2.1683834878387951E+023
   2.9290399999999999E-003   2.2081191227985835E+023
   2.8963999999999999E-003   2.2482520656486660E+023
   2.8634200000000002E-003   2.2887800127243735E+023
   2.8300999999999999E-003   2.3297004669059079E+023
   2.7964299999999999E-003   2.3710104146880973E+023
   2.7623800000000000E-003   2.4127069712149082E+023
   2.7279600000000002E-003   2.4547867696209844E+023
   2.6931400000000001E-003   2.4972459832656663E+023
   2.6579199999999998E-003   2.5400807938745056E+023
   2.6222699999999999E-003   2.5832866055271593E+023
   2.5861800000000000E-003   2.6268587727615357E+023
   2.5496300000000002E-003   2.6707920894085453E+023
   2.5125999999999998E-003   2.7150807423566302E+023
   2.4750699999999998E-003   2.7597187865478231E+023
   2.4370199999999998E-003   2.8046995245731897E+023
   2.3984200000000001E-003   2.8500155838527779E+023
   2.3592600000000002E-003   2.8956591771107671E+023
   2.3194900000000000E-003   2.9415812421775992E+023
   2.2790900000000001E-003   2.9880966816378349E+023
   2.2380299999999998E-003   3.0349115554135062E+023
   2.1962700000000002E-003   3.0820145643954931E+023
   2.1537700000000002E-003   3.1293940274384018E+023
   2.1104800000000001E-003   3.1770366018533556E+023
   2.0663700000000001E-003   3.2248547981269061E+023
   2.0213599999999998E-003   3.2732021096872453E+023
   1.9754099999999999E-003   3.3217891837062322E+023
   1.9284500000000000E-003   3.3705467138328744E+023
   1.8807200000000000E-003   3.4198224685846834E+023
   1.8311800000000000E-003   3.4692343796794912E+023
   1.7806899999999999E-003   3.5186532471399151E+023
   1.7288300000000000E-003   3.5575585454236548E+023
   1.6892400000000001E-003   3.5972323104169962E+023
   1.6481600000000001E-003   3.6555337069104071E+023
   1.5707900000000001E-003   3.6994863950740760E+023
   1.5274700000000000E-003   3.7406298866528141E+023
   1.4820499999999999E-003   3.8024455980436647E+023
   1.3879000000000001E-003   3.8570198290213438E+023
   1.3229100000000001E-003   3.9084976808947219E+023
   1.2551200000000000E-003   3.9539753560372547E+023
   1.1802500000000001E-003   4.0076936387463139E+023
   1.1005300000000000E-003   4.0543072639049970E+023
   1.0087500000000001E-003   4.1133307231541750E+023
   8.9930000000000001E-004   4.1801190557516678E+023
   7.0638000000000005E-004   4.2203247386907249E+023
   5.6780000000000003E-004   4.2641868226039171E+023
   4.8412999999999999E-004   4.2853677723268537E+023
   3.8296000000000001E-004   4.2890841851147339E+023
   3.1385000000000001E-004   4.3114153797581245E+023
   2.5071000000000002E-004   4.2968012573511283E+023
   2.0164000000000000E-004   4.3216795700015693E+023
   1.6416000000000000E-004   4.3172494901802057E+023
   1.3642999999999999E-004   4.3286419651574351E+023
   1.1689000000000000E-004   4.3264112449047480E+023
   1.0404000000000000E-004   4.3319871208595122E+023
   8.6870000000000000E-005   4.3339615323503568E+023
   6.8940000000000001E-005   4.3344145594544416E+023
   5.4719999999999998E-005   4.3375052634533075E+023
   4.3430000000000003E-005   4.3379538278053131E+023
   3.4470000000000000E-005   4.3381148685993521E+023
   2.7359999999999999E-005   4.3394243344792405E+023
   2.1710000000000001E-005   4.3395207227449337E+023
   1.7229999999999999E-005   4.3401423971221617E+023
   1.3679999999999999E-005   4.3407556446335981E+023
