   8.9321999999999995E-003   286398105805213.38     
   8.9321599999999998E-003   451859288910571.19     
   8.9321399999999999E-003   570465810779847.88     
   8.9321299999999999E-003   667724042970950.00     
   8.9321100000000000E-003   752314389497351.12     
   8.9321000000000001E-003   828770920562395.75     
   8.9321000000000001E-003   899247573008227.25     
   8.9320900000000002E-003   964990237922831.75     
   8.9320800000000002E-003   1026895593844165.0     
   8.9320700000000003E-003   1085641180595106.6     
   8.9320700000000003E-003   1141753525335434.2     
   8.9320600000000003E-003   1195632731197389.5     
   8.9320600000000003E-003   1247573928708850.8     
   8.9320500000000004E-003   1297804270789280.8     
   8.9320500000000004E-003   1346513487527098.5     
   8.9320400000000005E-003   1393858452135089.5     
   8.9320400000000005E-003   1439963138873809.0     
   8.9320400000000005E-003   1484913737215246.0     
   8.9320300000000005E-003   1528778198890299.2     
   8.9320300000000005E-003   1571610552293636.8     
   8.9320200000000006E-003   1623674718988330.0     
   8.9320200000000006E-003   1684378765058586.2     
   8.9320100000000006E-003   1743163462725884.8     
   8.9320100000000006E-003   1800191335264777.2     
   8.9320000000000007E-003   1846562685926645.5     
   8.9320000000000007E-003   1882874561176104.2     
   8.9320000000000007E-003   1918583884415251.8     
   8.9320000000000007E-003   1953731196637978.2     
   8.9319900000000008E-003   1996878472568464.0     
   8.9319900000000008E-003   2047734749455226.0     
   8.9319900000000008E-003   2097610650246655.2     
   8.9319800000000008E-003   2146595620113793.5     
   8.9319800000000008E-003   2186830839775603.2     
   8.9319800000000008E-003   2218599976952262.0     
   8.9319699999999991E-003   2250045043544974.5     
   8.9319699999999991E-003   2281181273711668.0     
   8.9319699999999991E-003   2327252373842410.5     
   8.9319699999999991E-003   2372867333333309.5     
   8.9319599999999992E-003   2402899853221049.5     
   8.9319599999999992E-003   2447413347855466.0     
   8.9319599999999992E-003   2506032937813117.5     
   8.9319499999999993E-003   2563749390748827.0     
   8.9319499999999993E-003   2620598149433581.5     
   8.9319499999999993E-003   2662737423791425.5     
   8.9319399999999993E-003   2690539099024207.0     
   8.9319399999999993E-003   2718142482511958.0     
   8.9319399999999993E-003   2745552846832528.0     
   8.9319399999999993E-003   2786270724163091.0     
   8.9319399999999993E-003   2839999050203352.5     
   8.9319299999999994E-003   2893045895714047.5     
   8.9319299999999994E-003   2945447026246757.5     
   8.9319299999999994E-003   3005768650576494.5     
   8.9319199999999994E-003   3073797122387076.0     
   8.9319199999999994E-003   3140879585094169.5     
   8.9319099999999995E-003   3207084409549251.0     
   8.9319099999999995E-003   3272464815894451.0     
   8.9319099999999995E-003   3337057410913222.5     
   8.9318999999999996E-003   3400884520372195.0     
   8.9318999999999996E-003   3463956756440685.0     
   8.9318999999999996E-003   3533982347224009.0     
   8.9318899999999996E-003   3610675636437628.5     
   8.9318899999999996E-003   3686149164368455.5     
   8.9318899999999996E-003   3741970893520226.5     
   8.9318799999999997E-003   3778768034895580.5     
   8.9318799999999997E-003   3833333328095335.0     
   8.9318799999999997E-003   3904992857265414.0     
   8.9318799999999997E-003   3975361766015558.5     
   8.9318699999999997E-003   4044455341744286.5     
   8.9318699999999997E-003   4112292475905924.5     
   8.9318699999999997E-003   4178897485950999.0     
   8.9318599999999998E-003   4244294061178206.5     
   8.9318599999999998E-003   4308509872699892.5     
   8.9318599999999998E-003   4371575968761438.5     
   8.9318499999999999E-003   4433533482069586.0     
   8.9318499999999999E-003   4524407492724936.0     
   8.9318399999999999E-003   4627741985223847.0     
   8.9318399999999999E-003   4714017387172920.0     
   8.9318399999999999E-003   4798360930282296.0     
   8.9318300000000000E-003   4860469228738798.0     
   8.9318300000000000E-003   4901294189803918.0     
   8.9318300000000000E-003   4961688357866423.0     
   8.9318200000000000E-003   5040844693161859.0     
   8.9318200000000000E-003   5156451551423999.0     
   8.9318100000000001E-003   5269046162948134.0     
   8.9318100000000001E-003   5342205354653560.0     
   8.9318100000000001E-003   5413987883521805.0     
   8.9318000000000002E-003   5484439164832683.0     
   8.9318000000000002E-003   5553602316985654.0     
   8.9318000000000002E-003   5621519160691426.0     
   8.9317900000000002E-003   5688231080519093.0     
   8.9317900000000002E-003   5753780494966977.0     
   8.9317900000000002E-003   5828806961052853.0     
   8.9317800000000003E-003   5912810426404543.0     
   8.9317800000000003E-003   6035207642306912.0     
   8.9317700000000003E-003   6154258219843039.0     
   8.9317700000000003E-003   6231499338867020.0     
   8.9317600000000004E-003   6307249765541608.0     
   8.9317600000000004E-003   6381581856765054.0     
   8.9317600000000004E-003   6463558736498552.0     
   8.9317500000000005E-003   6552790878800575.0     
   8.9317500000000005E-003   6640129851942789.0     
   8.9317400000000005E-003   6725654073461499.0     
   8.9317400000000005E-003   6809439840573189.0     
   8.9317400000000005E-003   6891565178030141.0     
   8.9317300000000006E-003   7011543371119318.0     
   8.9317200000000006E-003   7136404136742264.0     
   8.9317200000000006E-003   7227567145549890.0     
   8.9317100000000007E-003   7316859584727751.0     
   8.9317100000000007E-003   7404362787946166.0     
   8.9317100000000007E-003   7490148121522855.0     
   8.9317000000000007E-003   7574292354167711.0     
   8.9317000000000007E-003   7656884129314708.0     
   8.9316900000000008E-003   7738002561482507.0     
   8.9316900000000008E-003   7817719355877673.0     
   8.9316799999999991E-003   7896097370077267.0     
   8.9316799999999991E-003   7973194474379163.0     
   8.9316799999999991E-003   8049076207433733.0     
   8.9316699999999992E-003   8160520789919757.0     
   8.9316599999999993E-003   8305810356037533.0     
   8.9316599999999993E-003   8447323835455655.0     
   8.9316499999999993E-003   8585377960697328.0     
   8.9316399999999994E-003   8720164612369575.0     
   8.9316299999999994E-003   8851883314732179.0     
   8.9316299999999994E-003   8980757701557372.0     
   8.9316199999999995E-003   9107001896935298.0     
   8.9316099999999995E-003   9230771342202596.0     
   8.9316099999999995E-003   9352181222803104.0     
   8.9315999999999996E-003   9471312740013282.0     
   8.9315899999999997E-003   9588237783648770.0     
   8.9315899999999997E-003   9703083046211254.0     
   8.9315799999999997E-003   9815987320740322.0     
   8.9315799999999997E-003   9927078084578854.0     
   8.9315699999999998E-003   10036470573733526.     
   8.9315599999999998E-003   10197215526182148.     
   8.9315499999999999E-003   10406747788623454.     
   8.9315400000000000E-003   10560479596220170.     
   8.9315300000000000E-003   10661116264841316.     
   8.9315300000000000E-003   10760493301586878.     
   8.9315200000000001E-003   10858613996037414.     
   8.9315200000000001E-003   10987335517363384.     
   8.9315100000000001E-003   11145391524571792.     
   8.9315000000000002E-003   11300152957767556.     
   8.9314900000000003E-003   11414343490132672.     
   8.9314900000000003E-003   11489383403082346.     
   8.9314800000000003E-003   11600351219006382.     
   8.9314800000000003E-003   11745990515169786.     
   8.9314700000000004E-003   11888708327997056.     
   8.9314600000000004E-003   12028566578107384.     
   8.9314500000000005E-003   12165781718647038.     
   8.9314400000000006E-003   12300569841061870.     
   8.9314400000000006E-003   12498001205661172.     
   8.9314200000000007E-003   12691788546288654.     
   8.9314100000000007E-003   12818208741455390.     
   8.9314100000000007E-003   12942786834375040.     
   8.9314000000000008E-003   13065626061354118.     
   8.9313900000000009E-003   13246497582772686.     
   8.9313799999999992E-003   13482959537052892.     
   8.9313599999999993E-003   13713831556551258.     
   8.9313499999999994E-003   13939474792802204.     
   8.9313399999999994E-003   14133113562897028.     
   8.9313299999999995E-003   14296200974228902.     
   8.9313199999999995E-003   14456843204247326.     
   8.9313099999999996E-003   14615113307441828.     
   8.9312999999999997E-003   14847696732072380.     
   8.9312799999999998E-003   15076341146660710.     
   8.9312699999999998E-003   15225836122479292.     
   8.9312599999999999E-003   15373350082791234.     
   8.9312599999999999E-003   15518958303768510.     
   8.9312500000000000E-003   15733511153883874.     
   8.9312300000000001E-003   16014039273235606.     
   8.9312100000000002E-003   16287931939275602.     
   8.9312000000000002E-003   16555580256913308.     
   8.9311800000000004E-003   16817365071749668.     
   8.9311700000000004E-003   17073607790773966.     
   8.9311500000000005E-003   17324552524280338.     
   8.9311400000000006E-003   17570441733753860.     
   8.9311200000000007E-003   17811625121632046.     
   8.9311100000000008E-003   18048431569738264.     
   8.9310899999999992E-003   18281134374007304.     
   8.9310799999999992E-003   18547516840062800.     
   8.9310599999999993E-003   18846014673039116.     
   8.9310399999999995E-003   19138336754143872.     
   8.9310299999999995E-003   19424920131289748.     
   8.9310099999999996E-003   19706069250650232.     
   8.9309899999999998E-003   19913764966206968.     
   8.9309799999999998E-003   20050501828588832.     
   8.9309699999999999E-003   20253132758048192.     
   8.9309599999999999E-003   20519709919905784.     
   8.9309400000000001E-003   20781998279163756.     
   8.9309300000000001E-003   21040134938021372.     
   8.9309100000000002E-003   21356710448044968.     
   8.9308900000000004E-003   21728896206518720.     
   8.9308600000000005E-003   22003048404463820.     
   8.9308500000000006E-003   22272024553905712.     
   8.9308300000000007E-003   22537689044476284.     
   8.9308200000000008E-003   22741188577644964.     
   8.9308100000000008E-003   22971011015456004.     
   8.9307899999999992E-003   23197879995265064.     
   8.9307799999999993E-003   23421895839938164.     
   8.9307699999999993E-003   23752325282969476.     
   8.9307399999999995E-003   24077798176744912.     
   8.9307199999999996E-003   24291348648841056.     
   8.9307099999999997E-003   24554717369000904.     
   8.9306899999999998E-003   24866178029492944.     
   8.9306699999999999E-003   25323442986631624.     
   8.9306400000000001E-003   25772054945337104.     
   8.9306200000000002E-003   26065200146883300.     
   8.9306000000000003E-003   26354178972195276.     
   8.9305800000000005E-003   26639134979552124.     
   8.9305600000000006E-003   27058809497719656.     
   8.9305300000000008E-003   27606957738515676.     
   8.9304999999999992E-003   28054131963307444.     
   8.9304699999999994E-003   28405344720229764.     
   8.9304499999999995E-003   28794015091690472.     
   8.9304299999999996E-003   29218546291294748.     
   8.9303999999999998E-003   29635482891033200.     
   8.9303700000000000E-003   30045203830902748.     
   8.9303500000000001E-003   30547473153898164.     
   8.9303100000000003E-003   30992053885123948.     
   8.9302900000000004E-003   31283979378194484.     
   8.9302700000000006E-003   31572752272960848.     
   8.9302600000000006E-003   31858479805087808.     
   8.9302400000000007E-003   32281111773468928.     
   8.9301999999999992E-003   32835496726353104.     
   8.9301699999999994E-003   33379261020093856.     
   8.9301399999999996E-003   33912883823730696.     
   8.9300999999999998E-003   34436896503469752.     
   8.9300700000000000E-003   35036506477562728.     
   8.9300300000000003E-003   35708159811846612.     
   8.9299900000000005E-003   36284535131409560.     
   8.9299600000000007E-003   36770073613692600.     
   8.9299300000000009E-003   37248436200203104.     
   8.9298999999999993E-003   37720036885228752.     
   8.9298699999999995E-003   38261838363780888.     
   8.9298299999999997E-003   38870836890853512.     
   8.9297999999999999E-003   39468565912142280.     
   8.9297600000000001E-003   40055066069287400.     
   8.9297200000000004E-003   40630847508383856.     
   8.9296900000000005E-003   41196857700339664.     
   8.9296500000000008E-003   41754058705145552.     
   8.9296199999999992E-003   42303176408513840.     
   8.9295899999999994E-003   42844685996440216.     
   8.9295499999999996E-003   43379019241824160.     
   8.9295199999999998E-003   44036991189176648.     
   8.9294700000000001E-003   44814176701385496.     
   8.9294300000000004E-003   45452063305533480.     
   8.9293900000000006E-003   45955636939338224.     
   8.9293600000000008E-003   46453746265612784.     
   8.9293299999999992E-003   46946609660398000.     
   8.9292999999999994E-003   47675725384468736.     
   8.9292499999999997E-003   48632232502350336.     
   8.9291900000000000E-003   49337745299964296.     
   8.9291600000000002E-003   49801625462754368.     
   8.9291300000000004E-003   50374350644299344.     
   8.9290900000000006E-003   51051635782976824.     
   8.9290499999999991E-003   51718118765183760.     
   8.9290099999999994E-003   52374423447350120.     
   8.9289699999999996E-003   53128044575078664.     
   8.9289199999999999E-003   53975582731999664.     
   8.9288700000000002E-003   54602695186996920.     
   8.9288500000000003E-003   55016353864725096.     
   8.9288200000000005E-003   55630434972907272.     
   8.9287800000000007E-003   56438934211376976.     
   8.9287299999999993E-003   57235461418081576.     
   8.9286799999999996E-003   58020612294845624.     
   8.9286399999999998E-003   59177091487290920.     
   8.9285500000000004E-003   60685856104520096.     
   8.9284599999999992E-003   61793366753955928.     
   8.9284199999999994E-003   62519666821163816.     
   8.9283699999999997E-003   63237245757743088.     
   8.9283299999999999E-003   63946330692640288.     
   8.9282900000000002E-003   64820648602189952.     
   8.9282300000000005E-003   65853393256580952.     
   8.9281699999999992E-003   66700629800040040.     
   8.9281299999999994E-003   67369594530247656.     
   8.9280999999999996E-003   68195329854541072.     
   8.9280399999999999E-003   69172418931995416.     
   8.9279800000000003E-003   70134837949076208.     
   8.9279300000000006E-003   71083179946932040.     
   8.9278699999999992E-003   72017980065980192.     
   8.9278199999999995E-003   72939760563536160.     
   8.9277699999999998E-003   73849055594992560.     
   8.9277200000000001E-003   74746417538933600.     
   8.9276700000000004E-003   75632381687144240.     
   8.9276200000000007E-003   76507423733942960.     
   8.9275699999999993E-003   77514803090658128.     
   8.9274999999999997E-003   78649623614955232.     
   8.9274400000000000E-003   79489800257077264.     
   8.9274100000000002E-003   80044406204344224.     
   8.9273800000000004E-003   80989581963624560.     
   8.9273000000000009E-003   82311895152900512.     
   8.9272299999999995E-003   83348005584797824.     
   8.9271799999999998E-003   84108569995197888.     
   8.9271400000000001E-003   85048781661131968.     
   8.9270800000000004E-003   86163013157277728.     
   8.9270200000000008E-003   87262280846663568.     
   8.9269499999999995E-003   88347210897536208.     
   8.9268899999999998E-003   89595262429471024.     
   8.9268200000000002E-003   91000074222524784.     
   8.9267400000000007E-003   92039536246391360.     
   8.9266999999999992E-003   92725496269110608.     
   8.9266599999999995E-003   93744304024625520.     
   8.9265899999999999E-003   95085987168428016.     
   8.9265100000000003E-003   96408702561461328.     
   8.9264400000000008E-003   97713304768882672.     
   8.9263699999999994E-003   99000548298790720.     
   8.9262999999999999E-003   1.0027108415324629E+017
   8.9262300000000003E-003   1.0152543386107006E+017
   8.9261600000000007E-003   1.0276408684976821E+017
   8.9260999999999993E-003   1.0398752916096677E+017
   8.9260299999999997E-003   1.0519624719713096E+017
   8.9259600000000001E-003   1.0668676285798691E+017
   8.9258700000000007E-003   1.0844797412150994E+017
   8.9257699999999995E-003   1.0989385838773853E+017
   8.9257099999999999E-003   1.1103634684082234E+017
   8.9256500000000003E-003   1.1216691658266354E+017
   8.9255900000000006E-003   1.1328595887624981E+017
   8.9255299999999992E-003   1.1466879273075099E+017
   8.9254399999999998E-003   1.1630668916205222E+017
   8.9253600000000002E-003   1.1792183665893826E+017
   8.9252700000000008E-003   1.1951543289228779E+017
   8.9251899999999995E-003   1.2108847429169088E+017
   8.9251000000000000E-003   1.2264179904122573E+017
   8.9250200000000005E-003   1.2392198482627197E+017
   8.9249700000000008E-003   1.2493667174395741E+017
   8.9249199999999994E-003   1.2644312411428584E+017
   8.9248100000000000E-003   1.2842569730877938E+017
   8.9247100000000006E-003   1.3013666914420818E+017
   8.9246299999999994E-003   1.3158578291613862E+017
   8.9245599999999998E-003   1.3301962057810970E+017
   8.9244800000000003E-003   1.3443865349339109E+017
   8.9244100000000007E-003   1.3607577941221574E+017
   8.9243099999999995E-003   1.3792396485790301E+017
   8.9242200000000001E-003   1.3974844977578699E+017
   8.9241300000000006E-003   1.4155020415429694E+017
   8.9240299999999995E-003   1.4333006902366250E+017
   8.9239400000000000E-003   1.4508871456847357E+017
   8.9238500000000005E-003   1.4682678409570054E+017
   8.9237699999999993E-003   1.4854492239764355E+017
   8.9236799999999998E-003   1.5024378281196269E+017
   8.9235900000000003E-003   1.5192403505555437E+017
   8.9235100000000008E-003   1.5358631329355712E+017
   8.9234299999999996E-003   1.5523118054978022E+017
   8.9233400000000001E-003   1.5726308555320067E+017
   8.9232200000000008E-003   1.5966819235066486E+017
   8.9230999999999998E-003   1.6164571253409846E+017
   8.9230300000000002E-003   1.6321029269984192E+017
   8.9229500000000007E-003   1.6476017090540707E+017
   8.9228699999999994E-003   1.6629579838004982E+017
   8.9227999999999998E-003   1.6857263417599424E+017
   8.9226500000000007E-003   1.7156353873343427E+017
   8.9224999999999999E-003   1.7377431231266067E+017
   8.9224300000000003E-003   1.7523239087410390E+017
   8.9223600000000007E-003   1.7739657397962650E+017
   8.9222199999999998E-003   1.8024291672475728E+017
   8.9220800000000006E-003   1.8234937070688323E+017
   8.9220099999999993E-003   1.8374001590185293E+017
   8.9219399999999997E-003   1.8580623157662848E+017
   8.9218100000000005E-003   1.8852756726700858E+017
   8.9216799999999995E-003   1.9121128631923907E+017
   8.9215500000000003E-003   1.9385898379306659E+017
   8.9214199999999994E-003   1.9660352840436019E+017
   8.9212900000000001E-003   2.0020823890374646E+017
   8.9210799999999996E-003   2.0387985018438458E+017
   8.9209400000000005E-003   2.0612778852838525E+017
   8.9208699999999991E-003   2.0835097572181718E+017
   8.9207300000000000E-003   2.1128057365092429E+017
   8.9205900000000008E-003   2.1417117257271952E+017
   8.9204499999999999E-003   2.1702430365069418E+017
   8.9203200000000007E-003   2.2053939158712406E+017
   8.9201200000000001E-003   2.2468762951331152E+017
   8.9199299999999995E-003   2.2943358906918506E+017
   8.9196799999999993E-003   2.3474341566268198E+017
   8.9194400000000007E-003   2.3865092647141702E+017
   8.9193199999999997E-003   2.4122033173410502E+017
   8.9192000000000004E-003   2.4376297868498506E+017
   8.9190899999999993E-003   2.4627981721001373E+017
   8.9189700000000000E-003   2.4908136492968755E+017
   8.9188300000000009E-003   2.5215903840765546E+017
   8.9186900000000000E-003   2.5520093882340243E+017
   8.9185500000000008E-003   2.5820841148103754E+017
   8.9184199999999998E-003   2.6206764807528934E+017
   8.9181999999999994E-003   2.6674431129150157E+017
   8.9179900000000006E-003   2.7191217139157638E+017
   8.9177400000000004E-003   2.7754693064751642E+017
   8.9174900000000001E-003   2.8366543346633158E+017
   8.9171900000000002E-003   2.9023983160596346E+017
   8.9169000000000002E-003   2.9507999051588032E+017
   8.9167599999999993E-003   2.9826395050701926E+017
   8.9166200000000001E-003   3.0349744253762419E+017
   8.9163000000000003E-003   3.1068556485446291E+017
   8.9159900000000004E-003   3.1722161935543629E+017
   8.9157300000000002E-003   3.2167301039419789E+017
   8.9156099999999992E-003   3.2460750560521472E+017
   8.9154799999999999E-003   3.2799910721776557E+017
   8.9153099999999992E-003   3.3183493500384173E+017
   8.9151500000000002E-003   3.3751490073333446E+017
   8.9148300000000003E-003   3.4497302394606842E+017
   8.9145100000000005E-003   3.5229946024040851E+017
   8.9142100000000005E-003   3.5771446484411066E+017
   8.9140599999999997E-003   3.6128489822167341E+017
   8.9139100000000006E-003   3.6570582627706893E+017
   8.9136900000000002E-003   3.7095378938456506E+017
   8.9134799999999997E-003   3.7785309821981280E+017
   8.9131200000000001E-003   3.8633469155278093E+017
   8.9127800000000004E-003   3.9427815177196179E+017
   8.9124800000000004E-003   4.0170954313156582E+017
   8.9121900000000004E-003   4.0908115151535802E+017
   8.9119000000000004E-003   4.1639631167222605E+017
   8.9116100000000004E-003   4.2479497312392557E+017
   8.9112400000000008E-003   4.3422845412320512E+017
   8.9108799999999995E-003   4.4349397597474861E+017
   8.9105299999999998E-003   4.5260157223124435E+017
   8.9101900000000001E-003   4.6156064963835366E+017
   8.9098600000000003E-003   4.7037983749401574E+017
   8.9095400000000005E-003   4.7744959256866048E+017
   8.9093400000000000E-003   4.8282971820259987E+017
   8.9091399999999994E-003   4.8816217701560902E+017
   8.9089500000000005E-003   4.9344841468858490E+017
   8.9087599999999999E-003   5.0129115967133126E+017
   8.9083900000000004E-003   5.1160219366006842E+017
   8.9080300000000008E-003   5.2275547615939398E+017
   8.9075999999999999E-003   5.3471365691018330E+017
   8.9072000000000005E-003   5.4593553480846822E+017
   8.9068299999999993E-003   5.5645725647610931E+017
   8.9064799999999996E-003   5.6811259793184474E+017
   8.9060500000000004E-003   5.8085514651464154E+017
   8.9056399999999994E-003   5.9338999058885158E+017
   8.9052300000000001E-003   6.0572905826256384E+017
   8.9048400000000007E-003   6.1489720317775258E+017
   8.9046500000000001E-003   6.2402342486797261E+017
   8.9042700000000006E-003   6.3305805765862963E+017
   8.9040800000000000E-003   6.4024455527324045E+017
   8.9038199999999998E-003   6.4858061830031821E+017
   8.9035599999999996E-003   6.5683955768547712E+017
   8.9033099999999993E-003   6.6502403139964851E+017
   8.9030700000000008E-003   6.7601348717433677E+017
   8.9026499999999998E-003   6.8971825755415731E+017
   8.9022500000000004E-003   7.0335241566749363E+017
   8.9018499999999993E-003   7.1692224900490227E+017
   8.9014599999999999E-003   7.3252816792756160E+017
   8.9009599999999994E-003   7.5009259417724851E+017
   8.9004700000000006E-003   7.6312849338863232E+017
   8.9002300000000003E-003   7.7178406913316851E+017
   8.8999900000000000E-003   7.8471709781173274E+017
   8.8995199999999993E-003   8.0179742403777114E+017
   8.8990700000000002E-003   8.1867414779819046E+017
   8.8986199999999994E-003   8.3535850695730074E+017
   8.8981900000000003E-003   8.5400173360146675E+017
   8.8976500000000000E-003   8.7453061654254208E+017
   8.8971399999999996E-003   8.9485787656230592E+017
   8.8966300000000009E-003   9.1499714996076877E+017
   8.8961400000000003E-003   9.3492441696758298E+017
   8.8956599999999997E-003   9.5465095563164877E+017
   8.8951900000000007E-003   9.7034245090900800E+017
   8.8949100000000007E-003   9.8216102231361946E+017
   8.8946300000000006E-003   9.9388929509736640E+017
   8.8943600000000005E-003   1.0055301258069983E+018
   8.8940900000000003E-003   1.0229644892813647E+018
   8.8935600000000000E-003   1.0460240420540525E+018
   8.8930399999999996E-003   1.0708312551064664E+018
   8.8924499999999997E-003   1.0973224704587482E+018
   8.8918699999999996E-003   1.1236239919439451E+018
   8.8913099999999995E-003   1.1497495339725199E+018
   8.8907599999999993E-003   1.1701254536808010E+018
   8.8904499999999994E-003   1.1849250662533455E+018
   8.8901399999999995E-003   1.1996804820880655E+018
   8.8898399999999995E-003   1.2143938796675633E+018
   8.8895399999999996E-003   1.2327312824054269E+018
   8.8890900000000005E-003   1.2546042517050314E+018
   8.8886599999999996E-003   1.2801566433622193E+018
   8.8880799999999996E-003   1.3092691257348147E+018
   8.8875099999999995E-003   1.3381940598138412E+018
   8.8869599999999993E-003   1.3669472189129487E+018
   8.8864100000000008E-003   1.3883528200563942E+018
   8.8861500000000006E-003   1.4025974880590067E+018
   8.8858800000000005E-003   1.4187216141406285E+018
   8.8855500000000007E-003   1.4366915086630625E+018
   8.8852199999999992E-003   1.4635564186137958E+018
   8.8845699999999996E-003   1.4990598229600461E+018
   8.8839399999999999E-003   1.5254626461969603E+018
   8.8836300000000000E-003   1.5430197336109642E+018
   8.8833200000000001E-003   1.5624688739279770E+018
   8.8829500000000006E-003   1.5837743429252109E+018
   8.8825799999999993E-003   1.6049202662671281E+018
   8.8822199999999997E-003   1.6259110392093804E+018
   8.8818600000000001E-003   1.6470638158482721E+018
   8.8815000000000005E-003   1.6683761288496909E+018
   8.8811500000000008E-003   1.7003022924788314E+018
   8.8804499999999998E-003   1.7425336623975101E+018
   8.8797600000000004E-003   1.7739674249121303E+018
   8.8794300000000007E-003   1.7949093360167250E+018
   8.8790899999999992E-003   1.8178288650775171E+018
   8.8786999999999998E-003   1.8426888609271217E+018
   8.8783100000000004E-003   1.8673653085296289E+018
   8.8779199999999992E-003   1.9044114134042304E+018
   8.8771600000000003E-003   1.9414599236251686E+018
   8.8767800000000008E-003   1.9661823298229732E+018
   8.8764099999999995E-003   1.9907336082270876E+018
   8.8760400000000000E-003   2.0243499159854390E+018
   8.8754100000000002E-003   2.0668008226867141E+018
   8.8747900000000005E-003   2.1094664760836122E+018
   8.8741700000000007E-003   2.1523458514408548E+018
   8.8735499999999991E-003   2.1934392644567939E+018
   8.8729900000000007E-003   2.2328027997717983E+018
   8.8724400000000005E-003   2.2648878305707999E+018
   8.8720899999999991E-003   2.2898575114261903E+018
   8.8717499999999994E-003   2.3295885788311235E+018
   8.8710100000000004E-003   2.3836980832022103E+018
   8.8702799999999995E-003   2.4261758670786406E+018
   8.8698600000000002E-003   2.4573407583960637E+018
   8.8694499999999992E-003   2.5028538276137216E+018
   8.8686600000000004E-003   2.5623117964320527E+018
   8.8678899999999998E-003   2.6255398705476521E+018
   8.8670299999999997E-003   2.6924143264230405E+018
   8.8661899999999995E-003   2.7445366615152415E+018
   8.8657200000000005E-003   2.7821583023647667E+018
   8.8652499999999999E-003   2.8194928971715128E+018
   8.8647799999999992E-003   2.8565050556261576E+018
   8.8643200000000002E-003   2.9069113492383549E+018
   8.8635099999999998E-003   2.9700374587833539E+018
   8.8627199999999993E-003   3.0250730389989094E+018
   8.8621199999999994E-003   3.0726560184152924E+018
   8.8615299999999994E-003   3.1169155410251167E+018
   8.8610200000000007E-003   3.1785584706939622E+018
   8.8600399999999996E-003   3.2651090544840760E+018
   8.8589900000000006E-003   3.3331200855143173E+018
   8.8584700000000002E-003   3.3781537245047450E+018
   8.8579599999999998E-003   3.4452525264934333E+018
   8.8569700000000005E-003   3.5337447128842081E+018
   8.8559999999999993E-003   3.6186127104806088E+018
   8.8551099999999994E-003   3.6885625466282317E+018
   8.8544799999999996E-003   3.7464264220992420E+018
   8.8538599999999999E-003   3.8306941504624123E+018
   8.8526899999999999E-003   3.9404553326586465E+018
   8.8515499999999997E-003   4.0516923627442104E+018
   8.8503799999999997E-003   4.1643661992827039E+018
   8.8492399999999995E-003   4.2648181111519457E+018
   8.8483499999999996E-003   4.3535240501722921E+018
   8.8474699999999996E-003   4.4620717056724147E+018
   8.8462100000000002E-003   4.5580316245670717E+018
   8.8455900000000004E-003   4.6213701935735808E+018
   8.8449800000000006E-003   4.7096837376237332E+018
   8.8438900000000001E-003   4.8222524835184333E+018
   8.8428399999999994E-003   4.9097651647208950E+018
   8.8422399999999995E-003   4.9729286397563392E+018
   8.8416599999999995E-003   5.0532295131244104E+018
   8.8407499999999997E-003   5.1502489559674102E+018
   8.8398699999999997E-003   5.2735056372155546E+018
   8.8385100000000008E-003   5.3882419915443732E+018
   8.8377999999999998E-003   5.4799307344554557E+018
   8.8368800000000001E-003   5.5825760258706924E+018
   8.8359800000000002E-003   5.7083497885463654E+018
   8.8346799999999993E-003   5.8196658746845522E+018
   8.8340399999999996E-003   5.8932208528604344E+018
   8.8334099999999999E-003   6.0071176037624177E+018
   8.8321000000000007E-003   6.1221383546196480E+018
   8.8314599999999993E-003   6.1981477495977656E+018
   8.8308199999999996E-003   6.2811778883129805E+018
   8.8300700000000006E-003   6.3710816960068588E+018
   8.8293299999999998E-003   6.4856969206237522E+018
   8.8281899999999996E-003   6.6242995126342902E+018
   8.8270699999999994E-003   6.7404838839145277E+018
   8.8263000000000005E-003   6.8348964585170555E+018
   8.8255499999999997E-003   6.9293853265894697E+018
   8.8247900000000008E-003   7.0760758561323428E+018
   8.8232299999999996E-003   7.2723516503855565E+018
   8.8217100000000000E-003   7.4725366562868091E+018
   8.8201300000000007E-003   7.6257457522214902E+018
   8.8193500000000001E-003   7.7268344665432955E+018
   8.8185899999999994E-003   7.8841761880444713E+018
   8.8169800000000003E-003   8.0955755008282399E+018
   8.8154099999999992E-003   8.3107917366592829E+018
   8.8137700000000003E-003   8.4752979950112420E+018
   8.8129699999999998E-003   8.5835832359439186E+018
   8.8121799999999993E-003   8.6947438947344527E+018
   8.8113400000000008E-003   8.8085843932275692E+018
   8.8105200000000005E-003   8.9212357051255101E+018
   8.8097000000000002E-003   9.0326694233887191E+018
   8.8088999999999997E-003   9.1469278969008620E+018
   8.8080499999999996E-003   9.2637762632372060E+018
   8.8072099999999993E-003   9.4363623623898010E+018
   8.8055600000000005E-003   9.6096468949012562E+018
   8.8046900000000004E-003   9.7287633707362816E+018
   8.8038400000000003E-003   9.8462221907911864E+018
   8.8029900000000001E-003   9.9620181564548567E+018
   8.8021599999999998E-003   1.0080750097329136E+019
   8.8012799999999999E-003   1.0201389202676486E+019
   8.8004099999999998E-003   1.0320052943492102E+019
   8.7995499999999997E-003   1.0436876243248746E+019
   8.7986999999999996E-003   1.0556020493854837E+019
   8.7977999999999997E-003   1.0677185643597160E+019
   8.7969199999999997E-003   1.0796173409523960E+019
   8.7960399999999998E-003   1.0913166287301155E+019
   8.7951799999999997E-003   1.1032298599169962E+019
   8.7942699999999999E-003   1.1153308278975537E+019
   8.7933700000000000E-003   1.1271954928057043E+019
   8.7924800000000001E-003   1.1388567474657004E+019
   8.7916000000000001E-003   1.1507184652487883E+019
   8.7906700000000004E-003   1.1627731402975736E+019
   8.7897600000000006E-003   1.1745895436332083E+019
   8.7888500000000008E-003   1.1862228493812490E+019
   8.7879599999999992E-003   1.1980701350722697E+019
   8.7870099999999996E-003   1.2101325295842341E+019
   8.7860799999999999E-003   1.2219778853453019E+019
   8.7851600000000002E-003   1.2336655709667133E+019
   8.7842600000000003E-003   1.2455953066392814E+019
   8.7832899999999992E-003   1.2577706866474854E+019
   8.7823499999999995E-003   1.2697586391278815E+019
   8.7814099999999999E-003   1.2816155771249410E+019
   8.7804900000000002E-003   1.2937653899073772E+019
   8.7795100000000008E-003   1.3061500739597623E+019
   8.7785499999999995E-003   1.3182607031881603E+019
   8.7776000000000000E-003   1.3304986157832356E+019
   8.7766600000000004E-003   1.3498184355292467E+019
   8.7746899999999999E-003   1.3753955303351022E+019
   8.7727699999999992E-003   1.3945018128247265E+019
   8.7717699999999999E-003   1.4077402742930326E+019
   8.7707700000000006E-003   1.4208308759065326E+019
   8.7697899999999995E-003   1.4340955603513868E+019
   8.7688200000000001E-003   1.4551971095098972E+019
   8.7667900000000000E-003   1.4830555018151295E+019
   8.7648099999999996E-003   1.5038119867756614E+019
   8.7637700000000006E-003   1.5182773427388895E+019
   8.7627499999999997E-003   1.5399514736743858E+019
   8.7607299999999996E-003   1.5694889888679375E+019
   8.7586399999999998E-003   1.5918565525337907E+019
   8.7576100000000007E-003   1.6069276196478069E+019
   8.7565899999999999E-003   1.6309628644548448E+019
   8.7544600000000004E-003   1.6625671103232049E+019
   8.7523900000000005E-003   1.6942237150785198E+019
   8.7502199999999995E-003   1.7184366257726734E+019
   8.7491600000000006E-003   1.7345078323835562E+019
   8.7481099999999999E-003   1.7598414875364637E+019
   8.7459100000000008E-003   1.7937002341848076E+019
   8.7437699999999997E-003   1.8282642555413185E+019
   8.7415300000000008E-003   1.8634980240292938E+019
   8.7393599999999998E-003   1.8898224528607326E+019
   8.7382099999999997E-003   1.9080842367818994E+019
   8.7370799999999995E-003   1.9361667452534428E+019
   8.7347899999999992E-003   1.9732445264779829E+019
   8.7325600000000003E-003   2.0103614063025820E+019
   8.7302999999999999E-003   2.0488886131560428E+019
   8.7279499999999999E-003   2.0881617763997536E+019
   8.7256599999999997E-003   2.1174546068758901E+019
   8.7244599999999999E-003   2.1483264724054798E+019
   8.7220900000000001E-003   2.1837394194415317E+019
   8.7203200000000002E-003   2.2148585734275215E+019
   8.7185000000000006E-003   2.2516462475353219E+019
   8.7161300000000008E-003   2.2944257495498220E+019
   8.7136499999999999E-003   2.3320917735177470E+019
   8.7118400000000002E-003   2.3646181723077927E+019
   8.7099699999999992E-003   2.3984282521068200E+019
   8.7080999999999999E-003   2.4318655005625864E+019
   8.7062600000000004E-003   2.4644117634533589E+019
   8.7044800000000006E-003   2.4960715205135921E+019
   8.7027300000000005E-003   2.5243847187526468E+019
   8.7013000000000004E-003   2.5498588259214143E+019
   8.6998900000000001E-003   2.5771714677826859E+019
   8.6982699999999993E-003   2.6058178207439548E+019
   8.6966800000000000E-003   2.6344868391965757E+019
   8.6950299999999994E-003   2.6637275613304418E+019
   8.6934100000000004E-003   2.6996840520325767E+019
   8.6910800000000003E-003   2.7399717853122994E+019
   8.6888099999999999E-003   2.7729157853303734E+019
   8.6871499999999994E-003   2.8009977044637131E+019
   8.6855300000000003E-003   2.8361416225038938E+019
   8.6831400000000006E-003   2.8754508198647788E+019
   8.6808100000000006E-003   2.9076204818482545E+019
   8.6790900000000004E-003   2.9346272739871650E+019
   8.6774000000000000E-003   2.9609846395426841E+019
   8.6756999999999997E-003   2.9870233351351087E+019
   8.6740299999999992E-003   3.0186608403908268E+019
   8.6716099999999997E-003   3.0535668074953105E+019
   8.6692599999999998E-003   3.0844076414361211E+019
   8.6671500000000002E-003   3.1125946560310841E+019
   8.6651000000000002E-003   3.1397086277859348E+019
   8.6630000000000006E-003   3.1661739970755199E+019
   8.6609500000000006E-003   3.1940636909555855E+019
   8.6584999999999995E-003   3.2228738290102727E+019
   8.6561299999999997E-003   3.2505361579625837E+019
   8.6536800000000004E-003   3.2767754128413553E+019
   8.6513100000000006E-003   3.2974008145067348E+019
   8.6495800000000005E-003   3.3154145225415803E+019
   8.6478900000000001E-003   3.3415426106311320E+019
   8.6447499999999997E-003   3.3729696192003928E+019
   8.6417400000000002E-003   3.3973041570321945E+019
   8.6396500000000005E-003   3.4176614255080116E+019
   8.6376100000000004E-003   3.4384763278089306E+019
   8.6355300000000006E-003   3.4594102547936182E+019
   8.6335100000000005E-003   3.4914955208479281E+019
   8.6294500000000003E-003   3.5240449812185166E+019
   8.6274100000000003E-003   3.5466479859060195E+019
   8.6254200000000000E-003   3.5743401121644667E+019
   8.6226700000000007E-003   3.5987269119801889E+019
   8.6213300000000000E-003   3.6151513183112864E+019
   8.6200200000000008E-003   3.6412989020149973E+019
   8.6172699999999998E-003   3.6681347269511778E+019
   8.6159300000000008E-003   3.6911381705824371E+019
   8.6139200000000006E-003   3.7198623746535825E+019
   8.6118700000000006E-003   3.7445087664100622E+019
   8.6105200000000000E-003   3.7750639932098445E+019
   8.6078200000000004E-003   3.8066470763149607E+019
   8.6064499999999999E-003   3.8282243159594238E+019
   8.6050999999999992E-003   3.8559257407914369E+019
   8.6030800000000008E-003   3.8905818610414510E+019
   8.6010099999999992E-003   3.9203334491982717E+019
   8.5996600000000003E-003   3.9442413885892805E+019
   8.5983299999999995E-003   3.9819905993753510E+019
   8.5955400000000005E-003   4.0274177673400779E+019
   8.5935000000000004E-003   4.0605109459457008E+019
   8.5921200000000000E-003   4.0951817282691826E+019
   8.5900200000000003E-003   4.1446498202570908E+019
   8.5873000000000008E-003   4.1880606035290259E+019
   8.5858700000000007E-003   4.2260153852250505E+019
   8.5837599999999993E-003   4.2715767793115185E+019
   8.5816999999999994E-003   4.3269417320014651E+019
   8.5788199999999992E-003   4.3799671250313535E+019
   8.5770399999999993E-003   4.4213436365775610E+019
   8.5752899999999993E-003   4.4725692874831225E+019
   8.5727500000000005E-003   4.5330253173306745E+019
   8.5702799999999996E-003   4.6001213183133843E+019
   8.5673199999999998E-003   4.6548806163643711E+019
   8.5658699999999997E-003   4.6916818261856690E+019
   8.5644399999999996E-003   4.7545895738681450E+019
   8.5610400000000007E-003   4.8427428820318077E+019
   8.5577299999999995E-003   4.9124326952421155E+019
   8.5558200000000004E-003   4.9791200135533969E+019
   8.5527999999999993E-003   5.0685674493214491E+019
   8.5493400000000008E-003   5.1490018051731366E+019
   8.5470500000000005E-003   5.2093829902646493E+019
   8.5450700000000001E-003   5.2658624766216069E+019
   8.5431199999999995E-003   5.3358700753078116E+019
   8.5403200000000005E-003   5.4161142254345036E+019
   8.5375699999999995E-003   5.4929305588738367E+019
   8.5351400000000001E-003   5.5650236997887771E+019
   8.5327600000000003E-003   5.6269802182874292E+019
   8.5310999999999998E-003   5.6777711026535645E+019
   8.5294600000000009E-003   5.7519481016273601E+019
   8.5263100000000005E-003   5.8512639602005508E+019
   8.5232199999999998E-003   5.9252576681567035E+019
   8.5216300000000005E-003   5.9763362206632280E+019
   8.5200599999999994E-003   6.0392426542407385E+019
   8.5178000000000007E-003   6.1134758049703879E+019
   8.5155700000000001E-003   6.2093133772267282E+019
   8.5120800000000000E-003   6.3287715735906984E+019
   8.5085500000000001E-003   6.4590347993172034E+019
   8.5045799999999994E-003   6.5766234877072294E+019
   8.5018699999999999E-003   6.6746817817735021E+019
   8.4991100000000007E-003   6.7957392181033583E+019
   8.4952399999999994E-003   6.9576393355327791E+019
   8.4903600000000006E-003   7.0890091943595418E+019
   8.4882199999999994E-003   7.1701664036228628E+019
   8.4860900000000000E-003   7.2657473837730505E+019
   8.4832399999999995E-003   7.3778845620317143E+019
   8.4802999999999996E-003   7.4917475823931933E+019
   8.4773999999999995E-003   7.6074580841337307E+019
   8.4744199999999999E-003   7.7262375456298090E+019
   8.4714200000000003E-003   7.8454292796571386E+019
   8.4684600000000006E-003   7.9467321320333050E+019
   8.4663800000000008E-003   8.0713991696291987E+019
   8.4622900000000008E-003   8.2634129328885858E+019
   8.4570800000000005E-003   8.4472131221154365E+019
   8.4534199999999997E-003   8.5900655023266693E+019
   8.4502199999999996E-003   8.7258505714002608E+019
   8.4469699999999998E-003   8.9103982502626656E+019
   8.4415199999999992E-003   9.1028887527932150E+019
   8.4379399999999997E-003   9.2214042810562314E+019
   8.4360200000000007E-003   9.3564562366816338E+019
   8.4317400000000001E-003   9.5419154072458248E+019
   8.4275400000000007E-003   9.6848340827110212E+019
   8.4252200000000006E-003   9.7864833653878358E+019
   8.4229300000000003E-003   9.9363281830237176E+019
   8.4185000000000006E-003   1.0132319630461220E+020
   8.4141500000000004E-003   1.0270311174999346E+020
   8.4123400000000008E-003   1.0351612611702635E+020
   8.4105399999999993E-003   1.0489439840036644E+020
   8.4062700000000004E-003   1.0682637249249228E+020
   8.4020599999999994E-003   1.0826887971518431E+020
   8.3998900000000001E-003   1.0926511282610681E+020
   8.3977300000000008E-003   1.1067344707510392E+020
   8.3937999999999999E-003   1.1248649970234076E+020
   8.3899300000000003E-003   1.1402435163870937E+020
   8.3872100000000008E-003   1.1529393816579709E+020
   8.3845199999999995E-003   1.1674140236345323E+020
   8.3810800000000008E-003   1.1836322372330416E+020
   8.3776800000000002E-003   1.2021088827075391E+020
   8.3733300000000000E-003   1.2227725265020840E+020
   8.3690599999999993E-003   1.2417562232854017E+020
   8.3654400000000000E-003   1.2662811003177591E+020
   8.3589600000000003E-003   1.2890731805098305E+020
   8.3560800000000001E-003   1.3040275264353788E+020
   8.3528800000000000E-003   1.3197560890006857E+020
   8.3497099999999998E-003   1.3440344584913348E+020
   8.3431400000000006E-003   1.3766203918629593E+020
   8.3367100000000006E-003   1.4102783818503378E+020
   8.3298299999999999E-003   1.4449756249344926E+020
   8.3231099999999999E-003   1.4713334885805000E+020
   8.3194900000000006E-003   1.4899686894252091E+020
   8.3159099999999993E-003   1.5096902904543114E+020
   8.3119100000000005E-003   1.5304851570591875E+020
   8.3079699999999996E-003   1.5502122696702640E+020
   8.3044099999999999E-003   1.5689033823411896E+020
   8.3008900000000000E-003   1.5913419931510823E+020
   8.2959699999999997E-003   1.6174482989362758E+020
   8.2911200000000008E-003   1.6463983968157496E+020
   8.2852099999999995E-003   1.6780848023284567E+020
   8.2794199999999991E-003   1.7076840268448812E+020
   8.2743399999999998E-003   1.7353260405348155E+020
   8.2693400000000000E-003   1.7639404533996995E+020
   8.2639099999999993E-003   1.7909392695516463E+020
   8.2596700000000002E-003   1.8145151829612193E+020
   8.2554800000000008E-003   1.8462717476257409E+020
   8.2484099999999994E-003   1.8860029736319730E+020
   8.2414700000000007E-003   1.9235365482269183E+020
   8.2352999999999992E-003   1.9587820691499021E+020
   8.2292400000000005E-003   1.9916367636286924E+020
   8.2238699999999994E-003   2.0340845899720599E+020
   8.2147499999999998E-003   2.0715463106280810E+020
   8.2111300000000005E-003   2.0928979081961420E+020
   8.2075499999999992E-003   2.1246900797165712E+020
   8.2004799999999996E-003   2.1667008248256053E+020
   8.1935399999999992E-003   2.2007401624146156E+020
   8.1892000000000006E-003   2.2269891219945567E+020
   8.1849000000000002E-003   2.2578058945989339E+020
   8.1791199999999998E-003   2.2931043872790613E+020
   8.1734200000000007E-003   2.3323106383476284E+020
   8.1664500000000004E-003   2.3849542439352202E+020
   8.1565600000000002E-003   2.4381119003129125E+020
   8.1495400000000003E-003   2.4728829441463694E+020
   8.1455799999999995E-003   2.5121617043954224E+020
   8.1372600000000003E-003   2.5651191862776880E+020
   8.1291100000000002E-003   2.6052906232103463E+020
   8.1248199999999996E-003   2.6330746784260761E+020
   8.1205800000000005E-003   2.6606919774631841E+020
   8.1163799999999994E-003   2.6881618050433473E+020
   8.1122199999999998E-003   2.7308587038078760E+020
   8.1034899999999997E-003   2.7884690617395852E+020
   8.0949200000000002E-003   2.8473302559401266E+020
   8.0859699999999996E-003   2.9074197476709600E+020
   8.0771899999999997E-003   2.9530675435405043E+020
   8.0725899999999993E-003   2.9845727054161674E+020
   8.0680200000000004E-003   3.0159110316515059E+020
   8.0634999999999995E-003   3.0470863787601881E+020
   8.0590300000000000E-003   3.0955533034161550E+020
   8.0496300000000003E-003   3.1609278119451040E+020
   8.0404199999999995E-003   3.2103532860092724E+020
   8.0355800000000005E-003   3.2446266069757343E+020
   8.0307899999999995E-003   3.2787225182079746E+020
   8.0260499999999999E-003   3.3126435384127593E+020
   8.0213500000000000E-003   3.3653527222755079E+020
   8.0114899999999996E-003   3.4364915902383869E+020
   8.0018099999999998E-003   3.5090202515908264E+020
   7.9917100000000008E-003   3.5832365513814907E+020
   7.9818100000000006E-003   3.6396399033660978E+020
   7.9766100000000003E-003   3.6785544637534044E+020
   7.9714599999999997E-003   3.7172730222959061E+020
   7.9663600000000005E-003   3.7558064148890688E+020
   7.9613099999999992E-003   3.8156567936412228E+020
   7.9507199999999997E-003   3.8964456085807864E+020
   7.9403300000000007E-003   3.9575167496808065E+020
   7.9348700000000001E-003   3.9998696405627752E+020
   7.9294799999999992E-003   4.0420146272173543E+020
   7.9241299999999997E-003   4.0839542472145227E+020
   7.9188300000000000E-003   4.1491034204396808E+020
   7.9077200000000000E-003   4.2370585183655566E+020
   7.8968300000000005E-003   4.3268770998314454E+020
   7.8854500000000004E-003   4.4186625135632371E+020
   7.8743000000000007E-003   4.4884377506082868E+020
   7.8684500000000008E-003   4.5365710100653231E+020
   7.8626500000000005E-003   4.5844758608202354E+020
   7.8569099999999999E-003   4.6321635166010828E+020
   7.8512300000000007E-003   4.7061939709495293E+020
   7.8393100000000004E-003   4.8061573607986187E+020
   7.8276100000000005E-003   4.8817740542700742E+020
   7.8214800000000004E-003   4.9341736968828833E+020
   7.8154100000000001E-003   5.0122572193476850E+020
   7.8034400000000000E-003   5.1189272105476247E+020
   7.7909600000000004E-003   5.2007930066938495E+020
   7.7847999999999997E-003   5.2549345455303551E+020
   7.7787100000000003E-003   5.3390345369600387E+020
   7.7659299999999999E-003   5.4526247347736510E+020
   7.7533899999999998E-003   5.5385464151912854E+020
   7.7468199999999997E-003   5.5981033020931237E+020
   7.7403100000000002E-003   5.6730433077290343E+020
   7.7304699999999997E-003   5.7633332139322999E+020
   7.7207600000000001E-003   5.8547536923101502E+020
   7.7108000000000003E-003   5.9475229459222128E+020
   7.7009799999999996E-003   6.0425937016255454E+020
   7.6906900000000000E-003   6.1398809867665683E+020
   7.6805399999999996E-003   6.2385414923109990E+020
   7.6701299999999998E-003   6.3688871291304018E+020
   7.6536599999999996E-003   6.5092930500223133E+020
   7.6413999999999996E-003   6.6310152372702334E+020
   7.6290300000000002E-003   6.7549043620951399E+020
   7.6165499999999997E-003   6.8973652063775896E+020
   7.6007499999999999E-003   7.0419947431372888E+020
   7.5880899999999996E-003   7.1743547763614902E+020
   7.5749700000000003E-003   7.3102116780611430E+020
   7.5618500000000002E-003   7.4398828572129572E+020
   7.5501199999999996E-003   7.5602221391445688E+020
   7.5389500000000000E-003   7.7035133171391961E+020
   7.5230899999999996E-003   7.8576043890671629E+020
   7.5100300000000000E-003   7.9898684472085787E+020
   7.4983400000000000E-003   8.1248693176506699E+020
   7.4845299999999997E-003   8.2810100608236703E+020
   7.4693900000000002E-003   8.4167760326245456E+020
   7.4594500000000003E-003   8.5403943011801943E+020
   7.4454500000000002E-003   8.6965062117327320E+020
   7.4289899999999999E-003   8.8430062419574653E+020
   7.4131300000000004E-003   8.9803509773396502E+020
   7.3984400000000001E-003   9.0723232640580636E+020
   7.3843700000000003E-003   9.1378155595256798E+020
   7.3684700000000002E-003   9.0941914553709822E+020
   7.3621800000000003E-003   9.1761255888669232E+020
   7.3473200000000001E-003   8.9654487667769292E+020
   7.3278500000000003E-003   8.9072059763008379E+020
   7.3140499999999999E-003   8.5665285711765268E+020
   7.3007100000000002E-003   8.0106289216131262E+020
   7.2855500000000000E-003   7.6903935336166339E+020
   7.2716500000000002E-003   7.4900718359129778E+020
   7.2657499999999996E-003   7.1989126829348212E+020
   7.2598799999999998E-003   6.9279014402634403E+020
   7.2455699999999998E-003   6.6983715698258228E+020
   7.2398300000000001E-003   6.5704209830772697E+020
   7.2332600000000000E-003   6.3265527846694565E+020
   7.2281600000000000E-003   6.3160320955198223E+020
   7.2200500000000004E-003   6.1902784388386796E+020
   7.2148700000000000E-003   6.0216007226433339E+020
   7.2100100000000002E-003   5.9268139249081608E+020
   7.2056100000000003E-003   5.9590800843555222E+020
   7.2003500000000003E-003   5.8126059306733443E+020
   7.1945500000000001E-003   5.7075900281808382E+020
   7.1887699999999997E-003   5.6903109334663293E+020
   7.1852799999999996E-003   5.6783371259245881E+020
   7.1805000000000003E-003   5.6294534490434653E+020
   7.1781299999999996E-003   5.6095036627808754E+020
   7.1763399999999998E-003   5.5937318588866475E+020
   7.1721800000000002E-003   5.5904620214475856E+020
   7.1697899999999997E-003   5.5855000094006739E+020
   7.1664800000000002E-003   5.5789448294306185E+020
   7.1637599999999999E-003   5.5655935231300043E+020
   7.1577200000000002E-003   5.5564653968445342E+020
   7.1531800000000003E-003   5.5683738166089377E+020
   7.1480600000000004E-003   5.5694393492385307E+020
   7.1420600000000004E-003   5.5838741989716748E+020
   7.1373499999999998E-003   5.6010128905524747E+020
   7.1328499999999996E-003   5.6185221161447686E+020
   7.1284900000000003E-003   5.6395606757443004E+020
   7.1245299999999996E-003   5.6638515509254311E+020
   7.1194900000000000E-003   5.6849252852291797E+020
   7.1174200000000002E-003   5.7045205211775363E+020
   7.1132900000000004E-003   5.7273311847431137E+020
   7.1105400000000003E-003   5.7509901568785469E+020
   7.1064400000000003E-003   5.7733785384884503E+020
   7.1043900000000004E-003   5.7960201049917279E+020
   7.1003999999999998E-003   5.8266000575780900E+020
   7.0965100000000003E-003   5.8499616987625318E+020
   7.0945699999999997E-003   5.8683148358548351E+020
   7.0920499999999999E-003   5.8998320616649045E+020
   7.0870300000000002E-003   5.9428275751249065E+020
   7.0820400000000004E-003   5.9868851158323141E+020
   7.0770599999999996E-003   6.0205511248431822E+020
   7.0745799999999996E-003   6.0401084644620514E+020
   7.0727300000000002E-003   6.0657088721826087E+020
   7.0690299999999996E-003   6.0999852658850726E+020
   7.0653900000000004E-003   6.1339793805828358E+020
   7.0618000000000000E-003   6.1675527723120656E+020
   7.0582800000000001E-003   6.2007016573804518E+020
   7.0548199999999998E-003   6.2390630292492281E+020
   7.0502999999999998E-003   6.2743859572329257E+020
   7.0475099999999999E-003   6.3012490497118464E+020
   7.0447299999999999E-003   6.3365265798013728E+020
   7.0401600000000002E-003   6.3758753106262596E+020
   7.0365699999999998E-003   6.4087074166415019E+020
   7.0334000000000004E-003   6.4374730059263482E+020
   7.0306600000000002E-003   6.4738608190982508E+020
   7.0260599999999998E-003   6.5197686817662842E+020
   7.0212499999999997E-003   6.5748589341769177E+020
   7.0150500000000001E-003   6.6180519608674497E+020
   7.0121300000000001E-003   6.6487750367096852E+020
   7.0092100000000001E-003   6.6867887687731787E+020
   7.0048400000000000E-003   6.7338473603710255E+020
   6.9990499999999997E-003   6.7781205797034066E+020
   6.9961600000000004E-003   6.8082055922445373E+020
   6.9932800000000002E-003   6.8412819466117631E+020
   6.9888199999999998E-003   6.8952372267610499E+020
   6.9825599999999996E-003   6.9437564075063404E+020
   6.9789400000000003E-003   6.9920191921732230E+020
   6.9728100000000003E-003   7.0522486785799999E+020
   6.9667699999999997E-003   7.0999153053274957E+020
   6.9633400000000002E-003   7.1240299756812750E+020
   6.9611300000000003E-003   7.1583452777170312E+020
   6.9567400000000003E-003   7.2060500296770611E+020
   6.9514099999999999E-003   7.2475630922241003E+020
   6.9482800000000003E-003   7.2877322152245015E+020
   6.9432599999999997E-003   7.3246546135242323E+020
   6.9407599999999998E-003   7.3608215085074743E+020
   6.9358900000000001E-003   7.4196199268593500E+020
   6.9287899999999998E-003   7.4784489378256008E+020
   6.9239200000000001E-003   7.5262270036358372E+020
   6.9190800000000002E-003   7.5909351495809814E+020
   6.9107600000000002E-003   7.6538875326844725E+020
   6.9063299999999996E-003   7.7124072359556625E+020
   6.8989799999999999E-003   7.7743571191310752E+020
   6.8935999999999997E-003   7.8293234024426688E+020
   6.8879700000000002E-003   7.8865360700326111E+020
   6.8820399999999999E-003   7.9308213390478895E+020
   6.8790600000000002E-003   7.9604105469054458E+020
   6.8761400000000002E-003   7.9821930057580570E+020
   6.8746800000000002E-003   7.9967311390869383E+020
   6.8732300000000001E-003   8.0072046755229126E+020
   6.8726300000000002E-003   8.0114692468812585E+020
   6.8723200000000003E-003   8.0143121869439880E+020
   6.8720200000000004E-003   8.0171551102645292E+020
   6.8717200000000004E-003   8.0199980496159913E+020
   6.8714199999999996E-003   8.0228409396479499E+020
   6.8711199999999997E-003   8.0256838458618505E+020
   6.8708199999999997E-003   8.1564348775346930E+020
   6.8706399999999999E-003   8.1581519952911231E+020
   6.8704600000000001E-003   8.1598690770067915E+020
   6.8702800000000003E-003   8.1615861913735633E+020
   6.8701099999999996E-003   8.1641617849435318E+020
   6.8697500000000000E-003   8.1675960037198175E+020
   6.8694000000000003E-003   8.1727471235810394E+020
   6.8686900000000002E-003   8.1796156260713379E+020
   6.8679800000000001E-003   8.1866987999005953E+020
   6.8672300000000002E-003   8.1927090676766592E+020
   6.8667399999999996E-003   8.1976542081117979E+020
   6.8662100000000002E-003   8.2065642990649960E+020
   6.8649100000000001E-003   8.2203681535781346E+020
   6.8633699999999997E-003   8.2370478369377236E+020
   6.8614799999999997E-003   8.2652865564082163E+020
   6.8575800000000003E-003   8.3055965328716399E+020
   6.8534099999999999E-003   8.3701624412187368E+020
   6.8444300000000003E-003   8.5136520743814470E+020
   6.8244400000000002E-003   8.7037092335732274E+020
   6.8065199999999999E-003   8.8679127683879993E+020
   6.7921300000000004E-003   9.0108691290336605E+020
   6.7787200000000002E-003   9.1833974305509999E+020
   6.7589800000000004E-003   9.3584599021624492E+020
   6.7404700000000001E-003   9.5419208986046326E+020
   6.7240299999999998E-003   9.7165166232314983E+020
   6.7076699999999998E-003   9.8929157221571546E+020
   6.6915000000000004E-003   1.0083954033901442E+021
   6.6727499999999999E-003   1.0274138930280678E+021
   6.6571399999999998E-003   1.0451358365391735E+021
   6.6411500000000002E-003   1.0640545986328460E+021
   6.6237500000000003E-003   1.0846969999362042E+021
   6.6051699999999996E-003   1.1085269696038399E+021
   6.5827500000000001E-003   1.1315999697011467E+021
   6.5661499999999998E-003   1.1534577855222034E+021
   6.5462300000000001E-003   1.1775201997468567E+021
   6.5265599999999998E-003   1.1996589105372314E+021
   6.5102600000000004E-003   1.2165242806418727E+021
   6.4996000000000003E-003   1.2347642887310656E+021
   6.4811499999999998E-003   1.2537073650483331E+021
   6.4698500000000001E-003   1.2752517801695836E+021
   6.4474900000000002E-003   1.3003555712526288E+021
   6.4312199999999996E-003   1.3216946732080620E+021
   6.4151099999999999E-003   1.3412098922118720E+021
   6.4019799999999998E-003   1.3588211194950679E+021
   6.3889400000000001E-003   1.3881442397263742E+021
   6.3587200000000000E-003   1.4296092194690011E+021
   6.3290300000000002E-003   1.4602121813666449E+021
   6.3154700000000001E-003   1.4867741949670512E+021
   6.2918000000000002E-003   1.5112734793899379E+021
   6.2816499999999997E-003   1.5364788419501178E+021
   6.2572399999999999E-003   1.5724428704858385E+021
   6.2331599999999997E-003   1.6011690969361309E+021
   6.2192599999999999E-003   1.6221984454871409E+021
   6.2054600000000003E-003   1.6491568709459745E+021
   6.1841200000000004E-003   1.6822354634294842E+021
   6.1630299999999999E-003   1.7101840577691231E+021
   6.1488200000000002E-003   1.7327243449882245E+021
   6.1347099999999998E-003   1.7674544260804557E+021
   6.1056299999999999E-003   1.8147933745240460E+021
   6.0769800000000001E-003   1.8541505957342394E+021
   6.0585500000000002E-003   1.8852140499390350E+021
   6.0402800000000003E-003   1.9104448139833044E+021
   6.0292300000000000E-003   1.9293597208364788E+021
   6.0182400000000002E-003   1.9616264518901532E+021
   5.9920199999999998E-003   2.0168604566453963E+021
   5.9556499999999998E-003   2.0754628165496094E+021
   5.9271200000000001E-003   2.1182649672310278E+021
   5.9091600000000001E-003   2.1565225143299974E+021
   5.8859999999999997E-003   2.2000200367667423E+021
   5.8630699999999997E-003   2.2517871725687289E+021
   5.8319499999999998E-003   2.3128184951456205E+021
   5.8005499999999998E-003   2.3599834070426738E+021
   5.7846599999999996E-003   2.3917670249582056E+021
   5.7688699999999997E-003   2.4405588648804709E+021
   5.7365599999999999E-003   2.5070039411048652E+021
   5.7046900000000001E-003   2.5754041410297785E+021
   5.6718000000000003E-003   2.6457357470833474E+021
   5.6393600000000004E-003   2.7180875647147956E+021
   5.6058999999999996E-003   2.7926193775664887E+021
   5.5728699999999997E-003   2.8692074487438209E+021
   5.5388199999999999E-003   2.9480993902835967E+021
   5.5052000000000000E-003   3.0292953578773194E+021
   5.4705400000000003E-003   3.1128225976897068E+021
   5.4363199999999997E-003   3.1769634675033144E+021
   5.4188099999999996E-003   3.2205146092795535E+021
   5.4014099999999997E-003   3.2873673384745453E+021
   5.3658200000000003E-003   3.3785363419948337E+021
   5.3306600000000001E-003   3.4484960045779732E+021
   5.3126800000000002E-003   3.4960539705794253E+021
   5.2947999999999997E-003   3.5685377657100320E+021
   5.2586200000000003E-003   3.6680390026660723E+021
   5.2221100000000003E-003   3.7705155182182909E+021
   5.1852699999999996E-003   3.8760577883341371E+021
   5.1480900000000001E-003   3.9847748905372216E+021
   5.1105700000000000E-003   4.0967712361835644E+021
   5.0727100000000002E-003   4.2121549003611513E+021
   5.0344900000000000E-003   4.3310411562120144E+021
   4.9959200000000000E-003   4.4535493561520740E+021
   4.9569799999999997E-003   4.5797929239940925E+021
   4.9176799999999998E-003   4.6773725271420803E+021
   4.8977999999999999E-003   4.7433625063974251E+021
   4.8780100000000003E-003   4.8104652934867793E+021
   4.8579399999999998E-003   4.8784984491556990E+021
   4.8379699999999996E-003   4.9674001039979572E+021
   4.8061800000000002E-003   5.0780328932893723E+021
   4.7746300000000002E-003   5.1705210606794058E+021
   4.7540600000000001E-003   5.2441420013780599E+021
   4.7335900000000002E-003   5.3188695637445826E+021
   4.7128200000000004E-003   5.3947683490930172E+021
   4.6921500000000000E-003   5.4718382944144358E+021
   4.6711799999999996E-003   5.5501120926784726E+021
   4.6502999999999996E-003   5.6295969953800876E+021
   4.6291300000000004E-003   5.7103267654951208E+021
   4.6080499999999998E-003   5.7923169334023275E+021
   4.5866700000000002E-003   5.8755951959711112E+021
   4.5653700000000000E-003   5.9601808978529296E+021
   4.5437699999999999E-003   6.0461029957644258E+021
   4.5222600000000002E-003   6.1333809244372520E+021
   4.5004499999999996E-003   6.2220483327416693E+021
   4.4787200000000003E-003   6.3121233286360539E+021
   4.4566800000000002E-003   6.4036422775000353E+021
   4.4347299999999996E-003   6.4966262119278135E+021
   4.4124699999999999E-003   6.5911109721985605E+021
   4.3902799999999999E-003   6.6871207915198727E+021
   4.3677899999999999E-003   6.7846868640020509E+021
   4.3453700000000003E-003   6.8838482855165459E+021
   4.3226499999999999E-003   6.9846376961617984E+021
   4.2999900000000001E-003   7.0870865776100109E+021
   4.2770200000000003E-003   7.1912337831842839E+021
   4.2541200000000001E-003   7.2969050475067039E+021
   4.2310000000000004E-003   7.4045607535138769E+021
   4.2077499999999997E-003   7.5140328980556116E+021
   4.1843799999999997E-003   7.6253646794068150E+021
   4.1608799999999996E-003   7.7385955465023004E+021
   4.1372400000000004E-003   7.8537860412844173E+021
   4.1134800000000001E-003   7.9709693262801289E+021
   4.0895799999999998E-003   8.0902273434488794E+021
   4.0655500000000002E-003   8.2115868653431009E+021
   4.0413699999999999E-003   8.3351104632540648E+021
   4.0170600000000002E-003   8.4608652948073769E+021
   3.9926099999999997E-003   8.5888907982824895E+021
   3.9680200000000001E-003   8.7192438472143001E+021
   3.9432699999999996E-003   8.8519940450393984E+021
   3.9183899999999999E-003   8.9871896804911470E+021
   3.8933499999999998E-003   9.1248842284630708E+021
   3.8681599999999998E-003   9.2651959500512292E+021
   3.8428099999999999E-003   9.4081573830649750E+021
   3.8173100000000000E-003   9.5539051293499384E+021
   3.7916500000000001E-003   9.7026137709806155E+021
   3.7658300000000000E-003   9.8544034409751375E+021
   3.7398399999999999E-003   1.0009171840351448E+022
   3.7136800000000000E-003   1.0166740681569002E+022
   3.6873600000000002E-003   1.0327014119992698E+022
   3.6608600000000002E-003   1.0490029921349747E+022
   3.6341799999999999E-003   1.0655828265952711E+022
   3.6073199999999998E-003   1.0824451567970484E+022
   3.5802799999999999E-003   1.0995944232125077E+022
   3.5530499999999999E-003   1.1170352336226491E+022
   3.5256300000000001E-003   1.1347723814529638E+022
   3.4980200000000001E-003   1.1528108333054665E+022
   3.4702000000000001E-003   1.1711556830950853E+022
   3.4421899999999999E-003   1.1898122016932225E+022
   3.4139600000000002E-003   1.2087857884433505E+022
   3.3855299999999999E-003   1.2280819963939187E+022
   3.3568700000000001E-003   1.2477065314289731E+022
   3.3279999999999998E-003   1.2676652081818754E+022
   3.2989000000000000E-003   1.2879640043945034E+022
   3.2695599999999999E-003   1.3086090049586568E+022
   3.2399899999999999E-003   1.3296064658157636E+022
   3.2101800000000000E-003   1.3509627481536774E+022
   3.1801099999999999E-003   1.3726843653092601E+022
   3.1497900000000000E-003   1.3947779612125923E+022
   3.1191999999999999E-003   1.4172503194007234E+022
   3.0883400000000002E-003   1.4401083662987176E+022
   3.0572099999999999E-003   1.4633591440845859E+022
   3.0257900000000000E-003   1.4870098599022973E+022
   2.9940700000000002E-003   1.5110678524708124E+022
   2.9620499999999999E-003   1.5355405862119022E+022
   2.9297199999999998E-003   1.5604357054626477E+022
   2.8970699999999999E-003   1.5857609595946512E+022
   2.8640900000000001E-003   1.6115242800492317E+022
   2.8307599999999999E-003   1.6377337190864489E+022
   2.7970700000000000E-003   1.6643974928399579E+022
   2.7630200000000001E-003   1.6915239571875579E+022
   2.7285899999999999E-003   1.7191216498031517E+022
   2.6937699999999998E-003   1.7471992109193782E+022
   2.6585300000000001E-003   1.7757654941343727E+022
   2.6228699999999998E-003   1.8048294575513866E+022
   2.5867700000000000E-003   1.8344002512553058E+022
   2.5502099999999998E-003   1.8644871975696274E+022
   2.5131799999999998E-003   1.8950997323950393E+022
   2.4756399999999999E-003   1.9262474831903142E+022
   2.4375800000000000E-003   1.9579402605711348E+022
   2.3989800000000002E-003   1.9901879899234780E+022
   2.3598000000000000E-003   2.0230007813082540E+022
   2.3200199999999999E-003   2.0563873606649084E+022
   2.2796200000000000E-003   2.0903707681993949E+022
   2.2385399999999998E-003   2.1249506402903853E+022
   2.1967699999999998E-003   2.1601377043159888E+022
   2.1542599999999999E-003   2.1959429415880616E+022
   2.1109700000000002E-003   2.2323773774472327E+022
   2.0668399999999999E-003   2.2694493526075057E+022
   2.0218200000000001E-003   2.3071849611876805E+022
   1.9758599999999999E-003   2.3455849366375836E+022
   1.9288899999999999E-003   2.3845382323968311E+022
   1.8811500000000001E-003   2.4243047801863316E+022
   1.8316000000000001E-003   2.4649064368808978E+022
   1.7811000000000001E-003   2.5060850325687204E+022
   1.7292200000000001E-003   2.5425441333555396E+022
   1.6896200000000000E-003   2.5744828275123982E+022
   1.6485300000000000E-003   2.6202140904559988E+022
   1.5711500000000001E-003   2.6668361995845590E+022
   1.5278100000000001E-003   2.7004637252505420E+022
   1.4823799999999999E-003   2.7511819265580640E+022
   1.3882199999999999E-003   2.8089181427443352E+022
   1.3232100000000000E-003   2.8551939226526242E+022
   1.2554000000000000E-003   2.9028137806345817E+022
   1.1805100000000001E-003   2.9527101665264341E+022
   1.1007800000000000E-003   3.0046536843536433E+022
   1.0089800000000000E-003   3.0618318095113284E+022
   8.9950000000000002E-004   3.1347094318214973E+022
   7.0653999999999997E-004   3.2102490288286866E+022
   5.6793000000000002E-004   3.2535236821775773E+022
   4.8423999999999999E-004   3.2805356342435327E+022
   3.8305000000000001E-004   3.3022656313302465E+022
   3.1391999999999998E-004   3.3163287901585973E+022
   2.5075999999999999E-004   3.3247540612193476E+022
   2.0168000000000001E-004   3.3316921790505568E+022
   1.6420000000000001E-004   3.3349701476361697E+022
   1.3646000000000000E-004   3.3376448925573667E+022
   1.1692000000000000E-004   3.3387628179604434E+022
   1.0407000000000000E-004   3.3399617155591400E+022
   8.6890000000000003E-005   3.3409957471195247E+022
   6.8960000000000004E-005   3.3417444427647066E+022
   5.4729999999999999E-005   3.3423558865803146E+022
   4.3439999999999997E-005   3.3426664435363128E+022
   3.4480000000000002E-005   3.3428560472494347E+022
   2.7359999999999999E-005   3.3430356183006856E+022
   2.1719999999999999E-005   3.3431124930576284E+022
   1.7240000000000001E-005   3.3431888157255055E+022
   1.3679999999999999E-005   3.3432574673010286E+022
