   8.9331299999999992E-003   282528092860466.69     
   8.9330899999999994E-003   445538586609973.12     
   8.9330699999999996E-003   562361260941955.06     
   8.9330599999999996E-003   658202025621029.62     
   8.9330499999999997E-003   741734515492750.00     
   8.9330399999999997E-003   817299828376962.12     
   8.9330299999999998E-003   886982171436260.88     
   8.9330199999999998E-003   951999353002218.88     
   8.9330099999999999E-003   1013244269300008.0     
   8.9330000000000000E-003   1071392255407553.4     
   8.9330000000000000E-003   1126951015907578.8     
   8.9329900000000000E-003   1180304307452844.8     
   8.9329900000000000E-003   1231746597239885.0     
   8.9329800000000001E-003   1281505062086983.0     
   8.9329800000000001E-003   1329765966129877.8     
   8.9329700000000001E-003   1376677104991818.2     
   8.9329700000000001E-003   1422337105541693.0     
   8.9329600000000002E-003   1466827871120983.8     
   8.9329600000000002E-003   1510220386210788.0     
   8.9329600000000002E-003   1552574794398520.0     
   8.9329500000000003E-003   1604043538771042.2     
   8.9329500000000003E-003   1664016776885179.2     
   8.9329400000000003E-003   1722084875902597.8     
   8.9329400000000003E-003   1778425589051989.0     
   8.9329300000000004E-003   1824240176750189.2     
   8.9329300000000004E-003   1860122230629832.0     
   8.9329300000000004E-003   1895416584347963.0     
   8.9329200000000004E-003   1930164901731269.8     
   8.9329200000000004E-003   1972836461766770.5     
   8.9329200000000004E-003   2023144243629512.2     
   8.9329100000000005E-003   2072492962183141.2     
   8.9329100000000005E-003   2120963823235157.0     
   8.9329100000000005E-003   2160776423983434.5     
   8.9329000000000006E-003   2192213719693342.0     
   8.9329000000000006E-003   2223330145159966.8     
   8.9329000000000006E-003   2254140080990511.0     
   8.9329000000000006E-003   2299728831285040.5     
   8.9328900000000006E-003   2344851850209821.0     
   8.9328900000000006E-003   2374557660563758.0     
   8.9328900000000006E-003   2418583382786379.5     
   8.9328800000000007E-003   2476547774351327.5     
   8.9328800000000007E-003   2533614913638807.0     
   8.9328800000000007E-003   2589824382303917.5     
   8.9328700000000007E-003   2631488479688497.5     
   8.9328700000000007E-003   2658977467099616.5     
   8.9328700000000007E-003   2686270213448301.5     
   8.9328700000000007E-003   2713370702466694.5     
   8.9328700000000007E-003   2753626733411805.5     
   8.9328600000000008E-003   2806735642187024.5     
   8.9328600000000008E-003   2859168667116886.0     
   8.9328600000000008E-003   2910965121572133.0     
   8.9328500000000009E-003   2970594068008682.5     
   8.9328500000000009E-003   3037831702809666.0     
   8.9328500000000009E-003   3104110271826819.5     
   8.9328399999999992E-003   3169487620866380.5     
   8.9328399999999992E-003   3234018038709398.5     
   8.9328299999999992E-003   3297742730000252.5     
   8.9328299999999992E-003   3360677788602710.0     
   8.9328299999999992E-003   3422828128392939.5     
   8.9328199999999993E-003   3491783503586748.0     
   8.9328199999999993E-003   3567254354278718.0     
   8.9328199999999993E-003   3641476445237436.5     
   8.9328099999999994E-003   3696343342635707.0     
   8.9328099999999994E-003   3732496133563703.0     
   8.9328099999999994E-003   3786084759354898.0     
   8.9327999999999994E-003   3856418521359355.0     
   8.9327999999999994E-003   3925427580680879.5     
   8.9327999999999994E-003   3993118880827854.5     
   8.9327899999999995E-003   4059515519423381.5     
   8.9327899999999995E-003   4124652534937559.5     
   8.9327899999999995E-003   4188576973725075.5     
   8.9327799999999995E-003   4251341406765313.5     
   8.9327799999999995E-003   4312995497749413.5     
   8.9327799999999995E-003   4373585957237747.0     
   8.9327799999999995E-003   4462488289124729.5     
   8.9327699999999996E-003   4563661880101083.0     
   8.9327699999999996E-003   4648169658106719.0     
   8.9327599999999997E-003   4730798519702757.0     
   8.9327599999999997E-003   4791645775505202.0     
   8.9327599999999997E-003   4831639436430971.0     
   8.9327499999999997E-003   4890798594670462.0     
   8.9327499999999997E-003   4968328912432048.0     
   8.9327499999999997E-003   5081538495688902.0     
   8.9327399999999998E-003   5191785590440980.0     
   8.9327299999999998E-003   5263418813841295.0     
   8.9327299999999998E-003   5333709995737907.0     
   8.9327299999999998E-003   5402706699498371.0     
   8.9327199999999999E-003   5470455021701154.0     
   8.9327199999999999E-003   5536999154989890.0     
   8.9327199999999999E-003   5602381491078753.0     
   8.9327100000000000E-003   5666642578884151.0     
   8.9327100000000000E-003   5740214761070908.0     
   8.9327100000000000E-003   5822614152255132.0     
   8.9327000000000000E-003   5942717503841478.0     
   8.9327000000000000E-003   6059612220270046.0     
   8.9326900000000001E-003   6135492027192599.0     
   8.9326900000000001E-003   6209935767215049.0     
   8.9326800000000001E-003   6283009199139925.0     
   8.9326800000000001E-003   6363616325339698.0     
   8.9326800000000001E-003   6451363404806868.0     
   8.9326700000000002E-003   6537249168300390.0     
   8.9326700000000002E-003   6621367483154930.0     
   8.9326600000000003E-003   6703811471169671.0     
   8.9326600000000003E-003   6784668621887280.0     
   8.9326500000000003E-003   6902863246947663.0     
   8.9326500000000003E-003   7025917733333793.0     
   8.9326400000000004E-003   7115764602833432.0     
   8.9326400000000004E-003   7203754880515457.0     
   8.9326300000000004E-003   7289977630094037.0     
   8.9326300000000004E-003   7374531900500075.0     
   8.9326200000000005E-003   7457507115010619.0     
   8.9326200000000005E-003   7538983000323736.0     
   8.9326100000000005E-003   7619030019796786.0     
   8.9326100000000005E-003   7697713435828371.0     
   8.9326100000000005E-003   7775105469838948.0     
   8.9326000000000006E-003   7851278594951055.0     
   8.9326000000000006E-003   7926296971954417.0     
   8.9325900000000007E-003   8036538534159363.0     
   8.9325900000000007E-003   8180295882814713.0     
   8.9325800000000007E-003   8320274010857955.0     
   8.9325700000000008E-003   8456758903189222.0     
   8.9325600000000008E-003   8590046488861627.0     
   8.9325600000000008E-003   8720422575173337.0     
   8.9325499999999992E-003   8848070014210946.0     
   8.9325399999999992E-003   8973102123135093.0     
   8.9325299999999993E-003   9095611941968354.0     
   8.9325299999999993E-003   9215686744970070.0     
   8.9325199999999993E-003   9333471289983342.0     
   8.9325099999999994E-003   9449141189956986.0     
   8.9325099999999994E-003   9562843345014730.0     
   8.9324999999999995E-003   9674697089638742.0     
   8.9324899999999995E-003   9784793963949754.0     
   8.9324899999999995E-003   9893196095649948.0     
   8.9324799999999996E-003   10052420496990072.     
   8.9324699999999996E-003   10259948292983482.     
   8.9324599999999997E-003   10412308357035500.     
   8.9324499999999998E-003   10512028976951934.     
   8.9324499999999998E-003   10610446577829598.     
   8.9324399999999998E-003   10707581681991878.     
   8.9324399999999998E-003   10834978960229294.     
   8.9324299999999999E-003   10991414604813326.     
   8.9324199999999999E-003   11144596901986382.     
   8.9324100000000000E-003   11257596066460566.     
   8.9324100000000000E-003   11331823314015182.     
   8.9324000000000001E-003   11441534766500174.     
   8.9323900000000001E-003   11585434091973804.     
   8.9323800000000002E-003   11726507726137382.     
   8.9323800000000002E-003   11864972641876534.     
   8.9323700000000002E-003   12000981479205320.     
   8.9323600000000003E-003   12134631548479498.     
   8.9323500000000004E-003   12330334936288450.     
   8.9323400000000004E-003   12522303817028188.     
   8.9323300000000005E-003   12647576565050888.     
   8.9323200000000005E-003   12771080768739972.     
   8.9323100000000006E-003   12892938325372650.     
   8.9323100000000006E-003   13072453963302524.     
   8.9322900000000007E-003   13307083171757828.     
   8.9322800000000008E-003   13536244592172890.     
   8.9322700000000008E-003   13760423186443316.     
   8.9322499999999992E-003   13952831024258230.     
   8.9322399999999993E-003   14114820436994822.     
   8.9322299999999993E-003   14274308605852754.     
   8.9322199999999994E-003   14431386891794180.     
   8.9322099999999995E-003   14662225752896934.     
   8.9321899999999996E-003   14889265857394086.     
   8.9321899999999996E-003   15037746400811982.     
   8.9321799999999996E-003   15184264465650892.     
   8.9321699999999997E-003   15328879825870292.     
   8.9321599999999998E-003   15541949862228666.     
   8.9321399999999999E-003   15820511979857186.     
   8.9321299999999999E-003   16092498566253662.     
   8.9321100000000000E-003   16358294223040520.     
   8.9320900000000002E-003   16618230936044262.     
   8.9320800000000002E-003   16872613613847372.     
   8.9320600000000003E-003   17121797915169356.     
   8.9320500000000004E-003   17366154576357864.     
   8.9320300000000005E-003   17605971733035458.     
   8.9320200000000006E-003   17841464869308186.     
   8.9320000000000007E-003   18072819545446408.     
   8.9319900000000008E-003   18337586453243804.     
   8.9319699999999991E-003   18634289887991312.     
   8.9319499999999993E-003   18924958652634460.     
   8.9319299999999994E-003   19209933603041544.     
   8.9319099999999995E-003   19489562659070896.     
   8.9318999999999996E-003   19696256099260892.     
   8.9318899999999996E-003   19832393181258188.     
   8.9318799999999997E-003   20034178488391756.     
   8.9318599999999998E-003   20299598774473552.     
   8.9318499999999999E-003   20560583118752104.     
   8.9318300000000000E-003   20817250285025024.     
   8.9318200000000000E-003   21132000864974332.     
   8.9317900000000002E-003   21502414806383936.     
   8.9317700000000003E-003   21775402697074168.     
   8.9317600000000004E-003   22043208937846300.     
   8.9317400000000005E-003   22307530031979324.     
   8.9317200000000006E-003   22509940241734836.     
   8.9317100000000007E-003   22738472278214372.     
   8.9317000000000007E-003   22964049584276308.     
   8.9316799999999991E-003   23186805752402668.     
   8.9316699999999992E-003   23515420538731544.     
   8.9316399999999994E-003   23839155664524944.     
   8.9316299999999994E-003   24051651899596928.     
   8.9316099999999995E-003   24313866018317048.     
   8.9315899999999997E-003   24624158143639772.     
   8.9315699999999998E-003   25079766400346476.     
   8.9315400000000000E-003   25526503777498196.     
   8.9315200000000001E-003   25818341579401704.     
   8.9315000000000002E-003   26106056391127504.     
   8.9314800000000003E-003   26389850613256368.     
   8.9314600000000004E-003   26807902493373876.     
   8.9314300000000006E-003   27353695704010012.     
   8.9313900000000009E-003   27798696938027560.     
   8.9313699999999992E-003   28148111310632328.     
   8.9313499999999994E-003   28534763734822556.     
   8.9313199999999995E-003   28957221851462940.     
   8.9312899999999997E-003   29372494351838480.     
   8.9312699999999998E-003   29781088308282716.     
   8.9312400000000000E-003   30282533554288816.     
   8.9312000000000002E-003   30726495156033456.     
   8.9311900000000003E-003   31017846108593052.     
   8.9311700000000004E-003   31305798194856712.     
   8.9311500000000005E-003   31590449866908292.     
   8.9311300000000007E-003   32011199008103296.     
   8.9311000000000008E-003   32562763832235832.     
   8.9310599999999993E-003   33104099764061484.     
   8.9310299999999995E-003   33636196138812576.     
   8.9309899999999998E-003   34159619158811376.     
   8.9309599999999999E-003   34759422080658904.     
   8.9309200000000002E-003   35432442715658632.     
   8.9308800000000004E-003   36011148816742640.     
   8.9308400000000007E-003   36499345255527880.     
   8.9308100000000008E-003   36980561988343760.     
   8.9307799999999993E-003   37454502229814640.     
   8.9307599999999994E-003   37997729546731696.     
   8.9307199999999996E-003   38606231056014248.     
   8.9306799999999999E-003   39202408669736952.     
   8.9306400000000001E-003   39787854689651424.     
   8.9306100000000003E-003   40363970369218568.     
   8.9305700000000005E-003   40931576096234456.     
   8.9305300000000008E-003   41491089294603664.     
   8.9304999999999992E-003   42042823513528456.     
   8.9304699999999994E-003   42587111026313648.     
   8.9304299999999996E-003   43124253597661168.     
   8.9303999999999998E-003   43785568156002064.     
   8.9303500000000001E-003   44566046240387168.     
   8.9303000000000004E-003   45205973825487880.     
   8.9302700000000006E-003   45710898352551744.     
   8.9302400000000007E-003   46210147872937120.     
   8.9302099999999992E-003   46703937493296832.     
   8.9301799999999994E-003   47433873019292288.     
   8.9301199999999997E-003   48389531898064664.     
   8.9300600000000001E-003   49093163803520696.     
   8.9300400000000002E-003   49555621179836576.     
   8.9300100000000004E-003   50126692407365248.     
   8.9299700000000006E-003   50802733937334360.     
   8.9299300000000009E-003   51468984725897856.     
   8.9298899999999994E-003   52125925810057152.     
   8.9298499999999996E-003   52880881390745960.     
   8.9297899999999999E-003   53729894247979752.     
   8.9297400000000002E-003   54357539253928104.     
   8.9297200000000004E-003   54771299301116352.     
   8.9296900000000005E-003   55385182891397440.     
   8.9296500000000008E-003   56192836375735768.     
   8.9295999999999993E-003   56988241296311896.     
   8.9295499999999996E-003   57772130064141968.     
   8.9294999999999999E-003   58926539384669040.     
   8.9294100000000005E-003   60431252146020480.     
   8.9293199999999993E-003   61535412489836152.     
   8.9292799999999995E-003   62259577723711064.     
   8.9292399999999997E-003   62974957326981984.     
   8.9292000000000000E-003   63681766464445736.     
   8.9291600000000002E-003   64553247603722856.     
   8.9290900000000006E-003   65582893734502336.     
   8.9290299999999993E-003   66428114272205496.     
   8.9289999999999994E-003   67095795465678832.     
   8.9289599999999997E-003   67920118416570248.     
   8.9289000000000000E-003   68895393120743888.     
   8.9288400000000004E-003   69855596410470024.     
   8.9287900000000007E-003   70801433111746120.     
   8.9287299999999993E-003   71733648821668168.     
   8.9286799999999996E-003   72652981739600864.     
   8.9286299999999999E-003   73560110814169824.     
   8.9285700000000003E-003   74455569498680368.     
   8.9285200000000006E-003   75339796376999456.     
   8.9284700000000009E-003   76213170076743440.     
   8.9284199999999994E-003   77218578103857680.     
   8.9283599999999998E-003   78350993901370624.     
   8.9282900000000002E-003   79189267667176448.     
   8.9282600000000004E-003   79742601171278272.     
   8.9282300000000005E-003   80685644045929712.     
   8.9281499999999993E-003   82005195863162304.     
   8.9280799999999997E-003   83039400318293088.     
   8.9280300000000000E-003   83798704876960368.     
   8.9279900000000002E-003   84737436819892752.     
   8.9279300000000006E-003   85849843795001520.     
   8.9278599999999993E-003   86947131289586544.     
   8.9277999999999996E-003   88029917528988128.     
   8.9277400000000000E-003   89275402609446160.     
   8.9276600000000005E-003   90677362488490992.     
   8.9275799999999992E-003   91714865417498784.     
   8.9275399999999994E-003   92399639946771136.     
   8.9274999999999997E-003   93416839309051760.     
   8.9274300000000001E-003   94756601471904224.     
   8.9273500000000006E-003   96077565939239072.     
   8.9272799999999992E-003   97380454716906912.     
   8.9272099999999997E-003   98665893134789024.     
   8.9271400000000001E-003   99934458235220128.     
   8.9270700000000005E-003   1.0118673037417206E+017
   8.9269999999999992E-003   1.0242328890996496E+017
   8.9269299999999996E-003   1.0364470349169954E+017
   8.9268600000000000E-003   1.0485151378078878E+017
   8.9268000000000004E-003   1.0633981981486099E+017
   8.9266999999999992E-003   1.0809842676509438E+017
   8.9266099999999998E-003   1.0954202301810427E+017
   8.9265400000000002E-003   1.1068260014958526E+017
   8.9264800000000005E-003   1.1181124267053664E+017
   8.9264199999999991E-003   1.1292840996131600E+017
   8.9263599999999995E-003   1.1430907377209789E+017
   8.9262700000000000E-003   1.1594469342565283E+017
   8.9261800000000006E-003   1.1755792522410741E+017
   8.9260999999999993E-003   1.1914973631138365E+017
   8.9260099999999998E-003   1.2072097904537227E+017
   8.9259300000000003E-003   1.2227244658717168E+017
   8.9258400000000009E-003   1.2355104903823003E+017
   8.9257899999999994E-003   1.2456450619465653E+017
   8.9257399999999997E-003   1.2606925612341896E+017
   8.9256300000000004E-003   1.2804969166629733E+017
   8.9255299999999992E-003   1.2975884617012674E+017
   8.9254499999999997E-003   1.3120638511150762E+017
   8.9253700000000002E-003   1.3263857896572979E+017
   8.9253000000000006E-003   1.3405590921259477E+017
   8.9252199999999993E-003   1.3569105768458634E+017
   8.9251299999999999E-003   1.3753699827239435E+017
   8.9250300000000005E-003   1.3935925978596309E+017
   8.9249399999999993E-003   1.4115867928568258E+017
   8.9248399999999999E-003   1.4293605095863205E+017
   8.9247500000000004E-003   1.4469218866822941E+017
   8.9246599999999992E-003   1.4642791542033219E+017
   8.9245699999999997E-003   1.4814402011818045E+017
   8.9244900000000002E-003   1.4984113526383155E+017
   8.9244000000000007E-003   1.5151978524946832E+017
   8.9243099999999995E-003   1.5318043555299827E+017
   8.9242300000000000E-003   1.5482351184672822E+017
   8.9241500000000005E-003   1.5685284650583011E+017
   8.9240199999999995E-003   1.5925461237414944E+017
   8.9239000000000002E-003   1.6122945945423072E+017
   8.9238200000000007E-003   1.6279208901572509E+017
   8.9237499999999994E-003   1.6434019523117520E+017
   8.9236699999999999E-003   1.6587422515237427E+017
   8.9235900000000003E-003   1.6814888012421354E+017
   8.9234399999999995E-003   1.7113667881901862E+017
   8.9232900000000004E-003   1.7334490985568042E+017
   8.9232200000000008E-003   1.7480125334354259E+017
   8.9231499999999995E-003   1.7696282231675590E+017
   8.9230100000000003E-003   1.7980588261856758E+017
   8.9228699999999994E-003   1.8191015083428650E+017
   8.9227999999999998E-003   1.8329948907307651E+017
   8.9227300000000002E-003   1.8536392943614899E+017
   8.9225899999999993E-003   1.8808302843680611E+017
   8.9224600000000001E-003   1.9076449634216522E+017
   8.9223299999999992E-003   1.9340986497021798E+017
   8.9221999999999999E-003   1.9615196193884454E+017
   8.9220700000000007E-003   1.9975357322382746E+017
   8.9218600000000002E-003   2.0342204259217155E+017
   8.9217099999999994E-003   2.0566813153098426E+017
   8.9216399999999998E-003   2.0788964052842672E+017
   8.9215000000000006E-003   2.1081712638317667E+017
   8.9213599999999997E-003   2.1370579541417853E+017
   8.9212200000000005E-003   2.1655709002847334E+017
   8.9210899999999996E-003   2.2006993210427936E+017
   8.9208900000000008E-003   2.2421516136940675E+017
   8.9206900000000002E-003   2.2895725479154736E+017
   8.9204400000000000E-003   2.3426223716977328E+017
   8.9201999999999997E-003   2.3816613905081978E+017
   8.9200800000000004E-003   2.4073356791387709E+017
   8.9199599999999993E-003   2.4327468325970304E+017
   8.9198400000000001E-003   2.4579033723059098E+017
   8.9197200000000008E-003   2.4859075449350013E+017
   8.9195799999999999E-003   2.5166703126022262E+017
   8.9194400000000007E-003   2.5470709806526512E+017
   8.9192999999999998E-003   2.5771225114346998E+017
   8.9191600000000006E-003   2.6156824815213120E+017
   8.9189500000000001E-003   2.6624146501458995E+017
   8.9187299999999997E-003   2.7140714487793773E+017
   8.9184799999999995E-003   2.7704029971264000E+017
   8.9182199999999993E-003   2.8315661263920634E+017
   8.9179199999999993E-003   2.8972740709546771E+017
   8.9176299999999993E-003   2.9456464829644723E+017
   8.9174900000000001E-003   2.9774689484734515E+017
   8.9173499999999992E-003   3.0297818195492992E+017
   8.9170299999999994E-003   3.1016375089376576E+017
   8.9167099999999996E-003   3.1669770602966176E+017
   8.9164499999999994E-003   3.2114761175512800E+017
   8.9163200000000001E-003   3.2408118927125165E+017
   8.9161899999999992E-003   3.2747175087373146E+017
   8.9160200000000002E-003   3.3130905702700403E+017
   8.9158599999999994E-003   3.3699327131173158E+017
   8.9155299999999996E-003   3.4445350879780269E+017
   8.9152199999999997E-003   3.5177977081364800E+017
   8.9149099999999998E-003   3.5719334625233382E+017
   8.9147500000000008E-003   3.6076265469951456E+017
   8.9146000000000000E-003   3.6518192123274950E+017
   8.9143799999999995E-003   3.7042713021743494E+017
   8.9141700000000008E-003   3.7732176882787808E+017
   8.9138099999999994E-003   3.8579516792434048E+017
   8.9134699999999997E-003   3.9372896474788416E+017
   8.9131599999999998E-003   4.0114994275334662E+017
   8.9128699999999998E-003   4.0851017985053939E+017
   8.9125699999999999E-003   4.1581319697664928E+017
   8.9122799999999999E-003   4.2419713623787923E+017
   8.9119100000000003E-003   4.3361276447411398E+017
   8.9115500000000007E-003   4.4285965164901715E+017
   8.9111899999999994E-003   4.5194788512047290E+017
   8.9108499999999997E-003   4.6088687150057670E+017
   8.9105199999999999E-003   4.6968532908006592E+017
   8.9101900000000001E-003   4.7673771204002630E+017
   8.9099899999999996E-003   4.8210431304314240E+017
   8.9097900000000008E-003   4.8742299757023994E+017
   8.9096000000000002E-003   4.9269524730980621E+017
   8.9094099999999996E-003   5.0051689391074650E+017
   8.9090300000000001E-003   5.1079896356788166E+017
   8.9086700000000005E-003   5.2191966427740077E+017
   8.9082399999999996E-003   5.3384117044208269E+017
   8.9078300000000003E-003   5.4502741190955040E+017
   8.9074600000000007E-003   5.5551485983014483E+017
   8.9071099999999993E-003   5.6713137178219878E+017
   8.9066800000000002E-003   5.7983049904187366E+017
   8.9062599999999992E-003   5.9232202459999629E+017
   8.9058499999999999E-003   6.0461782339638925E+017
   8.9054600000000005E-003   6.1375315390175296E+017
   8.9052599999999999E-003   6.2284648638645914E+017
   8.9048800000000004E-003   6.3184769112572634E+017
   8.9046899999999998E-003   6.3900735180813286E+017
   8.9044299999999996E-003   6.4731188764828723E+017
   8.9041699999999994E-003   6.5553931669970688E+017
   8.9039199999999992E-003   6.6369238825268096E+017
   8.9036700000000007E-003   6.7463965341236672E+017
   8.9032499999999997E-003   6.8829141202465459E+017
   8.9028500000000003E-003   7.0187210383185997E+017
   8.9024399999999993E-003   7.1538751738136435E+017
   8.9020499999999999E-003   7.3092938396457101E+017
   8.9015399999999995E-003   7.4841965340588762E+017
   8.9010500000000006E-003   7.6139964587526118E+017
   8.9008100000000003E-003   7.7001824229441306E+017
   8.9005700000000000E-003   7.8289637596107789E+017
   8.9000999999999993E-003   7.9990435082577357E+017
   8.8996400000000003E-003   8.1670984609629594E+017
   8.8991899999999995E-003   8.3332342094692762E+017
   8.8987600000000004E-003   8.5188667820380902E+017
   8.8982200000000001E-003   8.7232642776994560E+017
   8.8976999999999997E-003   8.9256468405435494E+017
   8.8971899999999993E-003   9.1261551491881382E+017
   8.8966900000000005E-003   9.3245553348036506E+017
   8.8962099999999999E-003   9.5209630626958349E+017
   8.8957299999999993E-003   9.6773117723303731E+017
   8.8954499999999992E-003   9.7944626174371546E+017
   8.8951700000000009E-003   9.9112364995449805E+017
   8.8949000000000007E-003   1.0027133645906022E+018
   8.8946300000000006E-003   1.0200701038779368E+018
   8.8941000000000003E-003   1.0430246971891393E+018
   8.8935799999999999E-003   1.0677180109927571E+018
   8.8929800000000000E-003   1.0940885257881126E+018
   8.8924000000000000E-003   1.1202716072453137E+018
   8.8918299999999999E-003   1.1462794240168069E+018
   8.8912799999999997E-003   1.1665615322178363E+018
   8.8909699999999998E-003   1.1812918132901773E+018
   8.8906599999999999E-003   1.1959770555683965E+018
   8.8903500000000000E-003   1.2106195209549507E+018
   8.8900500000000000E-003   1.2288680999221660E+018
   8.8895999999999992E-003   1.2506358723650074E+018
   8.8891700000000001E-003   1.2760670900538939E+018
   8.8885800000000001E-003   1.3050436594918653E+018
   8.8880199999999999E-003   1.3338342428578074E+018
   8.8874599999999998E-003   1.3624525837084442E+018
   8.8869099999999996E-003   1.3837570144839148E+018
   8.8866399999999995E-003   1.3979340796096320E+018
   8.8863799999999993E-003   1.4139814942483420E+018
   8.8860399999999996E-003   1.4318657219447076E+018
   8.8857099999999998E-003   1.4586019886745431E+018
   8.8850600000000002E-003   1.4939338291304041E+018
   8.8844200000000005E-003   1.5202079004505787E+018
   8.8841100000000006E-003   1.5376790627230124E+018
   8.8838000000000007E-003   1.5570331305195538E+018
   8.8834299999999995E-003   1.5782348285978995E+018
   8.8830599999999999E-003   1.5992781235882079E+018
   8.8827000000000003E-003   1.6201673702158131E+018
   8.8823400000000007E-003   1.6412182364843715E+018
   8.8819799999999994E-003   1.6624283032343549E+018
   8.8816199999999998E-003   1.6942020098985270E+018
   8.8809200000000005E-003   1.7362332990373164E+018
   8.8802299999999994E-003   1.7675194785851914E+018
   8.8798899999999997E-003   1.7883633683011123E+018
   8.8795599999999999E-003   1.8111755779986941E+018
   8.8791600000000005E-003   1.8359189482755981E+018
   8.8787699999999994E-003   1.8604792950031227E+018
   8.8783800000000000E-003   1.8973504067422510E+018
   8.8776199999999993E-003   1.9342234405244042E+018
   8.8772399999999998E-003   1.9588286920318866E+018
   8.8768600000000003E-003   1.9832636237932349E+018
   8.8765000000000007E-003   2.0167207830147799E+018
   8.8758599999999993E-003   2.0589711853982282E+018
   8.8752399999999995E-003   2.1014368170649057E+018
   8.8746099999999998E-003   2.1441176009850263E+018
   8.8739900000000000E-003   2.1850228817921797E+018
   8.8734299999999999E-003   2.2242077017209636E+018
   8.8728799999999997E-003   2.2561469350227141E+018
   8.8725300000000000E-003   2.2810026073161288E+018
   8.8721800000000003E-003   2.3205513424185201E+018
   8.8714399999999995E-003   2.3744110777796721E+018
   8.8707100000000004E-003   2.4166934595615964E+018
   8.8702899999999994E-003   2.4477168602952243E+018
   8.8698700000000002E-003   2.4930266679979924E+018
   8.8690799999999997E-003   2.5522255010717184E+018
   8.8683100000000008E-003   2.6151821941598367E+018
   8.8674500000000007E-003   2.6817673273537521E+018
   8.8666100000000005E-003   2.7336894774272717E+018
   8.8661299999999998E-003   2.7712149292059018E+018
   8.8656599999999992E-003   2.8084745638261550E+018
   8.8651900000000002E-003   2.8454174829040650E+018
   8.8647199999999995E-003   2.8957172225901036E+018
   8.8639099999999992E-003   2.9586655331053763E+018
   8.8631200000000004E-003   3.0134931768374236E+018
   8.8625200000000005E-003   3.0608549358038625E+018
   8.8619200000000006E-003   3.1048783986384691E+018
   8.8614200000000001E-003   3.1661581330692055E+018
   8.8604300000000007E-003   3.2521887147404503E+018
   8.8593800000000000E-003   3.3198572185956388E+018
   8.8588599999999997E-003   3.3647140077674071E+018
   8.8583499999999992E-003   3.4315538956745062E+018
   8.8573499999999999E-003   3.5197093222226401E+018
   8.8563800000000005E-003   3.6042587942771784E+018
   8.8554900000000006E-003   3.6739490122025861E+018
   8.8548600000000009E-003   3.7315998587476326E+018
   8.8542399999999993E-003   3.8155597589557274E+018
   8.8530599999999994E-003   3.9249231409728758E+018
   8.8519199999999992E-003   4.0357594115610102E+018
   8.8507499999999992E-003   4.1480282405511209E+018
   8.8496100000000008E-003   4.2481186460242842E+018
   8.8487099999999992E-003   4.3365047328224108E+018
   8.8478299999999992E-003   4.4446598673268987E+018
   8.8465599999999998E-003   4.5402696458353812E+018
   8.8459500000000000E-003   4.6033765019117957E+018
   8.8453300000000002E-003   4.6913659473251553E+018
   8.8442499999999997E-003   4.8035183826703063E+018
   8.8431900000000008E-003   4.8907050485589668E+018
   8.8425900000000009E-003   4.9536324876198697E+018
   8.8419999999999992E-003   5.0336323735016366E+018
   8.8410999999999993E-003   5.1302863583560643E+018
   8.8402099999999994E-003   5.2530770415925217E+018
   8.8388600000000005E-003   5.3673770148602685E+018
   8.8381399999999995E-003   5.4587163905337600E+018
   8.8372199999999998E-003   5.5609696225396623E+018
   8.8363199999999999E-003   5.6862622427283712E+018
   8.8350100000000008E-003   5.7971516260173783E+018
   8.8343699999999994E-003   5.8704245608914627E+018
   8.8337399999999996E-003   5.9838845533439314E+018
   8.8324300000000005E-003   6.0984641083536333E+018
   8.8317900000000008E-003   6.1741820830118257E+018
   8.8311499999999994E-003   6.2568940197827041E+018
   8.8304000000000004E-003   6.3464535295103693E+018
   8.8296499999999997E-003   6.4606301770577459E+018
   8.8285099999999995E-003   6.5987033423478907E+018
   8.8273899999999992E-003   6.7144447989538980E+018
   8.8266200000000003E-003   6.8084980065125284E+018
   8.8258699999999995E-003   6.9026278338104392E+018
   8.8251100000000006E-003   7.0487619255779881E+018
   8.8235399999999995E-003   7.2442960842885622E+018
   8.8220199999999999E-003   7.4437279543484969E+018
   8.8204400000000006E-003   7.5963634983759657E+018
   8.8196600000000000E-003   7.6970748286581207E+018
   8.8188899999999994E-003   7.8538308305469993E+018
   8.8172800000000003E-003   8.0644479933496125E+018
   8.8157099999999992E-003   8.2788733756288051E+018
   8.8140700000000002E-003   8.4427792782659809E+018
   8.8132699999999998E-003   8.5506714204248054E+018
   8.8124799999999993E-003   8.6614302123671532E+018
   8.8116400000000008E-003   8.7748613377333893E+018
   8.8108100000000005E-003   8.8871096229801789E+018
   8.8099900000000002E-003   8.9981469179742505E+018
   8.8091899999999997E-003   9.1120011242426685E+018
   8.8083399999999996E-003   9.2284388902804869E+018
   8.8074899999999994E-003   9.4004235522936648E+018
   8.8058400000000005E-003   9.5731123474902589E+018
   8.8049800000000004E-003   9.6918229578111508E+018
   8.8041200000000003E-003   9.8088852197683425E+018
   8.8032700000000002E-003   9.9242939957556101E+018
   8.8024399999999999E-003   1.0042631305946843E+019
   8.8015599999999999E-003   1.0162875152782545E+019
   8.8006899999999999E-003   1.0281154912439996E+019
   8.7998299999999998E-003   1.0397604620292020E+019
   8.7989799999999996E-003   1.0516372532585288E+019
   8.7980799999999998E-003   1.0637160417636606E+019
   8.7971899999999999E-003   1.0755783320048529E+019
   8.7963199999999998E-003   1.0872422507534365E+019
   8.7954499999999998E-003   1.0991200075182252E+019
   8.7945400000000000E-003   1.1111855478954695E+019
   8.7936400000000001E-003   1.1230161188649613E+019
   8.7927500000000002E-003   1.1346443911503827E+019
   8.7918700000000002E-003   1.1464731528204374E+019
   8.7909400000000006E-003   1.1584949245677220E+019
   8.7900200000000008E-003   1.1702797304572969E+019
   8.7891099999999993E-003   1.1818823812146989E+019
   8.7882199999999994E-003   1.1936989889342749E+019
   8.7872799999999997E-003   1.2057306492166670E+019
   8.7863400000000001E-003   1.2175463976763044E+019
   8.7854200000000004E-003   1.2292052189662902E+019
   8.7845100000000006E-003   1.2411059245524474E+019
   8.7835499999999993E-003   1.2532520596793131E+019
   8.7825999999999998E-003   1.2652116676876153E+019
   8.7816700000000001E-003   1.2770408034672349E+019
   8.7807400000000004E-003   1.2891623653494077E+019
   8.7797699999999992E-003   1.3015187009238321E+019
   8.7787999999999998E-003   1.3136024055690164E+019
   8.7778500000000002E-003   1.3258122598016436E+019
   8.7769100000000006E-003   1.3450868179028546E+019
   8.7749400000000002E-003   1.3706059854241550E+019
   8.7730199999999994E-003   1.3896703231059122E+019
   8.7720100000000002E-003   1.4028796700314644E+019
   8.7710199999999992E-003   1.4159417322039056E+019
   8.7700299999999998E-003   1.4291764652716524E+019
   8.7690700000000003E-003   1.4502287310155575E+019
   8.7670300000000003E-003   1.4780244888599505E+019
   8.7650499999999999E-003   1.4987359335313283E+019
   8.7640099999999992E-003   1.5131695283624006E+019
   8.7629800000000001E-003   1.5347954744897724E+019
   8.7609699999999999E-003   1.5642677001508252E+019
   8.7588700000000002E-003   1.5865870591292840E+019
   8.7578399999999994E-003   1.6016245796045285E+019
   8.7568200000000002E-003   1.6256043499948872E+019
   8.7546900000000007E-003   1.6571387843067507E+019
   8.7526099999999992E-003   1.6887280483379247E+019
   8.7504400000000000E-003   1.7128898463403766E+019
   8.7493799999999993E-003   1.7289269208778498E+019
   8.7483300000000003E-003   1.7542057753078489E+019
   8.7461299999999995E-003   1.7879925593321183E+019
   8.7439900000000001E-003   1.8224834768571906E+019
   8.7417499999999995E-003   1.8576431328176640E+019
   8.7395700000000003E-003   1.8839138669973639E+019
   8.7384200000000002E-003   1.9021382816093987E+019
   8.7372900000000000E-003   1.9301623977920201E+019
   8.7349999999999997E-003   1.9671645969791877E+019
   8.7327599999999991E-003   2.0042063975261307E+019
   8.7305100000000004E-003   2.0426561062940512E+019
   8.7281600000000004E-003   2.0818507075785777E+019
   8.7258600000000002E-003   2.1110869306937758E+019
   8.7246600000000004E-003   2.1418973487419949E+019
   8.7223000000000005E-003   2.1772420442698277E+019
   8.7205200000000007E-003   2.2083014194973590E+019
   8.7186999999999994E-003   2.2450183740287685E+019
   8.7163299999999996E-003   2.2877166687950742E+019
   8.7138500000000004E-003   2.3253134006827151E+019
   8.7120300000000008E-003   2.3577806703994638E+019
   8.7101599999999998E-003   2.3915277321652986E+019
   8.7082900000000005E-003   2.4249042144395772E+019
   8.7064499999999993E-003   2.4573927468245078E+019
   8.7046699999999994E-003   2.4889978200422830E+019
   8.7029199999999994E-003   2.5172637131403317E+019
   8.7014899999999992E-003   2.5426954626252988E+019
   8.7000700000000007E-003   2.5699628352854847E+019
   8.6984599999999999E-003   2.5985634739777741E+019
   8.6968700000000006E-003   2.6271887326875714E+019
   8.6952100000000001E-003   2.6563847979546612E+019
   8.6935899999999993E-003   2.6922854044551291E+019
   8.6912599999999993E-003   2.7325174894065242E+019
   8.6889800000000007E-003   2.7654224798562337E+019
   8.6873300000000001E-003   2.7934701139695292E+019
   8.6856999999999993E-003   2.8285697354676281E+019
   8.6833099999999996E-003   2.8678382392058298E+019
   8.6809799999999996E-003   2.8999820412145058E+019
   8.6792599999999994E-003   2.9269686662977794E+019
   8.6775700000000008E-003   2.9533094774183530E+019
   8.6758700000000005E-003   2.9793335885447766E+019
   8.6742000000000000E-003   3.0109545656236020E+019
   8.6717800000000005E-003   3.0458522714966876E+019
   8.6694300000000005E-003   3.0766954791703331E+019
   8.6673199999999992E-003   3.1048890425830605E+019
   8.6652599999999993E-003   3.1320158474461233E+019
   8.6631599999999996E-003   3.1584982167725244E+019
   8.6611199999999996E-003   3.1864118972478026E+019
   8.6586700000000003E-003   3.2152545357251469E+019
   8.6562900000000005E-003   3.2429564708408267E+019
   8.6538399999999994E-003   3.2692432583405629E+019
   8.6514699999999996E-003   3.2899178876038885E+019
   8.6497399999999995E-003   3.3079705547664450E+019
   8.6480499999999991E-003   3.3341533127696380E+019
   8.6449100000000004E-003   3.3656594975641686E+019
   8.6418999999999992E-003   3.3900690472245727E+019
   8.6397999999999996E-003   3.4104863589137932E+019
   8.6377599999999995E-003   3.4313603868651803E+019
   8.6356899999999997E-003   3.4523538181274677E+019
   8.6336599999999996E-003   3.4845276750105584E+019
   8.6295999999999994E-003   3.5171651768606708E+019
   8.6275599999999994E-003   3.5398248166755148E+019
   8.6255700000000008E-003   3.5675818422197346E+019
   8.6228199999999998E-003   3.5920235627184869E+019
   8.6214800000000008E-003   3.6084827046886674E+019
   8.6201699999999999E-003   3.6346816635611554E+019
   8.6174200000000006E-003   3.6615674142366048E+019
   8.6160799999999999E-003   3.6846101717929120E+019
   8.6140599999999998E-003   3.7133802198281880E+019
   8.6120099999999998E-003   3.7380633252932870E+019
   8.6106700000000008E-003   3.7686605668565721E+019
   8.6079599999999996E-003   3.8002833707352621E+019
   8.6065900000000008E-003   3.8218861908888420E+019
   8.6052500000000001E-003   3.8496175390720819E+019
   8.6032200000000000E-003   3.8843074727015178E+019
   8.6011500000000001E-003   3.9140853109004222E+019
   8.5997999999999995E-003   3.9380128226516083E+019
   8.5984700000000004E-003   3.9757903658661585E+019
   8.5956799999999996E-003   4.0212467730393080E+019
   8.5936399999999996E-003   4.0543586038550430E+019
   8.5922700000000008E-003   4.0890466977779835E+019
   8.5901599999999995E-003   4.1385357000686420E+019
   8.5874300000000001E-003   4.1819619196035637E+019
   8.5859999999999999E-003   4.2199281292697190E+019
   8.5839000000000002E-003   4.2655008693486764E+019
   8.5818300000000004E-003   4.3208764033287561E+019
   8.5789600000000001E-003   4.3739094721213137E+019
   8.5771800000000002E-003   4.4152891706313499E+019
   8.5754300000000002E-003   4.4665170037155545E+019
   8.5728899999999997E-003   4.5269737405275931E+019
   8.5704100000000005E-003   4.5940661054343913E+019
   8.5674500000000008E-003   4.6488218591565980E+019
   8.5660000000000007E-003   4.6856185833963823E+019
   8.5645700000000005E-003   4.7485177776792756E+019
   8.5611699999999999E-003   4.8366548985407685E+019
   8.5578600000000005E-003   4.9063277544636768E+019
   8.5559499999999997E-003   4.9729986678154101E+019
   8.5529300000000003E-003   5.0624203928158921E+019
   8.5494700000000000E-003   5.1428290864567190E+019
   8.5471799999999997E-003   5.2031895427069706E+019
   8.5451999999999993E-003   5.2596481650444591E+019
   8.5432500000000005E-003   5.3296270283396063E+019
   8.5404499999999998E-003   5.4098403585468211E+019
   8.5377000000000005E-003   5.4866230914760417E+019
   8.5352699999999993E-003   5.5586838720233300E+019
   8.5328899999999996E-003   5.6206097498734944E+019
   8.5312300000000008E-003   5.6713753763717284E+019
   8.5295900000000001E-003   5.7455155752568693E+019
   8.5264299999999998E-003   5.8447765075961905E+019
   8.5233500000000007E-003   5.9187295162763772E+019
   8.5217599999999998E-003   5.9697787859904905E+019
   8.5201900000000004E-003   6.0326479232359186E+019
   8.5179200000000000E-003   6.1068361035051852E+019
   8.5156899999999994E-003   6.2026138277402755E+019
   8.5121999999999993E-003   6.3219948359216685E+019
   8.5086799999999994E-003   6.4521707303635509E+019
   8.5047100000000004E-003   6.5696784689243496E+019
   8.5019899999999992E-003   6.6676675267821601E+019
   8.4992300000000000E-003   6.7886373836452938E+019
   8.4953600000000004E-003   6.9504181146671391E+019
   8.4904799999999999E-003   7.0816893506122367E+019
   8.4883400000000005E-003   7.1627847705820062E+019
   8.4862099999999992E-003   7.2582922771028312E+019
   8.4833600000000006E-003   7.3703425917571490E+019
   8.4804200000000007E-003   7.4841167638382658E+019
   8.4775200000000005E-003   7.5997363627543953E+019
   8.4745399999999992E-003   7.7184219582290543E+019
   8.4715399999999996E-003   7.8375190255556149E+019
   8.4685799999999999E-003   7.9387411712795804E+019
   8.4665000000000001E-003   8.0633097474655814E+019
   8.4624100000000001E-003   8.2551690792880914E+019
   8.4571999999999998E-003   8.4388186360050156E+019
   8.4535300000000008E-003   8.5815553753048285E+019
   8.4503400000000006E-003   8.7172296460075336E+019
   8.4470799999999992E-003   8.9016268177817862E+019
   8.4416400000000003E-003   9.0939597563453424E+019
   8.4380500000000008E-003   9.2123776710363070E+019
   8.4361300000000000E-003   9.3473179039848874E+019
   8.4318499999999994E-003   9.5326232397799227E+019
   8.4276500000000001E-003   9.6754232886365127E+019
   8.4253300000000000E-003   9.7769880760669782E+019
   8.4230399999999997E-003   9.9267077090959147E+019
   8.4186100000000000E-003   1.0122535574573335E+020
   8.4142599999999998E-003   1.0260411648003355E+020
   8.4124500000000001E-003   1.0341644934577653E+020
   8.4106600000000004E-003   1.0479356428068197E+020
   8.4063799999999998E-003   1.0672391097442399E+020
   8.4021700000000005E-003   1.0816521543979232E+020
   8.3999999999999995E-003   1.0916060512871696E+020
   8.3978400000000002E-003   1.1056774459977695E+020
   8.3939099999999992E-003   1.1237925351831229E+020
   8.3900399999999997E-003   1.1391579262403399E+020
   8.3873200000000002E-003   1.1518429238347765E+020
   8.3846300000000006E-003   1.1663051435601871E+020
   8.3811900000000002E-003   1.1825093969591437E+020
   8.3777899999999995E-003   1.2009700749941470E+020
   8.3734399999999994E-003   1.2216158017403612E+020
   8.3691700000000004E-003   1.2405830166569645E+020
   8.3655499999999994E-003   1.2650865016034317E+020
   8.3590699999999997E-003   1.2878585815642145E+020
   8.3561899999999995E-003   1.3027997361326051E+020
   8.3529899999999994E-003   1.3185143743494449E+020
   8.3498200000000009E-003   1.3427711567928897E+020
   8.3432400000000000E-003   1.3753279364873214E+020
   8.3368100000000001E-003   1.4089555934665993E+020
   8.3299299999999993E-003   1.4436213264077411E+020
   8.3232199999999992E-003   1.4699552480065334E+020
   8.3195900000000000E-003   1.4885733237590537E+020
   8.3160200000000004E-003   1.5082767198575182E+020
   8.3120199999999998E-003   1.5290522936895970E+020
   8.3080700000000007E-003   1.5487610251203861E+020
   8.3045099999999993E-003   1.5674346453787122E+020
   8.3009899999999994E-003   1.5898521566629085E+020
   8.2960699999999991E-003   1.6159337744792325E+020
   8.2912200000000002E-003   1.6448563070868944E+020
   8.2853100000000006E-003   1.6765123427472205E+020
   8.2795200000000003E-003   1.7060830357656214E+020
   8.2744399999999992E-003   1.7336982124680901E+020
   8.2694399999999994E-003   1.7622847956532845E+020
   8.2640100000000005E-003   1.7892569349615944E+020
   8.2597699999999996E-003   1.8128095001835785E+020
   8.2555800000000002E-003   1.8445344099430590E+020
   8.2485100000000006E-003   1.8842257022496014E+020
   8.2415700000000001E-003   1.9217211544823982E+020
   8.2354000000000004E-003   1.9569306283294589E+020
   8.2293300000000000E-003   1.9897516646508151E+020
   8.2239700000000006E-003   2.0321553541475602E+020
   8.2148399999999993E-003   2.0695777390226637E+020
   8.2112200000000000E-003   2.0909067799993680E+020
   8.2076400000000004E-003   2.1226651635449463E+020
   8.2005700000000008E-003   2.1646308840969067E+020
   8.1936300000000004E-003   2.1986334267437603E+020
   8.1892900000000001E-003   2.2248538197103922E+020
   8.1849999999999996E-003   2.2556368408424491E+020
   8.1792099999999993E-003   2.2908963876516020E+020
   8.1735100000000002E-003   2.3300590240014513E+020
   8.1665399999999999E-003   2.3826434725415990E+020
   8.1566499999999997E-003   2.4357407026602607E+020
   8.1496299999999997E-003   2.4704718429895115E+020
   8.1456700000000007E-003   2.5097051506772070E+020
   8.1373499999999998E-003   2.5626007726136368E+020
   8.1291999999999996E-003   2.6027248527345448E+020
   8.1249100000000008E-003   2.6304758880151483E+020
   8.1206700000000000E-003   2.6580601855841518E+020
   8.1164700000000006E-003   2.6854969984595454E+020
   8.1123099999999993E-003   2.7281422103849533E+020
   8.1035800000000009E-003   2.7856821106861303E+020
   8.0950099999999997E-003   2.8444704632344491E+020
   8.0860600000000008E-003   2.9044847054638514E+020
   8.0772799999999992E-003   2.9500747359679634E+020
   8.0726700000000005E-003   2.9815397274955219E+020
   8.0681099999999999E-003   3.0128378506283444E+020
   8.0635900000000007E-003   3.0439729622760535E+020
   8.0591099999999995E-003   3.0923768477698661E+020
   8.0497199999999998E-003   3.1576654125998591E+020
   8.0405000000000008E-003   3.2070253203021614E+020
   8.0356600000000000E-003   3.2412527393953343E+020
   8.0308700000000007E-003   3.2753026963241507E+020
   8.0261299999999994E-003   3.3091777132541228E+020
   8.0214299999999995E-003   3.3618148460259056E+020
   8.0115700000000008E-003   3.4328553800731394E+020
   8.0018999999999993E-003   3.5052825680553548E+020
   7.9917900000000004E-003   3.5793936135928775E+020
   7.9818900000000002E-003   3.6357160595392443E+020
   7.9766899999999998E-003   3.6745743447845136E+020
   7.9715399999999992E-003   3.7132365412321395E+020
   7.9664400000000000E-003   3.7517134710929431E+020
   7.9613900000000005E-003   3.8114754403774831E+020
   7.9507999999999992E-003   3.8921435182961230E+020
   7.9404000000000002E-003   3.9531224552367522E+020
   7.9349499999999996E-003   3.9954107806012362E+020
   7.9295500000000005E-003   4.0374910833045085E+020
   7.9242099999999992E-003   4.0793659047743154E+020
   7.9189099999999995E-003   4.1444135688840944E+020
   7.9077999999999996E-003   4.2322299860467286E+020
   7.8969000000000001E-003   4.3219050357758040E+020
   7.8855300000000000E-003   4.4135417326304480E+020
   7.8743700000000003E-003   4.4832025483368301E+020
   7.8685200000000004E-003   4.5312561872235941E+020
   7.8627300000000001E-003   4.5790812437260966E+020
   7.8569899999999995E-003   4.6266889187691758E+020
   7.8513000000000003E-003   4.7005941495225372E+020
   7.8393800000000000E-003   4.8003863573491974E+020
   7.8276900000000000E-003   4.8758720916922519E+020
   7.8215600000000000E-003   4.9281801076059000E+020
   7.8154899999999996E-003   5.0061258986897873E+020
   7.8035200000000004E-003   5.1126053471343451E+020
   7.7910300000000000E-003   5.1943230723709829E+020
   7.7848700000000002E-003   5.2483658753041046E+020
   7.7787799999999999E-003   5.3323110948782814E+020
   7.7660000000000003E-003   5.4456896063247863E+020
   7.7534600000000002E-003   5.5314492693120057E+020
   7.7468900000000002E-003   5.5908927491595777E+020
   7.7403799999999998E-003   5.6656888966584507E+020
   7.7305400000000002E-003   5.7558036623113277E+020
   7.7208299999999997E-003   5.8470449060677458E+020
   7.7108699999999999E-003   5.9396302668995861E+020
   7.7010400000000001E-003   6.0345104076329884E+020
   7.6907499999999997E-003   6.1316005625361596E+020
   7.6806100000000000E-003   6.2300589193043680E+020
   7.6701900000000003E-003   6.3601340974381072E+020
   7.6537200000000001E-003   6.5002445070614594E+020
   7.6414700000000000E-003   6.6217064286917086E+020
   7.6290999999999998E-003   6.7453274243367240E+020
   7.6166200000000002E-003   6.8874756354570138E+020
   7.6008200000000003E-003   7.0317830644570312E+020
   7.5881500000000001E-003   7.1638442323929858E+020
   7.5750300000000000E-003   7.2993904775884335E+020
   7.5619099999999998E-003   7.4287611681831191E+020
   7.5501900000000000E-003   7.5488180562436686E+020
   7.5390199999999996E-003   7.6917687337915947E+020
   7.5231500000000001E-003   7.8454884539235317E+020
   7.5100899999999996E-003   7.9774294796407354E+020
   7.4983999999999997E-003   8.1120962232954061E+020
   7.4845900000000002E-003   8.2678456287324484E+020
   7.4694499999999999E-003   8.4032668332533744E+020
   7.4595099999999999E-003   8.5265663964421056E+020
   7.4454999999999999E-003   8.6822706098908457E+020
   7.4290399999999996E-003   8.8283789328234041E+020
   7.4131800000000001E-003   8.9653508791219886E+020
   7.3984999999999997E-003   9.0570610446838989E+020
   7.3844300000000000E-003   9.1223520724121302E+020
   7.3685199999999999E-003   9.0788063818748225E+020
   7.3622399999999999E-003   9.1605065807222014E+020
   7.3473699999999998E-003   8.9502814077329277E+020
   7.3279100000000000E-003   8.8921031147916558E+020
   7.3141100000000004E-003   8.5521210677927844E+020
   7.3007699999999998E-003   7.9972620651989552E+020
   7.2856099999999997E-003   7.6774876188937722E+020
   7.2716999999999999E-003   7.4773992833308951E+020
   7.2658000000000002E-003   7.1865993613397013E+020
   7.2599400000000003E-003   6.9157873423779614E+020
   7.2456200000000004E-003   6.6863171301185159E+020
   7.2398799999999998E-003   6.5583435717537576E+020
   7.2333199999999997E-003   6.3144306769938691E+020
   7.2282099999999997E-003   6.3037646777344026E+020
   7.2201000000000001E-003   6.1778102114336388E+020
   7.2149199999999997E-003   6.0088450986219274E+020
   7.2100599999999999E-003   5.9137577295822350E+020
   7.2056600000000000E-003   5.9459150298087136E+020
   7.2004000000000000E-003   5.7988596830351249E+020
   7.1945999999999998E-003   5.6931556839591707E+020
   7.1888300000000002E-003   5.6755226845213085E+020
   7.1853300000000002E-003   5.6632237446424481E+020
   7.1805599999999999E-003   5.6137523291297749E+020
   7.1781800000000002E-003   5.5934728455878397E+020
   7.1764000000000003E-003   5.5773019388612287E+020
   7.1722299999999999E-003   5.5736909973705812E+020
   7.1698500000000002E-003   5.5683874473252625E+020
   7.1665299999999999E-003   5.5614157159299370E+020
   7.1638099999999996E-003   5.5473091823477365E+020
   7.1577699999999999E-003   5.5372001862823150E+020
   7.1532399999999999E-003   5.5485127918165695E+020
   7.1481100000000001E-003   5.5483593240691638E+020
   7.1421100000000001E-003   5.5618007175817501E+020
   7.1374000000000003E-003   5.5781009431344821E+020
   7.1329000000000002E-003   5.5946502137747132E+020
   7.1285500000000000E-003   5.6149341895203671E+020
   7.1245800000000001E-003   5.6382851221352573E+020
   7.1195399999999997E-003   5.6586169580923427E+020
   7.1174699999999999E-003   5.6775793048804740E+020
   7.1133400000000001E-003   5.6996218608484339E+020
   7.1105900000000000E-003   5.7225706036340667E+020
   7.1064900000000000E-003   5.7443030118364460E+020
   7.1044400000000001E-003   5.7663029392149676E+020
   7.1004500000000003E-003   5.7960434995346801E+020
   7.0965600000000000E-003   5.8187808858630036E+020
   7.0946200000000003E-003   5.8366503138326905E+020
   7.0920999999999996E-003   5.8673620057943874E+020
   7.0870799999999999E-003   5.9092931295566352E+020
   7.0820900000000001E-003   5.9522939129622141E+020
   7.0771100000000002E-003   5.9851735477887356E+020
   7.0746300000000002E-003   6.0042868943978090E+020
   7.0727799999999999E-003   6.0293078017713137E+020
   7.0690800000000002E-003   6.0628204579746952E+020
   7.0654400000000001E-003   6.0960707561553999E+020
   7.0618499999999997E-003   6.1289208558938869E+020
   7.0583299999999998E-003   6.1613671933297374E+020
   7.0548700000000004E-003   6.1989252791067057E+020
   7.0503500000000004E-003   6.2335188303815914E+020
   7.0475599999999996E-003   6.2598356244188955E+020
   7.0447799999999996E-003   6.2944070978086516E+020
   7.0402099999999999E-003   6.3329788575802537E+020
   7.0366200000000004E-003   6.3651710307539170E+020
   7.0334500000000001E-003   6.3933840544721836E+020
   7.0307099999999999E-003   6.4290778277985832E+020
   7.0261100000000003E-003   6.4741331444921572E+020
   7.0213000000000003E-003   6.5281797100540356E+020
   7.0150999999999998E-003   6.5706720216064970E+020
   7.0121799999999998E-003   6.6007882159694125E+020
   7.0092599999999998E-003   6.6380672770986633E+020
   7.0048899999999997E-003   6.6844286374755552E+020
   6.9991000000000003E-003   6.7278874636942351E+020
   6.9962100000000001E-003   6.7573911092625893E+020
   6.9933299999999999E-003   6.7900351306893204E+020
   6.9888700000000003E-003   6.8430473688273073E+020
   6.9826100000000002E-003   6.8907728571728501E+020
   6.9789900000000000E-003   6.9382495590941524E+020
   6.9728600000000000E-003   6.9975083739756351E+020
   6.9668200000000003E-003   7.0443708632007246E+020
   6.9633799999999999E-003   7.0682660185359031E+020
   6.9611800000000000E-003   7.1019612460490686E+020
   6.9567900000000000E-003   7.1489366046957437E+020
   6.9514499999999996E-003   7.1898211745834926E+020
   6.9483200000000000E-003   7.2293831469856797E+020
   6.9433100000000003E-003   7.2657553421962799E+020
   6.9408100000000004E-003   7.3013891010361242E+020
   6.9359399999999998E-003   7.3593291282305751E+020
   6.9288400000000003E-003   7.4173086972241628E+020
   6.9239699999999998E-003   7.4644045052393698E+020
   6.9191299999999999E-003   7.5282016082509614E+020
   6.9108099999999999E-003   7.5902719831981031E+020
   6.9063800000000002E-003   7.6479651118876013E+020
   6.8990299999999996E-003   7.6989349346199903E+020
   6.8956599999999996E-003   7.7261468664205187E+020
   6.8936500000000003E-003   7.7489267030849946E+020
   6.8909699999999997E-003   7.7907556418415873E+020
   6.8850700000000001E-003   7.8488008984043939E+020
   6.8791099999999999E-003   7.8926445234686709E+020
   6.8761899999999999E-003   7.9213105200176667E+020
   6.8732799999999998E-003   7.9413825202425115E+020
   6.8720700000000001E-003   7.9531363616775419E+020
   6.8708600000000003E-003   7.9623759847493521E+020
   6.8701500000000002E-003   7.9693015092362949E+020
   6.8694400000000001E-003   7.9762697782607780E+020
   6.8687399999999999E-003   7.9832608470895454E+020
   6.8680299999999998E-003   7.9886337118727478E+020
   6.8676700000000002E-003   7.9919530821492120E+020
   6.8673199999999997E-003   8.1179285622384938E+020
   6.8671399999999999E-003   8.1196287169070904E+020
   6.8669600000000001E-003   8.1213289034084516E+020
   6.8667900000000002E-003   8.1230290543400111E+020
   6.8666100000000004E-003   8.1255874978744789E+020
   6.8662599999999999E-003   8.1284349306680050E+020
   6.8660199999999996E-003   8.1307128594495491E+020
   6.8657800000000001E-003   8.1327060214308877E+020
   6.8656000000000003E-003   8.1341297553062887E+020
   6.8654900000000001E-003   8.1355534329038963E+020
   6.8653100000000003E-003   8.1381160382319165E+020
   6.8649499999999999E-003   8.1432411224067172E+020
   6.8642399999999998E-003   8.1506443139527868E+020
   6.8634200000000003E-003   8.1637408002531144E+020
   6.8615300000000002E-003   8.1916995641252079E+020
   6.8576200000000000E-003   8.2307611965340228E+020
   6.8534499999999996E-003   8.2946824930292269E+020
   6.8444800000000000E-003   8.4367369240986583E+020
   6.8244800000000000E-003   8.6257693292672896E+020
   6.8065699999999996E-003   8.7883310880667284E+020
   6.7921700000000002E-003   8.9298594714771771E+020
   6.7787699999999999E-003   9.1006727408913849E+020
   6.7590200000000001E-003   9.3003831463809135E+020
   6.7405099999999999E-003   9.4557867968127841E+020
   6.7240800000000003E-003   9.6285610398897524E+020
   6.7077200000000003E-003   9.8031051993211955E+020
   6.6915400000000002E-003   9.9921355926205576E+020
   6.6727899999999996E-003   1.0180332698930288E+021
   6.6571800000000004E-003   1.0355688290940812E+021
   6.6411899999999999E-003   1.0542884964394171E+021
   6.6237900000000001E-003   1.0747133942940133E+021
   6.6052100000000002E-003   1.0982915671804986E+021
   6.5827899999999998E-003   1.1211210269358757E+021
   6.5661900000000004E-003   1.1427465984295076E+021
   6.5462699999999999E-003   1.1665528107287945E+021
   6.5265999999999996E-003   1.1884560003018827E+021
   6.5103000000000001E-003   1.2051409814672187E+021
   6.4996400000000001E-003   1.2231852492098361E+021
   6.4811900000000004E-003   1.2419255868414996E+021
   6.4698899999999998E-003   1.2632377406119718E+021
   6.4475299999999999E-003   1.2880721836615420E+021
   6.4312600000000003E-003   1.3091805752232184E+021
   6.4151499999999997E-003   1.3284843461661087E+021
   6.4020199999999996E-003   1.3459042676076684E+021
   6.3889799999999998E-003   1.3749072024369297E+021
   6.3587599999999998E-003   1.4159195972241093E+021
   6.3290600000000001E-003   1.4461879379891118E+021
   6.3154999999999999E-003   1.4724575242847857E+021
   6.2918399999999999E-003   1.4966877187960217E+021
   6.2816900000000004E-003   1.5216135701998120E+021
   6.2572799999999996E-003   1.5571791385040401E+021
   6.2332000000000004E-003   1.5855860084640787E+021
   6.2192899999999997E-003   1.6063813101404540E+021
   6.2055000000000001E-003   1.6330382301974469E+021
   6.1841600000000002E-003   1.6657459079240514E+021
   6.1630699999999997E-003   1.6933805354839903E+021
   6.1488500000000000E-003   1.7156672363847434E+021
   6.1347499999999996E-003   1.7500042607840078E+021
   6.1056699999999997E-003   1.7968065669315782E+021
   6.0770199999999998E-003   1.8357163142765866E+021
   6.0585800000000000E-003   1.8664247987997723E+021
   6.0403200000000001E-003   1.8913668725514500E+021
   6.0292599999999998E-003   1.9100648030629978E+021
   6.0182700000000000E-003   1.9419597604108257E+021
   5.9920599999999996E-003   1.9965559965143450E+021
   5.9556899999999996E-003   2.0544794639424965E+021
   5.9271500000000000E-003   2.0967834818736591E+021
   5.9091999999999999E-003   2.1345937114174275E+021
   5.8860300000000004E-003   2.1775815822605445E+021
   5.8631000000000004E-003   2.2287390993547432E+021
   5.8319799999999996E-003   2.2890493328001419E+021
   5.8005799999999996E-003   2.3356552995376920E+021
   5.7846900000000003E-003   2.3670608169722163E+021
   5.7689100000000004E-003   2.4152695300318518E+021
   5.7365899999999997E-003   2.4809183693539676E+021
   5.7047199999999999E-003   2.5484944694615396E+021
   5.6718400000000000E-003   2.6179751283998033E+021
   5.6393900000000002E-003   2.6894472884162391E+021
   5.6059300000000003E-003   2.7630678272575888E+021
   5.5729000000000004E-003   2.8387159579699362E+021
   5.5388499999999997E-003   2.9166343488021148E+021
   5.5052299999999998E-003   2.9968232438061057E+021
   5.4705700000000001E-003   3.0793100882183780E+021
   5.4363500000000004E-003   3.1426494989224441E+021
   5.4188400000000003E-003   3.1856536640466447E+021
   5.4014400000000004E-003   3.2516637211668424E+021
   5.3658500000000001E-003   3.3416796747299899E+021
   5.3306899999999999E-003   3.4107520949131910E+021
   5.3127100000000000E-003   3.4577037713053445E+021
   5.2948300000000004E-003   3.5292598729465906E+021
   5.2586500000000001E-003   3.6274836581625653E+021
   5.2221400000000001E-003   3.7286377937330865E+021
   5.1853000000000003E-003   3.8328111424991375E+021
   5.1481200000000000E-003   3.9401109063817673E+021
   5.1105999999999999E-003   4.0506396143401954E+021
   5.0727300000000001E-003   4.1645033952900363E+021
   5.0345199999999998E-003   4.2818155467085715E+021
   4.9959399999999999E-003   4.4026932561293921E+021
   4.9570100000000004E-003   4.5272477930270732E+021
   4.9177099999999996E-003   4.6235194927595504E+021
   4.8978299999999997E-003   4.6886186163504923E+021
   4.8780400000000002E-003   4.7548153719984593E+021
   4.8579699999999996E-003   4.8219254125461452E+021
   4.8379900000000003E-003   4.9096168312638202E+021
   4.8062100000000000E-003   5.0187405282079115E+021
   4.7746500000000001E-003   5.1099626740444037E+021
   4.7540899999999999E-003   5.1825725176046881E+021
   4.7336100000000001E-003   5.2562700325538622E+021
   4.7128500000000002E-003   5.3311202700128818E+021
   4.6921699999999998E-003   5.4071224375678169E+021
   4.6712100000000003E-003   5.4843089971479084E+021
   4.6503300000000003E-003   5.5626865122423729E+021
   4.6291600000000002E-003   5.6422885320014158E+021
   4.6080699999999997E-003   5.7231301523641435E+021
   4.5866900000000000E-003   5.8052384334470510E+021
   4.5653899999999999E-003   5.8886325476311192E+021
   4.5437999999999997E-003   5.9733405457427968E+021
   4.5222800000000000E-003   6.0593815676435615E+021
   4.5004700000000003E-003   6.1467887923325127E+021
   4.4787400000000002E-003   6.2355799940920802E+021
   4.4567100000000000E-003   6.3257904528014967E+021
   4.4347500000000003E-003   6.4174408176096667E+021
   4.4124899999999998E-003   6.5105664166591642E+021
   4.3902999999999998E-003   6.6051907962911263E+021
   4.3678099999999997E-003   6.7013450898056696E+021
   4.3453900000000002E-003   6.7990664172132473E+021
   4.3226699999999998E-003   6.8983875851511220E+021
   4.3000099999999999E-003   6.9993388822956658E+021
   4.2770400000000002E-003   7.1019588983900823E+021
   4.2541400000000000E-003   7.2060751217790581E+021
   4.2310200000000003E-003   7.3121411567322892E+021
   4.2077700000000004E-003   7.4199910947357175E+021
   4.1843999999999996E-003   7.5296671577977798E+021
   4.1609000000000004E-003   7.6412079870231645E+021
   4.1372600000000002E-003   7.7546724534954020E+021
   4.1135000000000000E-003   7.8700933195425823E+021
   4.0895999999999997E-003   7.9875499589500949E+021
   4.0655700000000001E-003   8.1070691666242589E+021
   4.0413899999999997E-003   8.2287117647615686E+021
   4.0170800000000001E-003   8.3525433288618609E+021
   3.9926299999999996E-003   8.4786025944093347E+021
   3.9680399999999999E-003   8.6069452366159691E+021
   3.9433000000000003E-003   8.7376389375693821E+021
   3.9184099999999998E-003   8.8707311483075502E+021
   3.8933700000000002E-003   9.0062742547489169E+021
   3.8681800000000001E-003   9.1443828831277988E+021
   3.8428300000000002E-003   9.2850894074289544E+021
   3.8173299999999999E-003   9.4285262324093828E+021
   3.7916700000000000E-003   9.5748628690646503E+021
   3.7658499999999998E-003   9.7242160874403387E+021
   3.7398599999999998E-003   9.8764880138244477E+021
   3.7136999999999999E-003   1.0031507156360831E+022
   3.6873800000000001E-003   1.0189181228221442E+022
   3.6608700000000001E-003   1.0349547247555041E+022
   3.6342000000000002E-003   1.0512644740206085E+022
   3.6073400000000001E-003   1.0678514960436554E+022
   3.5802999999999998E-003   1.0847201512121845E+022
   3.5530700000000002E-003   1.1018749510534505E+022
   3.5256500000000000E-003   1.1193205819069784E+022
   3.4980400000000000E-003   1.1370619067117601E+022
   3.4702200000000000E-003   1.1551039285558220E+022
   3.4422099999999998E-003   1.1734517944124881E+022
   3.4139800000000001E-003   1.1921107996815384E+022
   3.3855399999999998E-003   1.2110863831355401E+022
   3.3568900000000000E-003   1.2303841251637393E+022
   3.3280200000000001E-003   1.2500097208074948E+022
   3.2989100000000000E-003   1.2699690332677533E+022
   3.2695799999999998E-003   1.2902680231054613E+022
   3.2400100000000002E-003   1.3109128184526541E+022
   3.2101899999999999E-003   1.3319096420198368E+022
   3.1801300000000002E-003   1.3532648830989226E+022
   3.1497999999999999E-003   1.3749850506048557E+022
   3.1192199999999998E-003   1.3970767809803127E+022
   3.0883600000000001E-003   1.4195468597369449E+022
   3.0572199999999998E-003   1.4424021959334942E+022
   3.0257999999999999E-003   1.4656498510107014E+022
   2.9940900000000000E-003   1.4892970055758279E+022
   2.9620699999999998E-003   1.5133509940002129E+022
   2.9297400000000001E-003   1.5378192756519301E+022
   2.8970900000000002E-003   1.5627094757461734E+022
   2.8641000000000001E-003   1.5880293343497478E+022
   2.8307699999999998E-003   1.6137867751980634E+022
   2.7970899999999999E-003   1.6399898168339292E+022
   2.7630400000000000E-003   1.6666466824626412E+022
   2.7285999999999999E-003   1.6937657168734034E+022
   2.6937799999999998E-003   1.7213554006785400E+022
   2.6585500000000000E-003   1.7494243998090953E+022
   2.6228900000000001E-003   1.7779815203015762E+022
   2.5867899999999998E-003   1.8070357072107459E+022
   2.5502300000000001E-003   1.8365960990711544E+022
   2.5131900000000002E-003   1.8666719465622963E+022
   2.4756499999999998E-003   1.8972727157667190E+022
   2.4375899999999999E-003   1.9284079855646114E+022
   2.3989900000000002E-003   1.9600875300205036E+022
   2.3598099999999999E-003   1.9923212504064663E+022
   2.3200299999999998E-003   2.0251176980313291E+022
   2.2796299999999999E-003   2.0584993177759455E+022
   2.2385600000000001E-003   2.0924659116781127E+022
   2.1967800000000002E-003   2.1270280038254427E+022
   2.1542699999999998E-003   2.1621963519260885E+022
   2.1109800000000001E-003   2.1979817900651827E+022
   2.0668499999999999E-003   2.2343925312835813E+022
   2.0218300000000001E-003   2.2714539756218242E+022
   1.9758699999999998E-003   2.3091670093806508E+022
   1.9289000000000001E-003   2.3474224864750993E+022
   1.8811600000000000E-003   2.3864756523179180E+022
   1.8316100000000000E-003   2.4263482152854808E+022
   1.7811100000000000E-003   2.4667864565078366E+022
   1.7292300000000000E-003   2.5025924138173005E+022
   1.6896299999999999E-003   2.5339541419597526E+022
   1.6485400000000000E-003   2.5788568467819177E+022
   1.5711600000000000E-003   2.6246439064330285E+022
   1.5278200000000000E-003   2.6576613598687478E+022
   1.4823900000000001E-003   2.7074580710374781E+022
   1.3882199999999999E-003   2.7641550093273772E+022
   1.3232200000000000E-003   2.8095905518095700E+022
   1.2554100000000000E-003   2.8563501393059596E+022
   1.1805200000000000E-003   2.9053390903274207E+022
   1.1007800000000000E-003   2.9563437535085004E+022
   1.0089800000000000E-003   3.0124807378276687E+022
   8.9950999999999996E-004   3.0840357437150350E+022
   7.0655000000000002E-004   3.1582261760478300E+022
   5.6793999999999996E-004   3.2007095007252545E+022
   4.8423999999999999E-004   3.2272323642314319E+022
   3.8305000000000001E-004   3.2485803379995758E+022
   3.1391999999999998E-004   3.2623788151511349E+022
   2.5075999999999999E-004   3.2706700239212569E+022
   2.0168000000000001E-004   3.2774653067439997E+022
   1.6420000000000001E-004   3.2806900166883191E+022
   1.3646000000000000E-004   3.2833080899969810E+022
   1.1692000000000000E-004   3.2844084613618273E+022
   1.0407000000000000E-004   3.2855815462512073E+022
   8.6890000000000003E-005   3.2865958257257766E+022
   6.8960000000000004E-005   3.2873310817016854E+022
   5.4729999999999999E-005   3.2879291461837863E+022
   4.3439999999999997E-005   3.2882338893640099E+022
   3.4480000000000002E-005   3.2884200422222919E+022
   2.7370000000000001E-005   3.2885953327499785E+022
   2.1719999999999999E-005   3.2886707555264222E+022
   1.7240000000000001E-005   3.2887452276354827E+022
   1.3679999999999999E-005   3.2888121443282816E+022
