   8.9813199999999992E-003   259554170684511.59     
   8.9812199999999998E-003   413189490127802.50     
   8.9811700000000001E-003   515036723285622.62     
   8.9811400000000003E-003   596592108743307.00     
   8.9811100000000005E-003   666535960942364.75     
   8.9810900000000006E-003   728768244883213.62     
   8.9810700000000007E-003   785331849579257.38     
   8.9810600000000008E-003   837583415846451.62     
   8.9810399999999992E-003   886313951231186.50     
   8.9810299999999992E-003   932105639310827.62     
   8.9810199999999993E-003   975454517133209.12     
   8.9810099999999993E-003   1016686419681938.2     
   8.9809999999999994E-003   1056053744733880.9     
   8.9809899999999995E-003   1093784009186537.2     
   8.9809799999999995E-003   1130084135395144.8     
   8.9809699999999996E-003   1165122989922501.5     
   8.9809599999999996E-003   1199025150905356.5     
   8.9809599999999996E-003   1231884119857368.8     
   8.9809499999999997E-003   1263786644192304.8     
   8.9809399999999998E-003   1294822567626531.0     
   8.9809299999999998E-003   1332520831759159.5     
   8.9809199999999999E-003   1376317319769044.5     
   8.9809099999999999E-003   1418694391153422.0     
   8.9809099999999999E-003   1459778478698857.0     
   8.9809000000000000E-003   1493106714280393.2     
   8.9808900000000001E-003   1519213602520848.8     
   8.9808900000000001E-003   1544856645120476.0     
   8.9808800000000001E-003   1570064507376596.5     
   8.9808800000000001E-003   1600993643632296.8     
   8.9808700000000002E-003   1637318445436627.2     
   8.9808600000000002E-003   1672831038988254.2     
   8.9808500000000003E-003   1707577495599122.2     
   8.9808500000000003E-003   1735979984274080.8     
   8.9808400000000004E-003   1758351621077487.5     
   8.9808400000000004E-003   1780426073978027.0     
   8.9808300000000004E-003   1802213152791497.2     
   8.9808300000000004E-003   1834373698153668.2     
   8.9808200000000005E-003   1865961805189865.0     
   8.9808200000000005E-003   1886708631146797.0     
   8.9808100000000005E-003   1917385376429839.2     
   8.9808100000000005E-003   1957522955638775.8     
   8.9808000000000006E-003   1996834379873857.0     
   8.9807900000000006E-003   2035367016549696.5     
   8.9807800000000007E-003   2063781808080683.8     
   8.9807800000000007E-003   2082495332171106.0     
   8.9807800000000007E-003   2101030919902750.5     
   8.9807700000000008E-003   2119392999753390.2     
   8.9807700000000008E-003   2146610277100300.0     
   8.9807600000000008E-003   2182327004832992.5     
   8.9807600000000008E-003   2217405102156303.8     
   8.9807499999999992E-003   2251874755056791.5     
   8.9807499999999992E-003   2291354525878994.0     
   8.9807399999999992E-003   2335571910539690.5     
   8.9807299999999993E-003   2378879258078004.5     
   8.9807199999999993E-003   2421335723831610.0     
   8.9807099999999994E-003   2462995110857018.0     
   8.9807099999999994E-003   2503902943379449.5     
   8.9806999999999994E-003   2544101747998740.5     
   8.9806899999999995E-003   2583624638812860.0     
   8.9806899999999995E-003   2627305661799384.5     
   8.9806799999999996E-003   2674915272554163.0     
   8.9806699999999996E-003   2721584452780168.0     
   8.9806599999999997E-003   2756003170986814.5     
   8.9806599999999997E-003   2778670068904966.5     
   8.9806599999999997E-003   2812269281368658.5     
   8.9806499999999997E-003   2856376188656268.5     
   8.9806399999999998E-003   2899716933032733.0     
   8.9806299999999999E-003   2942331642152961.5     
   8.9806299999999999E-003   2984255606163373.0     
   8.9806199999999999E-003   3025523059847687.0     
   8.9806100000000000E-003   3066166550087006.5     
   8.9806100000000000E-003   3106214858216937.0     
   8.9806000000000000E-003   3145695164747238.0     
   8.9805900000000001E-003   3184633100539448.0     
   8.9805900000000001E-003   3242044141827883.5     
   8.9805700000000002E-003   3307653683378417.0     
   8.9805600000000003E-003   3362730424907917.0     
   8.9805600000000003E-003   3416798573583805.0     
   8.9805500000000003E-003   3456726483605221.5     
   8.9805400000000004E-003   3483045694664638.0     
   8.9805400000000004E-003   3522090196057234.5     
   8.9805300000000005E-003   3573397419345132.5     
   8.9805200000000005E-003   3648748725201583.0     
   8.9805100000000006E-003   3722406131200901.5     
   8.9805000000000006E-003   3770569326003028.5     
   8.9804900000000007E-003   3818046583790071.5     
   8.9804800000000008E-003   3864873559589320.0     
   8.9804800000000008E-003   3911083824279848.5     
   8.9804700000000008E-003   3956704938534934.0     
   8.9804599999999991E-003   4001760296290541.0     
   8.9804499999999992E-003   4046270776302901.0     
   8.9804499999999992E-003   4097531271840248.5     
   8.9804399999999993E-003   4155287050798302.5     
   8.9804299999999993E-003   4240297632441983.0     
   8.9804099999999994E-003   4323561775960305.5     
   8.9803999999999995E-003   4378071896392290.5     
   8.9803899999999996E-003   4431826579502248.0     
   8.9803899999999996E-003   4484847692003235.5     
   8.9803799999999996E-003   4543639825717864.0     
   8.9803699999999997E-003   4607948882634375.0     
   8.9803599999999997E-003   4671215522073286.0     
   8.9803499999999998E-003   4733473634082221.0     
   8.9803399999999999E-003   4794754970893434.0     
   8.9803299999999999E-003   4855104549072234.0     
   8.9803200000000000E-003   4943962876758646.0     
   8.9803000000000001E-003   5036829978530763.0     
   8.9802900000000001E-003   5105209843677692.0     
   8.9802800000000002E-003   5172588395605722.0     
   8.9802700000000003E-003   5239016624752480.0     
   8.9802600000000003E-003   5304541800970644.0     
   8.9802500000000004E-003   5369208723760952.0     
   8.9802400000000004E-003   5433059233615297.0     
   8.9802300000000005E-003   5496125525133146.0     
   8.9802200000000006E-003   5558425241179386.0     
   8.9802100000000006E-003   5619976156698027.0     
   8.9802000000000007E-003   5680796138571097.0     
   8.9801900000000007E-003   5740901002906415.0     
   8.9801800000000008E-003   5829731154187275.0     
   8.9801700000000009E-003   5945874815026117.0     
   8.9801499999999992E-003   6059498079652617.0     
   8.9801299999999994E-003   6170743355343234.0     
   8.9801199999999994E-003   6279757100404695.0     
   8.9800999999999995E-003   6386702109240462.0     
   8.9800799999999997E-003   6491725400591838.0     
   8.9800699999999997E-003   6594957069997102.0     
   8.9800499999999998E-003   6696493783539457.0     
   8.9800399999999999E-003   6796412159546000.0     
   8.9800200000000000E-003   6894784107209955.0     
   8.9800100000000001E-003   6991678346710380.0     
   8.9799900000000002E-003   7087151809696526.0     
   8.9799800000000003E-003   7181253453144821.0     
   8.9799700000000003E-003   7274025175890640.0     
   8.9799500000000004E-003   7365506009015693.0     
   8.9799400000000005E-003   7500366640914887.0     
   8.9799100000000007E-003   7676107053664515.0     
   8.9798900000000008E-003   7805057585453500.0     
   8.9798699999999992E-003   7889725524140974.0     
   8.9798599999999992E-003   7973412707897674.0     
   8.9798499999999993E-003   8056161993154820.0     
   8.9798399999999994E-003   8165094787886263.0     
   8.9798199999999995E-003   8299162176583918.0     
   8.9797999999999996E-003   8431036331193013.0     
   8.9797799999999997E-003   8528575007678895.0     
   8.9797699999999998E-003   8592959776625162.0     
   8.9797599999999998E-003   8688598563052620.0     
   8.9797399999999999E-003   8814429559530031.0     
   8.9797200000000001E-003   8938382630289543.0     
   8.9797100000000001E-003   9060524877808930.0     
   8.9796900000000002E-003   9180920340066660.0     
   8.9796700000000004E-003   9299625705076782.0     
   8.9796500000000005E-003   9474615351867436.0     
   8.9796200000000007E-003   9646095494208992.0     
   8.9796000000000008E-003   9758563154555166.0     
   8.9795900000000008E-003   9869624224103712.0     
   8.9795699999999992E-003   9979340253295408.0     
   8.9795599999999993E-003   10141524804205760.     
   8.9795199999999995E-003   10353591928531550.     
   8.9794899999999997E-003   10561218131962238.     
   8.9794699999999998E-003   10764698052145264.     
   8.9794400000000000E-003   10939536076202908.     
   8.9794200000000001E-003   11087152843249016.     
   8.9793900000000003E-003   11232801174220364.     
   8.9793700000000004E-003   11376575887160076.     
   8.9793500000000005E-003   11588901166176948.     
   8.9793100000000008E-003   11797306881314186.     
   8.9792899999999991E-003   11934194176484338.     
   8.9792799999999992E-003   12069487142146790.     
   8.9792599999999993E-003   12203235995662034.     
   8.9792399999999994E-003   12401100127279272.     
   8.9791999999999997E-003   12659933249208112.     
   8.9791699999999999E-003   12913443210589712.     
   8.9791300000000001E-003   13161974559350496.     
   8.9791000000000003E-003   13405822987400138.     
   8.9790600000000005E-003   13645239892687146.     
   8.9790300000000007E-003   13880456389841528.     
   8.9789999999999991E-003   14111696450071568.     
   8.9789699999999993E-003   14339166107152306.     
   8.9789399999999995E-003   14563048299533356.     
   8.9789099999999997E-003   14783502144247394.     
   8.9788799999999998E-003   15036590205146088.     
   8.9788400000000001E-003   15320620022395264.     
   8.9788000000000003E-003   15599416732493868.     
   8.9787600000000006E-003   15873289122523620.     
   8.9787200000000008E-003   16142522218380472.     
   8.9786899999999992E-003   16341525741813970.     
   8.9786699999999994E-003   16472906344430718.     
   8.9786499999999995E-003   16668115816969696.     
   8.9786199999999997E-003   16924936202507326.     
   8.9785899999999998E-003   17178039975246064.     
   8.9785500000000001E-003   17427604024778214.     
   8.9785200000000003E-003   17734851089233846.     
   8.9784700000000005E-003   18096769785099260.     
   8.9784200000000008E-003   18363534176893292.     
   8.9783999999999992E-003   18626665189223504.     
   8.9783499999999995E-003   18886027465110772.     
   8.9783299999999996E-003   19085414525542356.     
   8.9782999999999998E-003   19310762849653936.     
   8.9782700000000000E-003   19533515747281372.     
   8.9782400000000002E-003   19753744634068612.     
   8.9782200000000003E-003   20079662168693648.     
   8.9781600000000007E-003   20400164270302148.     
   8.9781300000000008E-003   20611174364516772.     
   8.9781099999999992E-003   20872054767451500.     
   8.9780699999999995E-003   21180947182588764.     
   8.9780299999999997E-003   21636506072294872.     
   8.9779500000000002E-003   22082544754031620.     
   8.9779100000000004E-003   22375282459016780.     
   8.9778800000000006E-003   22664388618137524.     
   8.9778400000000008E-003   22949995751986448.     
   8.9777999999999993E-003   23372294632745592.     
   8.9777299999999997E-003   23923896678229812.     
   8.9776600000000002E-003   24374186343545932.     
   8.9776200000000004E-003   24728790166989212.     
   8.9775800000000006E-003   25121971914630704.     
   8.9775199999999993E-003   25551914453566544.     
   8.9774699999999995E-003   25975022600659580.     
   8.9774199999999998E-003   26391680919394200.     
   8.9773700000000001E-003   26904135650712360.     
   8.9772900000000006E-003   27357349022253380.     
   8.9772600000000008E-003   27655772956789668.     
   8.9772199999999993E-003   27951225737346412.     
   8.9771799999999995E-003   28243795894797904.     
   8.9771499999999997E-003   28677609354563180.     
   8.9770800000000001E-003   29246425852703556.     
   8.9770100000000005E-003   29805045106162304.     
   8.9769499999999992E-003   30353980283788000.     
   8.9768799999999996E-003   30893732932756252.     
   8.9768199999999999E-003   31512625849098280.     
   8.9767300000000005E-003   32206066109554516.     
   8.9766499999999992E-003   32801357543543880.     
   8.9765899999999996E-003   33303788781399616.     
   8.9765399999999999E-003   33799278607740892.     
   8.9764800000000002E-003   34288177068043076.     
   8.9764200000000006E-003   34850734477099548.     
   8.9763499999999993E-003   35483454719995064.     
   8.9762799999999997E-003   36105899469195176.     
   8.9762100000000001E-003   36718532068918848.     
   8.9761400000000005E-003   37321802909308816.     
   8.9760699999999992E-003   37916126466508360.     
   8.9759999999999996E-003   38501871197291112.     
   8.9759300000000000E-003   39079371807248488.     
   8.9758700000000004E-003   39648975017129888.     
   8.9758100000000007E-003   40211012361926888.     
   8.9757399999999994E-003   40903622500858752.     
   8.9756499999999999E-003   41720246997321824.     
   8.9755600000000005E-003   42389329190672312.     
   8.9755000000000008E-003   42917811619460184.     
   8.9754399999999995E-003   43440386895954296.     
   8.9753899999999998E-003   43957299397869744.     
   8.9753300000000001E-003   44722946843653120.     
   8.9752200000000008E-003   45724952325234568.     
   8.9751099999999997E-003   46462975262990168.     
   8.9750600000000000E-003   46949311556832696.     
   8.9750100000000003E-003   47550952726484760.     
   8.9749300000000008E-003   48263631336919632.     
   8.9748499999999995E-003   48966809861411000.     
   8.9747799999999999E-003   49660880443566712.     
   8.9747000000000004E-003   50459804749796456.     
   8.9746099999999992E-003   51358727546664200.     
   8.9745099999999998E-003   52023272807055936.     
   8.9744700000000000E-003   52462236019756888.     
   8.9744200000000003E-003   53114756107578136.     
   8.9743300000000008E-003   53973119129191360.     
   8.9742399999999996E-003   54819205295586088.     
   8.9741500000000002E-003   55653604959111976.     
   8.9740600000000007E-003   56885542162268440.     
   8.9738999999999999E-003   58489980130375568.     
   8.9737299999999992E-003   59666500372189992.     
   8.9736499999999997E-003   60439895024553144.     
   8.9735700000000002E-003   61204455516682912.     
   8.9735000000000006E-003   61960500392483808.     
   8.9734199999999993E-003   62894347491704912.     
   8.9733100000000000E-003   63998229602324096.     
   8.9732000000000006E-003   64904760796225976.     
   8.9731199999999994E-003   65622022854335056.     
   8.9730499999999998E-003   66508986399244608.     
   8.9729500000000004E-003   67558963582937040.     
   8.9728399999999993E-003   68594277458791760.     
   8.9727399999999999E-003   69615624484976672.     
   8.9726400000000005E-003   70623667357556928.     
   8.9725399999999993E-003   71619023866222632.     
   8.9724399999999999E-003   72602225019138720.     
   8.9723500000000005E-003   73573652689866736.     
   8.9722499999999993E-003   74533655389995008.     
   8.9721599999999999E-003   75482583480729392.     
   8.9720700000000004E-003   76576452174770480.     
   8.9719499999999994E-003   77809133811466288.     
   8.9718300000000001E-003   78721685166827712.     
   8.9717700000000004E-003   79325092981114720.     
   8.9717100000000008E-003   80355692617620192.     
   8.9715699999999999E-003   81797393506213168.     
   8.9714400000000007E-003   82927607690657776.     
   8.9713599999999994E-003   83758848797699904.     
   8.9712799999999999E-003   84787999494657152.     
   8.9711600000000006E-003   86008086408395184.     
   8.9710499999999995E-003   87212978645085712.     
   8.9709400000000002E-003   88403237222075536.     
   8.9708199999999991E-003   89774492889192128.     
   8.9706800000000000E-003   91318678922479888.     
   8.9705400000000008E-003   92461087546867216.     
   8.9704699999999995E-003   93216209412332800.     
   8.9703999999999999E-003   94339443830000288.     
   8.9702600000000007E-003   95818025971902816.     
   8.9701199999999998E-003   97276584989287696.     
   8.9699900000000006E-003   98715914246550864.     
   8.9698599999999996E-003   1.0013676657185442E+017
   8.9697300000000004E-003   1.0153984649069912E+017
   8.9696099999999994E-003   1.0292582444746454E+017
   8.9694800000000002E-003   1.0429534505723101E+017
   8.9693599999999991E-003   1.0564903725625042E+017
   8.9692399999999999E-003   1.0698750857663078E+017
   8.9691200000000006E-003   1.0864081150625163E+017
   8.9689399999999999E-003   1.1059508227686710E+017
   8.9687699999999992E-003   1.1220005198628954E+017
   8.9686599999999998E-003   1.1347019600540238E+017
   8.9685500000000005E-003   1.1472798147035070E+017
   8.9684399999999994E-003   1.1597377356926270E+017
   8.9683300000000001E-003   1.1751526416074629E+017
   8.9681699999999993E-003   1.1934113102559077E+017
   8.9680100000000002E-003   1.2114268081595304E+017
   8.9678499999999994E-003   1.2292096403693078E+017
   8.9677000000000003E-003   1.2467701657914782E+017
   8.9675499999999995E-003   1.2641182797312218E+017
   8.9674000000000004E-003   1.2784138470966398E+017
   8.9673099999999992E-003   1.2897547795521792E+017
   8.9672099999999998E-003   1.3066160381530278E+017
   8.9670199999999992E-003   1.3287900702453883E+017
   8.9668300000000003E-003   1.3479214038671686E+017
   8.9666899999999994E-003   1.3640980058867925E+017
   8.9665600000000002E-003   1.3799792769079419E+017
   8.9664199999999993E-003   1.3955854493459795E+017
   8.9662900000000000E-003   1.4134825575500432E+017
   8.9661199999999993E-003   1.4335226758547541E+017
   8.9659500000000003E-003   1.4531699271930966E+017
   8.9657799999999996E-003   1.4724525720799555E+017
   8.9656200000000005E-003   1.4913952597265478E+017
   8.9654499999999998E-003   1.5100196043505942E+017
   8.9652900000000008E-003   1.5283446706937789E+017
   8.9651399999999999E-003   1.5463872323177206E+017
   8.9649800000000009E-003   1.5641617611535824E+017
   8.9648300000000000E-003   1.5816812634632912E+017
   8.9646799999999992E-003   1.5989575269929667E+017
   8.9645300000000001E-003   1.6160013423027776E+017
   8.9643899999999992E-003   1.6370085997549245E+017
   8.9641700000000005E-003   1.6617655312587472E+017
   8.9639600000000000E-003   1.6820418232638416E+017
   8.9638300000000008E-003   1.6980595986757549E+017
   8.9636899999999999E-003   1.7138957277625456E+017
   8.9635600000000006E-003   1.7295569333270192E+017
   8.9634299999999997E-003   1.7527577964982614E+017
   8.9631699999999995E-003   1.7831041924398826E+017
   8.9629199999999992E-003   1.8054509027138051E+017
   8.9627900000000000E-003   1.8201836500456314E+017
   8.9626700000000007E-003   1.8420439769191344E+017
   8.9624300000000004E-003   1.8707093279316829E+017
   8.9622000000000000E-003   1.8918664384515526E+017
   8.9620800000000007E-003   1.9058323747316333E+017
   8.9619699999999997E-003   1.9265793103650710E+017
   8.9617399999999993E-003   1.9538348083211309E+017
   8.9615300000000005E-003   1.9806666002371472E+017
   8.9613100000000001E-003   2.0070943089067133E+017
   8.9610999999999996E-003   2.0344498828259923E+017
   8.9608699999999993E-003   2.0703431607186339E+017
   8.9605299999999995E-003   2.1067753185769782E+017
   8.9602999999999992E-003   2.1290485292300317E+017
   8.9601799999999999E-003   2.1510916089140451E+017
   8.9599499999999995E-003   2.1800863974150406E+017
   8.9597300000000008E-003   2.2086662129909549E+017
   8.9595100000000004E-003   2.2368495644772896E+017
   8.9592999999999999E-003   2.2715615573928304E+017
   8.9589900000000000E-003   2.3124523639124362E+017
   8.9586800000000001E-003   2.3592044312753901E+017
   8.9582900000000007E-003   2.4114095623592320E+017
   8.9579099999999995E-003   2.4497486616874992E+017
   8.9577200000000006E-003   2.4749711492240538E+017
   8.9575399999999999E-003   2.4999213396870650E+017
   8.9573599999999993E-003   2.5246085857700726E+017
   8.9571800000000003E-003   2.5520824153957658E+017
   8.9569599999999999E-003   2.5822409381946883E+017
   8.9567499999999994E-003   2.6120313497132176E+017
   8.9565400000000007E-003   2.6414673557547978E+017
   8.9563300000000002E-003   2.6792401306836013E+017
   8.9560100000000004E-003   2.7249585623022627E+017
   8.9556900000000005E-003   2.7754632613678685E+017
   8.9553099999999993E-003   2.8304651472240294E+017
   8.9549399999999998E-003   2.8901509072341338E+017
   8.9545100000000006E-003   2.9541988664935539E+017
   8.9540899999999996E-003   3.0012781209176147E+017
   8.9538800000000009E-003   3.0322604587819923E+017
   8.9536800000000003E-003   3.0832178263987661E+017
   8.9532199999999996E-003   3.1530949627175866E+017
   8.9527700000000005E-003   3.2165897630987642E+017
   8.9524099999999992E-003   3.2741020108724531E+017
   8.9520499999999996E-003   3.3399510517480115E+017
   8.9515800000000006E-003   3.4136197081240819E+017
   8.9511399999999998E-003   3.4857240102682630E+017
   8.9507000000000007E-003   3.5563690569926701E+017
   8.9502799999999997E-003   3.6084338010786976E+017
   8.9500799999999991E-003   3.6427490240334637E+017
   8.9498700000000004E-003   3.6852087671951085E+017
   8.9495800000000004E-003   3.7355268432754912E+017
   8.9492800000000004E-003   3.8016232776591283E+017
   8.9488099999999998E-003   3.8826674132391744E+017
   8.9483500000000007E-003   3.9584121857232653E+017
   8.9479499999999997E-003   4.0291595218450957E+017
   8.9475600000000002E-003   4.0992242144877376E+017
   8.9471700000000008E-003   4.1686436364166067E+017
   8.9467899999999996E-003   4.2482510177856794E+017
   8.9463000000000008E-003   4.3374869142838880E+017
   8.9458300000000001E-003   4.4249949643593651E+017
   8.9453699999999994E-003   4.5108805513045722E+017
   8.9449200000000003E-003   4.5952349089200614E+017
   8.9444899999999994E-003   4.6781397077643309E+017
   8.9440600000000002E-003   4.7444738188424294E+017
   8.9438100000000000E-003   4.7949135678537229E+017
   8.9435499999999998E-003   4.8448539909073837E+017
   8.9432999999999995E-003   4.8943106296001184E+017
   8.9430599999999992E-003   4.9676374196434349E+017
   8.9425800000000003E-003   5.0638289222471200E+017
   8.9421099999999996E-003   5.1677080136018317E+017
   8.9415599999999994E-003   5.2788468418673235E+017
   8.9410400000000008E-003   5.3829297593097101E+017
   8.9405700000000001E-003   5.4803410161589901E+017
   8.9401199999999993E-003   5.5880484134978733E+017
   8.9395700000000008E-003   5.7055027809946694E+017
   8.9390400000000005E-003   5.8207707816156480E+017
   8.9385200000000001E-003   5.9339897709048102E+017
   8.9380199999999996E-003   6.0179237509229837E+017
   8.9377699999999994E-003   6.1014216040404301E+017
   8.9372900000000005E-003   6.1838832820413709E+017
   8.9370500000000002E-003   6.2494238048407706E+017
   8.9367200000000004E-003   6.3253332844265779E+017
   8.9364000000000006E-003   6.4004329370949299E+017
   8.9360800000000008E-003   6.4747521580333568E+017
   8.9357599999999992E-003   6.5744224588218074E+017
   8.9352400000000005E-003   6.6984340772708557E+017
   8.9347300000000001E-003   6.8215461581429683E+017
   8.9342199999999997E-003   6.9438100109964659E+017
   8.9337300000000008E-003   7.0841107676665382E+017
   8.9330899999999994E-003   7.2415314058065843E+017
   8.9324699999999996E-003   7.3580113280730112E+017
   8.9321699999999997E-003   7.4352450224232435E+017
   8.9318699999999997E-003   7.5504946089164083E+017
   8.9312799999999998E-003   7.7022927482898125E+017
   8.9306999999999997E-003   7.8519119664487130E+017
   8.9301399999999996E-003   7.9994775776066534E+017
   8.9295999999999993E-003   8.1639979485644646E+017
   8.9289299999999999E-003   8.3446526389482918E+017
   8.9282800000000002E-003   8.5230544924767834E+017
   8.9276400000000006E-003   8.6993482846347942E+017
   8.9270200000000008E-003   8.8733587913634790E+017
   8.9264199999999991E-003   9.0452226164951091E+017
   8.9258299999999992E-003   9.1817390331048205E+017
   8.9254799999999995E-003   9.2841785483456691E+017
   8.9251299999999999E-003   9.3857121948988710E+017
   8.9247900000000002E-003   9.4863670759959475E+017
   8.9244500000000004E-003   9.6369313874519910E+017
   8.9237899999999992E-003   9.8355919536870976E+017
   8.9231499999999995E-003   1.0048792211362154E+018
   8.9224100000000004E-003   1.0275866018773114E+018
   8.9216899999999995E-003   1.0500779986968125E+018
   8.9209900000000002E-003   1.0723704084832189E+018
   8.9203000000000008E-003   1.0897215786892997E+018
   8.9199099999999996E-003   1.1023090534212050E+018
   8.9195300000000002E-003   1.1148443365951092E+018
   8.9191500000000007E-003   1.1273293157888366E+018
   8.9187799999999994E-003   1.1428713512650400E+018
   8.9182299999999992E-003   1.1613813168090465E+018
   8.9176900000000007E-003   1.1829730237700052E+018
   8.9169699999999998E-003   1.2075305362901821E+018
   8.9162700000000004E-003   1.2318902649128200E+018
   8.9155899999999993E-003   1.2560662661564093E+018
   8.9149199999999998E-003   1.2740372434999629E+018
   8.9145800000000001E-003   1.2859862496573363E+018
   8.9142600000000002E-003   1.2995016279450427E+018
   8.9138499999999992E-003   1.3145509444733645E+018
   8.9134399999999999E-003   1.3370283460594491E+018
   8.9126399999999995E-003   1.3666871268585093E+018
   8.9118700000000006E-003   1.3887100924201853E+018
   8.9114799999999994E-003   1.4033413777274908E+018
   8.9111099999999999E-003   1.4195362681735086E+018
   8.9106500000000009E-003   1.4372607666185966E+018
   8.9102000000000001E-003   1.4548368237183319E+018
   8.9097599999999992E-003   1.4722691395196291E+018
   8.9093200000000001E-003   1.4898219267555894E+018
   8.9088799999999992E-003   1.5074935458606968E+018
   8.9084500000000000E-003   1.5339436151256271E+018
   8.9075900000000000E-003   1.5688879627026816E+018
   8.9067599999999997E-003   1.5948684073866245E+018
   8.9063500000000004E-003   1.6121652151861184E+018
   8.9059399999999993E-003   1.6310845092489836E+018
   8.9054600000000005E-003   1.6515931015198787E+018
   8.9049899999999998E-003   1.6719380122994532E+018
   8.9045200000000008E-003   1.7024599276789105E+018
   8.9035999999999994E-003   1.7329580080806083E+018
   8.9031400000000004E-003   1.7532966519993743E+018
   8.9026899999999996E-003   1.7734847942448033E+018
   8.9022500000000004E-003   1.8011127504897933E+018
   8.9014799999999998E-003   1.8359809204544760E+018
   8.9007400000000007E-003   1.8710053485055647E+018
   8.8999800000000000E-003   1.9061884564058255E+018
   8.8992499999999992E-003   1.9398502045606318E+018
   8.8985799999999997E-003   1.9721852115877873E+018
   8.8979200000000001E-003   1.9985340318513477E+018
   8.8974999999999992E-003   2.0190347169779960E+018
   8.8970899999999999E-003   2.0516459804990149E+018
   8.8961999999999999E-003   2.0960482231379420E+018
   8.8953299999999999E-003   2.1308984457300070E+018
   8.8948299999999994E-003   2.1564631349815619E+018
   8.8943400000000006E-003   2.1937929827079058E+018
   8.8933999999999992E-003   2.2425621424266893E+018
   8.8924899999999994E-003   2.2944236710498130E+018
   8.8914700000000003E-003   2.3492745272127795E+018
   8.8904799999999992E-003   2.3920690991536937E+018
   8.8899200000000008E-003   2.4231658364818243E+018
   8.8893700000000006E-003   2.4543244266042143E+018
   8.8888100000000005E-003   2.4855459258560896E+018
   8.8882700000000002E-003   2.5285684049239383E+018
   8.8873200000000006E-003   2.5830768522701998E+018
   8.8863899999999992E-003   2.6308750663507681E+018
   8.8856899999999999E-003   2.6721637859747640E+018
   8.8850100000000005E-003   2.7103763495072297E+018
   8.8844200000000005E-003   2.7629256414326241E+018
   8.8832800000000003E-003   2.8343957158885883E+018
   8.8820600000000006E-003   2.8887599945618499E+018
   8.8814700000000007E-003   2.9242739103755356E+018
   8.8808800000000007E-003   2.9768791927368003E+018
   8.8797300000000006E-003   3.0462751971912120E+018
   8.8786100000000003E-003   3.1135096233163269E+018
   8.8775799999999995E-003   3.1697797257639286E+018
   8.8768600000000003E-003   3.2169607145798528E+018
   8.8761499999999993E-003   3.2863780453609539E+018
   8.8748000000000004E-003   3.3770702056808596E+018
   8.8734999999999994E-003   3.4690766997286113E+018
   8.8721600000000005E-003   3.5623697150951045E+018
   8.8708599999999995E-003   3.6456263315803023E+018
   8.8698400000000004E-003   3.7192053583138442E+018
   8.8688399999999994E-003   3.8093102626659415E+018
   8.8673999999999992E-003   3.8890414159880858E+018
   8.8666999999999999E-003   3.9416964217982669E+018
   8.8660100000000006E-003   4.0151493880376033E+018
   8.8647799999999992E-003   4.1088466295927834E+018
   8.8635899999999993E-003   4.1817397323273938E+018
   8.8629199999999998E-003   4.2343737634263025E+018
   8.8622500000000003E-003   4.3013149339624817E+018
   8.8612399999999994E-003   4.3822371127816305E+018
   8.8602500000000001E-003   4.4851012723445007E+018
   8.8587200000000005E-003   4.5809224487208207E+018
   8.8579200000000000E-003   4.6575302184884132E+018
   8.8568899999999992E-003   4.7433334005240422E+018
   8.8558899999999999E-003   4.8485220718227548E+018
   8.8544299999999999E-003   4.9416744070647081E+018
   8.8537200000000007E-003   5.0032490924258488E+018
   8.8530199999999996E-003   5.0986277969463951E+018
   8.8515599999999996E-003   5.1949996772396206E+018
   8.8508500000000004E-003   5.2587072043123272E+018
   8.8501499999999993E-003   5.3283199355825152E+018
   8.8493100000000009E-003   5.4037211210103204E+018
   8.8484900000000005E-003   5.4998805391714560E+018
   8.8472199999999994E-003   5.6162241871092890E+018
   8.8459799999999998E-003   5.7137983044875059E+018
   8.8451399999999996E-003   5.7931162566687693E+018
   8.8443099999999993E-003   5.8725264655776522E+018
   8.8434800000000008E-003   5.9958528116863775E+018
   8.8417600000000006E-003   6.1609773757246556E+018
   8.8400900000000001E-003   6.3295115004154993E+018
   8.8383500000000000E-003   6.4585920464044165E+018
   8.8374999999999999E-003   6.5437971526703391E+018
   8.8366599999999997E-003   6.6764736661461514E+018
   8.8348999999999997E-003   6.8548820353446871E+018
   8.8331899999999994E-003   7.0366787646449828E+018
   8.8313999999999997E-003   7.1757604107698903E+018
   8.8305299999999996E-003   7.2673748849080197E+018
   8.8296699999999995E-003   7.3614719273007575E+018
   8.8287599999999997E-003   7.4579016586280980E+018
   8.8278599999999999E-003   7.5533850420882883E+018
   8.8269700000000000E-003   7.6479018393816904E+018
   8.8260999999999999E-003   7.7448787214607155E+018
   8.8251700000000002E-003   7.8441359160007967E+018
   8.8242600000000004E-003   7.9908893797275167E+018
   8.8224800000000006E-003   8.1384676599051960E+018
   8.8215399999999992E-003   8.2400190903836918E+018
   8.8206099999999996E-003   8.3402630219917967E+018
   8.8196999999999998E-003   8.4391962044912579E+018
   8.8187999999999999E-003   8.5407003103655485E+018
   8.8178500000000003E-003   8.6440032447712358E+018
   8.8169100000000007E-003   8.7457535910551450E+018
   8.8159799999999993E-003   8.8460522426604042E+018
   8.8150699999999995E-003   8.9484766938010900E+018
   8.8141000000000001E-003   9.0527955763143997E+018
   8.8131500000000005E-003   9.1554013872259973E+018
   8.8122099999999991E-003   9.2564305632515604E+018
   8.8112799999999995E-003   9.3594618032844861E+018
   8.8103000000000001E-003   9.4642910451025162E+018
   8.8093400000000006E-003   9.5672583084700037E+018
   8.8083799999999993E-003   9.6686097662021222E+018
   8.8074399999999997E-003   9.7718744924655903E+018
   8.8064400000000004E-003   9.8769875214447063E+018
   8.8054599999999993E-003   9.9802143285059543E+018
   8.8044899999999999E-003   1.0081968686360195E+019
   8.8035400000000003E-003   1.0185751122776969E+019
   8.8025299999999994E-003   1.0291561721656254E+019
   8.8015300000000001E-003   1.0395638092567493E+019
   8.8005500000000007E-003   1.0498427286530441E+019
   8.7995799999999996E-003   1.0603472329324732E+019
   8.7985500000000005E-003   1.0710792897627558E+019
   8.7975399999999995E-003   1.0816597790402198E+019
   8.7965500000000002E-003   1.0921313709928614E+019
   8.7955599999999991E-003   1.1028688589752033E+019
   8.7945200000000001E-003   1.1138280806390888E+019
   8.7934999999999992E-003   1.1245704893353437E+019
   8.7924900000000000E-003   1.1353982164991029E+019
   8.7914900000000008E-003   1.1524601383406359E+019
   8.7893899999999994E-003   1.1751150974191766E+019
   8.7873599999999993E-003   1.1920843050139908E+019
   8.7862900000000004E-003   1.2038410256947143E+019
   8.7852299999999998E-003   1.2154758761686641E+019
   8.7841900000000007E-003   1.2272324825717797E+019
   8.7831699999999999E-003   1.2458820893415238E+019
   8.7810100000000006E-003   1.2705896409873981E+019
   8.7789200000000008E-003   1.2890574460479885E+019
   8.7778200000000004E-003   1.3019166881915873E+019
   8.7767299999999999E-003   1.3211665213053225E+019
   8.7746100000000004E-003   1.3474199024204988E+019
   8.7723899999999997E-003   1.3673482195099335E+019
   8.7713099999999992E-003   1.3807410602494358E+019
   8.7702400000000003E-003   1.4020347635684522E+019
   8.7679899999999998E-003   1.4301484805470943E+019
   8.7658100000000006E-003   1.4584042314233104E+019
   8.7635300000000003E-003   1.4800360194251282E+019
   8.7624199999999999E-003   1.4943883206093726E+019
   8.7613099999999996E-003   1.5169803016054544E+019
   8.7589999999999994E-003   1.5472271170524230E+019
   8.7567500000000006E-003   1.5781235827733854E+019
   8.7544100000000007E-003   1.6096404698279524E+019
   8.7521300000000003E-003   1.6332525062943541E+019
   8.7509300000000005E-003   1.6496300348121520E+019
   8.7497500000000006E-003   1.6747846584426297E+019
   8.7473499999999992E-003   1.7080580260673020E+019
   8.7450099999999992E-003   1.7413939077207478E+019
   8.7426599999999993E-003   1.7760186451469744E+019
   8.7402000000000001E-003   1.8113364548824345E+019
   8.7378100000000004E-003   1.8377558013881999E+019
   8.7365600000000009E-003   1.8655368881816936E+019
   8.7340999999999998E-003   1.8974912400521150E+019
   8.7322500000000004E-003   1.9255817907748356E+019
   8.7303499999999996E-003   1.9587913763419361E+019
   8.7278900000000003E-003   1.9974535580757860E+019
   8.7253100000000000E-003   2.0315807753802985E+019
   8.7234200000000008E-003   2.0610803225114943E+019
   8.7214800000000002E-003   2.0916906149693559E+019
   8.7195399999999996E-003   2.1220233098121028E+019
   8.7176300000000005E-003   2.1516028993991823E+019
   8.7157899999999993E-003   2.1804336597410267E+019
   8.7139699999999997E-003   2.2062784257140765E+019
   8.7124899999999998E-003   2.2295408400505672E+019
   8.7110199999999999E-003   2.2544891421437506E+019
   8.7093499999999994E-003   2.2807231202326270E+019
   8.7077000000000005E-003   2.3070539645614576E+019
   8.7059900000000003E-003   2.3339107502312198E+019
   8.7043099999999998E-003   2.3669016807709856E+019
   8.7019000000000003E-003   2.4041297326987657E+019
   8.6995500000000003E-003   2.4348177647192936E+019
   8.6978400000000001E-003   2.4609398208488129E+019
   8.6961699999999996E-003   2.4935807866158621E+019
   8.6937000000000004E-003   2.5304254691179348E+019
   8.6913000000000008E-003   2.5608609361655947E+019
   8.6895199999999992E-003   2.5864721168867508E+019
   8.6877800000000008E-003   2.6115870998868603E+019
   8.6860199999999992E-003   2.6364670012012564E+019
   8.6843000000000007E-003   2.6667435162293793E+019
   8.6818099999999999E-003   2.7005286730543342E+019
   8.6793900000000004E-003   2.7307488948414890E+019
   8.6772199999999994E-003   2.7585385768915534E+019
   8.6751099999999998E-003   2.7855218164490453E+019
   8.6729500000000005E-003   2.8120336709890224E+019
   8.6708500000000008E-003   2.8402072388359463E+019
   8.6683300000000001E-003   2.8696113266516120E+019
   8.6658900000000007E-003   2.8981698754464608E+019
   8.6633900000000000E-003   2.9256492915606622E+019
   8.6609500000000006E-003   2.9477121630968418E+019
   8.6591800000000007E-003   2.9668295249327632E+019
   8.6574500000000006E-003   2.9944897212788695E+019
   8.6542300000000006E-003   3.0282967533698138E+019
   8.6511499999999998E-003   3.0550197988750283E+019
   8.6490000000000004E-003   3.0772773632524861E+019
   8.6469200000000006E-003   3.0999553409250464E+019
   8.6447999999999994E-003   3.1227743686587081E+019
   8.6427299999999995E-003   3.1576643127559741E+019
   8.6385899999999998E-003   3.1930151709951484E+019
   8.6365100000000000E-003   3.2173986141481734E+019
   8.6344799999999999E-003   3.2471084182917272E+019
   8.6316699999999993E-003   3.2731987474652553E+019
   8.6303100000000004E-003   3.2906877063339897E+019
   8.6289699999999997E-003   3.3183841398621643E+019
   8.6261700000000007E-003   3.3467134751088865E+019
   8.6248000000000002E-003   3.3708677320590230E+019
   8.6227500000000002E-003   3.4009130897094291E+019
   8.6206600000000005E-003   3.4266001770509226E+019
   8.6192999999999999E-003   3.4583181841590600E+019
   8.6165500000000006E-003   3.4909698402843513E+019
   8.6151600000000002E-003   3.5132238810210378E+019
   8.6137899999999996E-003   3.5416848115765379E+019
   8.6117299999999997E-003   3.5771601183620354E+019
   8.6096300000000001E-003   3.6075159711172551E+019
   8.6082599999999995E-003   3.6318555471038079E+019
   8.6069000000000007E-003   3.6701936900227035E+019
   8.6040700000000001E-003   3.7161570659898966E+019
   8.6020100000000002E-003   3.7495469182101348E+019
   8.6006099999999999E-003   3.7844475323203641E+019
   8.5984800000000004E-003   3.8341084609629372E+019
   8.5957099999999995E-003   3.8775913817930080E+019
   8.5942599999999994E-003   3.9155358506763026E+019
   8.5921200000000000E-003   3.9610044654894940E+019
   8.5900300000000002E-003   4.0161459592919015E+019
   8.5871200000000002E-003   4.0688796409531081E+019
   8.5853100000000005E-003   4.1099246478102077E+019
   8.5835400000000006E-003   4.1606810001026703E+019
   8.5809700000000003E-003   4.2205351451504640E+019
   8.5784699999999995E-003   4.2868065535998190E+019
   8.5754700000000000E-003   4.3408914701973291E+019
   8.5740000000000000E-003   4.3771561913705931E+019
   8.5725599999999999E-003   4.4391231624269693E+019
   8.5691099999999996E-003   4.5258231583069241E+019
   8.5657700000000003E-003   4.5942137227863679E+019
   8.5638399999999996E-003   4.6596736898957394E+019
   8.5607900000000004E-003   4.7473403808583541E+019
   8.5572900000000004E-003   4.8260908960918667E+019
   8.5549700000000003E-003   4.8851616800390849E+019
   8.5529700000000000E-003   4.9403600938680828E+019
   8.5509999999999996E-003   5.0086595041676304E+019
   8.5481700000000008E-003   5.0870782629518213E+019
   8.5453899999999999E-003   5.1619720082556076E+019
   8.5429400000000006E-003   5.2322406599691674E+019
   8.5405299999999993E-003   5.2925040586226319E+019
   8.5388600000000005E-003   5.3419095208164409E+019
   8.5372000000000000E-003   5.4140827203041755E+019
   8.5340199999999998E-003   5.5104579345570234E+019
   8.5309099999999992E-003   5.5822893137117938E+019
   8.5293000000000001E-003   5.6318234959313830E+019
   8.5277100000000008E-003   5.6927742655007015E+019
   8.5254300000000005E-003   5.7646622678392087E+019
   8.5231800000000000E-003   5.8573972532732076E+019
   8.5196600000000001E-003   5.9728813871956017E+019
   8.5161000000000004E-003   6.0986767755696046E+019
   8.5120999999999999E-003   6.2121463848338530E+019
   8.5093700000000005E-003   6.3066954775906984E+019
   8.5065799999999997E-003   6.4233292906029875E+019
   8.5026700000000004E-003   6.5792237593183773E+019
   8.4977600000000000E-003   6.7056532759972545E+019
   8.4956000000000007E-003   6.7837226160923566E+019
   8.4934599999999996E-003   6.8756394569413526E+019
   8.4905799999999993E-003   6.9834556789507990E+019
   8.4876099999999996E-003   7.0929107589849817E+019
   8.4846999999999995E-003   7.2041235606436012E+019
   8.4816900000000001E-003   7.3182715810656575E+019
   8.4786700000000007E-003   7.4328052127699665E+019
   8.4756899999999993E-003   7.5301482302295507E+019
   8.4735899999999996E-003   7.6500095226896908E+019
   8.4694699999999998E-003   7.8344078632687927E+019
   8.4642199999999997E-003   8.0109577214781555E+019
   8.4605300000000008E-003   8.1482217748059472E+019
   8.4573099999999991E-003   8.2786671916003967E+019
   8.4540399999999995E-003   8.4559943086538031E+019
   8.4485500000000009E-003   8.6409603159673258E+019
   8.4449399999999997E-003   8.7548301334349758E+019
   8.4430100000000008E-003   8.8845812875184816E+019
   8.4387000000000004E-003   9.0627686197256716E+019
   8.4344699999999995E-003   9.2001044274190270E+019
   8.4321399999999994E-003   9.2977895417349390E+019
   8.4298399999999992E-003   9.4417771845656740E+019
   8.4253799999999997E-003   9.6301522330274791E+019
   8.4209999999999997E-003   9.7627903549494002E+019
   8.4191800000000001E-003   9.8409405761230176E+019
   8.4173700000000004E-003   9.9734303331417555E+019
   8.4130699999999999E-003   1.0159153128374283E+020
   8.4088400000000008E-003   1.0297918726482629E+020
   8.4066499999999999E-003   1.0393695816056766E+020
   8.4044800000000006E-003   1.0529096004011151E+020
   8.4005199999999999E-003   1.0703407763987313E+020
   8.3966300000000004E-003   1.0851269764851568E+020
   8.3938999999999993E-003   1.0973341425589761E+020
   8.3911899999999998E-003   1.1112519148482712E+020
   8.3877299999999995E-003   1.1268465652150677E+020
   8.3843100000000007E-003   1.1446127669488112E+020
   8.3799400000000007E-003   1.1644828504742599E+020
   8.3756400000000002E-003   1.1827404499216802E+020
   8.3719999999999992E-003   1.2063273993687458E+020
   8.3654799999999998E-003   1.2282470721483435E+020
   8.3625899999999996E-003   1.2426280675366358E+020
   8.3593699999999996E-003   1.2577533976320975E+020
   8.3561899999999995E-003   1.2811004545370566E+020
   8.3495700000000006E-003   1.3124363026305248E+020
   8.3431100000000008E-003   1.3448024635406110E+020
   8.3362000000000002E-003   1.3781670813292950E+020
   8.3294400000000005E-003   1.4035213070327177E+020
   8.3257999999999995E-003   1.4214399017639774E+020
   8.3222100000000000E-003   1.4404024707467580E+020
   8.3181899999999996E-003   1.4603959028056510E+020
   8.3142200000000006E-003   1.4793625354669818E+020
   8.3106499999999993E-003   1.4973324828163693E+020
   8.3071099999999995E-003   1.5189044531749706E+020
   8.3021599999999994E-003   1.5440012670323009E+020
   8.2972900000000006E-003   1.5718293982837847E+020
   8.2913599999999994E-003   1.6022865783026722E+020
   8.2855399999999992E-003   1.6307378486238790E+020
   8.2804400000000000E-003   1.6573050539900436E+020
   8.2754100000000004E-003   1.6848128675911375E+020
   8.2699599999999998E-003   1.7107505129339372E+020
   8.2657000000000008E-003   1.7334031191185618E+020
   8.2614899999999998E-003   1.7639132581112552E+020
   8.2543900000000003E-003   1.8020807304918231E+020
   8.2474200000000001E-003   1.8381287689037949E+020
   8.2412200000000005E-003   1.8719782671679924E+020
   8.2351300000000002E-003   1.9035408428371159E+020
   8.2297399999999993E-003   1.9442964222363186E+020
   8.2205799999999999E-003   1.9802578310014983E+020
   8.2169500000000006E-003   2.0007527162466402E+020
   8.2133499999999995E-003   2.0312658503501939E+020
   8.2062500000000000E-003   2.0715803624139355E+020
   8.1992899999999997E-003   2.1042400764172501E+020
   8.1949299999999996E-003   2.1294218155866102E+020
   8.1906099999999992E-003   2.1589818659255380E+020
   8.1848100000000007E-003   2.1928358699281770E+020
   8.1790800000000000E-003   2.2304312602258339E+020
   8.1720899999999999E-003   2.2809010043737063E+020
   8.1621599999999999E-003   2.3318509215109503E+020
   8.1551100000000001E-003   2.3651707368277062E+020
   8.1511399999999994E-003   2.4028021442501342E+020
   8.1427900000000004E-003   2.4535284020349331E+020
   8.1346100000000005E-003   2.4920003128265592E+020
   8.1303100000000000E-003   2.5186021148956502E+020
   8.1260499999999992E-003   2.5450410374831938E+020
   8.1218400000000000E-003   2.5713349847384457E+020
   8.1176600000000005E-003   2.6121964891604563E+020
   8.1089000000000005E-003   2.6673157525864848E+020
   8.1002999999999995E-003   2.7236139929011542E+020
   8.0913200000000008E-003   2.7810683183239142E+020
   8.0825099999999993E-003   2.8247015718947173E+020
   8.0778900000000008E-003   2.8548097680532147E+020
   8.0733100000000002E-003   2.8847532239096381E+020
   8.0687799999999994E-003   2.9145356789336166E+020
   8.0642900000000000E-003   2.9608259024006408E+020
   8.0548600000000005E-003   3.0232451784488957E+020
   8.0456099999999999E-003   3.0704289577808134E+020
   8.0407599999999992E-003   3.1031341305310151E+020
   8.0359500000000000E-003   3.1356634639181703E+020
   8.0312000000000005E-003   3.1680194881492753E+020
   8.0264800000000008E-003   3.2182832397288427E+020
   8.0165900000000005E-003   3.2860975420299444E+020
   8.0068899999999991E-003   3.3552120561236043E+020
   7.9967600000000003E-003   3.4258980934004664E+020
   7.9868200000000004E-003   3.4795969509299559E+020
   7.9816100000000001E-003   3.5166348309537843E+020
   7.9764399999999996E-003   3.5534773854322131E+020
   7.9713300000000004E-003   3.5901348432276809E+020
   7.9662699999999993E-003   3.6470545941475446E+020
   7.9556399999999999E-003   3.7238542354508264E+020
   7.9452199999999994E-003   3.7818938522922680E+020
   7.9397500000000006E-003   3.8221247184207321E+020
   7.9343399999999998E-003   3.8621474707049618E+020
   7.9289800000000004E-003   3.9019647190711468E+020
   7.9236700000000007E-003   3.9637960275621249E+020
   7.9125299999999992E-003   4.0472316031144565E+020
   7.9015999999999999E-003   4.1323887076233504E+020
   7.8901900000000001E-003   4.2193584290572960E+020
   7.8790100000000005E-003   4.2854384187543532E+020
   7.8731400000000007E-003   4.3310052094021376E+020
   7.8673300000000005E-003   4.3763417973571040E+020
   7.8615800000000000E-003   4.4214588401743285E+020
   7.8558800000000008E-003   4.4914721864647344E+020
   7.8439300000000007E-003   4.5859583892308001E+020
   7.8321999999999992E-003   4.6574010195191372E+020
   7.8260599999999993E-003   4.7068812363362868E+020
   7.8199700000000007E-003   4.7805835148107167E+020
   7.8079700000000000E-003   4.8812059450480663E+020
   7.7954499999999998E-003   4.9583831399343247E+020
   7.7892800000000000E-003   5.0094040994487907E+020
   7.7831699999999998E-003   5.0886197161324996E+020
   7.7703599999999996E-003   5.1955439120295677E+020
   7.7577899999999997E-003   5.2763810656442529E+020
   7.7512099999999997E-003   5.3323795960150681E+020
   7.7446900000000003E-003   5.4028118940950541E+020
   7.7348199999999999E-003   5.4876212749973579E+020
   7.7250900000000004E-003   5.5734440045499227E+020
   7.7150999999999999E-003   5.6604777260137841E+020
   7.7052600000000002E-003   5.7496124078513757E+020
   7.6949499999999999E-003   5.8407711014448713E+020
   7.6847800000000004E-003   5.9331571171968143E+020
   7.6743400000000000E-003   6.0551214370442038E+020
   7.6578300000000000E-003   6.1863944560814037E+020
   7.6455500000000001E-003   6.3000797250911050E+020
   7.6331599999999999E-003   6.4157075749595251E+020
   7.6206499999999996E-003   6.5485525647431945E+020
   7.6048100000000000E-003   6.6832938842365664E+020
   7.5921199999999999E-003   6.8064929675518843E+020
   7.5789799999999999E-003   6.9328371321674714E+020
   7.5658300000000000E-003   7.0533256000794880E+020
   7.5540800000000003E-003   7.1650535719893860E+020
   7.5428900000000000E-003   7.2979776562570933E+020
   7.5269899999999999E-003   7.4407866401511113E+020
   7.5139100000000004E-003   7.5632611841296223E+020
   7.5021999999999997E-003   7.6881836935784458E+020
   7.4883600000000003E-003   7.8325124148986826E+020
   7.4731900000000002E-003   7.9578928784983812E+020
   7.4632199999999996E-003   8.0720188528685849E+020
   7.4491999999999996E-003   8.2160288550891789E+020
   7.4327100000000004E-003   8.3511989976025163E+020
   7.4168200000000002E-003   8.4777901800539043E+020
   7.4021099999999999E-003   8.5627855764513751E+020
   7.3880100000000004E-003   8.6235230174126945E+020
   7.3720799999999996E-003   8.5842579947520079E+020
   7.3657799999999997E-003   8.6596013277256063E+020
   7.3508899999999997E-003   8.4669769580545887E+020
   7.3313900000000001E-003   8.4132190058462065E+020
   7.3175699999999998E-003   8.0983132934310632E+020
   7.3042100000000002E-003   7.5801904116289084E+020
   7.2890200000000002E-003   7.2776488943064226E+020
   7.2750899999999997E-003   7.0865763412274237E+020
   7.2691800000000001E-003   6.8086860461819743E+020
   7.2633100000000003E-003   6.5458984369932350E+020
   7.2489700000000004E-003   6.3197611635886693E+020
   7.2432199999999999E-003   6.1918353615427207E+020
   7.2366499999999999E-003   5.9474834300466181E+020
   7.2315399999999998E-003   5.9325888441511746E+020
   7.2234200000000004E-003   5.8008253074326946E+020
   7.2182300000000000E-003   5.6231108345904156E+020
   7.2133600000000003E-003   5.5186199989340701E+020
   7.2089500000000004E-003   5.5474563589790761E+020
   7.2036899999999996E-003   5.3817625613420265E+020
   7.1978800000000003E-003   5.2536448422076121E+020
   7.1920999999999999E-003   5.2244947176725021E+020
   7.1885999999999999E-003   5.2015691963702916E+020
   7.1838199999999996E-003   5.1325944061326806E+020
   7.1814399999999999E-003   5.1013372531072473E+020
   7.1796500000000001E-003   5.0718580658145237E+020
   7.1754799999999997E-003   5.0568948759697333E+020
   7.1730900000000000E-003   5.0401695145818102E+020
   7.1697799999999997E-003   5.0192165942812777E+020
   7.1670600000000003E-003   4.9796149220892534E+020
   7.1609999999999998E-003   4.9362192431523797E+020
   7.1564699999999998E-003   4.9273517345678262E+020
   7.1513300000000000E-003   4.8854877962450534E+020
   7.1453300000000001E-003   4.8648629279589460E+020
   7.1406100000000004E-003   4.8523486421487662E+020
   7.1361100000000002E-003   4.8357673500635116E+020
   7.1317500000000001E-003   4.8300077717711454E+020
   7.1277800000000002E-003   4.8208149400593393E+020
   7.1227399999999998E-003   4.8154206116815372E+020
   7.1206600000000000E-003   4.8124167586777340E+020
   7.1165300000000003E-003   4.8077417113078877E+020
   7.1137800000000001E-003   4.8059657372452893E+020
   7.1096700000000002E-003   4.8048486194533355E+020
   7.1076200000000003E-003   4.8044757796817358E+020
   7.1036199999999997E-003   4.8049243765947007E+020
   7.0997300000000003E-003   4.8058617359159480E+020
   7.0977899999999997E-003   4.8068322781539140E+020
   7.0952699999999999E-003   4.8093832023409964E+020
   7.0902400000000003E-003   4.8140778368388045E+020
   7.0852399999999996E-003   4.8200919888374668E+020
   7.0802599999999997E-003   4.8254416430857401E+020
   7.0777799999999997E-003   4.8290033703610751E+020
   7.0759200000000003E-003   4.8337300454541047E+020
   7.0722199999999997E-003   4.8404981608369960E+020
   7.0685699999999997E-003   4.8476968667614197E+020
   7.0649900000000002E-003   4.8552044907635979E+020
   7.0614600000000003E-003   4.8630307456568184E+020
   7.0580000000000000E-003   4.8724474891932887E+020
   7.0534700000000001E-003   4.8814910322053172E+020
   7.0506800000000001E-003   4.8886670185311489E+020
   7.0479000000000002E-003   4.8984906850908576E+020
   7.0433199999999996E-003   4.9098383894550433E+020
   7.0397300000000001E-003   4.9196264490772660E+020
   7.0365599999999999E-003   4.9285016062005032E+020
   7.0338099999999997E-003   4.9399481388393444E+020
   7.0292100000000001E-003   4.9552126854434960E+020
   7.0244000000000001E-003   4.9728159507365652E+020
   7.0181899999999997E-003   4.9909485358182262E+020
   7.0152699999999997E-003   4.9999051447192027E+020
   7.0123399999999997E-003   5.0115918282095867E+020
   7.0079799999999996E-003   5.0337910768051284E+020
   7.0021800000000002E-003   5.0489138369656671E+020
   6.9992900000000000E-003   5.0581704057472123E+020
   6.9964099999999998E-003   5.0759033455410774E+020
   6.9919400000000003E-003   5.0961832840458935E+020
   6.9856700000000002E-003   5.1164212539104231E+020
   6.9820500000000001E-003   5.1367165279346989E+020
   6.9759100000000001E-003   5.1624505820528070E+020
   6.9698700000000004E-003   5.1815205086730152E+020
   6.9664300000000000E-003   5.1979672044261717E+020
   6.9642300000000001E-003   5.2102226218757403E+020
   6.9598300000000002E-003   5.2320968063715921E+020
   6.9544899999999998E-003   5.2513765063904756E+020
   6.9513600000000002E-003   5.2700925091989553E+020
   6.9463399999999996E-003   5.2875890297650453E+020
   6.9438399999999997E-003   5.3049463233110075E+020
   6.9389700000000000E-003   5.3334931553439311E+020
   6.9318599999999998E-003   5.3624263342562017E+020
   6.9269900000000001E-003   5.3862204321804530E+020
   6.9221400000000002E-003   5.4189355635190071E+020
   6.9138200000000002E-003   5.4509644293614489E+020
   6.9093799999999997E-003   5.4805217897543559E+020
   6.9020200000000000E-003   5.5099486037627483E+020
   6.8986600000000000E-003   5.5224314224811311E+020
   6.8966399999999999E-003   5.5349331381760918E+020
   6.8939600000000002E-003   5.5575603170960284E+020
   6.8880599999999997E-003   5.5890692077389545E+020
   6.8820900000000004E-003   5.6230051255348671E+020
   6.8752600000000002E-003   5.6578321993094267E+020
   6.8695900000000001E-003   5.6846362501542766E+020
   6.8652799999999996E-003   5.7146968864383310E+020
   6.8587600000000002E-003   5.7479528418435223E+020
   6.8534199999999998E-003   5.7720091272737666E+020
   6.8502399999999996E-003   5.7974507972406287E+020
   6.8442499999999996E-003   5.8279369058623724E+020
   6.8399899999999998E-003   5.8517525006117162E+020
   6.8357499999999998E-003   5.8854042220558988E+020
   6.8283500000000004E-003   5.9200647004903637E+020
   6.8241500000000002E-003   5.9507398137299062E+020
   6.8178600000000002E-003   5.9921684703328102E+020
   6.8102500000000003E-003   6.0330332770241544E+020
   6.8042900000000002E-003   6.0656184497871978E+020
   6.7995399999999998E-003   6.0980151996306319E+020
   6.7936300000000002E-003   6.1379629027812993E+020
   6.7868000000000000E-003   6.1801659109793936E+020
   6.7799999999999996E-003   6.2239986505405445E+020
   6.7728800000000002E-003   6.2676568248793301E+020
   6.7662299999999998E-003   6.3164022077976635E+020
   6.7576600000000004E-003   6.3685629723799703E+020
   6.7500299999999997E-003   6.4226847870972749E+020
   6.7412300000000000E-003   6.4800081022702505E+020
   6.7324799999999999E-003   6.5464918729742798E+020
   6.7215100000000000E-003   6.6198645552200824E+020
   6.7106199999999996E-003   6.7123751430006230E+020
   6.6944400000000003E-003   6.8333685216690464E+020
   6.6756799999999998E-003   6.9542625421578732E+020
   6.6600599999999998E-003   7.0668133067912892E+020
   6.6440700000000002E-003   7.1877001634459314E+020
   6.6266600000000004E-003   7.3191202066599313E+020
   6.6080799999999997E-003   7.4711210345030510E+020
   6.5856500000000002E-003   7.6174489283009341E+020
   6.5690499999999999E-003   7.7564346560508199E+020
   6.5491200000000003E-003   7.9086405372693814E+020
   6.5294400000000001E-003   8.0486887363632785E+020
   6.5131299999999998E-003   8.1547152075206151E+020
   6.5024699999999998E-003   8.2702273990776875E+020
   6.4840100000000001E-003   8.3893624415566837E+020
   6.4727099999999996E-003   8.5256470003352823E+020
   6.4503399999999997E-003   8.6837898962478275E+020
   6.4340600000000001E-003   8.8178667811420255E+020
   6.4179500000000004E-003   8.9401799080646515E+020
   6.4048100000000004E-003   9.0506205455521848E+020
   6.3917699999999997E-003   9.2352395733741837E+020
   6.3615399999999997E-003   9.4951429989445494E+020
   6.3318300000000001E-003   9.6858362845915932E+020
   6.3182600000000000E-003   9.8520746524427957E+020
   6.2945900000000001E-003   1.0004747603394713E+021
   6.2844399999999996E-003   1.0164522910569019E+021
   6.2600199999999998E-003   1.0389930313209003E+021
   6.2359299999999998E-003   1.0568783381368346E+021
   6.2220200000000000E-003   1.0700496425480449E+021
   6.2082200000000004E-003   1.0869139217173247E+021
   6.1868699999999997E-003   1.1075157032813362E+021
   6.1657700000000001E-003   1.1248558250600633E+021
   6.1515500000000004E-003   1.1388945490224019E+021
   6.1374400000000001E-003   1.1605263279057711E+021
   6.1083500000000002E-003   1.1898697283682349E+021
   6.0796799999999996E-003   1.2141695474611603E+021
   6.0612399999999999E-003   1.2333390516912039E+021
   6.0429699999999999E-003   1.2487990538846433E+021
   6.0319099999999997E-003   1.2605089453379722E+021
   6.0209100000000000E-003   1.2804358163766604E+021
   5.9946799999999996E-003   1.3144296502783855E+021
   5.9582999999999997E-003   1.3503288901565494E+021
   5.9297400000000002E-003   1.3764462281164637E+021
   5.9117800000000002E-003   1.3998244444556270E+021
   5.8885999999999999E-003   1.4263487733806030E+021
   5.8656699999999999E-003   1.4578773883240535E+021
   5.8345300000000001E-003   1.4949388684492774E+021
   5.8031100000000002E-003   1.5234012764420873E+021
   5.7872100000000001E-003   1.5426627699190624E+021
   5.7714200000000002E-003   1.5722116792227814E+021
   5.7390899999999996E-003   1.6122600106989946E+021
   5.7071900000000000E-003   1.6533578360122803E+021
   5.6742900000000002E-003   1.6955339610244338E+021
   5.6418299999999996E-003   1.7388179894472527E+021
   5.6083499999999998E-003   1.7832411691997048E+021
   5.5753000000000000E-003   1.8288341360805051E+021
   5.5412300000000003E-003   1.8756307776363779E+021
   5.5075899999999997E-003   1.9236627453336116E+021
   5.4729100000000001E-003   1.9729667733707059E+021
   5.4386599999999997E-003   2.0105829661720141E+021
   5.4211399999999996E-003   2.0362190325858039E+021
   5.4037299999999998E-003   2.0755275056588946E+021
   5.3681099999999997E-003   2.1288609453227322E+021
   5.3329299999999996E-003   2.1695632633891463E+021
   5.3149299999999998E-003   2.1972986001752324E+021
   5.2970400000000003E-003   2.2395249054069188E+021
   5.2608400000000001E-003   2.2972260793391084E+021
   5.2243000000000003E-003   2.3564673418777618E+021
   5.1874299999999998E-003   2.4172931887262618E+021
   5.1502300000000004E-003   2.4797534828398720E+021
   5.1126799999999997E-003   2.5439067116943720E+021
   5.0747800000000001E-003   2.6100241758715474E+021
   5.0365399999999999E-003   2.6777533665072403E+021
   4.9979400000000002E-003   2.7473388355474565E+021
   4.9589800000000000E-003   2.8188174035216525E+021
   4.9196500000000002E-003   2.8737969842231491E+021
   4.8997499999999996E-003   2.9109999444064810E+021
   4.8799500000000001E-003   2.9332558276145599E+021
   4.8598699999999996E-003   2.9710280367107736E+021
   4.8398800000000004E-003   3.0203601658078424E+021
   4.8080800000000002E-003   3.0816905655429754E+021
   4.7765100000000003E-003   3.1328506067070600E+021
   4.7559400000000002E-003   3.1734849412208253E+021
   4.7354500000000004E-003   3.2146298892862976E+021
   4.7146799999999997E-003   3.2563601414331449E+021
   4.6939900000000003E-003   3.2986559814306334E+021
   4.6730200000000000E-003   3.3415414061470062E+021
   4.6521300000000000E-003   3.3850046519525963E+021
   4.6309500000000000E-003   3.4290702587931069E+021
   4.6098500000000004E-003   3.4737425911033323E+021
   4.5884599999999999E-003   3.5190293098390576E+021
   4.5671499999999999E-003   3.5649439997157898E+021
   4.5455499999999998E-003   3.6114900319814644E+021
   4.5240300000000001E-003   3.6586759895250842E+021
   4.5021999999999996E-003   3.7065224746133058E+021
   4.4804600000000003E-003   3.7550365140084541E+021
   4.4584200000000003E-003   3.8042231450353370E+021
   4.4364499999999998E-003   3.8540919631456486E+021
   4.4141800000000002E-003   3.9046646921836123E+021
   4.3919900000000001E-003   3.9559420796556206E+021
   4.3694900000000002E-003   4.0079534518038335E+021
   4.3470599999999998E-003   4.0606849931670591E+021
   4.3243200000000004E-003   4.1141685079471067E+021
   4.3016499999999997E-003   4.1684060402892197E+021
   4.2786800000000000E-003   4.2234220215054117E+021
   4.2557599999999999E-003   4.2791093785372367E+021
   4.2326300000000002E-003   4.3357093801689539E+021
   4.2093699999999996E-003   4.3931249338858917E+021
   4.1859899999999997E-003   4.4513713567781167E+021
   4.1624799999999997E-003   4.5104656673335248E+021
   4.1388299999999996E-003   4.5704215624582609E+021
   4.1150600000000002E-003   4.6312590143700452E+021
   4.0911500000000000E-003   4.6929925058394115E+021
   4.0671099999999996E-003   4.7556440391020068E+021
   4.0429200000000002E-003   4.8192321729291742E+021
   4.0185999999999998E-003   4.8837769387655635E+021
   3.9941400000000002E-003   4.9492993481027774E+021
   3.9695299999999998E-003   5.0158199644541860E+021
   3.9447800000000002E-003   5.0833603557208537E+021
   3.9198799999999997E-003   5.1519416523177245E+021
   3.8948300000000002E-003   5.2215849843394399E+021
   3.8696300000000002E-003   5.2923174864837149E+021
   3.8442799999999998E-003   5.3641600134343746E+021
   3.8187700000000000E-003   5.4371442595913510E+021
   3.7930899999999998E-003   5.5113095661783299E+021
   3.7672600000000001E-003   5.5866915505037902E+021
   3.7412600000000002E-003   5.6632946780432226E+021
   3.7150899999999999E-003   5.7411058925431685E+021
   3.6887600000000001E-003   5.8201186511597213E+021
   3.6622400000000002E-003   5.9003454978952507E+021
   3.6355599999999999E-003   5.9818000895913954E+021
   3.6086899999999999E-003   6.0644970302947281E+021
   3.5816400000000001E-003   6.1484518584708571E+021
   3.5544000000000001E-003   6.2336808821059339E+021
   3.5269600000000000E-003   6.3202012297490187E+021
   3.4993400000000001E-003   6.4080306842967034E+021
   3.4715100000000001E-003   6.4971877169239310E+021
   3.4434900000000000E-003   6.5876914495397487E+021
   3.4152499999999999E-003   6.6795616097783807E+021
   3.3868000000000001E-003   6.7728185138736729E+021
   3.3581399999999999E-003   6.8674830520050673E+021
   3.3292500000000002E-003   6.9635766915711422E+021
   3.3001400000000000E-003   7.0611214375276742E+021
   3.2707900000000000E-003   7.1601398378523011E+021
   3.2412100000000000E-003   7.2606550024621465E+021
   3.2113799999999998E-003   7.3626905561210542E+021
   3.1813000000000002E-003   7.4662706542545857E+021
   3.1509699999999999E-003   7.5714199967024252E+021
   3.1203699999999999E-003   7.6781638279784730E+021
   3.0894999999999998E-003   7.7865279214238092E+021
   3.0583500000000000E-003   7.8965385429867362E+021
   3.0269199999999998E-003   8.0082225700136792E+021
   2.9951900000000000E-003   8.1216074210986112E+021
   2.9631599999999998E-003   8.2367210265850329E+021
   2.9308200000000002E-003   8.3535918424484311E+021
   2.8981499999999999E-003   8.4722490099825964E+021
   2.8651499999999999E-003   8.5927221310992952E+021
   2.8318100000000001E-003   8.7150414588668375E+021
   2.7981199999999999E-003   8.8392377152917723E+021
   2.7640500000000001E-003   8.9653423450111240E+021
   2.7296099999999999E-003   9.0933873702781153E+021
   2.6947700000000000E-003   9.2234053119167315E+021
   2.6595199999999999E-003   9.3554294344334369E+021
   2.6238500000000001E-003   9.4894935819068815E+021
   2.5877299999999999E-003   9.6256321876853113E+021
   2.5511599999999998E-003   9.7638804004979826E+021
   2.5141100000000000E-003   9.9042739371615778E+021
   2.4765600000000000E-003   1.0046849288637751E+022
   2.4384799999999998E-003   1.0191643491664367E+022
   2.3998600000000002E-003   1.0338694335198482E+022
   2.3606700000000000E-003   1.0488040211743068E+022
   2.3208800000000000E-003   1.0639716994775635E+022
   2.2804600000000002E-003   1.0793790910452787E+022
   2.2393700000000001E-003   1.0950279490614346E+022
   2.1975900000000001E-003   1.1109223938753454E+022
   2.1550599999999999E-003   1.1270666206082968E+022
   2.1117499999999999E-003   1.1434648878787737E+022
   2.0676000000000002E-003   1.1601209359980292E+022
   2.0225700000000000E-003   1.1770422229082130E+022
   1.9765899999999999E-003   1.1942309844507347E+022
   1.9296000000000001E-003   1.2116359363442493E+022
   1.8818500000000000E-003   1.2293719625567000E+022
   1.8322700000000000E-003   1.2474516417320189E+022
   1.7817499999999999E-003   1.2657570967144047E+022
   1.7298599999999999E-003   1.2819836736927932E+022
   1.6902400000000000E-003   1.2961164440959816E+022
   1.6491399999999999E-003   1.3162986226633723E+022
   1.5717299999999999E-003   1.3369926489223113E+022
   1.5283800000000000E-003   1.3517917680631414E+022
   1.4829299999999999E-003   1.3740721148103955E+022
   1.3887200000000000E-003   1.3995453309975951E+022
   1.3236900000000000E-003   1.4198342411984019E+022
   1.2558599999999999E-003   1.4407542707266022E+022
   1.1809500000000001E-003   1.4625651814627130E+022
   1.1011800000000000E-003   1.4853299082812562E+022
   1.0093500000000000E-003   1.5102510637069497E+022
   8.9983000000000001E-004   1.5420355552681317E+022
   7.0680000000000005E-004   1.5752391667360098E+022
   5.6813999999999996E-004   1.5939792242566129E+022
   4.8442000000000000E-004   1.6057372811008206E+022
   3.8319000000000000E-004   1.6153511201456561E+022
   3.1404000000000002E-004   1.6213272551820798E+022
   2.5085000000000000E-004   1.6252491161698801E+022
   2.0175999999999999E-004   1.6280250457323980E+022
   1.6426000000000000E-004   1.6295349646140843E+022
   1.3651000000000001E-004   1.6305828216335009E+022
   1.1696000000000001E-004   1.6311064671556796E+022
   1.0410000000000000E-004   1.6315703911162650E+022
   8.6920000000000001E-005   1.6320052496049755E+022
   6.8990000000000002E-005   1.6323320496828180E+022
   5.4750000000000003E-005   1.6325656452611510E+022
   4.3460000000000001E-005   1.6326980051358590E+022
   3.4489999999999997E-005   1.6327801925326388E+022
   2.7370000000000001E-005   1.6328438851120705E+022
   2.1730000000000000E-005   1.6328768250122523E+022
   1.7249999999999999E-005   1.6329031042517623E+022
   1.3689999999999999E-005   1.6329260818598596E+022
