   8.9104000000000006E-003   445066243773269.38     
   8.9103800000000007E-003   694503923233284.88     
   8.9103700000000008E-003   882827819463687.50     
   8.9103600000000008E-003   1038871845723017.5     
   8.9103499999999992E-003   1174183408544077.0     
   8.9103499999999992E-003   1294453380717189.8     
   8.9103399999999992E-003   1403203635812947.8     
   8.9103399999999992E-003   1502924826911243.2     
   8.9103299999999993E-003   1595412710797921.0     
   8.9103299999999993E-003   1681966323551754.2     
   8.9103299999999993E-003   1763499585802529.8     
   8.9103199999999994E-003   1840746236102977.8     
   8.9103199999999994E-003   1914307246141705.0     
   8.9103199999999994E-003   1984641090476189.2     
   8.9103199999999994E-003   2052119325363170.8     
   8.9103099999999994E-003   2117052359170104.8     
   8.9103099999999994E-003   2179689877549485.2     
   8.9103099999999994E-003   2240236037806161.0     
   8.9103099999999994E-003   2298862482129722.5     
   8.9102999999999995E-003   2355720225149919.5     
   8.9102999999999995E-003   2424334690379876.0     
   8.9102999999999995E-003   2503881117930614.0     
   8.9102999999999995E-003   2580490022114402.0     
   8.9102899999999995E-003   2654485487577871.0     
   8.9102899999999995E-003   2714490737529655.5     
   8.9102899999999995E-003   2761327152204331.0     
   8.9102899999999995E-003   2807291620574010.5     
   8.9102899999999995E-003   2852441590822310.0     
   8.9102799999999996E-003   2907698999526653.5     
   8.9102799999999996E-003   2972657305017226.5     
   8.9102799999999996E-003   3036112443462768.5     
   8.9102799999999996E-003   3098168132341339.0     
   8.9102799999999996E-003   3148954946011790.0     
   8.9102699999999996E-003   3188883903291901.5     
   8.9102699999999996E-003   3228269893903575.0     
   8.9102699999999996E-003   3267126806176676.5     
   8.9102699999999996E-003   3324284375885734.0     
   8.9102699999999996E-003   3380651147040080.5     
   8.9102699999999996E-003   3417534669274448.0     
   8.9102699999999996E-003   3471877823662736.0     
   8.9102599999999997E-003   3543036505954899.0     
   8.9102599999999997E-003   3612610394446997.5     
   8.9102599999999997E-003   3680724745427105.0     
   8.9102599999999997E-003   3731036633713993.5     
   8.9102499999999998E-003   3764113368944967.0     
   8.9102499999999998E-003   3796896233711236.5     
   8.9102499999999998E-003   3829399940871668.0     
   8.9102499999999998E-003   3877561964888939.5     
   8.9102499999999998E-003   3941072279461896.0     
   8.9102499999999998E-003   4003690271761993.0     
   8.9102499999999998E-003   4065467139466451.0     
   8.9102399999999998E-003   4136432299584343.5     
   8.9102399999999998E-003   4216364813674410.0     
   8.9102399999999998E-003   4294971122001914.5     
   8.9102399999999998E-003   4372287091517850.0     
   8.9102299999999999E-003   4448357064390715.5     
   8.9102299999999999E-003   4523230049202368.0     
   8.9102299999999999E-003   4596959519346039.0     
   8.9102299999999999E-003   4669604954502383.0     
   8.9102199999999999E-003   4750046459753018.0     
   8.9102199999999999E-003   4838251195331469.0     
   8.9102199999999999E-003   4925430564298757.0     
   8.9102199999999999E-003   4990468690203521.0     
   8.9102199999999999E-003   5033573024838715.0     
   8.9102100000000000E-003   5097953452997378.0     
   8.9102100000000000E-003   5183903768801016.0     
   8.9102100000000000E-003   5270038282314922.0     
   8.9102100000000000E-003   5356602485541505.0     
   8.9102000000000001E-003   5443776122658487.0     
   8.9102000000000001E-003   5531681883751792.0     
   8.9102000000000001E-003   5620383930652397.0     
   8.9102000000000001E-003   5709894402150352.0     
   8.9102000000000001E-003   5800179507262484.0     
   8.9101900000000001E-003   5891165711383471.0     
   8.9101900000000001E-003   6028454496738579.0     
   8.9101900000000001E-003   6190006127014732.0     
   8.9101900000000001E-003   6328968364996345.0     
   8.9101800000000002E-003   6467703489150838.0     
   8.9101800000000002E-003   6571427783062021.0     
   8.9101800000000002E-003   6640233404442925.0     
   8.9101800000000002E-003   6742813197766524.0     
   8.9101800000000002E-003   6878381422577979.0     
   8.9101700000000002E-003   7078063455317411.0     
   8.9101700000000002E-003   7273059304393505.0     
   8.9101700000000002E-003   7399855319973346.0     
   8.9101600000000003E-003   7524066662967356.0     
   8.9101600000000003E-003   7645674394669474.0     
   8.9101600000000003E-003   7764703573945748.0     
   8.9101600000000003E-003   7881211868285636.0     
   8.9101600000000003E-003   7995271636721699.0     
   8.9101500000000004E-003   8106957184285865.0     
   8.9101500000000004E-003   8234354341837093.0     
   8.9101500000000004E-003   8376268722504337.0     
   8.9101500000000004E-003   8582156277759882.0     
   8.9101400000000004E-003   8780001151175165.0     
   8.9101400000000004E-003   8907772461047075.0     
   8.9101400000000004E-003   9032368550323444.0     
   8.9101300000000005E-003   9153923857870748.0     
   8.9101300000000005E-003   9287221198980500.0     
   8.9101300000000005E-003   9431231911478078.0     
   8.9101300000000005E-003   9571206221649166.0     
   8.9101200000000005E-003   9707407314504004.0     
   8.9101200000000005E-003   9840093626948390.0     
   8.9101200000000005E-003   9969518472230178.0     
   8.9101200000000005E-003   10158124268229576.     
   8.9101100000000006E-003   10352653424739768.     
   8.9101100000000006E-003   10494554866629084.     
   8.9101100000000006E-003   10633255331827402.     
   8.9101000000000007E-003   10768875825002146.     
   8.9101000000000007E-003   10901508589026674.     
   8.9101000000000007E-003   11031223318203908.     
   8.9101000000000007E-003   11158075178375914.     
   8.9100900000000007E-003   11282121372918098.     
   8.9100900000000007E-003   11403458305641920.     
   8.9100900000000007E-003   11522185738417758.     
   8.9100900000000007E-003   11638403112010426.     
   8.9100800000000008E-003   11752206994905074.     
   8.9100800000000008E-003   11918369722348374.     
   8.9100800000000008E-003   12132666640184554.     
   8.9100700000000008E-003   12339010168374992.     
   8.9100700000000008E-003   12538131273846368.     
   8.9100599999999992E-003   12730728711946852.     
   8.9100599999999992E-003   12917503826609114.     
   8.9100599999999992E-003   13099131801658120.     
   8.9100499999999992E-003   13276141311416186.     
   8.9100499999999992E-003   13448930433295776.     
   8.9100399999999993E-003   13617802771688402.     
   8.9100399999999993E-003   13783042652498890.     
   8.9100399999999993E-003   13944881185696816.     
   8.9100299999999993E-003   14103482365248842.     
   8.9100299999999993E-003   14258959570044358.     
   8.9100199999999994E-003   14411388250622720.     
   8.9100199999999994E-003   14560835208900450.     
   8.9100199999999994E-003   14779162854064640.     
   8.9100099999999995E-003   15061128020002754.     
   8.9099999999999995E-003   15265970373389862.     
   8.9099999999999995E-003   15399269859472478.     
   8.9099999999999995E-003   15530110000143570.     
   8.9099899999999996E-003   15658531459952418.     
   8.9099899999999996E-003   15826045220612094.     
   8.9099899999999996E-003   16029838383979046.     
   8.9099799999999996E-003   16227694423449972.     
   8.9099799999999996E-003   16372350546478410.     
   8.9099699999999997E-003   16467006002212322.     
   8.9099699999999997E-003   16606382861340014.     
   8.9099699999999997E-003   16787715363464116.     
   8.9099599999999998E-003   16964202167310970.     
   8.9099599999999998E-003   17136322352018992.     
   8.9099499999999998E-003   17304520232935710.     
   8.9099499999999998E-003   17469144199846298.     
   8.9099399999999999E-003   17709268138753064.     
   8.9099299999999999E-003   17944239417657502.     
   8.9099299999999999E-003   18097121374997640.     
   8.9099200000000000E-003   18247705888169468.     
   8.9099200000000000E-003   18396159535273688.     
   8.9099100000000001E-003   18614350364541896.     
   8.9099100000000001E-003   18899616146850672.     
   8.9099000000000001E-003   19177729498157572.     
   8.9098900000000002E-003   19449060636919148.     
   8.9098800000000002E-003   19681442717584864.     
   8.9098700000000003E-003   19876674750433920.     
   8.9098700000000003E-003   20068634799712792.     
   8.9098600000000003E-003   20257457176673632.     
   8.9098600000000003E-003   20534349400775128.     
   8.9098500000000004E-003   20805937651511208.     
   8.9098400000000005E-003   20983005110942280.     
   8.9098400000000005E-003   21157268466614704.     
   8.9098300000000005E-003   21328800970623196.     
   8.9098200000000006E-003   21580713555908904.     
   8.9098100000000006E-003   21908277636975356.     
   8.9098000000000007E-003   22226057901233620.     
   8.9097900000000008E-003   22534521735894088.     
   8.9097800000000008E-003   22834393908590544.     
   8.9097699999999991E-003   23126594376317952.     
   8.9097599999999992E-003   23411885451046940.     
   8.9097499999999993E-003   23690855008455556.     
   8.9097399999999993E-003   23964055492687252.     
   8.9097399999999993E-003   24232060183113664.     
   8.9097299999999994E-003   24495464136475260.     
   8.9097199999999994E-003   24797453226325744.     
   8.9096999999999996E-003   25137104422311544.     
   8.9096899999999996E-003   25471333138810620.     
   8.9096799999999997E-003   25800824505814980.     
   8.9096699999999997E-003   26126018659103848.     
   8.9096599999999998E-003   26367592609064152.     
   8.9096499999999999E-003   26527146055116720.     
   8.9096499999999999E-003   26764309215028084.     
   8.9096399999999999E-003   27077724467007832.     
   8.9096300000000000E-003   27387465048240948.     
   8.9096200000000000E-003   27693615697489136.     
   8.9096100000000001E-003   28070858951454960.     
   8.9095900000000002E-003   28517068547251436.     
   8.9095800000000003E-003   28847248867089716.     
   8.9095700000000003E-003   29171879614740988.     
   8.9095500000000005E-003   29493236359086704.     
   8.9095500000000005E-003   29739606795243552.     
   8.9095400000000005E-003   30018059284267468.     
   8.9095300000000006E-003   30292985080947008.     
   8.9095200000000006E-003   30564329669422756.     
   8.9095100000000007E-003   30963840618599564.     
   8.9094900000000008E-003   31356165382073008.     
   8.9094799999999991E-003   31612641493127744.     
   8.9094799999999991E-003   31927868017215144.     
   8.9094599999999993E-003   32298996481491988.     
   8.9094499999999993E-003   32840428928797792.     
   8.9094199999999995E-003   33366883141705696.     
   8.9094099999999996E-003   33708733990348820.     
   8.9093999999999996E-003   34044022448502660.     
   8.9093899999999997E-003   34373087305941784.     
   8.9093799999999997E-003   34855265576800888.     
   8.9093499999999999E-003   35480410653550836.     
   8.9093300000000000E-003   35987319738822328.     
   8.9093200000000001E-003   36384104153745496.     
   8.9093000000000002E-003   36822366346870792.     
   8.9092800000000003E-003   37300898720120056.     
   8.9092700000000004E-003   37771468333415064.     
   8.9092500000000005E-003   38235096325075240.     
   8.9092300000000006E-003   38805063412621992.     
   8.9092100000000007E-003   39311823407952616.     
   8.9091900000000009E-003   39644975263706168.     
   8.9091799999999992E-003   39974976762822064.     
   8.9091699999999992E-003   40301900455663248.     
   8.9091599999999993E-003   40785887232014112.     
   8.9091299999999995E-003   41422180871347520.     
   8.9091099999999996E-003   42047333844002928.     
   8.9090899999999997E-003   42661641930973200.     
   8.9090699999999998E-003   43265411280033000.     
   8.9090400000000000E-003   43956441250361576.     
   8.9090200000000001E-003   44730490610935536.     
   8.9089900000000003E-003   45394319441597992.     
   8.9089700000000004E-003   45952908261144240.     
   8.9089500000000005E-003   46502531100279272.     
   8.9089300000000007E-003   47043591857523440.     
   8.9089100000000008E-003   47664188145352160.     
   8.9088799999999992E-003   48360922987915808.     
   8.9088499999999994E-003   49044597885911984.     
   8.9088299999999995E-003   49716027897537440.     
   8.9087999999999997E-003   50375995330308592.     
   8.9087799999999998E-003   51025163332192568.     
   8.9087599999999999E-003   51664037057382944.     
   8.9087300000000001E-003   52293026525126672.     
   8.9087100000000002E-003   52912574429248056.     
   8.9086900000000004E-003   53523162587577064.     
   8.9086600000000005E-003   54273902507393800.     
   8.9086300000000007E-003   55159002408393064.     
   8.9085999999999992E-003   55883992915737280.     
   8.9085799999999993E-003   56455301505417504.     
   8.9085599999999994E-003   57019582685857032.     
   8.9085399999999995E-003   57577128878996136.     
   8.9085199999999996E-003   58400268549802680.     
   8.9084799999999999E-003   59477722957661888.     
   8.9084400000000001E-003   60271263031087456.     
   8.9084200000000002E-003   60792608219491624.     
   8.9084000000000003E-003   61436275883461136.     
   8.9083700000000005E-003   62198261730684608.     
   8.9083400000000007E-003   62948912960862504.     
   8.9083099999999991E-003   63688639123042392.     
   8.9082899999999993E-003   64537996838985992.     
   8.9082499999999995E-003   65492480698783560.     
   8.9082199999999997E-003   66197855014234848.     
   8.9081999999999998E-003   66662603041471856.     
   8.9081799999999999E-003   67351736790144632.     
   8.9081500000000001E-003   68257978996169280.     
   8.9081100000000003E-003   69149452034198360.     
   8.9080800000000005E-003   70026771277088464.     
   8.9080500000000007E-003   70890592914284976.     
   8.9080199999999991E-003   71741544288013944.     
   8.9079899999999993E-003   72993323799545600.     
   8.9079199999999997E-003   74223260550668224.     
   8.9078899999999999E-003   75028813225872560.     
   8.9078600000000001E-003   75824288684391504.     
   8.9078300000000003E-003   76610026154637472.     
   8.9078100000000004E-003   77578306039982224.     
   8.9077600000000007E-003   78722333630697648.     
   8.9077199999999992E-003   79661492469432256.     
   8.9076899999999994E-003   80403176876030096.     
   8.9076699999999995E-003   81318719060807536.     
   8.9076299999999997E-003   82402376445275760.     
   8.9075900000000000E-003   83469586195959536.     
   8.9075500000000002E-003   84520983474040064.     
   8.9075100000000004E-003   85557254450163936.     
   8.9074700000000007E-003   86579099537052608.     
   8.9074299999999992E-003   87587130651676384.     
   8.9073999999999993E-003   88581882303870432.     
   8.9073599999999996E-003   89563868185148768.     
   8.9073199999999998E-003   90533676361959264.     
   8.9072900000000000E-003   91649941687081296.     
   8.9072400000000003E-003   92907906006715568.     
   8.9072000000000005E-003   93839915965736928.     
   8.9071700000000007E-003   94455059330395680.     
   8.9071500000000008E-003   95503144493513456.     
   8.9070999999999994E-003   96971031517234448.     
   8.9070499999999997E-003   98122151286459328.     
   8.9070099999999999E-003   98967051300134912.     
   8.9069800000000001E-003   1.0001141560678594E+017
   8.9069400000000003E-003   1.0124945421148157E+017
   8.9068900000000006E-003   1.0247086089616747E+017
   8.9068499999999991E-003   1.0367626234264422E+017
   8.9068099999999994E-003   1.0506243983727053E+017
   8.9067499999999997E-003   1.0662272377348214E+017
   8.9066900000000001E-003   1.0777741724743915E+017
   8.9066700000000002E-003   1.0853901360747354E+017
   8.9066400000000004E-003   1.0966959201426754E+017
   8.9065900000000007E-003   1.1115879301616213E+017
   8.9065299999999993E-003   1.1262672482140454E+017
   8.9064799999999996E-003   1.1407433082527880E+017
   8.9064299999999999E-003   1.1550243658997558E+017
   8.9063800000000002E-003   1.1691183181540531E+017
   8.9063300000000005E-003   1.1830333366415155E+017
   8.9062800000000008E-003   1.1967769138504837E+017
   8.9062299999999994E-003   1.2103557117179621E+017
   8.9061799999999997E-003   1.2237756287422280E+017
   8.9061299999999999E-003   1.2403249634774882E+017
   8.9060700000000003E-003   1.2598903055659358E+017
   8.9060000000000007E-003   1.2759591748499926E+017
   8.9059499999999993E-003   1.2886542438608331E+017
   8.9059099999999995E-003   1.3012176498586792E+017
   8.9058599999999998E-003   1.3136529107090898E+017
   8.9058200000000001E-003   1.3290146939441366E+017
   8.9057600000000004E-003   1.3472089899992307E+017
   8.9056900000000008E-003   1.3651428295734840E+017
   8.9056299999999994E-003   1.3828277350220256E+017
   8.9055699999999998E-003   1.4002751745222163E+017
   8.9055100000000002E-003   1.4174961325500558E+017
   8.9054500000000005E-003   1.4316871019876264E+017
   8.9054100000000008E-003   1.4429309424677366E+017
   8.9053699999999993E-003   1.4596156306724458E+017
   8.9052999999999997E-003   1.4815761769441882E+017
   8.9052200000000001E-003   1.5005239945500061E+017
   8.9051700000000004E-003   1.5165615248984077E+017
   8.9051100000000008E-003   1.5324219987449565E+017
   8.9050599999999994E-003   1.5481111234766547E+017
   8.9049999999999997E-003   1.5662006097674330E+017
   8.9049300000000001E-003   1.5866174126499648E+017
   8.9048600000000006E-003   1.6067647300109437E+017
   8.9047999999999992E-003   1.6266535865258797E+017
   8.9047299999999996E-003   1.6462936608178310E+017
   8.9046600000000000E-003   1.6656941502247072E+017
   8.9046000000000004E-003   1.6848639706109475E+017
   8.9045300000000008E-003   1.7038117403977843E+017
   8.9044699999999994E-003   1.7225454408418394E+017
   8.9044099999999998E-003   1.7410717931045174E+017
   8.9043500000000001E-003   1.7593969334732970E+017
   8.9042900000000005E-003   1.7775266919718438E+017
   8.9042300000000008E-003   1.7999114709757718E+017
   8.9041399999999996E-003   1.8264106236932723E+017
   8.9040500000000002E-003   1.8482029744633242E+017
   8.9039900000000005E-003   1.8654394215695466E+017
   8.9039400000000008E-003   1.8825129966513587E+017
   8.9038799999999994E-003   1.8994281635429152E+017
   8.9038199999999998E-003   1.9244912550939235E+017
   8.9037100000000004E-003   1.9574192875192096E+017
   8.9036099999999993E-003   1.9817605291246278E+017
   8.9035499999999997E-003   1.9978029738170637E+017
   8.9035000000000000E-003   2.0215978187532026E+017
   8.9034000000000005E-003   2.0528958373736560E+017
   8.9032999999999994E-003   2.0760607966884077E+017
   8.9032499999999997E-003   2.0913448909922253E+017
   8.9032000000000000E-003   2.1140408564776070E+017
   8.9031000000000006E-003   2.1439357125119206E+017
   8.9029999999999995E-003   2.1734070008887510E+017
   8.9029100000000000E-003   2.2024720459631728E+017
   8.9028200000000005E-003   2.2325876078678042E+017
   8.9027199999999994E-003   2.2721133659033680E+017
   8.9025600000000003E-003   2.3123840539072042E+017
   8.9024599999999992E-003   2.3370321551264083E+017
   8.9023999999999995E-003   2.3613844102306576E+017
   8.9023000000000001E-003   2.3934800170498883E+017
   8.9022000000000007E-003   2.4251446209860813E+017
   8.9020999999999996E-003   2.4563985665621219E+017
   8.9020000000000002E-003   2.4948913904388160E+017
   8.9018599999999993E-003   2.5403325363760358E+017
   8.9017200000000001E-003   2.5922947251521843E+017
   8.9015299999999995E-003   2.6504314241738736E+017
   8.9013500000000006E-003   2.6932265582404688E+017
   8.9012699999999993E-003   2.7213451991529350E+017
   8.9011799999999999E-003   2.7491656065286109E+017
   8.9010900000000004E-003   2.7766966529844064E+017
   8.9010100000000009E-003   2.8073280126670637E+017
   8.9008999999999998E-003   2.8409681507629443E+017
   8.9008000000000004E-003   2.8742018018091773E+017
   8.9006999999999992E-003   2.9070447989164173E+017
   8.9005999999999998E-003   2.9491561624392608E+017
   8.9004400000000008E-003   3.0001738812306752E+017
   8.9002800000000000E-003   3.0564941272383238E+017
   8.9000999999999993E-003   3.1178500123812198E+017
   8.8999100000000005E-003   3.1843947562901414E+017
   8.8996900000000000E-003   3.2558670934103795E+017
   8.8994799999999995E-003   3.3084987648651827E+017
   8.8993700000000002E-003   3.3430961125576083E+017
   8.8992700000000008E-003   3.3999131920949856E+017
   8.8990300000000005E-003   3.4779827407206323E+017
   8.8988000000000001E-003   3.5489611725753779E+017
   8.8986099999999995E-003   3.5973060955226566E+017
   8.8985200000000000E-003   3.6291564293399264E+017
   8.8984200000000006E-003   3.6659575925528877E+017
   8.8982999999999996E-003   3.7075797330925984E+017
   8.8981800000000003E-003   3.7691015306967078E+017
   8.8979400000000000E-003   3.8496884482156826E+017
   8.8977099999999996E-003   3.9286473294453011E+017
   8.8974799999999993E-003   3.9868957832661088E+017
   8.8973699999999999E-003   4.0252312602469843E+017
   8.8972600000000006E-003   4.0726235589381229E+017
   8.8970899999999999E-003   4.1287901767061920E+017
   8.8969300000000008E-003   4.2024489644315008E+017
   8.8966700000000006E-003   4.2927987371980576E+017
   8.8964100000000004E-003   4.3772095141512755E+017
   8.8961900000000000E-003   4.4559968678561843E+017
   8.8959599999999996E-003   4.5339853828499219E+017
   8.8957399999999992E-003   4.6112170158320090E+017
   8.8955300000000005E-003   4.6996765133245798E+017
   8.8952400000000004E-003   4.7994815944127917E+017
   8.8949700000000003E-003   4.8981348846432486E+017
   8.8947000000000002E-003   4.9956682300767494E+017
   8.8944400000000000E-003   5.0921019946848717E+017
   8.8941799999999998E-003   5.1874582953396365E+017
   8.8939299999999995E-003   5.2642316960368019E+017
   8.8937800000000004E-003   5.3227716017659661E+017
   8.8936199999999997E-003   5.3809173357194445E+017
   8.8934700000000005E-003   5.4386757923315629E+017
   8.8933299999999996E-003   5.5244907993331379E+017
   8.8930299999999997E-003   5.6377662687840493E+017
   8.8927499999999996E-003   5.7606667579627264E+017
   8.8924199999999998E-003   5.8929089087227494E+017
   8.8921000000000000E-003   6.0173908266397184E+017
   8.8918100000000000E-003   6.1343734251734861E+017
   8.8915299999999999E-003   6.2642040044165517E+017
   8.8911900000000002E-003   6.4064932269855078E+017
   8.8908600000000004E-003   6.5467541111372160E+017
   8.8905300000000007E-003   6.6850948838399552E+017
   8.8902200000000008E-003   6.7881070274369690E+017
   8.8900600000000000E-003   6.8906794226185907E+017
   8.8897500000000001E-003   6.9924486482987802E+017
   8.8895999999999992E-003   7.0734317973391398E+017
   8.8893900000000005E-003   7.1674756543784550E+017
   8.8891899999999999E-003   7.2607395277560538E+017
   8.8889799999999995E-003   7.3532473415810202E+017
   8.8887800000000006E-003   7.4775416387461082E+017
   8.8884500000000009E-003   7.6328009476576141E+017
   8.8881199999999994E-003   7.7874604646382579E+017
   8.8877899999999996E-003   7.9415708530026330E+017
   8.8874699999999997E-003   8.1189530030138240E+017
   8.8870600000000004E-003   8.3188355807428928E+017
   8.8866599999999994E-003   8.4673543580685184E+017
   8.8864600000000005E-003   8.5659846943364250E+017
   8.8862600000000000E-003   8.7133821323746394E+017
   8.8858700000000006E-003   8.9082442294135296E+017
   8.8854899999999994E-003   9.1009269544522227E+017
   8.8851199999999998E-003   9.2915385415041997E+017
   8.8847600000000002E-003   9.5046243631068787E+017
   8.8843199999999994E-003   9.7394133910049907E+017
   8.8838800000000002E-003   9.9719967134218598E+017
   8.8834599999999993E-003   1.0202510436551012E+018
   8.8830400000000000E-003   1.0430661948248618E+018
   8.8826400000000007E-003   1.0656573605677751E+018
   8.8822399999999996E-003   1.0836471280454321E+018
   8.8819999999999993E-003   1.0971637307531881E+018
   8.8817700000000006E-003   1.1105792143123912E+018
   8.8815400000000003E-003   1.1238965780427946E+018
   8.8813099999999999E-003   1.1438412993387918E+018
   8.8808600000000008E-003   1.1702284214113372E+018
   8.8804200000000000E-003   1.1986143897854787E+018
   8.8799099999999995E-003   1.2289264286378839E+018
   8.8794200000000007E-003   1.2590182420692114E+018
   8.8789300000000002E-003   1.2889055441439718E+018
   8.8784599999999995E-003   1.3122141742798940E+018
   8.8781899999999993E-003   1.3291397932749448E+018
   8.8779299999999992E-003   1.3460118592854060E+018
   8.8776600000000008E-003   1.3628322555131571E+018
   8.8774000000000006E-003   1.3837893643157519E+018
   8.8770199999999994E-003   1.4087807231985272E+018
   8.8766399999999999E-003   1.4379643719665539E+018
   8.8761299999999994E-003   1.4712023421142595E+018
   8.8756400000000006E-003   1.5042102686075077E+018
   8.8751600000000000E-003   1.5370019287830984E+018
   8.8746799999999994E-003   1.5613999248773220E+018
   8.8744500000000007E-003   1.5776271793068416E+018
   8.8742200000000004E-003   1.5959874270181701E+018
   8.8739200000000004E-003   1.6164399108089280E+018
   8.8736300000000004E-003   1.6469950981831191E+018
   8.8730600000000003E-003   1.6873405323332506E+018
   8.8725100000000001E-003   1.7173164010136666E+018
   8.8722300000000000E-003   1.7372338581382344E+018
   8.8719599999999999E-003   1.7592835340740639E+018
   8.8716300000000001E-003   1.7834210997918295E+018
   8.8713000000000004E-003   1.8073606720021724E+018
   8.8709800000000005E-003   1.8311082073348457E+018
   8.8706700000000006E-003   1.8550233600439219E+018
   8.8703500000000008E-003   1.8791041244349947E+018
   8.8700299999999992E-003   1.9151498060577111E+018
   8.8693999999999995E-003   1.9627906518251876E+018
   8.8687899999999997E-003   1.9982234080661576E+018
   8.8684899999999997E-003   2.0218142539568778E+018
   8.8681899999999998E-003   2.0476198566157793E+018
   8.8678400000000001E-003   2.0755957184388495E+018
   8.8674900000000004E-003   2.1033497763196495E+018
   8.8671400000000008E-003   2.1449852206789202E+018
   8.8664599999999996E-003   2.1865997684120223E+018
   8.8661199999999999E-003   2.2143515457896896E+018
   8.8657800000000002E-003   2.2419000829964355E+018
   8.8654500000000004E-003   2.2796014552882358E+018
   8.8648800000000003E-003   2.3271900382242417E+018
   8.8643100000000002E-003   2.3749960213279770E+018
   8.8637500000000001E-003   2.4230227499346796E+018
   8.8631900000000000E-003   2.4690356391574016E+018
   8.8626799999999995E-003   2.5130997941963581E+018
   8.8621800000000008E-003   2.5490088650515681E+018
   8.8618599999999992E-003   2.5769468393296077E+018
   8.8615499999999993E-003   2.6213836578058255E+018
   8.8608699999999999E-003   2.6818804044594104E+018
   8.8602000000000004E-003   2.7293538060502692E+018
   8.8598199999999992E-003   2.7641707182769249E+018
   8.8594399999999997E-003   2.8149984121054643E+018
   8.8587200000000005E-003   2.8811277076769485E+018
   8.8580199999999994E-003   2.9503598639500805E+018
   8.8572200000000007E-003   3.0221621799798001E+018
   8.8564500000000001E-003   3.0773960243431501E+018
   8.8560099999999992E-003   3.1172753602437115E+018
   8.8555700000000001E-003   3.1571532711810929E+018
   8.8551399999999992E-003   3.1971496898221138E+018
   8.8547100000000000E-003   3.2525276616408279E+018
   8.8539499999999993E-003   3.3234624224908513E+018
   8.8532200000000002E-003   3.3865721387096719E+018
   8.8526600000000000E-003   3.4417413007758305E+018
   8.8521099999999998E-003   3.4931467345509463E+018
   8.8516399999999992E-003   3.5641167212636933E+018
   8.8507199999999994E-003   3.6620981719439027E+018
   8.8497400000000000E-003   3.7380302319099684E+018
   8.8492599999999994E-003   3.7881614673893955E+018
   8.8487900000000005E-003   3.8628489935553024E+018
   8.8478600000000008E-003   3.9613636475402778E+018
   8.8469499999999993E-003   4.0558518533210900E+018
   8.8461200000000007E-003   4.1337404369472507E+018
   8.8455300000000008E-003   4.1981737609425428E+018
   8.8449500000000007E-003   4.2920082242637568E+018
   8.8438500000000003E-003   4.4142578531508997E+018
   8.8427799999999997E-003   4.5381680436099845E+018
   8.8416799999999993E-003   4.6636959900361492E+018
   8.8406100000000005E-003   4.7756213526346301E+018
   8.8397600000000003E-003   4.8744629657660088E+018
   8.8389300000000001E-003   4.9954132113237606E+018
   8.8377400000000002E-003   5.1023466931786117E+018
   8.8371500000000002E-003   5.1729236354172570E+018
   8.8365800000000001E-003   5.2713236497083638E+018
   8.8355499999999993E-003   5.3967414772306555E+018
   8.8345500000000000E-003   5.4942340977891215E+018
   8.8339899999999999E-003   5.5645934801867172E+018
   8.8334299999999998E-003   5.6540333071614863E+018
   8.8325699999999997E-003   5.7620788187269356E+018
   8.8317399999999994E-003   5.8993165123545569E+018
   8.8304500000000001E-003   6.0270356551633961E+018
   8.8297600000000007E-003   6.1290787202786765E+018
   8.8288900000000007E-003   6.2432903347776840E+018
   8.8280400000000005E-003   6.3832013542855045E+018
   8.8267999999999992E-003   6.5069897872847780E+018
   8.8261899999999994E-003   6.5887693982414705E+018
   8.8255899999999995E-003   6.7153753895347313E+018
   8.8243400000000000E-003   6.8431868277514209E+018
   8.8237300000000001E-003   6.9276298050060718E+018
   8.8231200000000003E-003   7.0198540838067067E+018
   8.8223999999999993E-003   7.1196896971960443E+018
   8.8216900000000001E-003   7.2469363792497193E+018
   8.8205999999999996E-003   7.4007561404398582E+018
   8.8195300000000008E-003   7.5296483703451331E+018
   8.8187999999999999E-003   7.6343595285513298E+018
   8.8180800000000007E-003   7.7391265367671255E+018
   8.8173499999999998E-003   7.9017282791489321E+018
   8.8158600000000000E-003   8.1191774157370286E+018
   8.8144000000000000E-003   8.3408291098333215E+018
   8.8128800000000004E-003   8.5103645099698688E+018
   8.8121299999999996E-003   8.6221856011161293E+018
   8.8114000000000005E-003   8.7961690687514020E+018
   8.8098499999999993E-003   9.0297628759849636E+018
   8.8083499999999995E-003   9.2673868206702060E+018
   8.8067700000000002E-003   9.4488818885592535E+018
   8.8059999999999996E-003   9.5682775280005632E+018
   8.8052400000000006E-003   9.6907864358213222E+018
   8.8044300000000002E-003   9.8161753089194107E+018
   8.8036399999999997E-003   9.9401841548730061E+018
   8.8028499999999992E-003   1.0062777271773438E+019
   8.8020700000000004E-003   1.0188403563271000E+019
   8.8012500000000000E-003   1.0316782652816964E+019
   8.8004399999999997E-003   1.0506226498379145E+019
   8.7988500000000004E-003   1.0696170229168499E+019
   8.7980100000000002E-003   1.0826615040467010E+019
   8.7971899999999999E-003   1.0955121805669208E+019
   8.7963699999999995E-003   1.1081683413278171E+019
   8.7955700000000008E-003   1.1211377083217594E+019
   8.7947100000000007E-003   1.1342961454035894E+019
   8.7938700000000005E-003   1.1472230499589052E+019
   8.7930400000000002E-003   1.1599347309695980E+019
   8.7922199999999999E-003   1.1728834531694635E+019
   8.7913499999999999E-003   1.1860336233802635E+019
   8.7904999999999997E-003   1.1989288378263550E+019
   8.7896499999999995E-003   1.2115911695789967E+019
   8.7888099999999993E-003   1.2244671806818558E+019
   8.7879299999999994E-003   1.2375260417666834E+019
   8.7870599999999993E-003   1.2503087817754231E+019
   8.7861999999999992E-003   1.2628551347831837E+019
   8.7853400000000009E-003   1.2755976950360058E+019
   8.7844399999999993E-003   1.2885283551307424E+019
   8.7835499999999993E-003   1.3011819640392823E+019
   8.7826799999999993E-003   1.3136249965903421E+019
   8.7818099999999993E-003   1.3262794294329274E+019
   8.7808899999999995E-003   1.3391475913919570E+019
   8.7799899999999997E-003   1.3517656814004562E+019
   8.7790999999999998E-003   1.3642049918221152E+019
   8.7782099999999998E-003   1.3768882353477081E+019
   8.7772800000000002E-003   1.3898206981837298E+019
   8.7763600000000004E-003   1.4025398665340260E+019
   8.7754500000000006E-003   1.4151132277437655E+019
   8.7745500000000008E-003   1.4279899963572732E+019
   8.7735999999999995E-003   1.4411016911368006E+019
   8.7726699999999998E-003   1.4538975968071889E+019
   8.7717400000000001E-003   1.4668572841852725E+019
   8.7708300000000003E-003   1.4873500265933990E+019
   8.7689099999999996E-003   1.5144171643333986E+019
   8.7670400000000002E-003   1.5345950048027531E+019
   8.7660600000000009E-003   1.5485787120265515E+019
   8.7650899999999997E-003   1.5623987597370681E+019
   8.7641400000000001E-003   1.5764375879746890E+019
   8.7631900000000006E-003   1.5988256164619936E+019
   8.7612100000000002E-003   1.6283057447204653E+019
   8.7592799999999995E-003   1.6502193765879294E+019
   8.7582600000000004E-003   1.6655043448690495E+019
   8.7572599999999994E-003   1.6884270548036979E+019
   8.7553000000000006E-003   1.7196569206695350E+019
   8.7532500000000006E-003   1.7432680926520277E+019
   8.7522399999999997E-003   1.7592126137815861E+019
   8.7512500000000003E-003   1.7847057771702725E+019
   8.7491700000000006E-003   1.8181282812597971E+019
   8.7471400000000005E-003   1.8515253692754899E+019
   8.7450199999999992E-003   1.8770589522606871E+019
   8.7439800000000002E-003   1.8940142743055356E+019
   8.7429599999999993E-003   1.9207745618586030E+019
   8.7408000000000000E-003   1.9565017482394415E+019
   8.7387000000000003E-003   1.9929643597104771E+019
   8.7365099999999994E-003   2.0301232221391376E+019
   8.7343799999999999E-003   2.0578343275570348E+019
   8.7332499999999997E-003   2.0770627356687155E+019
   8.7321499999999993E-003   2.1066622177654534E+019
   8.7299000000000005E-003   2.1456973261511025E+019
   8.7277099999999996E-003   2.1847577202922893E+019
   8.7255000000000006E-003   2.2252911744742892E+019
   8.7231900000000005E-003   2.2665981739659604E+019
   8.7209399999999999E-003   2.2973470140947046E+019
   8.7197600000000000E-003   2.3298108092445991E+019
   8.7174399999999999E-003   2.3669815790711185E+019
   8.7156899999999999E-003   2.3996406285297095E+019
   8.7139000000000001E-003   2.4382518663979520E+019
   8.7115700000000001E-003   2.4831219705215246E+019
   8.7091400000000006E-003   2.5225614704180515E+019
   8.7073500000000009E-003   2.5565985385575027E+019
   8.7055099999999996E-003   2.5920286952718316E+019
   8.7036700000000002E-003   2.6270207370703188E+019
   8.7018600000000005E-003   2.6610370101978153E+019
   8.7001100000000005E-003   2.6940817696299635E+019
   8.6983900000000003E-003   2.7235846647194427E+019
   8.6969800000000000E-003   2.7501233142368162E+019
   8.6955899999999996E-003   2.7785735249428967E+019
   8.6940000000000003E-003   2.8083587306130264E+019
   8.6924299999999993E-003   2.8381063207011082E+019
   8.6908000000000003E-003   2.8684484556969832E+019
   8.6891999999999994E-003   2.9057901466069377E+019
   8.6869100000000008E-003   2.9474148857514201E+019
   8.6846600000000003E-003   2.9812520058822984E+019
   8.6830299999999996E-003   3.0101276932904772E+019
   8.6814300000000004E-003   3.0463087099746284E+019
   8.6790800000000005E-003   3.0865050188715889E+019
   8.6767800000000003E-003   3.1191714921567805E+019
   8.6750799999999999E-003   3.1465485802533569E+019
   8.6734099999999995E-003   3.1731717455790494E+019
   8.6717300000000008E-003   3.1994188561291215E+019
   8.6700800000000001E-003   3.2312737477027951E+019
   8.6676900000000005E-003   3.2661136246818890E+019
   8.6653700000000004E-003   3.2965999638913761E+019
   8.6632900000000006E-003   3.3243302455159108E+019
   8.6612600000000005E-003   3.3508058065934778E+019
   8.6591900000000006E-003   3.3765127712817918E+019
   8.6571700000000005E-003   3.4034190789109432E+019
   8.6547399999999993E-003   3.4309805521732420E+019
   8.6523899999999994E-003   3.4571899428726931E+019
   8.6499799999999998E-003   3.4817522453866033E+019
   8.6476299999999999E-003   3.5007023067214356E+019
   8.6459199999999996E-003   3.5173783204947100E+019
   8.6442399999999992E-003   3.5416245384750154E+019
   8.6411400000000003E-003   3.5703932049034695E+019
   8.6381600000000006E-003   3.5922651951411286E+019
   8.6360800000000008E-003   3.6106502323826151E+019
   8.6340600000000007E-003   3.6295234356278890E+019
   8.6320100000000007E-003   3.6485105265712349E+019
   8.6300000000000005E-003   3.6777046418417545E+019
   8.6259800000000001E-003   3.7073959311929450E+019
   8.6239600000000000E-003   3.7281586700841779E+019
   8.6219899999999995E-003   3.7537410016207020E+019
   8.6192600000000001E-003   3.7763469986064450E+019
   8.6179299999999993E-003   3.7916441320713363E+019
   8.6166200000000002E-003   3.8161214726439526E+019
   8.6139000000000007E-003   3.8413369699693543E+019
   8.6125699999999999E-003   3.8630618985151799E+019
   8.6105699999999997E-003   3.8902955443382927E+019
   8.6085299999999997E-003   3.9137489195354939E+019
   8.6072000000000006E-003   3.9429379280486597E+019
   8.6045099999999992E-003   3.9732289402986668E+019
   8.6031600000000003E-003   3.9939758386165055E+019
   8.6018199999999996E-003   4.0207028391024247E+019
   8.5998099999999994E-003   4.0542564511480504E+019
   8.5977499999999995E-003   4.0831517316103094E+019
   8.5964100000000005E-003   4.1064214082010104E+019
   8.5950899999999997E-003   4.1432473472954155E+019
   8.5923200000000005E-003   4.1877195268457652E+019
   8.5903000000000004E-003   4.2202033016447427E+019
   8.5889299999999998E-003   4.2543079328280084E+019
   8.5868400000000001E-003   4.3030910731754168E+019
   8.5841200000000006E-003   4.3459979805646873E+019
   8.5827000000000004E-003   4.3835803824395502E+019
   8.5806100000000007E-003   4.4287738233933988E+019
   8.5785600000000007E-003   4.4837979177645318E+019
   8.5757000000000003E-003   4.5365825780631233E+019
   8.5739300000000004E-003   4.5778582681253569E+019
   8.5721900000000004E-003   4.6290203313789108E+019
   8.5696599999999998E-003   4.6894699096430141E+019
   8.5672000000000005E-003   4.7566960847436055E+019
   8.5642600000000006E-003   4.8115941896385880E+019
   8.5628200000000005E-003   4.8485510292190953E+019
   8.5613900000000003E-003   4.9117643665116905E+019
   8.5580099999999996E-003   5.0004782209135124E+019
   8.5547200000000000E-003   5.0707326065244185E+019
   8.5528199999999992E-003   5.1379836334823424E+019
   8.5498099999999997E-003   5.2283039519151243E+019
   8.5463699999999993E-003   5.3096077072785302E+019
   8.5440900000000007E-003   5.3706874317325672E+019
   8.5421100000000003E-003   5.4278658458161054E+019
   8.5401699999999997E-003   5.4988226115918717E+019
   8.5373800000000007E-003   5.5801133605562417E+019
   8.5346499999999995E-003   5.6580416104097849E+019
   8.5322300000000000E-003   5.7312094071138157E+019
   8.5298500000000003E-003   5.7941624488307081E+019
   8.5281999999999997E-003   5.8457794086657016E+019
   8.5265700000000007E-003   5.9211713691182121E+019
   8.5234300000000002E-003   6.0222541984302350E+019
   8.5203499999999995E-003   6.0975621901102072E+019
   8.5187700000000002E-003   6.1495824358935667E+019
   8.5172000000000008E-003   6.2136825247229731E+019
   8.5149500000000003E-003   6.2893502241552146E+019
   8.5127299999999996E-003   6.3870868068912759E+019
   8.5092499999999995E-003   6.5089846347635016E+019
   8.5057399999999995E-003   6.6419938840637194E+019
   8.5017900000000004E-003   6.7621188488465416E+019
   8.4990799999999991E-003   6.8623394197112807E+019
   8.4963299999999999E-003   6.9861233568894591E+019
   8.4924700000000002E-003   7.1517327847565746E+019
   8.4876199999999995E-003   7.2861647759601697E+019
   8.4854700000000002E-003   7.3692383355531805E+019
   8.4833600000000006E-003   7.4670969884060910E+019
   8.4805100000000001E-003   7.5819282154081223E+019
   8.4775800000000002E-003   7.6985490679222256E+019
   8.4746999999999999E-003   7.8170839461348606E+019
   8.4717200000000003E-003   7.9387836511143281E+019
   8.4687300000000007E-003   8.0609254534973194E+019
   8.4657900000000008E-003   8.1647484252651422E+019
   8.4637099999999993E-003   8.2925147960616174E+019
   8.4596299999999992E-003   8.4894038056387690E+019
   8.4544400000000006E-003   8.6778903302108676E+019
   8.4507899999999997E-003   8.8243968537931743E+019
   8.4475999999999996E-003   8.9636878479082193E+019
   8.4443599999999997E-003   9.1530200094482285E+019
   8.4389300000000007E-003   9.3505364914336088E+019
   8.4353499999999994E-003   9.4721729232805102E+019
   8.4334400000000004E-003   9.6108066480234185E+019
   8.4291699999999997E-003   9.8012111521803780E+019
   8.4249800000000003E-003   9.9479583516956000E+019
   8.4226700000000002E-003   1.0052341903255867E+020
   8.4203899999999998E-003   1.0206245760154599E+020
   8.4159700000000000E-003   1.0407564337696642E+020
   8.4116299999999998E-003   1.0549329093165620E+020
   8.4098300000000001E-003   1.0632862189464874E+020
   8.4080300000000004E-003   1.0774487350489042E+020
   8.4037699999999996E-003   1.0973041543625792E+020
   8.3995700000000003E-003   1.1121280166857540E+020
   8.3973999999999993E-003   1.1223694695982991E+020
   8.3952499999999999E-003   1.1368490869843437E+020
   8.3913300000000007E-003   1.1554929738892216E+020
   8.3874699999999993E-003   1.1713094228437873E+020
   8.3847599999999998E-003   1.1843686509568275E+020
   8.3820800000000001E-003   1.1992595881893583E+020
   8.3786399999999997E-003   1.2159468188016414E+020
   8.3752500000000007E-003   1.2349612907093551E+020
   8.3709200000000004E-003   1.2562304371167779E+020
   8.3666499999999998E-003   1.2757733350160561E+020
   8.3630400000000004E-003   1.3010262879506958E+020
   8.3565800000000006E-003   1.3245012134427214E+020
   8.3537000000000004E-003   1.3399069326736017E+020
   8.3505100000000002E-003   1.3561128943417565E+020
   8.3473499999999999E-003   1.3811333357214964E+020
   8.3407900000000007E-003   1.4147252039886171E+020
   8.3343700000000007E-003   1.4494342042321596E+020
   8.3275099999999998E-003   1.4852277131259960E+020
   8.3208099999999997E-003   1.5124236003624872E+020
   8.3172000000000003E-003   1.5316582345609934E+020
   8.3136300000000007E-003   1.5520183748095597E+020
   8.3096300000000001E-003   1.5734912960275756E+020
   8.3056899999999993E-003   1.5938658433626633E+020
   8.3021399999999995E-003   1.6131743059689377E+020
   8.2986299999999995E-003   1.6363590752393196E+020
   8.2937199999999992E-003   1.6633404388604776E+020
   8.2888800000000002E-003   1.6932699259230929E+020
   8.2829900000000005E-003   1.7260384935792719E+020
   8.2772000000000002E-003   1.7566576835658459E+020
   8.2721400000000007E-003   1.7852611621798766E+020
   8.2671499999999992E-003   1.8148768479020623E+020
   8.2617300000000001E-003   1.8428338965792968E+020
   8.2574999999999992E-003   1.8672513259637706E+020
   8.2533199999999998E-003   1.9001510236664332E+020
   8.2462500000000001E-003   1.9413280697172813E+020
   8.2393299999999996E-003   1.9802446250491426E+020
   8.2331699999999997E-003   2.0168017512637314E+020
   8.2271199999999992E-003   2.0508869939096325E+020
   8.2217599999999998E-003   2.0949477823192878E+020
   8.2126500000000002E-003   2.1338500549472200E+020
   8.2090400000000008E-003   2.1560292068982682E+020
   8.2054599999999995E-003   2.1890627930791730E+020
   8.1984099999999997E-003   2.2327309375139889E+020
   8.1914799999999992E-003   2.2681273358790994E+020
   8.1871500000000007E-003   2.2954313748174989E+020
   8.1828600000000001E-003   2.3274963890380138E+020
   8.1770799999999998E-003   2.3642373570874393E+020
   8.1713900000000006E-003   2.4050616153563569E+020
   8.1644400000000002E-003   2.4599039497764186E+020
   8.1545599999999999E-003   2.5153123211893015E+020
   8.1475499999999999E-003   2.5515720956798235E+020
   8.1436000000000008E-003   2.5925485855586930E+020
   8.1352899999999999E-003   2.6478207769642238E+020
   8.1271499999999997E-003   2.6897676024412265E+020
   8.1228700000000008E-003   2.7187902431187681E+020
   8.1186399999999999E-003   2.7476467258846744E+020
   8.1144400000000005E-003   2.7763572041155595E+020
   8.1102899999999992E-003   2.8209983850302040E+020
   8.1015700000000006E-003   2.8812629823362708E+020
   8.0930199999999994E-003   2.9428723834769408E+020
   8.0840800000000004E-003   3.0058051758165144E+020
   8.0753100000000005E-003   3.0536384769050398E+020
   8.0707100000000000E-003   3.0866647960226418E+020
   8.0661499999999994E-003   3.1195265864259378E+020
   8.0616400000000001E-003   3.1522277073042525E+020
   8.0571700000000007E-003   3.2030868661276180E+020
   8.0477900000000008E-003   3.2717269923193527E+020
   8.0385800000000000E-003   3.3236488284533123E+020
   8.0337499999999992E-003   3.3596696512554887E+020
   8.0289699999999999E-003   3.3955161268689135E+020
   8.0242300000000003E-003   3.4311906913070029E+020
   8.0195400000000003E-003   3.4866482017902618E+020
   8.0096899999999999E-003   3.5615419592376438E+020
   8.0000300000000000E-003   3.6379511061443694E+020
   7.9899399999999992E-003   3.7161955256219900E+020
   7.9800500000000007E-003   3.7756979599050781E+020
   7.9748600000000003E-003   3.8167695986439343E+020
   7.9697199999999996E-003   3.8576496758511940E+020
   7.9646300000000003E-003   3.8983493960402665E+020
   7.9595800000000008E-003   3.9615940903356170E+020
   7.9489999999999995E-003   4.0470223745521615E+020
   7.9386200000000004E-003   4.1116420657157630E+020
   7.9331699999999998E-003   4.1564795062832208E+020
   7.9277800000000006E-003   4.2011147235232940E+020
   7.9224399999999993E-003   4.2455501050192416E+020
   7.9171499999999995E-003   4.3146109456270072E+020
   7.9060599999999995E-003   4.4079143666595542E+020
   7.8951700000000000E-003   4.5032734245412333E+020
   7.8838099999999998E-003   4.6008037510987219E+020
   7.8726600000000001E-003   4.6750020942720080E+020
   7.8668200000000001E-003   4.7262146063475573E+020
   7.8610299999999998E-003   4.7772067198258184E+020
   7.8553000000000008E-003   4.8279899741692723E+020
   7.8496199999999999E-003   4.9068694303237269E+020
   7.8377099999999995E-003   5.0134658081771232E+020
   7.8260299999999994E-003   5.0941624965560500E+020
   7.8199099999999994E-003   5.1501163374263226E+020
   7.8138400000000007E-003   5.2335446284817092E+020
   7.8018899999999997E-003   5.3476132683489083E+020
   7.7894100000000001E-003   5.4352320011951728E+020
   7.7832700000000001E-003   5.4932113150120827E+020
   7.7771699999999999E-003   5.5833296854456625E+020
   7.7644100000000002E-003   5.7051562978994048E+020
   7.7518800000000001E-003   5.7973876656443844E+020
   7.7453200000000000E-003   5.8613609421741969E+020
   7.7388200000000004E-003   5.9419052960122510E+020
   7.7289799999999999E-003   6.0390204267724249E+020
   7.7192900000000002E-003   6.1374294620917753E+020
   7.7093300000000003E-003   6.2373715569706297E+020
   7.6995199999999996E-003   6.3398778076644311E+020
   7.6892400000000000E-003   6.4448608040965715E+020
   7.6791100000000003E-003   6.5514159506436614E+020
   7.6686999999999996E-003   6.6923303991740098E+020
   7.6522400000000003E-003   6.8442972469128515E+020
   7.6400000000000001E-003   6.9761921558157001E+020
   7.6276399999999998E-003   7.1105738079473094E+020
   7.6151700000000001E-003   7.2652743480219022E+020
   7.5993800000000002E-003   7.4225206660954902E+020
   7.5867299999999999E-003   7.5665946455798907E+020
   7.5736199999999997E-003   7.7146420032577667E+020
   7.5605100000000003E-003   7.8561053042184775E+020
   7.5487999999999996E-003   7.9875257717502653E+020
   7.5376400000000000E-003   8.1441838727249972E+020
   7.5217900000000004E-003   8.3128604920726631E+020
   7.5087399999999999E-003   8.4578194706339542E+020
   7.4970599999999998E-003   8.6059643105674081E+020
   7.4832600000000003E-003   8.7774978779267321E+020
   7.4681299999999999E-003   8.9268297795963965E+020
   7.4581900000000000E-003   9.0630148181669760E+020
   7.4441999999999998E-003   9.2352087674713971E+020
   7.4277600000000003E-003   9.3972204583020829E+020
   7.4119099999999999E-003   9.5493237215327735E+020
   7.3972400000000002E-003   9.6517752633977917E+020
   7.3831699999999997E-003   9.7254004145911615E+020
   7.3672800000000004E-003   9.6790051597602862E+020
   7.3610000000000004E-003   9.7701736405375569E+020
   7.3461500000000001E-003   9.5423267282826730E+020
   7.3267000000000002E-003   9.4817660377435537E+020
   7.3128999999999998E-003   9.1142175347740888E+020
   7.2995700000000000E-003   8.5178491024858087E+020
   7.2844299999999997E-003   8.1793738521785061E+020
   7.2705299999999999E-003   7.9695968601170995E+020
   7.2646300000000002E-003   7.6639246122737454E+020
   7.2587700000000003E-003   7.3841843583729795E+020
   7.2444700000000002E-003   7.1510388044408907E+020
   7.2387299999999996E-003   7.0229955826970342E+020
   7.2321699999999996E-003   6.7789025639331961E+020
   7.2270600000000004E-003   6.7732991857655847E+020
   7.2189600000000000E-003   6.6534611787023529E+020
   7.2137800000000004E-003   6.4932254377726522E+020
   7.2089199999999997E-003   6.4078439017926125E+020
   7.2045299999999998E-003   6.4440451253960232E+020
   7.1992699999999998E-003   6.3158935770545494E+020
   7.1934700000000004E-003   6.2329634315966048E+020
   7.1877000000000000E-003   6.2273125378933916E+020
   7.1842099999999999E-003   6.2260291209062724E+020
   7.1794399999999996E-003   6.1961846170394362E+020
   7.1770599999999999E-003   6.1869564584431963E+020
   7.1752800000000000E-003   6.1842073909423269E+020
   7.1711099999999996E-003   6.1921467458542725E+020
   7.1687299999999999E-003   6.1983752193349111E+020
   7.1654199999999996E-003   6.2054527809600999E+020
   7.1627000000000001E-003   6.2167640463844613E+020
   7.1566599999999996E-003   6.2396653919304810E+020
   7.1521299999999996E-003   6.2711552695287716E+020
   7.1470099999999996E-003   6.3120243759669051E+020
   7.1410099999999997E-003   6.3589747874258341E+020
   7.1362999999999999E-003   6.4035851119627246E+020
   7.1318099999999997E-003   6.4525121369453874E+020
   7.1274499999999996E-003   6.4983049716605780E+020
   7.1234899999999997E-003   6.5534181942550961E+020
   7.1184500000000001E-003   6.5988419075272973E+020
   7.1163800000000003E-003   6.6392270738145896E+020
   7.1122499999999996E-003   6.6872698666855275E+020
   7.1095100000000003E-003   6.7342822336749017E+020
   7.1054000000000004E-003   6.7782664532257826E+020
   7.1033600000000004E-003   6.8220474435367443E+020
   7.0993699999999998E-003   6.8803107857242587E+020
   7.0954800000000004E-003   6.9242857851037942E+020
   7.0935399999999997E-003   6.9586274744175926E+020
   7.0910299999999999E-003   7.0167960472329912E+020
   7.0860100000000002E-003   7.0950663432218070E+020
   7.0810100000000004E-003   7.1742194502145763E+020
   7.0760399999999996E-003   7.2340552083794140E+020
   7.0735599999999996E-003   7.2684015335775260E+020
   7.0717100000000001E-003   7.3133335465847790E+020
   7.0680099999999996E-003   7.3731296651528045E+020
   7.0643700000000004E-003   7.4320181532651789E+020
   7.0607899999999999E-003   7.4898326493874881E+020
   7.0572700000000000E-003   7.5465625702807634E+020
   7.0538099999999998E-003   7.6119408147715457E+020
   7.0492899999999997E-003   7.6718403844800866E+020
   7.0464999999999998E-003   7.7171344311457245E+020
   7.0437199999999998E-003   7.7762555101536413E+020
   7.0391500000000001E-003   7.8418926807698886E+020
   7.0355599999999997E-003   7.8964222341606539E+020
   7.0324000000000003E-003   7.9439534481473117E+020
   7.0296500000000001E-003   8.0039741781125340E+020
   7.0250499999999997E-003   8.0789434985692555E+020
   7.0202499999999996E-003   8.1697240471264900E+020
   7.0140500000000000E-003   8.2369170303406165E+020
   7.0111300000000000E-003   8.2885061352791671E+020
   7.0082100000000000E-003   8.3518246183866951E+020
   7.0038499999999998E-003   8.4228494004496590E+020
   6.9980499999999996E-003   8.4952451684001972E+020
   6.9951700000000002E-003   8.5454464913265236E+020
   6.9922900000000000E-003   8.5934145338063520E+020
   6.9878300000000004E-003   8.6800638929994632E+020
   6.9815700000000003E-003   8.7561280390677581E+020
   6.9779500000000001E-003   8.8317337466421825E+020
   6.9718200000000001E-003   8.9257863615304263E+020
   6.9657900000000003E-003   9.0015446941393525E+020
   6.9623500000000000E-003   9.0331984842888118E+020
   6.9601500000000000E-003   9.0892464006701436E+020
   6.9557500000000001E-003   9.1624683596105109E+020
   6.9504299999999996E-003   9.2259948871479093E+020
   6.9473000000000000E-003   9.2874627203359651E+020
   6.9422800000000003E-003   9.3436968340966998E+020
   6.9397800000000004E-003   9.3985865637172399E+020
   6.9349199999999998E-003   9.5330240171394335E+020
   6.9278200000000003E-003   9.6036493999241429E+020
   6.9229499999999998E-003   9.6679939682406511E+020
   6.9181099999999999E-003   9.7382131629044400E+020
   6.9097899999999999E-003   9.8182252218467090E+020
   6.9053600000000001E-003   9.9000060097641185E+020
   6.9016800000000003E-003   9.9643075785774216E+020
   6.8980100000000004E-003   1.0036693333398030E+021
   6.8953299999999999E-003   1.0050603601922553E+021
   6.8933099999999997E-003   1.0107413661670877E+021
   6.8896499999999998E-003   1.0171603898259067E+021
   6.8880599999999997E-003   1.0223087755988406E+021
   6.8855299999999999E-003   1.0269159381828078E+021
   6.8834899999999999E-003   1.0324346491163796E+021
   6.8819099999999998E-003   1.0344303914617383E+021
   6.8803400000000004E-003   1.0377656358613708E+021
   6.8790400000000003E-003   1.0403872895631745E+021
   6.8777400000000002E-003   1.0428987457926744E+021
   6.8764600000000000E-003   1.0459361163676353E+021
   6.8751899999999998E-003   1.0513133761587631E+021
   6.8725899999999996E-003   1.0549898746174395E+021
   6.8700000000000002E-003   1.0577093752659357E+021
   6.8688700000000000E-003   1.0591790325810540E+021
   6.8677399999999998E-003   1.0650875537510669E+021
   6.8659300000000001E-003   1.0674454658143101E+021
   6.8641300000000004E-003   1.0698036090904480E+021
   6.8623299999999998E-003   1.0721619990579591E+021
   6.8605300000000001E-003   1.0777542386327074E+021
   6.8564899999999998E-003   1.0840980023162744E+021
   6.8524600000000003E-003   1.0940044531401034E+021
   6.8434799999999999E-003   1.1114069329827514E+021
   6.8234999999999997E-003   1.1358395773549262E+021
   6.8055900000000003E-003   1.1572152980320536E+021
   6.7911999999999998E-003   1.1769097489058541E+021
   6.7777999999999996E-003   1.2005745317350524E+021
   6.7580599999999998E-003   1.2281262922187612E+021
   6.7395600000000003E-003   1.2532583449047324E+021
   6.7231200000000000E-003   1.2772094416525661E+021
   6.7067699999999999E-003   1.3014736211742124E+021
   6.6905999999999997E-003   1.3277458636971733E+021
   6.6718500000000000E-003   1.3538602039995361E+021
   6.6562399999999999E-003   1.3782428920087165E+021
   6.6402600000000003E-003   1.4042780924696991E+021
   6.6228700000000003E-003   1.4326997083282570E+021
   6.6042899999999996E-003   1.4655415132440617E+021
   6.5818800000000000E-003   1.4973411330454423E+021
   6.5652799999999997E-003   1.5275272494466982E+021
   6.5453700000000000E-003   1.5607878854923004E+021
   6.5256999999999997E-003   1.5913860929812006E+021
   6.5094000000000003E-003   1.6147429022088529E+021
   6.4987500000000002E-003   1.6400210547972707E+021
   6.4802999999999996E-003   1.6662643803296697E+021
   6.4690099999999999E-003   1.6961708163903219E+021
   6.4466499999999999E-003   1.7309793734207902E+021
   6.4303800000000003E-003   1.7606433628385460E+021
   6.4142799999999996E-003   1.7877960949138373E+021
   6.4011500000000004E-003   1.8123203764580382E+021
   6.3881199999999997E-003   1.8532145113968539E+021
   6.3578999999999997E-003   1.9110530011502852E+021
   6.3282099999999999E-003   1.9537862265570565E+021
   6.3146499999999998E-003   1.9909541494113693E+021
   6.2909899999999998E-003   2.0252192314585637E+021
   6.2808500000000001E-003   2.0605728917216556E+021
   6.2564400000000003E-003   2.1110185561780377E+021
   6.2323700000000001E-003   2.1513724234629238E+021
   6.2184700000000002E-003   2.1809173367671221E+021
   6.2046699999999998E-003   2.2188552328112728E+021
   6.1833399999999998E-003   2.2654589155200530E+021
   6.1622500000000002E-003   2.3048682067674168E+021
   6.1480399999999996E-003   2.3366622092027819E+021
   6.1339400000000001E-003   2.3857467039631105E+021
   6.1048700000000001E-003   2.4527093438554398E+021
   6.0762200000000002E-003   2.5084502132075654E+021
   6.0577900000000004E-003   2.5525208270898751E+021
   6.0395300000000004E-003   2.5883464516413859E+021
   6.0284800000000001E-003   2.6152127773844790E+021
   6.0174900000000003E-003   2.6611183328252894E+021
   5.9912799999999999E-003   2.7397735223560891E+021
   5.9549099999999999E-003   2.8233410834436116E+021
   5.9263800000000002E-003   2.8844862552618733E+021
   5.9084400000000000E-003   2.9392225417411046E+021
   5.8852699999999997E-003   3.0015079249838190E+021
   5.8623499999999997E-003   3.0757689328204057E+021
   5.8312299999999997E-003   3.1634329869361170E+021
   5.7998399999999997E-003   3.2312730361470580E+021
   5.7839500000000004E-003   3.2770387136340563E+021
   5.7681700000000004E-003   3.3474111686920000E+021
   5.7358699999999997E-003   3.4433566309124607E+021
   5.7039899999999999E-003   3.5423253525776161E+021
   5.6711200000000000E-003   3.6442481648535979E+021
   5.6386800000000001E-003   3.7492881149825516E+021
   5.6052300000000001E-003   3.8577265193924580E+021
   5.5722000000000002E-003   3.9693071882089194E+021
   5.5381600000000003E-003   4.0844844725314142E+021
   5.5045399999999996E-003   4.2032521419421175E+021
   5.4698899999999998E-003   4.3256202997014216E+021
   5.4356700000000001E-003   4.4197191198574106E+021
   5.4181699999999999E-003   4.4837153556227199E+021
   5.4007700000000000E-003   4.5820828167749296E+021
   5.3651899999999997E-003   4.7164167169020684E+021
   5.3300300000000004E-003   4.8196198107181776E+021
   5.3120499999999996E-003   4.8898994404927943E+021
   5.2941799999999999E-003   4.9971696276154110E+021
   5.2579999999999997E-003   5.1446078693123576E+021
   5.2214999999999996E-003   5.2967448948442021E+021
   5.1846699999999997E-003   5.4537355683170185E+021
   5.1474900000000002E-003   5.6157609108720415E+021
   5.1099800000000001E-003   5.7829970473354820E+021
   5.0721200000000003E-003   5.9556271400805770E+021
   5.0339099999999999E-003   6.1338442058800824E+021
   4.9953400000000000E-003   6.3178482105238652E+021
   4.9564099999999996E-003   6.5078386482784512E+021
   4.9171199999999997E-003   6.6547864462530361E+021
   4.8972399999999998E-003   6.7544344771949694E+021
   4.8774600000000001E-003   6.8557661532285724E+021
   4.8573899999999996E-003   6.9586972826764973E+021
   4.8374200000000003E-003   7.0933705762389067E+021
   4.8056399999999999E-003   7.2610820714674992E+021
   4.7740800000000000E-003   7.4014700282176665E+021
   4.7535199999999998E-003   7.5133620500592350E+021
   4.7330499999999999E-003   7.6270955914669159E+021
   4.7122900000000001E-003   7.7427101576260611E+021
   4.6916199999999996E-003   7.8602360037672044E+021
   4.6706500000000001E-003   7.9797133296190829E+021
   4.6497800000000001E-003   8.1011788842203433E+021
   4.6286100000000000E-003   8.2246744495625685E+021
   4.6075300000000003E-003   8.3502306847151777E+021
   4.5861499999999998E-003   8.4779026437553709E+021
   4.5648499999999996E-003   8.6077145234004236E+021
   4.5432600000000004E-003   8.7397326668930220E+021
   4.5217499999999997E-003   8.8739905905935358E+021
   4.4999400000000000E-003   9.0105357337915755E+021
   4.4782099999999998E-003   9.1494003966958895E+021
   4.4561799999999997E-003   9.2906681952592776E+021
   4.4342299999999999E-003   9.4343751982394355E+021
   4.4119700000000003E-003   9.5805717793273492E+021
   4.3897900000000002E-003   9.7293196976768575E+021
   4.3673000000000002E-003   9.8806402736013265E+021
   4.3448899999999997E-003   1.0034665836041701E+022
   4.3221600000000002E-003   1.0191417212399843E+022
   4.2995100000000003E-003   1.0350974269513710E+022
   4.2765499999999996E-003   1.0513389516849175E+022
   4.2536400000000004E-003   1.0678423677152008E+022
   4.2305299999999997E-003   1.0846799058905606E+022
   4.2072799999999999E-003   1.1018272753794779E+022
   4.1839099999999999E-003   1.1192929369845664E+022
   4.1604099999999998E-003   1.1370839036958544E+022
   4.1367900000000004E-003   1.1552140232722009E+022
   4.1130200000000002E-003   1.1736878714451650E+022
   4.0891299999999998E-003   1.1925253188161141E+022
   4.0651000000000003E-003   1.2117287440832895E+022
   4.0409299999999999E-003   1.2313115291674349E+022
   4.0166200000000003E-003   1.2512881723315107E+022
   3.9921699999999997E-003   1.2716648817057667E+022
   3.9675800000000001E-003   1.2924529660656030E+022
   3.9428400000000004E-003   1.3136673465643108E+022
   3.9179599999999998E-003   1.3353166969761820E+022
   3.8929199999999998E-003   1.3574112639045088E+022
   3.8677300000000002E-003   1.3799791716772826E+022
   3.8423900000000002E-003   1.4030245122813251E+022
   3.8168899999999999E-003   1.4265800158890542E+022
   3.7912400000000000E-003   1.4506881909768053E+022
   3.7654199999999998E-003   1.4753763217676150E+022
   3.7394300000000002E-003   1.5006119851135651E+022
   3.7132799999999998E-003   1.5263434235835155E+022
   3.6869600000000000E-003   1.5525416814373188E+022
   3.6604599999999999E-003   1.5792135642151444E+022
   3.6337800000000001E-003   1.6063663232788648E+022
   3.6069299999999999E-003   1.6340075792357061E+022
   3.5798900000000001E-003   1.6621453363002107E+022
   3.5526700000000000E-003   1.6907878525458060E+022
   3.5252500000000002E-003   1.7199437494527648E+022
   3.4976400000000002E-003   1.7496219235791317E+022
   3.4698300000000001E-003   1.7798315114850716E+022
   3.4418199999999999E-003   1.8105819542769992E+022
   3.4136000000000001E-003   1.8418828863521771E+022
   3.3851599999999999E-003   1.8737442642404038E+022
   3.3565100000000000E-003   1.9061762461951913E+022
   3.3276400000000002E-003   1.9391892094240034E+022
   3.2985400000000000E-003   1.9727937876832029E+022
   3.2692099999999998E-003   2.0070008419350208E+022
   3.2396399999999998E-003   2.0418214586953440E+022
   3.2098299999999999E-003   2.0772669455734562E+022
   3.1797700000000002E-003   2.1133488792775726E+022
   3.1494499999999998E-003   2.1500789849773989E+022
   3.1188700000000001E-003   2.1874693083095800E+022
   3.0880100000000000E-003   2.2255320461683685E+022
   3.0568800000000001E-003   2.2642796405353087E+022
   3.0254700000000002E-003   2.3037248002113600E+022
   2.9937499999999999E-003   2.3438804358535378E+022
   2.9617400000000000E-003   2.3847597099139931E+022
   2.9294099999999999E-003   2.4263759481236795E+022
   2.8967600000000000E-003   2.4687427889146047E+022
   2.8637799999999998E-003   2.5118740649024931E+022
   2.8304599999999999E-003   2.5557839093827759E+022
   2.7967800000000000E-003   2.6004865395408383E+022
   2.7627300000000001E-003   2.6459965978289858E+022
   2.7282999999999999E-003   2.6923288407048620E+022
   2.6934799999999998E-003   2.7394982536421375E+022
   2.6582500000000000E-003   2.7875201964800142E+022
   2.6226000000000001E-003   2.8364100830127228E+022
   2.5864999999999998E-003   2.8861836759265702E+022
   2.5499400000000001E-003   2.9368569976976302E+022
   2.5129100000000001E-003   2.9884462051454242E+022
   2.4753800000000001E-003   3.0409677792649071E+022
   2.4373200000000002E-003   3.0944383935864445E+022
   2.3987200000000000E-003   3.1488749563512049E+022
   2.3595500000000002E-003   3.2042945623831494E+022
   2.3197800000000000E-003   3.2607102703741268E+022
   2.2793700000000002E-003   3.3181742098444334E+022
   2.2383099999999999E-003   3.3766741571001429E+022
   2.1965399999999999E-003   3.4362280354659344E+022
   2.1540399999999999E-003   3.4968540570639965E+022
   2.1107399999999998E-003   3.5585704596607846E+022
   2.0666199999999999E-003   3.6213877279012258E+022
   2.0216100000000001E-003   3.6853651097925565E+022
   1.9756600000000002E-003   3.7504916802693010E+022
   1.9286900000000000E-003   3.8165826563450692E+022
   1.8809600000000001E-003   3.8840808254884140E+022
   1.8314099999999999E-003   3.9530054228446521E+022
   1.7809099999999999E-003   4.0229269355498343E+022
   1.7290400000000000E-003   4.0846448543603653E+022
   1.6894400000000000E-003   4.1390059917573832E+022
   1.6483600000000000E-003   4.2169651409677451E+022
   1.5709900000000000E-003   4.2957466357167116E+022
   1.5276599999999999E-003   4.3530632928777820E+022
   1.4822300000000000E-003   4.4395534981302839E+022
   1.3880699999999999E-003   4.5372907891436053E+022
   1.3230700000000000E-003   4.6160673330762711E+022
   1.2552700000000000E-003   4.6967903554817942E+022
   1.1803899999999999E-003   4.7817327569875839E+022
   1.1006600000000000E-003   4.8697146046019392E+022
   1.0088700000000000E-003   4.9670249360069944E+022
   8.9941000000000001E-004   5.0906689443235711E+022
   7.0646999999999995E-004   5.2172527231751380E+022
   5.6787000000000005E-004   5.2909721904742165E+022
   4.8419000000000001E-004   5.3366414560227823E+022
   3.8300999999999998E-004   5.3726005113477447E+022
   3.1388999999999999E-004   5.3970469709028415E+022
   2.5074000000000000E-004   5.4100337213573261E+022
   2.0165999999999999E-004   5.4229225685488220E+022
   1.6417999999999999E-004   5.4280497850099085E+022
   1.3643999999999999E-004   5.4331259322196898E+022
   1.1690000000000000E-004   5.4348318601269681E+022
   1.0406000000000000E-004   5.4371349745423731E+022
   8.6879999999999995E-005   5.4389529610871724E+022
   6.8949999999999995E-005   5.4402112719501954E+022
   5.4729999999999999E-005   5.4414003917875854E+022
   4.3439999999999997E-005   5.4419378077314318E+022
   3.4470000000000000E-005   5.4422592191986806E+022
   2.7359999999999999E-005   5.4426322535846582E+022
   2.1719999999999999E-005   5.4427644107356920E+022
   1.7240000000000001E-005   5.4429268183909315E+022
   1.3679999999999999E-005   5.4430761232164998E+022
