   8.8828299999999995E-003   2767900986595271.5     
   8.8828299999999995E-003   3040910948793948.0     
   8.8828299999999995E-003   3275760370958324.5     
   8.8828299999999995E-003   3482550049367874.0     
   8.8828299999999995E-003   3675369510050566.0     
   8.8828299999999995E-003   3856514464736044.5     
   8.8828199999999996E-003   4027653409973584.0     
   8.8828199999999996E-003   4190040848911367.0     
   8.8828199999999996E-003   4344617323318266.5     
   8.8828199999999996E-003   4492183642464024.5     
   8.8828199999999996E-003   4633459494569891.0     
   8.8828199999999996E-003   4769077313252391.0     
   8.8828199999999996E-003   4899590895103116.0     
   8.8828199999999996E-003   5025485560329348.0     
   8.8828199999999996E-003   5147175751208505.0     
   8.8828199999999996E-003   5265002112834346.0     
   8.8828199999999996E-003   5379259917010101.0     
   8.8828099999999997E-003   5490203991924765.0     
   8.8828099999999997E-003   5598062430516139.0     
   8.8828099999999997E-003   5703033815466339.0     
   8.8828099999999997E-003   5830302712201167.0     
   8.8828099999999997E-003   5977992200628164.0     
   8.8828099999999997E-003   6120409337374592.0     
   8.8828099999999997E-003   6257942105524069.0     
   8.8828099999999997E-003   6369177175284543.0     
   8.8828099999999997E-003   6455958224289350.0     
   8.8828099999999997E-003   6540940099170579.0     
   8.8828099999999997E-003   6624208804125619.0     
   8.8828099999999997E-003   6725922024290461.0     
   8.8828099999999997E-003   6844882405448099.0     
   8.8827999999999997E-003   6960569895166411.0     
   8.8827999999999997E-003   7073182309080002.0     
   8.8827999999999997E-003   7164862576761668.0     
   8.8827999999999997E-003   7236774345694508.0     
   8.8827999999999997E-003   7307506651176381.0     
   8.8827999999999997E-003   7377099240874383.0     
   8.8827999999999997E-003   7479316044346784.0     
   8.8827999999999997E-003   7579431528598457.0     
   8.8827999999999997E-003   7644848813330867.0     
   8.8827999999999997E-003   7741077481112769.0     
   8.8827999999999997E-003   7866336589204794.0     
   8.8827999999999997E-003   7988144878856229.0     
   8.8827999999999997E-003   8106693617191596.0     
   8.8827999999999997E-003   8193655247789681.0     
   8.8827899999999998E-003   8250644766184818.0     
   8.8827899999999998E-003   8306909099125767.0     
   8.8827899999999998E-003   8362473464180230.0     
   8.8827899999999998E-003   8444463285944368.0     
   8.8827899999999998E-003   8551564355616231.0     
   8.8827899999999998E-003   8656138689815190.0     
   8.8827899999999998E-003   8758295309917778.0     
   8.8827899999999998E-003   8874514816773041.0     
   8.8827899999999998E-003   9003766212921544.0     
   8.8827899999999998E-003   9129350976310562.0     
   8.8827899999999998E-003   9251494782875022.0     
   8.8827899999999998E-003   9370408237815644.0     
   8.8827899999999998E-003   9486280473582820.0     
   8.8827799999999998E-003   9599292131215500.0     
   8.8827799999999998E-003   9709605183575884.0     
   8.8827799999999998E-003   9830616817325256.0     
   8.8827799999999998E-003   9961575086534592.0     
   8.8827799999999998E-003   10089015310324388.     
   8.8827799999999998E-003   10182490692813950.     
   8.8827799999999998E-003   10243758670177838.     
   8.8827799999999998E-003   10334147388107176.     
   8.8827799999999998E-003   10452183435045874.     
   8.8827799999999998E-003   10567403554551468.     
   8.8827699999999999E-003   10679944920971926.     
   8.8827699999999999E-003   10789934661066620.     
   8.8827699999999999E-003   10897487117530580.     
   8.8827699999999999E-003   11002712672411240.     
   8.8827699999999999E-003   11105721736827938.     
   8.8827699999999999E-003   11206612731306880.     
   8.8827699999999999E-003   11305488492611492.     
   8.8827699999999999E-003   11450069580216904.     
   8.8827699999999999E-003   11613924154129466.     
   8.8827600000000000E-003   11750247325387880.     
   8.8827600000000000E-003   11883082295679486.     
   8.8827600000000000E-003   11980623354071996.     
   8.8827600000000000E-003   12044631973994666.     
   8.8827600000000000E-003   12139173267981330.     
   8.8827600000000000E-003   12262808324014176.     
   8.8827600000000000E-003   12442993060370800.     
   8.8827600000000000E-003   12617998870629602.     
   8.8827500000000000E-003   12731626280498690.     
   8.8827500000000000E-003   12843067410098618.     
   8.8827500000000000E-003   12952410914255086.     
   8.8827500000000000E-003   13059735978656854.     
   8.8827500000000000E-003   13165112230102578.     
   8.8827500000000000E-003   13268604080978022.     
   8.8827500000000000E-003   13370274932805868.     
   8.8827500000000000E-003   13486631458913222.     
   8.8827500000000000E-003   13616832590744956.     
   8.8827400000000001E-003   13806516415321028.     
   8.8827400000000001E-003   13990563044483320.     
   8.8827400000000001E-003   14109917318048102.     
   8.8827400000000001E-003   14226846031959040.     
   8.8827400000000001E-003   14341448683131398.     
   8.8827400000000001E-003   14467680997553346.     
   8.8827300000000001E-003   14604819260249514.     
   8.8827300000000001E-003   14738786207485838.     
   8.8827300000000001E-003   14869754857737872.     
   8.8827300000000001E-003   14997898836362794.     
   8.8827300000000001E-003   15123375205707804.     
   8.8827300000000001E-003   15306660561947778.     
   8.8827200000000002E-003   15496745452257080.     
   8.8827200000000002E-003   15635479786168166.     
   8.8827200000000002E-003   15771226386894692.     
   8.8827200000000002E-003   15904176030587394.     
   8.8827200000000002E-003   16034509129557938.     
   8.8827100000000003E-003   16162397946599424.     
   8.8827100000000003E-003   16287995230409898.     
   8.8827100000000003E-003   16411451580752220.     
   8.8827100000000003E-003   16532895532735024.     
   8.8827100000000003E-003   16652456372751052.     
   8.8827000000000003E-003   16770239250481184.     
   8.8827000000000003E-003   16886355148363838.     
   8.8827000000000003E-003   17057560247828474.     
   8.8827000000000003E-003   17281106393905242.     
   8.8827000000000003E-003   17499891095268722.     
   8.8826900000000004E-003   17714664271360886.     
   8.8826900000000004E-003   17926015042838844.     
   8.8826900000000004E-003   18134460089695272.     
   8.8826800000000004E-003   18340476502572468.     
   8.8826800000000004E-003   18544500632037832.     
   8.8826800000000004E-003   18746795265041512.     
   8.8826700000000005E-003   18947530976853488.     
   8.8826700000000005E-003   19146879156898796.     
   8.8826700000000005E-003   19345006844316896.     
   8.8826700000000005E-003   19542071728475192.     
   8.8826600000000006E-003   19738145467182576.     
   8.8826600000000006E-003   19933214867938804.     
   8.8826600000000006E-003   20127255039607840.     
   8.8826600000000006E-003   20415810125971964.     
   8.8826500000000006E-003   20797273993817164.     
   8.8826500000000006E-003   21080650527899120.     
   8.8826400000000007E-003   21267765980548776.     
   8.8826400000000007E-003   21453628795401472.     
   8.8826400000000007E-003   21638219570082312.     
   8.8826400000000007E-003   21882135813432252.     
   8.8826300000000007E-003   22183926748508440.     
   8.8826300000000007E-003   22481904236229464.     
   8.8826200000000008E-003   22702933060787160.     
   8.8826200000000008E-003   22848916681340912.     
   8.8826200000000008E-003   23065823469121764.     
   8.8826200000000008E-003   23351497484990320.     
   8.8826100000000009E-003   23632888915942064.     
   8.8826100000000009E-003   23909949505842548.     
   8.8826100000000009E-003   24182659959705088.     
   8.8825999999999992E-003   24451045276091772.     
   8.8825999999999992E-003   24845372645975660.     
   8.8825899999999992E-003   25230655447280472.     
   8.8825899999999992E-003   25482205343077768.     
   8.8825899999999992E-003   25729654795411796.     
   8.8825799999999993E-003   25973041814193072.     
   8.8825799999999993E-003   26330542842852244.     
   8.8825799999999993E-003   26793685295948540.     
   8.8825699999999994E-003   27241935411639056.     
   8.8825599999999994E-003   27675974002967180.     
   8.8825599999999994E-003   28044583614143800.     
   8.8825499999999995E-003   28352719587192932.     
   8.8825499999999995E-003   28654046093271748.     
   8.8825499999999995E-003   28949013896163152.     
   8.8825399999999995E-003   29380685817130268.     
   8.8825299999999996E-003   29800958381457540.     
   8.8825299999999996E-003   30075532921872840.     
   8.8825299999999996E-003   30346224846648108.     
   8.8825199999999997E-003   30613432195432064.     
   8.8825199999999997E-003   31008115298285524.     
   8.8825099999999997E-003   31525587653866952.     
   8.8824999999999998E-003   32033963012252120.     
   8.8824999999999998E-003   32534509782339716.     
   8.8824899999999998E-003   33028175047144080.     
   8.8824799999999999E-003   33515576524791832.     
   8.8824799999999999E-003   33997009189585984.     
   8.8824699999999999E-003   34472648300463128.     
   8.8824600000000000E-003   34942597564815536.     
   8.8824600000000000E-003   35406901837679544.     
   8.8824500000000001E-003   35865508982964496.     
   8.8824400000000001E-003   36393019309839248.     
   8.8824400000000001E-003   36986362763566264.     
   8.8824300000000002E-003   37569268689560016.     
   8.8824200000000002E-003   38141773253279136.     
   8.8824100000000003E-003   38703979065675632.     
   8.8824100000000003E-003   39119105217391136.     
   8.8824000000000004E-003   39392653528987888.     
   8.8824000000000004E-003   39798264561529992.     
   8.8823900000000004E-003   40330723555014000.     
   8.8823800000000005E-003   40853702321188792.     
   8.8823800000000005E-003   41367431161680944.     
   8.8823700000000005E-003   41996813381307336.     
   8.8823600000000006E-003   42733899287128328.     
   8.8823500000000007E-003   43273934985559872.     
   8.8823500000000007E-003   43803210618540040.     
   8.8823400000000007E-003   44321731224279192.     
   8.8823300000000008E-003   44717760698888208.     
   8.8823300000000008E-003   45162538939435384.     
   8.8823200000000008E-003   45599056364032288.     
   8.8823099999999992E-003   46027399193247984.     
   8.8823099999999992E-003   46655041730269464.     
   8.8822999999999992E-003   47264639832115496.     
   8.8822899999999993E-003   47661811084208720.     
   8.8822799999999993E-003   48148329959057512.     
   8.8822799999999993E-003   48718223785316544.     
   8.8822699999999994E-003   49547409272853888.     
   8.8822499999999995E-003   50350063159217112.     
   8.8822399999999996E-003   50872073094759168.     
   8.8822399999999996E-003   51384903539138848.     
   8.8822299999999996E-003   51889306377879584.     
   8.8822199999999997E-003   52630950087029240.     
   8.8821999999999998E-003   53597675363328680.     
   8.8821899999999999E-003   54386416966170672.     
   8.8821799999999999E-003   55006478823222320.     
   8.8821700000000000E-003   55693257713541064.     
   8.8821600000000001E-003   56444025780031296.     
   8.8821500000000001E-003   57181685628011024.     
   8.8821400000000002E-003   57905828045494968.     
   8.8821300000000002E-003   58790502752667784.     
   8.8821100000000004E-003   59568243488127552.     
   8.8821000000000004E-003   60075883781117576.     
   8.8820900000000005E-003   60575497503674976.     
   8.8820800000000005E-003   61067321272602328.     
   8.8820800000000005E-003   61790378274830808.     
   8.8820600000000006E-003   62729348362319336.     
   8.8820500000000007E-003   63640289411382128.     
   8.8820300000000008E-003   64525285474484360.     
   8.8820199999999992E-003   65386400016022976.     
   8.8819999999999993E-003   66363053675668040.     
   8.8819799999999994E-003   67446676564035736.     
   8.8819699999999994E-003   68369406924172704.     
   8.8819499999999996E-003   69143008658024440.     
   8.8819399999999996E-003   69902600421702184.     
   8.8819199999999997E-003   70649633291951056.     
   8.8819099999999998E-003   71506731139390888.     
   8.8818899999999999E-003   72470573590644416.     
   8.8818800000000000E-003   73419194867767344.     
   8.8818600000000001E-003   74353845965883760.     
   8.8818400000000002E-003   75275711736932352.     
   8.8818300000000003E-003   76185901144815776.     
   8.8818100000000004E-003   77085178652583472.     
   8.8818000000000005E-003   77974014999383872.     
   8.8817800000000006E-003   78852851661534960.     
   8.8817700000000006E-003   79722105680970688.     
   8.8817500000000008E-003   80795120716980560.     
   8.8817299999999991E-003   82065510543257648.     
   8.8817099999999993E-003   83110403892868096.     
   8.8816899999999994E-003   83936835897061552.     
   8.8816799999999994E-003   84755533344318272.     
   8.8816599999999996E-003   85566656657063280.     
   8.8816499999999996E-003   86768257900430544.     
   8.8816199999999998E-003   88346368392903552.     
   8.8815999999999999E-003   89512088032213600.     
   8.8815800000000000E-003   90279859642197424.     
   8.8815700000000001E-003   91229611233810128.     
   8.8815500000000002E-003   92355928143692400.     
   8.8815300000000003E-003   93467636641204576.     
   8.8815100000000004E-003   94565175977423216.     
   8.8815000000000005E-003   95827936837623056.     
   8.8814700000000007E-003   97249269474671504.     
   8.8814500000000008E-003   98300656316198848.     
   8.8814400000000009E-003   98994262723176960.     
   8.8814299999999992E-003   1.0002395974626106E+017
   8.8813999999999994E-003   1.0137868141265179E+017
   8.8813799999999995E-003   1.0271260685481256E+017
   8.8813599999999996E-003   1.0402647948315470E+017
   8.8813399999999997E-003   1.0532106485227418E+017
   8.8813099999999999E-003   1.0659715126169142E+017
   8.8812900000000000E-003   1.0847709980624426E+017
   8.8812500000000003E-003   1.1032189296341736E+017
   8.8812300000000004E-003   1.1153118545411696E+017
   8.8812100000000005E-003   1.1272536702299680E+017
   8.8811900000000006E-003   1.1390503148917387E+017
   8.8811700000000007E-003   1.1535961187338429E+017
   8.8811399999999992E-003   1.1707846521707510E+017
   8.8811199999999993E-003   1.1848966399696190E+017
   8.8810999999999994E-003   1.1960462717141218E+017
   8.8810799999999995E-003   1.2098145330596574E+017
   8.8810499999999997E-003   1.2261097161827400E+017
   8.8810199999999999E-003   1.2421617413176832E+017
   8.8810000000000000E-003   1.2579806338424810E+017
   8.8809700000000002E-003   1.2735757360472330E+017
   8.8809500000000003E-003   1.2889558506131936E+017
   8.8809200000000005E-003   1.3041285820878414E+017
   8.8809000000000006E-003   1.3191001837927779E+017
   8.8808700000000008E-003   1.3338757526793954E+017
   8.8808499999999992E-003   1.3484593845596154E+017
   8.8808199999999993E-003   1.3652338376061941E+017
   8.8807899999999995E-003   1.3841061725238237E+017
   8.8807599999999997E-003   1.3980613261683568E+017
   8.8807499999999998E-003   1.4072685067338298E+017
   8.8807299999999999E-003   1.4229534964401277E+017
   8.8806900000000001E-003   1.4448736793751734E+017
   8.8806600000000003E-003   1.4620316240362195E+017
   8.8806400000000004E-003   1.4746190658660435E+017
   8.8806200000000005E-003   1.4901701990262182E+017
   8.8805800000000008E-003   1.5085860068930579E+017
   8.8805499999999992E-003   1.5267462514673600E+017
   8.8805199999999994E-003   1.5446677027435312E+017
   8.8804999999999995E-003   1.5652868392038038E+017
   8.8804599999999997E-003   1.5885109482835709E+017
   8.8804200000000000E-003   1.6057130434562995E+017
   8.8804000000000001E-003   1.6170704331887309E+017
   8.8803800000000002E-003   1.6339477017899709E+017
   8.8803400000000005E-003   1.6562063666433568E+017
   8.8803100000000006E-003   1.6781790333879789E+017
   8.8802699999999991E-003   1.6998771185772160E+017
   8.8802399999999993E-003   1.7213125525797264E+017
   8.8801999999999996E-003   1.7424961256414410E+017
   8.8801699999999997E-003   1.7634373208588474E+017
   8.8801399999999999E-003   1.7841442490860272E+017
   8.8801000000000001E-003   1.8046234786934886E+017
   8.8800700000000003E-003   1.8248802553905565E+017
   8.8800400000000005E-003   1.8498850678666778E+017
   8.8799900000000008E-003   1.8794699823504941E+017
   8.8799399999999994E-003   1.9037829820806931E+017
   8.8799099999999995E-003   1.9230037598120800E+017
   8.8798799999999997E-003   1.9420320669019997E+017
   8.8798499999999999E-003   1.9608727312800640E+017
   8.8798200000000001E-003   1.9841602662433805E+017
   8.8797800000000003E-003   2.0117497180660845E+017
   8.8797400000000005E-003   2.0389575396892413E+017
   8.8796900000000008E-003   2.0657971133130208E+017
   8.8796499999999993E-003   2.0922796372698323E+017
   8.8796099999999996E-003   2.1184157177362429E+017
   8.8795699999999998E-003   2.1399431236297043E+017
   8.8795400000000000E-003   2.1569972307301821E+017
   8.8795200000000001E-003   2.1823017957351651E+017
   8.8794600000000005E-003   2.2155727128511718E+017
   8.8794100000000008E-003   2.2442555122709517E+017
   8.8793699999999993E-003   2.2685260326900070E+017
   8.8793399999999995E-003   2.2925197506986451E+017
   8.8792999999999997E-003   2.3162454600286294E+017
   8.8792599999999999E-003   2.3435934885436003E+017
   8.8792200000000002E-003   2.3744369119002304E+017
   8.8791700000000005E-003   2.4048533018204445E+017
   8.8791200000000008E-003   2.4348597505453030E+017
   8.8790699999999993E-003   2.4644726636694624E+017
   8.8790299999999996E-003   2.4937083332733405E+017
   8.8789799999999999E-003   2.5225828755524093E+017
   8.8789400000000001E-003   2.5511114791316365E+017
   8.8789000000000003E-003   2.5793081800265123E+017
   8.8788500000000006E-003   2.6071861853952576E+017
   8.8788099999999991E-003   2.6347577095735149E+017
   8.8787699999999994E-003   2.6620332886012368E+017
   8.8787299999999996E-003   2.6957161218260432E+017
   8.8786700000000000E-003   2.7355798493917565E+017
   8.8786100000000003E-003   2.7683536323832298E+017
   8.8785700000000006E-003   2.7942780615400438E+017
   8.8785300000000008E-003   2.8199544481920685E+017
   8.8784899999999993E-003   2.8453895741493930E+017
   8.8784499999999995E-003   2.8830852536531264E+017
   8.8783700000000000E-003   2.9325849645828397E+017
   8.8783000000000004E-003   2.9691615658597056E+017
   8.8782600000000007E-003   2.9932755808033978E+017
   8.8782300000000008E-003   3.0290550696679373E+017
   8.8781599999999995E-003   3.0761073922796595E+017
   8.8780899999999999E-003   3.1109256057350355E+017
   8.8780500000000002E-003   3.1339049063490054E+017
   8.8780200000000004E-003   3.1680361788769594E+017
   8.8779500000000008E-003   3.2129823389123174E+017
   8.8778799999999995E-003   3.2572937964260186E+017
   8.8778199999999998E-003   3.3010006044023034E+017
   8.8777500000000002E-003   3.3462992140451994E+017
   8.8776800000000006E-003   3.4057835294557459E+017
   8.8775799999999995E-003   3.4663953300970688E+017
   8.8775000000000000E-003   3.5035097887637453E+017
   8.8774700000000002E-003   3.5402064149895507E+017
   8.8773900000000006E-003   3.5885813625165312E+017
   8.8773199999999993E-003   3.6363241326234010E+017
   8.8772499999999997E-003   3.6834595941265280E+017
   8.8771800000000001E-003   3.7415356025196006E+017
   8.8770800000000007E-003   3.8100998663860499E+017
   8.8769899999999995E-003   3.8885431512381728E+017
   8.8768600000000003E-003   3.9763151501717613E+017
   8.8767299999999993E-003   4.0409141883364698E+017
   8.8766699999999997E-003   4.0833770241247117E+017
   8.8766100000000001E-003   4.1253938252828909E+017
   8.8765500000000004E-003   4.1669779354593062E+017
   8.8764900000000008E-003   4.2132529428826842E+017
   8.8764199999999994E-003   4.2640760478709971E+017
   8.8763399999999999E-003   4.3142906650443206E+017
   8.8762700000000003E-003   4.3639213981169440E+017
   8.8762000000000008E-003   4.4275822302703232E+017
   8.8760899999999997E-003   4.5047320723000250E+017
   8.8759800000000003E-003   4.5899643422777549E+017
   8.8758499999999994E-003   4.6828932790976627E+017
   8.8757200000000001E-003   4.7837893366207795E+017
   8.8755699999999993E-003   4.8922629286143411E+017
   8.8754100000000002E-003   4.9721945774228243E+017
   8.8753400000000007E-003   5.0247729418948314E+017
   8.8752699999999993E-003   5.1111773636430746E+017
   8.8751000000000003E-003   5.2299236266905734E+017
   8.8749399999999996E-003   5.3379109706437664E+017
   8.8748000000000004E-003   5.4114555601178874E+017
   8.8747400000000008E-003   5.4599146797051821E+017
   8.8746699999999994E-003   5.5159031708571181E+017
   8.8745800000000000E-003   5.5792080462983757E+017
   8.8745000000000004E-003   5.6727739544395661E+017
   8.8743299999999997E-003   5.7952410899585997E+017
   8.8741600000000007E-003   5.9151587640617306E+017
   8.8739999999999999E-003   6.0035734552489382E+017
   8.8739200000000004E-003   6.0617710890921766E+017
   8.8738500000000008E-003   6.1337333682088000E+017
   8.8737299999999998E-003   6.2190417741405862E+017
   8.8736200000000005E-003   6.3309995326339507E+017
   8.8734299999999999E-003   6.4684341262129766E+017
   8.8732499999999992E-003   6.5969755933671718E+017
   8.8730900000000001E-003   6.7170960267864998E+017
   8.8729299999999994E-003   6.8361229401390758E+017
   8.8727700000000003E-003   6.9540915685407834E+017
   8.8726199999999995E-003   7.0893105582814912E+017
   8.8724200000000007E-003   7.2409133881992960E+017
   8.8722200000000001E-003   7.3894821180898445E+017
   8.8720299999999995E-003   7.5351589761061414E+017
   8.8718400000000006E-003   7.6780798438589542E+017
   8.8716600000000000E-003   7.8183973053299725E+017
   8.8714799999999993E-003   7.9306345446722304E+017
   8.8713700000000000E-003   8.0158865577763750E+017
   8.8712600000000006E-003   8.1002607454183654E+017
   8.8711499999999995E-003   8.1837901489917965E+017
   8.8710500000000001E-003   8.3074949371263539E+017
   8.8708399999999996E-003   8.4698597557782797E+017
   8.8706299999999991E-003   8.6451123869381414E+017
   8.8703900000000006E-003   8.8326354257921280E+017
   8.8701600000000002E-003   9.0082288416014400E+017
   8.8699499999999997E-003   9.1724918371709517E+017
   8.8697499999999992E-003   9.3548519001484826E+017
   8.8695000000000006E-003   9.5549161130049920E+017
   8.8692600000000003E-003   9.7522728937770867E+017
   8.8690200000000000E-003   9.9470288480323904E+017
   8.8687899999999997E-003   1.0092125497379854E+018
   8.8686700000000004E-003   1.0236570082452365E+018
   8.8684400000000000E-003   1.0379958573959776E+018
   8.8683300000000007E-003   1.0494038671345220E+018
   8.8681699999999999E-003   1.0626532433318429E+018
   8.8680200000000008E-003   1.0757931114229412E+018
   8.8678699999999999E-003   1.0888267246834661E+018
   8.8677200000000008E-003   1.1063366226551575E+018
   8.8674700000000006E-003   1.1282118630930776E+018
   8.8672200000000003E-003   1.1500019274176142E+018
   8.8669700000000001E-003   1.1717135091525120E+018
   8.8667299999999998E-003   1.1966986617521313E+018
   8.8664199999999999E-003   1.2248493142519473E+018
   8.8661100000000000E-003   1.2457630505649024E+018
   8.8659600000000009E-003   1.2596467232310341E+018
   8.8658100000000000E-003   1.2803872798384558E+018
   8.8655100000000001E-003   1.3077990655152963E+018
   8.8652200000000000E-003   1.3348913752601546E+018
   8.8649400000000000E-003   1.3616795117062574E+018
   8.8646599999999999E-003   1.3916091816631729E+018
   8.8643200000000002E-003   1.4245679279004767E+018
   8.8639800000000005E-003   1.4571935301092946E+018
   8.8636500000000007E-003   1.4895048304022979E+018
   8.8633199999999992E-003   1.5214619341743457E+018
   8.8629999999999994E-003   1.5530842894581010E+018
   8.8626899999999995E-003   1.5782527655106429E+018
   8.8625000000000006E-003   1.5971541448078008E+018
   8.8623199999999999E-003   1.6159072049686661E+018
   8.8621299999999993E-003   1.6345162808859707E+018
   8.8619500000000004E-003   1.6623718065335506E+018
   8.8616000000000007E-003   1.6992036818637757E+018
   8.8612399999999994E-003   1.7387966752592768E+018
   8.8608400000000000E-003   1.7810472333626317E+018
   8.8604400000000007E-003   1.8229614065536000E+018
   8.8600499999999995E-003   1.8645605238097705E+018
   8.8596700000000000E-003   1.8969815825487196E+018
   8.8594499999999996E-003   1.9205107576814500E+018
   8.8592400000000009E-003   1.9439550536443917E+018
   8.8590300000000004E-003   1.9673175386911803E+018
   8.8588199999999999E-003   1.9964118580008041E+018
   8.8585000000000001E-003   2.0310898693661066E+018
   8.8581900000000002E-003   2.0715625917752850E+018
   8.8577800000000009E-003   2.1176321797030436E+018
   8.8573799999999998E-003   2.1633547859123935E+018
   8.8569800000000004E-003   2.2087496231483092E+018
   8.8565899999999993E-003   2.2425071571118108E+018
   8.8563900000000004E-003   2.2649502256243950E+018
   8.8561999999999998E-003   2.2903348436267085E+018
   8.8559599999999995E-003   2.3186020974247767E+018
   8.8557199999999992E-003   2.3608114837406940E+018
   8.8552400000000003E-003   2.4165123552282163E+018
   8.8547799999999996E-003   2.4578743189397658E+018
   8.8545499999999992E-003   2.4853466041327734E+018
   8.8543200000000006E-003   2.5157508137055754E+018
   8.8540500000000005E-003   2.5490236848495754E+018
   8.8537800000000003E-003   2.5820132956596931E+018
   8.8535100000000002E-003   2.6147281912288317E+018
   8.8532400000000001E-003   2.6476637629672264E+018
   8.8529699999999999E-003   2.6808166749726986E+018
   8.8527099999999997E-003   2.7304214821788262E+018
   8.8521799999999994E-003   2.7959406735189965E+018
   8.8516600000000008E-003   2.8446373788979164E+018
   8.8514100000000005E-003   2.8770447160181903E+018
   8.8511500000000003E-003   2.9124807394256742E+018
   8.8508500000000004E-003   2.9508803298762010E+018
   8.8505500000000004E-003   2.9889587243455406E+018
   8.8502600000000004E-003   3.0460533517101092E+018
   8.8496800000000004E-003   3.1030745932087491E+018
   8.8493900000000004E-003   3.1410804674719457E+018
   8.8491000000000004E-003   3.1787898939458422E+018
   8.8488100000000004E-003   3.2303687277516544E+018
   8.8483199999999998E-003   3.2954175121307776E+018
   8.8478399999999992E-003   3.3607013921134044E+018
   8.8473500000000004E-003   3.4262220866230200E+018
   8.8468699999999997E-003   3.4888971616531476E+018
   8.8464300000000006E-003   3.5484928199781632E+018
   8.8459999999999997E-003   3.5965303521763016E+018
   8.8457199999999996E-003   3.6335392782117473E+018
   8.8454499999999995E-003   3.6917716670188288E+018
   8.8448599999999995E-003   3.7699975781933839E+018
   8.8442799999999995E-003   3.8308145721748255E+018
   8.8439499999999997E-003   3.8752691270502656E+018
   8.8436100000000000E-003   3.9401761035139548E+018
   8.8429800000000003E-003   4.0253885376914831E+018
   8.8423600000000005E-003   4.1170479343067300E+018
   8.8416599999999995E-003   4.2154526034407521E+018
   8.8409800000000000E-003   4.2930736446972959E+018
   8.8405900000000006E-003   4.3496338907137188E+018
   8.8402099999999994E-003   4.4062638675978138E+018
   8.8398200000000000E-003   4.4629593210860498E+018
   8.8394400000000005E-003   4.5410082909303532E+018
   8.8387699999999993E-003   4.6397534737878057E+018
   8.8381199999999997E-003   4.7262150766142065E+018
   8.8376300000000008E-003   4.8008107461520681E+018
   8.8371400000000003E-003   4.8697716778664847E+018
   8.8367199999999993E-003   4.9647663317407908E+018
   8.8359100000000006E-003   5.0957436088984566E+018
   8.8350300000000007E-003   5.1971083504366776E+018
   8.8346099999999997E-003   5.2639767133340672E+018
   8.8341800000000005E-003   5.3635222554995016E+018
   8.8333500000000002E-003   5.4946618028329257E+018
   8.8325399999999998E-003   5.6202810788087357E+018
   8.8317900000000008E-003   5.7237146008011551E+018
   8.8312600000000005E-003   5.8092068556088064E+018
   8.8307400000000001E-003   5.9335991560471306E+018
   8.8297500000000008E-003   6.0954402991525222E+018
   8.8287799999999996E-003   6.2592487294201006E+018
   8.8277900000000003E-003   6.4249641879651308E+018
   8.8268200000000008E-003   6.5725293477655183E+018
   8.8260500000000002E-003   6.7027037304223734E+018
   8.8252999999999995E-003   6.8618238529620214E+018
   8.8242200000000007E-003   7.0023335906621706E+018
   8.8236800000000004E-003   7.0949947775877857E+018
   8.8231600000000000E-003   7.2240876937019617E+018
   8.8222200000000004E-003   7.3884475004942868E+018
   8.8213100000000006E-003   7.5160773994501304E+018
   8.8207900000000002E-003   7.6081210143498209E+018
   8.8202899999999997E-003   7.7250479405830799E+018
   8.8194999999999992E-003   7.8661735823707177E+018
   8.8187300000000003E-003   8.0452495636985559E+018
   8.8175500000000004E-003   8.2117098707807478E+018
   8.8169300000000006E-003   8.3445908163883674E+018
   8.8161200000000002E-003   8.4931875770168361E+018
   8.8153399999999996E-003   8.6750463973479188E+018
   8.8141999999999995E-003   8.8357726556212797E+018
   8.8136299999999994E-003   8.9418770957187635E+018
   8.8130799999999992E-003   9.1060218257521695E+018
   8.8119300000000008E-003   9.2715591970826609E+018
   8.8113600000000007E-003   9.3808451484370862E+018
   8.8108000000000006E-003   9.5001270624769556E+018
   8.8101299999999994E-003   9.6291609850997842E+018
   8.8094799999999997E-003   9.7935021728177336E+018
   8.8084600000000006E-003   9.9919405889036411E+018
   8.8074699999999995E-003   1.0158038215872408E+019
   8.8067900000000001E-003   1.0292866358208033E+019
   8.8061200000000006E-003   1.0427655039277984E+019
   8.8054499999999994E-003   1.0636672911190446E+019
   8.8040600000000007E-003   1.0915767344612162E+019
   8.8027000000000001E-003   1.1199764659085797E+019
   8.8012799999999999E-003   1.1416600417051271E+019
   8.8005900000000005E-003   1.1559459652232477E+019
   8.7998999999999994E-003   1.1781481861858421E+019
   8.7984499999999993E-003   1.2078937200702841E+019
   8.7970400000000008E-003   1.2380777186174380E+019
   8.7955700000000008E-003   1.2610771058452576E+019
   8.7948399999999999E-003   1.2761769958196537E+019
   8.7941300000000007E-003   1.2916474618827676E+019
   8.7933700000000000E-003   1.3074511796955920E+019
   8.7926199999999993E-003   1.3230520893518877E+019
   8.7918900000000001E-003   1.3384435832399679E+019
   8.7911599999999993E-003   1.3541851917268210E+019
   8.7903800000000004E-003   1.3702319712810217E+019
   8.7896199999999997E-003   1.3938375350557389E+019
   8.7881200000000000E-003   1.4173948570668362E+019
   8.7873299999999994E-003   1.4335211142530189E+019
   8.7865500000000006E-003   1.4493560851859628E+019
   8.7857800000000000E-003   1.4648983562845813E+019
   8.7850199999999993E-003   1.4807951244999262E+019
   8.7842200000000006E-003   1.4968407577717924E+019
   8.7834200000000001E-003   1.5125360732431286E+019
   8.7826399999999995E-003   1.5279084366976238E+019
   8.7818600000000007E-003   1.5435026557133937E+019
   8.7810400000000004E-003   1.5592631901601393E+019
   8.7802300000000000E-003   1.5746400342048825E+019
   8.7794299999999995E-003   1.5896700664622066E+019
   8.7786400000000007E-003   1.6048797459029580E+019
   8.7778000000000005E-003   1.6202223174103425E+019
   8.7769700000000003E-003   1.6351529152164196E+019
   8.7761499999999999E-003   1.6497374259452383E+019
   8.7753499999999995E-003   1.6644705823060935E+019
   8.7744899999999994E-003   1.6793437798201649E+019
   8.7736499999999992E-003   1.6938109910598070E+019
   8.7728100000000007E-003   1.7079812265544628E+019
   8.7719900000000003E-003   1.7223232588717388E+019
   8.7711200000000003E-003   1.7368456805351006E+019
   8.7702600000000002E-003   1.7510131543722017E+019
   8.7694100000000001E-003   1.7649411912927304E+019
   8.7685699999999998E-003   1.7790914320234727E+019
   8.7676799999999999E-003   1.7934770861472952E+019
   8.7667999999999999E-003   1.8075729304772739E+019
   8.7659399999999998E-003   1.8214868840520585E+019
   8.7650799999999997E-003   1.8357148500332210E+019
   8.7641699999999999E-003   1.8501518565873947E+019
   8.7632800000000000E-003   1.8641406222501753E+019
   8.7624000000000000E-003   1.8784438012100407E+019
   8.7615300000000000E-003   1.9012204020049162E+019
   8.7596900000000005E-003   1.9310693665524523E+019
   8.7579100000000007E-003   1.9531689995169075E+019
   8.7569699999999993E-003   1.9685086378357232E+019
   8.7560399999999997E-003   1.9836471620085563E+019
   8.7551199999999999E-003   1.9991803192690794E+019
   8.7542200000000001E-003   2.0241937873656623E+019
   8.7523199999999992E-003   2.0568456150969381E+019
   8.7504699999999998E-003   2.0809298575599325E+019
   8.7494900000000004E-003   2.0977940582626820E+019
   8.7485299999999992E-003   2.1231845849595507E+019
   8.7466400000000000E-003   2.1577705643427996E+019
   8.7446699999999995E-003   2.1837911318048408E+019
   8.7437100000000000E-003   2.2015155267255513E+019
   8.7427500000000005E-003   2.2301256578857669E+019
   8.7407500000000003E-003   2.2672758593107255E+019
   8.7387899999999998E-003   2.3041158645626601E+019
   8.7367499999999997E-003   2.3322658330431496E+019
   8.7357500000000005E-003   2.3509987713466802E+019
   8.7347599999999994E-003   2.3807086611679715E+019
   8.7326899999999995E-003   2.4202591921110430E+019
   8.7306599999999995E-003   2.4606271291297563E+019
   8.7285399999999999E-003   2.5017639680453218E+019
   8.7264800000000000E-003   2.5322715348064494E+019
   8.7253999999999995E-003   2.5534700607021728E+019
   8.7243200000000007E-003   2.5862348885813891E+019
   8.7221499999999997E-003   2.6293088729440330E+019
   8.7200300000000001E-003   2.6723897032524923E+019
   8.7178900000000007E-003   2.7170929735339164E+019
   8.7156500000000001E-003   2.7626471548638822E+019
   8.7134699999999992E-003   2.7963609834246652E+019
   8.7123200000000008E-003   2.8321863530298204E+019
   8.7100700000000003E-003   2.8729873141922111E+019
   8.7083799999999999E-003   2.9088427916326253E+019
   8.7066399999999999E-003   2.9512721192559522E+019
   8.7043799999999994E-003   3.0005084163637330E+019
   8.7020099999999996E-003   3.0435785847555658E+019
   8.7002799999999995E-003   3.0806993000446341E+019
   8.6984899999999997E-003   3.1195380382743937E+019
   8.6966999999999999E-003   3.1577492805451010E+019
   8.6949400000000000E-003   3.1947620412592026E+019
   8.6932299999999997E-003   3.2305780804832834E+019
   8.6915499999999993E-003   3.2624004286799933E+019
   8.6901800000000005E-003   3.2910173299577426E+019
   8.6888299999999998E-003   3.3216956567509570E+019
   8.6872800000000003E-003   3.3536382687498060E+019
   8.6857500000000008E-003   3.3853438410868982E+019
   8.6841599999999998E-003   3.4177017348120072E+019
   8.6826000000000004E-003   3.4576521946815648E+019
   8.6803599999999998E-003   3.5014674803160379E+019
   8.6781700000000007E-003   3.5364188255981654E+019
   8.6765799999999997E-003   3.5663766425025491E+019
   8.6750100000000004E-003   3.6040889454122516E+019
   8.6727100000000001E-003   3.6450794410026041E+019
   8.6704699999999996E-003   3.6776332095395312E+019
   8.6688100000000008E-003   3.7047823340265120E+019
   8.6671800000000000E-003   3.7308803747847545E+019
   8.6655399999999994E-003   3.7564486694544679E+019
   8.6639200000000003E-003   3.7873950452228841E+019
   8.6615800000000003E-003   3.8202507544674189E+019
   8.6593099999999999E-003   3.8480490511965315E+019
   8.6572699999999999E-003   3.8729442500329341E+019
   8.6552899999999995E-003   3.8961003346361836E+019
   8.6532499999999995E-003   3.9181992164012827E+019
   8.6512700000000008E-003   3.9407959043242197E+019
   8.6488999999999993E-003   3.9632795358974427E+019
   8.6465899999999991E-003   3.9839433743557861E+019
   8.6442199999999993E-003   4.0024720970643603E+019
   8.6419200000000009E-003   4.0157153535691743E+019
   8.6402300000000005E-003   4.0279053022695064E+019
   8.6385899999999998E-003   4.0460051876540965E+019
   8.6355400000000006E-003   4.0665624695543276E+019
   8.6326100000000006E-003   4.0812328739352158E+019
   8.6305700000000006E-003   4.0940851521763140E+019
   8.6285800000000003E-003   4.1077392078751146E+019
   8.6265600000000001E-003   4.1217350520410022E+019
   8.6245899999999997E-003   4.1440013257346744E+019
   8.6206200000000007E-003   4.1674573536715866E+019
   8.6186300000000004E-003   4.1845957079228695E+019
   8.6166899999999998E-003   4.2064586336331973E+019
   8.6140000000000001E-003   4.2263033353388417E+019
   8.6126899999999992E-003   4.2400706120569741E+019
   8.6114000000000000E-003   4.2626478077445816E+019
   8.6087100000000003E-003   4.2864415096437334E+019
   8.6073999999999994E-003   4.3074226298392248E+019
   8.6054300000000007E-003   4.3342419710806589E+019
   8.6034100000000006E-003   4.3577603286777012E+019
   8.6020999999999997E-003   4.3875513497829949E+019
   8.5994399999999999E-003   4.4190251284806566E+019
   8.5980999999999991E-003   4.4408575841611244E+019
   8.5967800000000000E-003   4.4693454301282476E+019
   8.5947899999999997E-003   4.5055906063021326E+019
   8.5927599999999996E-003   4.5371828910115561E+019
   8.5914400000000005E-003   4.5628662104471224E+019
   8.5901299999999996E-003   4.6039368439758807E+019
   8.5873900000000003E-003   4.6540924767706759E+019
   8.5853900000000000E-003   4.6910950645337489E+019
   8.5840299999999994E-003   4.7302748689939456E+019
   8.5819699999999995E-003   4.7868084480142139E+019
   8.5792799999999999E-003   4.8369023053672636E+019
   8.5778699999999996E-003   4.8811211977352610E+019
   8.5757999999999997E-003   4.9346060250822091E+019
   8.5737699999999997E-003   5.0002023043100533E+019
   8.5709400000000008E-003   5.0635620325314847E+019
   8.5691799999999992E-003   5.1133271901355336E+019
   8.5674600000000007E-003   5.1753943552776069E+019
   8.5649599999999999E-003   5.2489683060695441E+019
   8.5625200000000005E-003   5.3309273357893796E+019
   8.5596000000000005E-003   5.3983221712676766E+019
   8.5581700000000004E-003   5.4438079560756666E+019
   8.5567600000000001E-003   5.5222122722792866E+019
   8.5533999999999992E-003   5.6321261127156261E+019
   8.5501399999999995E-003   5.7189551862449422E+019
   8.5482500000000003E-003   5.8025824458815275E+019
   8.5452700000000006E-003   5.9152390920613691E+019
   8.5418500000000001E-003   6.0169050025289761E+019
   8.5395899999999997E-003   6.0932114513449615E+019
   8.5376299999999992E-003   6.1647783797404705E+019
   8.5357100000000002E-003   6.2537796411211366E+019
   8.5329399999999993E-003   6.3556886715014873E+019
   8.5302199999999998E-003   6.4532535736194597E+019
   8.5278200000000002E-003   6.5450046594123629E+019
   8.5254600000000003E-003   6.6237720491673592E+019
   8.5238199999999997E-003   6.6884772980871307E+019
   8.5222000000000006E-003   6.7832709226179207E+019
   8.5190800000000001E-003   6.9098681868942746E+019
   8.5160300000000008E-003   7.0039369607639523E+019
   8.5144599999999997E-003   7.0690683141425717E+019
   8.5129000000000003E-003   7.1493699751001653E+019
   8.5106599999999998E-003   7.2440550962509013E+019
   8.5084600000000007E-003   7.3661906215949484E+019
   8.5050000000000004E-003   7.5185603822159151E+019
   8.5015100000000003E-003   7.6847583228891775E+019
   8.4975799999999994E-003   7.8347478836387119E+019
   8.4948999999999997E-003   7.9598965018461356E+019
   8.4921600000000003E-003   8.1144932976296149E+019
   8.4883300000000005E-003   8.3212616784260645E+019
   8.4834999999999997E-003   8.4892338001643536E+019
   8.4813700000000002E-003   8.5930780130392474E+019
   8.4792700000000006E-003   8.7154605931687444E+019
   8.4764400000000000E-003   8.8591662257985602E+019
   8.4735200000000000E-003   9.0052343957979611E+019
   8.4706499999999997E-003   9.1538442147240870E+019
   8.4676999999999999E-003   9.3065907951412396E+019
   8.4647200000000002E-003   9.4600803522881815E+019
   8.4617900000000003E-003   9.5907203854778843E+019
   8.4597300000000004E-003   9.7520966458090078E+019
   8.4556700000000002E-003   1.0000401224041418E+020
   8.4505099999999996E-003   1.0238686014804799E+020
   8.4468700000000004E-003   1.0424488637294315E+020
   8.4437000000000002E-003   1.0601468566298041E+020
   8.4404800000000002E-003   1.0842609307482482E+020
   8.4350799999999993E-003   1.1094734148839157E+020
   8.4315199999999996E-003   1.1250350299178734E+020
   8.4296100000000006E-003   1.1428140578637264E+020
   8.4253599999999998E-003   1.1672748404045744E+020
   8.4212000000000002E-003   1.1861687231239235E+020
   8.4189000000000000E-003   1.1996311815099784E+020
   8.4166299999999996E-003   1.2195211964248343E+020
   8.4122299999999997E-003   1.2455937257400227E+020
   8.4079099999999993E-003   1.2639963393625426E+020
   8.4061099999999996E-003   1.2748555981992154E+020
   8.4043299999999998E-003   1.2932936298744031E+020
   8.4000800000000007E-003   1.3192017721398270E+020
   8.3959099999999995E-003   1.3385818743318782E+020
   8.3937500000000002E-003   1.3519973822955214E+020
   8.3916100000000007E-003   1.3709944921925984E+020
   8.3876999999999997E-003   1.3955081999953717E+020
   8.3838599999999999E-003   1.4163500317394233E+020
   8.3811600000000003E-003   1.4335899766854744E+020
   8.3784900000000006E-003   1.4532826026647159E+020
   8.3750700000000001E-003   1.4753948297356388E+020
   8.3716899999999993E-003   1.5006474056871857E+020
   8.3673700000000007E-003   1.5289648790624780E+020
   8.3631299999999999E-003   1.5550474812189524E+020
   8.3595300000000004E-003   1.5888420602282289E+020
   8.3530900000000005E-003   1.6203537070392426E+020
   8.3502300000000002E-003   1.6410821391044424E+020
   8.3470500000000000E-003   1.6629289599679883E+020
   8.3438999999999996E-003   1.6967399897710028E+020
   8.3373700000000002E-003   1.7422931840083837E+020
   8.3309800000000000E-003   1.7895495940049138E+020
   8.3241400000000007E-003   1.8384823156844754E+020
   8.3174600000000005E-003   1.8757871293418593E+020
   8.3138599999999993E-003   1.9022471505600063E+020
   8.3102999999999996E-003   1.9303182450241510E+020
   8.3063300000000007E-003   1.9599938706552101E+020
   8.3023999999999997E-003   1.9882169666177086E+020
   8.2988599999999999E-003   2.0150221934186837E+020
   8.2953699999999998E-003   2.0472838623352517E+020
   8.2904699999999994E-003   2.0849324340297073E+020
   8.2856500000000003E-003   2.1268249145964321E+020
   8.2797700000000005E-003   2.1728460356759906E+020
   8.2740100000000000E-003   2.2159917185073231E+020
   8.2689600000000005E-003   2.2564246013583894E+020
   8.2639900000000006E-003   2.2984054308943072E+020
   8.2585899999999997E-003   2.3381754533509441E+020
   8.2543700000000005E-003   2.3729974634732362E+020
   8.2501999999999992E-003   2.4200536485406435E+020
   8.2431599999999994E-003   2.4791737222654817E+020
   8.2362600000000005E-003   2.5352811754280875E+020
   8.2301200000000005E-003   2.5881814260613864E+020
   8.2240799999999999E-003   2.6376572496457918E+020
   8.2187400000000004E-003   2.7018837616343980E+020
   8.2096600000000006E-003   2.7588289572151499E+020
   8.2060599999999994E-003   2.7913871884470937E+020
   8.2024899999999998E-003   2.8400066814004255E+020
   8.1954599999999999E-003   2.9045154326197921E+020
   8.1885499999999993E-003   2.9570015102240522E+020
   8.1842300000000007E-003   2.9976065286784405E+020
   8.1799500000000001E-003   3.0454231595470009E+020
   8.1741899999999996E-003   3.1003878919549249E+020
   8.1685200000000003E-003   3.1616780939025672E+020
   8.1615799999999999E-003   3.2443711462168062E+020
   8.1517299999999994E-003   3.3283358876620312E+020
   8.1447399999999993E-003   3.3835076881154330E+020
   8.1408000000000001E-003   3.4460704054574462E+020
   8.1325200000000007E-003   3.5308108764727378E+020
   8.1243900000000004E-003   3.5953889940042364E+020
   8.1201299999999997E-003   3.6402093609351492E+020
   8.1159000000000005E-003   3.6848819837732474E+020
   8.1117199999999993E-003   3.7294369459589487E+020
   8.1075799999999996E-003   3.7989259927413562E+020
   8.0988799999999993E-003   3.8931482963047213E+020
   8.0903499999999996E-003   3.9899577273559482E+020
   8.0814300000000006E-003   4.0893498703127020E+020
   8.0726800000000005E-003   4.1652344263262614E+020
   8.0680900000000000E-003   4.2177966156431924E+020
   8.0635499999999992E-003   4.2702336947180536E+020
   8.0590400000000000E-003   4.3225492208266202E+020
   8.0545900000000004E-003   4.4041774900467145E+020
   8.0452200000000005E-003   4.5148569291534035E+020
   8.0360399999999995E-003   4.5989370201178885E+020
   8.0312200000000004E-003   4.6574824769131315E+020
   8.0264499999999992E-003   4.7159025713268942E+020
   8.0217199999999995E-003   4.7741983017850031E+020
   8.0170399999999996E-003   4.8651258259084653E+020
   8.0072100000000007E-003   4.9885149502975889E+020
   7.9975700000000007E-003   5.1150704639747398E+020
   7.9875099999999997E-003   5.2454117370598366E+020
   7.9776299999999994E-003   5.3450201800912123E+020
   7.9724500000000007E-003   5.4140172651356986E+020
   7.9673200000000000E-003   5.4828888669484502E+020
   7.9622400000000006E-003   5.5516509324083357E+020
   7.9572099999999993E-003   5.6588776030388755E+020
   7.9466499999999995E-003   5.8044527432252064E+020
   7.9362900000000004E-003   5.9150699727721542E+020
   7.9308499999999997E-003   5.9921395001714134E+020
   7.9254700000000004E-003   6.0690879159199138E+020
   7.9201400000000009E-003   6.1459149429379524E+020
   7.9148599999999993E-003   6.2657550923074411E+020
   7.9037900000000008E-003   6.4285130992381854E+020
   7.8929199999999995E-003   6.5958381265242279E+020
   7.8815799999999991E-003   6.7680199464040373E+020
   7.8704599999999993E-003   6.8997099933664412E+020
   7.8646199999999993E-003   6.9909522934860887E+020
   7.8588500000000006E-003   7.0820825861369181E+020
   7.8531299999999998E-003   7.1731167078415676E+020
   7.8474600000000005E-003   7.3150436620089924E+020
   7.8355700000000000E-003   7.5078953030362700E+020
   7.8239099999999999E-003   7.6545946212215947E+020
   7.8177999999999997E-003   7.7567679589798471E+020
   7.8117400000000002E-003   7.9096957213895977E+020
   7.7998099999999999E-003   8.1199881735404100E+020
   7.7873500000000002E-003   8.2824271338182345E+020
   7.7812100000000002E-003   8.3902905332092712E+020
   7.7751299999999999E-003   8.5586377499296426E+020
   7.7623900000000001E-003   8.7875099598406707E+020
   7.7498799999999998E-003   8.9616278253489973E+020
   7.7433299999999997E-003   9.0829759767710912E+020
   7.7368400000000000E-003   9.2363068499435192E+020
   7.7270200000000002E-003   9.4220838763383462E+020
   7.7173399999999996E-003   9.6112232881593791E+020
   7.7073999999999997E-003   9.8042915034443625E+020
   7.6975999999999998E-003   1.0003317192290366E+021
   7.6873400000000000E-003   1.0208147208784816E+021
   7.6772200000000002E-003   1.0417089971604615E+021
   7.6668300000000003E-003   1.0695003620564899E+021
   7.6503999999999999E-003   1.0996729076308185E+021
   7.6381699999999997E-003   1.1260359780399634E+021
   7.6258300000000001E-003   1.1530480939005871E+021
   7.6133800000000003E-003   1.1843401808268729E+021
   7.5976100000000003E-003   1.2163585505788148E+021
   7.5849799999999998E-003   1.2458791468096734E+021
   7.5718900000000004E-003   1.2763937515898415E+021
   7.5587900000000001E-003   1.3057172829174586E+021
   7.5470900000000002E-003   1.3331005370433963E+021
   7.5359499999999996E-003   1.3659195349550506E+021
   7.5201199999999999E-003   1.4014581940966292E+021
   7.5070800000000002E-003   1.4321451723145305E+021
   7.4954200000000000E-003   1.4635862709460297E+021
   7.4816400000000003E-003   1.5002423448236938E+021
   7.4665299999999999E-003   1.5323004261330851E+021
   7.4565999999999999E-003   1.5613921130330037E+021
   7.4426300000000004E-003   1.5982125923364787E+021
   7.4262000000000000E-003   1.6320693677237516E+021
   7.4103800000000003E-003   1.6638086717472983E+021
   7.3957199999999997E-003   1.6831197250832656E+021
   7.3816699999999999E-003   1.6945977818981340E+021
   7.3657999999999996E-003   1.6771815792868846E+021
   7.3595300000000004E-003   1.6951655533263944E+021
   7.3446900000000001E-003   1.6302577756894952E+021
   7.3252600000000001E-003   1.6087189820942307E+021
   7.3114800000000004E-003   1.5177928965731621E+021
   7.2981699999999997E-003   1.3829991192783400E+021
   7.2830300000000002E-003   1.3104179826260509E+021
   7.2691500000000003E-003   1.2674912507759011E+021
   7.2632599999999997E-003   1.2086364585671768E+021
   7.2573999999999998E-003   1.1571919191396421E+021
   7.2431099999999997E-003   1.1167465424456398E+021
   7.2373799999999999E-003   1.0956698485224895E+021
   7.2308199999999998E-003   1.0573876851265156E+021
   7.2257199999999997E-003   1.0575061672264313E+021
   7.2176300000000001E-003   1.0410992392652826E+021
   7.2124499999999996E-003   1.0203991567750356E+021
   7.2075999999999998E-003   1.0113992031515709E+021
   7.2031999999999999E-003   1.0175620748817241E+021
   7.1979599999999998E-003   1.0064573866755943E+021
   7.1921600000000004E-003   1.0036125373009124E+021
   7.1863999999999999E-003   1.0073088344748584E+021
   7.1828999999999999E-003   1.0112836666072819E+021
   7.1781400000000004E-003   1.0152226148311317E+021
   7.1757599999999998E-003   1.0185435918710401E+021
   7.1739799999999999E-003   1.0236926678060356E+021
   7.1698200000000004E-003   1.0294707602862241E+021
   7.1674399999999997E-003   1.0350917442763263E+021
   7.1641300000000003E-003   1.0420081320580971E+021
   7.1614199999999999E-003   1.0546425340597088E+021
   7.1553800000000002E-003   1.0724991359163302E+021
   7.1508500000000003E-003   1.0856093991836371E+021
   7.1457300000000003E-003   1.1103761414589373E+021
   7.1397400000000003E-003   1.1326409407090608E+021
   7.1350399999999996E-003   1.1523792937466997E+021
   7.1305400000000003E-003   1.1752045361958216E+021
   7.1261900000000001E-003   1.1942296205213392E+021
   7.1222300000000002E-003   1.2181799548650563E+021
   7.1171999999999997E-003   1.2376171461244619E+021
   7.1151299999999999E-003   1.2545888937397628E+021
   7.1110000000000001E-003   1.2754007456308530E+021
   7.1082599999999999E-003   1.2951327213680439E+021
   7.1041600000000000E-003   1.3137083559646805E+021
   7.1021100000000000E-003   1.3321708549936445E+021
   7.0981200000000003E-003   1.3567750664091887E+021
   7.0942399999999999E-003   1.3754091459715746E+021
   7.0923000000000002E-003   1.3900453596754915E+021
   7.0897900000000003E-003   1.4147892100626081E+021
   7.0847699999999998E-003   1.4482058366304964E+021
   7.0797799999999999E-003   1.4822126980148756E+021
   7.0748100000000000E-003   1.5080671189910697E+021
   7.0723399999999999E-003   1.5228463932382084E+021
   7.0704799999999996E-003   1.5423784052948654E+021
   7.0667799999999999E-003   1.5685144976128685E+021
   7.0631499999999998E-003   1.5943716010029904E+021
   7.0595700000000003E-003   1.6198722644624264E+021
   7.0560500000000003E-003   1.6449898777918264E+021
   7.0525900000000001E-003   1.6741785215857305E+021
   7.0480700000000000E-003   1.7010894860162244E+021
   7.0452900000000001E-003   1.7214746434472371E+021
   7.0425100000000001E-003   1.7480815655045788E+021
   7.0379400000000003E-003   1.7777840029476677E+021
   7.0343599999999999E-003   1.8026097734313952E+021
   7.0311999999999996E-003   1.8242875104127099E+021
   7.0284500000000003E-003   1.8519473328858918E+021
   7.0238499999999999E-003   1.8862675806888901E+021
   7.0190499999999998E-003   1.9291485796288456E+021
   7.0128600000000001E-003   1.9614630061590506E+021
   7.0099400000000001E-003   1.9860159474728803E+021
   7.0070200000000001E-003   2.0200148426996656E+021
   7.0026600000000000E-003   2.0412778095782144E+021
   6.9968699999999997E-003   2.1028563516048154E+021
   6.9939900000000003E-003   2.1036431389170108E+021
   6.9911100000000000E-003   2.1235519088339908E+021
   6.9866499999999996E-003   2.1621800960216083E+021
   6.9804000000000003E-003   2.2131712306426332E+021
   6.9767800000000001E-003   2.2403538695412371E+021
   6.9706500000000001E-003   2.2953202399004941E+021
   6.9646200000000004E-003   2.3005287387231305E+021
   6.9611899999999999E-003   2.3261904056702521E+021
   6.9589900000000000E-003   2.3709984381334716E+021
   6.9546000000000000E-003   2.3836181419456541E+021
   6.9492699999999996E-003   2.4808898388867295E+021
   6.9461400000000000E-003   2.4641820942939754E+021
   6.9411300000000002E-003   2.4706051890115164E+021
   6.9386300000000003E-003   2.4837789159566203E+021
   6.9337699999999997E-003   2.5799088171419823E+021
   6.9266700000000002E-003   2.5850314671054756E+021
   6.9218099999999996E-003   2.6355758739946492E+021
   6.9169699999999997E-003   2.6644498146710368E+021
   6.9086599999999996E-003   2.6962430294497443E+021
   6.9042299999999999E-003   2.7416489977032291E+021
   6.9005500000000001E-003   2.7757462549439195E+021
   6.8968800000000002E-003   2.8161689636260990E+021
   6.8941999999999996E-003   2.8167254784352883E+021
   6.8921800000000004E-003   2.8504376357346209E+021
   6.8885200000000004E-003   2.8886328220654617E+021
   6.8869400000000002E-003   2.9221920204966210E+021
   6.8843999999999997E-003   2.9490120908293428E+021
   6.8823599999999997E-003   2.9885548839720447E+021
   6.8807900000000003E-003   2.9951023191794956E+021
   6.8792100000000002E-003   3.0167126969899743E+021
   6.8779200000000000E-003   3.0321051874445047E+021
   6.8766200000000000E-003   3.0463923641046501E+021
   6.8753399999999998E-003   3.0661913513762226E+021
   6.8740700000000004E-003   3.1044021591908072E+021
   6.8714700000000002E-003   3.1199016972107655E+021
   6.8688800000000000E-003   3.1320156468508911E+021
   6.8677499999999997E-003   3.1369903477512350E+021
   6.8666200000000004E-003   3.1861226888912920E+021
   6.8648099999999998E-003   3.1942201535763133E+021
   6.8630100000000001E-003   3.2023211935922609E+021
   6.8612100000000004E-003   3.2104258087152916E+021
   6.8594099999999998E-003   3.2437460926698409E+021
   6.8553700000000004E-003   3.2740446808592336E+021
   6.8513500000000000E-003   3.3191676119883873E+021
   6.8423700000000004E-003   3.3742703720581122E+021
   6.8224000000000002E-003   3.4562508499992440E+021
   6.8044999999999998E-003   3.5289248772891376E+021
   6.7901100000000002E-003   3.6036262492200496E+021
   6.7767100000000000E-003   3.6935040276710661E+021
   6.7569800000000001E-003   3.7963072654059152E+021
   6.7384899999999998E-003   3.8871660579321078E+021
   6.7220600000000002E-003   3.9743142613596840E+021
   6.7057100000000001E-003   4.0641072608849219E+021
   6.6895499999999998E-003   4.1608078278287111E+021
   6.6708100000000001E-003   4.2560098765844764E+021
   6.6552099999999999E-003   4.3457105260449523E+021
   6.6392300000000003E-003   4.4413092198745417E+021
   6.6218400000000004E-003   4.5457257200543701E+021
   6.6032799999999996E-003   4.6665927283407051E+021
   6.5808699999999999E-003   4.7836900726971176E+021
   6.5642799999999996E-003   4.8955491344853846E+021
   6.5443699999999999E-003   5.0192841502283509E+021
   6.5247100000000004E-003   5.1326830956518362E+021
   6.5084100000000001E-003   5.2203642463832800E+021
   6.4977600000000000E-003   5.3147097757140910E+021
   6.4793300000000002E-003   5.4128050609504072E+021
   6.4680299999999996E-003   5.5248133400101850E+021
   6.4456799999999996E-003   5.6544098788750404E+021
   6.4294199999999999E-003   5.7662059070741493E+021
   6.4133200000000001E-003   5.8689353655058893E+021
   6.4002000000000000E-003   5.9618306618164049E+021
   6.3871700000000002E-003   6.1168094741764852E+021
   6.3569600000000000E-003   6.3358935303913409E+021
   6.3272800000000002E-003   6.4986337946138963E+021
   6.3137300000000000E-003   6.6405568005138956E+021
   6.2900800000000000E-003   6.7710188326871189E+021
   6.2799300000000004E-003   6.9066802588643051E+021
   6.2555299999999996E-003   7.1000058687450471E+021
   6.2314600000000003E-003   7.2559947814069065E+021
   6.2175700000000004E-003   7.3691433111165600E+021
   6.2037799999999999E-003   7.5153354509114357E+021
   6.1824499999999999E-003   7.6958251687614674E+021
   6.1613700000000002E-003   7.8488674913512399E+021
   6.1471599999999996E-003   7.9715658390500289E+021
   6.1330600000000001E-003   8.1621460948628569E+021
   6.1040000000000001E-003   8.4226141756866303E+021
   6.0753600000000001E-003   8.6400250606268837E+021
   6.0569400000000002E-003   8.8126252045922080E+021
   6.0386800000000003E-003   8.9537973835461590E+021
   6.0276300000000000E-003   9.0584505301705110E+021
   6.0166400000000002E-003   9.2385667254646137E+021
   5.9904399999999997E-003   9.5473634059486379E+021
   5.9540900000000004E-003   9.8760654899843590E+021
   5.9255599999999999E-003   1.0117752585716832E+022
   5.9076199999999997E-003   1.0334215274512152E+022
   5.8844600000000002E-003   1.0580371696561640E+022
   5.8615500000000001E-003   1.0874874012124559E+022
   5.8304300000000002E-003   1.1222580540789200E+022
   5.7990500000000000E-003   1.1492756256322335E+022
   5.7831599999999999E-003   1.1674245756138885E+022
   5.7673899999999998E-003   1.1954366236306128E+022
   5.7350900000000000E-003   1.2336631696831686E+022
   5.7032300000000001E-003   1.2732203311690160E+022
   5.6703600000000002E-003   1.3139290184407071E+022
   5.6379300000000002E-003   1.3559174978903785E+022
   5.6044800000000002E-003   1.3994461832032230E+022
   5.5714600000000003E-003   1.4440657468562461E+022
   5.5374200000000004E-003   1.4902690124276288E+022
   5.5038200000000004E-003   1.5379584663318239E+022
   5.4691699999999998E-003   1.5869815828715227E+022
   5.4349600000000000E-003   1.6247496229273360E+022
   5.4174599999999998E-003   1.6504089637442134E+022
   5.4000699999999999E-003   1.6898758167419515E+022
   5.3644900000000004E-003   1.7437827027918364E+022
   5.3293400000000001E-003   1.7851369668232803E+022
   5.3113600000000002E-003   1.8133217563816522E+022
   5.2934999999999996E-003   1.8563961820579147E+022
   5.2573300000000002E-003   1.9154818854512704E+022
   5.2208300000000001E-003   1.9764211684146105E+022
   5.1840000000000002E-003   2.0392693256404515E+022
   5.1468399999999997E-003   2.1040911630415910E+022
   5.1093299999999996E-003   2.1709484199940524E+022
   5.0714799999999997E-003   2.2399065534394750E+022
   5.0332700000000003E-003   2.3110298450096908E+022
   4.9947100000000003E-003   2.3843832646871244E+022
   4.9557899999999998E-003   2.4600516461016929E+022
   4.9165099999999998E-003   2.5180630638392536E+022
   4.8966299999999999E-003   2.5577986428177415E+022
   4.8768500000000003E-003   2.5978976547097125E+022
   4.8567799999999998E-003   2.6388802647484000E+022
   4.8368100000000004E-003   2.6925197579348125E+022
   4.8050400000000000E-003   2.7588957946157218E+022
   4.7734900000000000E-003   2.8143539143093906E+022
   4.7529299999999998E-003   2.8585699673563652E+022
   4.7324699999999999E-003   2.9036333221315934E+022
   4.7117100000000000E-003   2.9493573333663103E+022
   4.6910399999999996E-003   2.9958390651403354E+022
   4.6700800000000001E-003   3.0430490977092520E+022
   4.6492100000000000E-003   3.0910735274601236E+022
   4.6280399999999999E-003   3.1398825685828728E+022
   4.6069600000000002E-003   3.1894962434914944E+022
   4.5855899999999996E-003   3.2399654043951198E+022
   4.5643000000000003E-003   3.2912657289572891E+022
   4.5427100000000002E-003   3.3434837081192831E+022
   4.5212000000000004E-003   3.3966307741900382E+022
   4.4993999999999998E-003   3.4506936560810268E+022
   4.4776699999999996E-003   3.5056844500132879E+022
   4.4556400000000003E-003   3.5617175668885794E+022
   4.4336899999999997E-003   3.6188034256443948E+022
   4.4114400000000000E-003   3.6769272313235416E+022
   4.3892599999999999E-003   3.7361824036676608E+022
   4.3667799999999998E-003   3.7964611854481563E+022
   4.3443600000000002E-003   3.8580592900380287E+022
   4.3216499999999998E-003   3.9208571864635429E+022
   4.2989899999999999E-003   3.9849815727289311E+022
   4.2760300000000001E-003   4.0504026893703371E+022
   4.2531399999999999E-003   4.1171277964093218E+022
   4.2300200000000001E-003   4.1854399028419302E+022
   4.2067800000000002E-003   4.2552909528424813E+022
   4.1834200000000002E-003   4.3267576532530885E+022
   4.1599200000000001E-003   4.3998779307319989E+022
   4.1362899999999999E-003   4.4748485754725901E+022
   4.1125399999999996E-003   4.5516421507084943E+022
   4.0886400000000002E-003   4.6305823460485405E+022
   4.0646199999999997E-003   4.7115840503540731E+022
   4.0404500000000001E-003   4.7948135881585224E+022
   4.0161499999999996E-003   4.8804557700590050E+022
   3.9916999999999999E-003   4.9685093261847315E+022
   3.9671100000000003E-003   5.0590863705390801E+022
   3.9423799999999997E-003   5.1523730142498010E+022
   3.9175000000000000E-003   5.2484206275243410E+022
   3.8924599999999999E-003   5.3473134220621803E+022
   3.8672799999999998E-003   5.4495099517183833E+022
   3.8419399999999999E-003   5.5549616874360131E+022
   3.8164499999999999E-003   5.6642166486362340E+022
   3.7907900000000000E-003   5.7780223147504289E+022
   3.7649799999999998E-003   5.8968076009428606E+022
   3.7389900000000002E-003   6.0197750632453052E+022
   3.7128500000000002E-003   6.1457355601195582E+022
   3.6865299999999999E-003   6.2739705396027206E+022
   3.6600299999999999E-003   6.4044951588773795E+022
   3.6333600000000000E-003   6.5373271075962655E+022
   3.6065099999999998E-003   6.6724864583855052E+022
   3.5794799999999999E-003   6.8099956728536437E+022
   3.5522599999999998E-003   6.9498788453981127E+022
   3.5248400000000000E-003   7.0921612951915394E+022
   3.4972300000000000E-003   7.2368703131931919E+022
   3.4694299999999999E-003   7.3840339982136738E+022
   3.4414200000000002E-003   7.5336816358273751E+022
   3.4131999999999999E-003   7.6858433430470741E+022
   3.3847700000000001E-003   7.8405499861245433E+022
   3.3561300000000001E-003   7.9978334538259270E+022
   3.3272599999999999E-003   8.1577258524559739E+022
   3.2981600000000001E-003   8.3202602670356825E+022
   3.2688399999999999E-003   8.4854702581346063E+022
   3.2392699999999998E-003   8.6533892368572256E+022
   3.2094599999999999E-003   8.8240518256582950E+022
   3.1794100000000001E-003   8.9974921240391430E+022
   3.1490899999999998E-003   9.1737452257151482E+022
   3.1185100000000001E-003   9.3528461062398043E+022
   3.0876599999999999E-003   9.5348298428681837E+022
   3.0565300000000000E-003   9.7197314614046424E+022
   3.0251200000000001E-003   9.9075863036824876E+022
   2.9934100000000002E-003   1.0098430013076718E+023
   2.9613999999999999E-003   1.0292297320603206E+023
   2.9290800000000001E-003   1.0489223706526122E+023
   2.8964300000000002E-003   1.0689243819062668E+023
   2.8634600000000000E-003   1.0892392611957773E+023
   2.8301400000000001E-003   1.1098704453052751E+023
   2.7964600000000002E-003   1.1308213293528453E+023
   2.7624199999999998E-003   1.1520952776551140E+023
   2.7279900000000000E-003   1.1736956092733529E+023
   2.6931799999999999E-003   1.1956255247576281E+023
   2.6579500000000001E-003   1.2178883247273219E+023
   2.6223000000000002E-003   1.2404870213652440E+023
   2.5862099999999998E-003   1.2634246476199706E+023
   2.5496600000000000E-003   1.2867041599658860E+023
   2.5126300000000001E-003   1.3103283443830200E+023
   2.4751000000000000E-003   1.3342998926562607E+023
   2.4370500000000001E-003   1.3586213960121647E+023
   2.3984499999999999E-003   1.3832952353623673E+023
   2.3592900000000000E-003   1.4083236290794355E+023
   2.3195199999999998E-003   1.4336992450410623E+023
   2.2791199999999999E-003   1.4594994394243941E+023
   2.2380600000000000E-003   1.4856602121806396E+023
   2.1963000000000000E-003   1.5121828463389745E+023
   2.1537900000000000E-003   1.5390684110391442E+023
   2.1105099999999999E-003   1.5663176745986336E+023
   2.0663900000000000E-003   1.5939133666779025E+023
   2.0213900000000001E-003   1.6219440487586852E+023
   1.9754400000000002E-003   1.6503444384339575E+023
   1.9284700000000001E-003   1.6790463704850663E+023
   1.8807500000000000E-003   1.7082446235433631E+023
   1.8312000000000001E-003   1.7378604870449965E+023
   1.7807100000000000E-003   1.7677445488088134E+023
   1.7288500000000001E-003   1.7930894991591469E+023
   1.6892599999999999E-003   1.8165803676028756E+023
   1.6481800000000000E-003   1.8505734921255455E+023
   1.5708100000000000E-003   1.8816098443554601E+023
   1.5274900000000001E-003   1.9062046142713057E+023
   1.4820600000000001E-003   1.9432514951899243E+023
   1.3879200000000000E-003   1.9816480769208815E+023
   1.3229200000000000E-003   2.0142576923111211E+023
   1.2551299999999999E-003   2.0459815333321491E+023
   1.1802600000000000E-003   2.0806790861490538E+023
   1.1005399999999999E-003   2.1144814232611658E+023
   1.0087600000000000E-003   2.1535645321281693E+023
   8.9930999999999995E-004   2.2012109517750081E+023
   7.0638999999999999E-004   2.2430487290737400E+023
   5.6780999999999997E-004   2.2722973157034828E+023
   4.8413999999999998E-004   2.2889329214318658E+023
   3.8297000000000000E-004   2.2988090356306040E+023
   3.1385000000000001E-004   2.3104191606027712E+023
   2.5071000000000002E-004   2.3100016771991430E+023
   2.0164000000000000E-004   2.3193888344234976E+023
   1.6417000000000000E-004   2.3195552299381068E+023
   1.3642999999999999E-004   2.3236490488170561E+023
   1.1689000000000000E-004   2.3235161750224711E+023
   1.0404000000000000E-004   2.3254745991902382E+023
   8.6870000000000000E-005   2.3264163116492605E+023
   6.8949999999999995E-005   2.3268407513071880E+023
   5.4719999999999998E-005   2.3279043621404675E+023
   4.3430000000000003E-005   2.3281491392360234E+023
   3.4470000000000000E-005   2.3282688588050021E+023
   2.7359999999999999E-005   2.3286869998764202E+023
   2.1710000000000001E-005   2.3287436788539018E+023
   1.7240000000000001E-005   2.3289385333563991E+023
   1.3679999999999999E-005   2.3291280163587178E+023
