   8.9374099999999998E-003   267282703145856.94     
   8.9373700000000000E-003   421139245818532.31     
   8.9373400000000002E-003   531451701760909.06     
   8.9373300000000003E-003   622431225152484.38     
   8.9373100000000004E-003   702255510838525.00     
   8.9373000000000005E-003   774575500350578.25     
   8.9372900000000005E-003   841223116161414.62     
   8.9372800000000006E-003   903435797375262.00     
   8.9372800000000006E-003   962099199845429.38     
   8.9372700000000006E-003   1017832485007619.2     
   8.9372600000000007E-003   1071106542377232.2     
   8.9372500000000007E-003   1122268521376480.2     
   8.9372500000000007E-003   1171570813668635.8     
   8.9372400000000008E-003   1219218111671131.2     
   8.9372400000000008E-003   1265357273955506.0     
   8.9372299999999991E-003   1310104717422922.5     
   8.9372299999999991E-003   1353562638542452.5     
   8.9372199999999992E-003   1395820006741400.5     
   8.9372199999999992E-003   1436953858187380.8     
   8.9372099999999993E-003   1477033567204202.8     
   8.9372099999999993E-003   1525686668769556.2     
   8.9371999999999993E-003   1582319574045544.8     
   8.9371999999999993E-003   1637161683422819.0     
   8.9371899999999994E-003   1690413083080373.8     
   8.9371899999999994E-003   1733752205381066.8     
   8.9371899999999994E-003   1767735772612063.8     
   8.9371799999999994E-003   1801186073001967.8     
   8.9371799999999994E-003   1834137363636063.2     
   8.9371799999999994E-003   1874630221056794.8     
   8.9371699999999995E-003   1922376231789499.0     
   8.9371699999999995E-003   1969223693396101.5     
   8.9371599999999995E-003   2015241052277866.5     
   8.9371599999999995E-003   2053029111565786.2     
   8.9371599999999995E-003   2082869051472084.5     
   8.9371499999999996E-003   2112397644073986.0     
   8.9371499999999996E-003   2141627802668340.8     
   8.9371499999999996E-003   2184875782242552.5     
   8.9371399999999997E-003   2227632314666800.2     
   8.9371399999999997E-003   2255776395101923.5     
   8.9371399999999997E-003   2297479240001929.0     
   8.9371399999999997E-003   2352330696945048.0     
   8.9371299999999997E-003   2406290161545904.0     
   8.9371299999999997E-003   2459402522990089.5     
   8.9371199999999998E-003   2498745223830033.5     
   8.9371199999999998E-003   2524704122125158.0     
   8.9371199999999998E-003   2550473621116954.5     
   8.9371199999999998E-003   2576058554582321.0     
   8.9371199999999998E-003   2614064366321637.5     
   8.9371099999999998E-003   2664177059001652.5     
   8.9371099999999998E-003   2713620300029014.5     
   8.9371099999999998E-003   2762419458794665.5     
   8.9370999999999999E-003   2818536332078436.0     
   8.9370999999999999E-003   2881705666904462.5     
   8.9370900000000000E-003   2943850559105334.0     
   8.9370900000000000E-003   3005002415394758.0     
   8.9370800000000000E-003   3065186771184816.0     
   8.9370800000000000E-003   3124423092054990.5     
   8.9370800000000000E-003   3182727305151621.5     
   8.9370700000000001E-003   3240109676263872.5     
   8.9370700000000001E-003   3303555700185689.0     
   8.9370700000000001E-003   3372739056802250.0     
   8.9370600000000001E-003   3440548640731131.5     
   8.9370600000000001E-003   3490559048520089.0     
   8.9370500000000002E-003   3523467221434155.5     
   8.9370500000000002E-003   3572197715748176.0     
   8.9370500000000002E-003   3636120813184351.0     
   8.9370400000000003E-003   3698837337316875.0     
   8.9370400000000003E-003   3760399237782466.0     
   8.9370400000000003E-003   3820857208414827.0     
   8.9370300000000003E-003   3880260512812302.0     
   8.9370300000000003E-003   3938656649436245.5     
   8.9370300000000003E-003   3996089013018950.5     
   8.9370200000000004E-003   4052600460803448.0     
   8.9370200000000004E-003   4108223941039037.5     
   8.9370200000000004E-003   4189948613594815.5     
   8.9370100000000004E-003   4283145348209556.5     
   8.9370100000000004E-003   4361058814279362.0     
   8.9370000000000005E-003   4437266885022306.0     
   8.9370000000000005E-003   4493390369365236.5     
   8.9369900000000006E-003   4530276001477467.0     
   8.9369900000000006E-003   4584836359031915.0     
   8.9369900000000006E-003   4656344764006014.0     
   8.9369800000000006E-003   4760808431540327.0     
   8.9369800000000006E-003   4862687877140281.0     
   8.9369700000000007E-003   4928991560526936.0     
   8.9369700000000007E-003   4994162165813472.0     
   8.9369600000000007E-003   5058242276223445.0     
   8.9369600000000007E-003   5121262269294122.0     
   8.9369600000000007E-003   5183241427125391.0     
   8.9369500000000008E-003   5244189179127193.0     
   8.9369500000000008E-003   5304106793443181.0     
   8.9369500000000008E-003   5372694874690614.0     
   8.9369400000000009E-003   5449436870182591.0     
   8.9369400000000009E-003   5561220171483356.0     
   8.9369299999999992E-003   5669815940219653.0     
   8.9369199999999992E-003   5740328963612298.0     
   8.9369199999999992E-003   5809560099760184.0     
   8.9369099999999993E-003   5877591470296524.0     
   8.9369099999999993E-003   5952732206637529.0     
   8.9369099999999993E-003   6034653762644733.0     
   8.9368999999999994E-003   6114936001714590.0     
   8.9368999999999994E-003   6193633621320433.0     
   8.9368899999999994E-003   6270807527985460.0     
   8.9368899999999994E-003   6346524480682145.0     
   8.9368799999999995E-003   6457296968442664.0     
   8.9368699999999995E-003   6572759468222824.0     
   8.9368699999999995E-003   6657231591299047.0     
   8.9368599999999996E-003   6740118104442768.0     
   8.9368599999999996E-003   6821494662221180.0     
   8.9368499999999997E-003   6901418143846637.0     
   8.9368499999999997E-003   6979938303308457.0     
   8.9368399999999997E-003   7057108326736881.0     
   8.9368399999999997E-003   7132980593235711.0     
   8.9368299999999998E-003   7207607191601776.0     
   8.9368299999999998E-003   7281042541763728.0     
   8.9368199999999998E-003   7353345899921102.0     
   8.9368199999999998E-003   7424578616689633.0     
   8.9368099999999999E-003   7529335223969641.0     
   8.9368099999999999E-003   7666033826170552.0     
   8.9368000000000000E-003   7799308265077567.0     
   8.9367900000000000E-003   7929404936380982.0     
   8.9367800000000001E-003   8056511818801208.0     
   8.9367700000000001E-003   8180795800472174.0     
   8.9367600000000002E-003   8302416919637310.0     
   8.9367600000000002E-003   8421548602494063.0     
   8.9367500000000002E-003   8538375782186654.0     
   8.9367400000000003E-003   8653054758569948.0     
   8.9367300000000004E-003   8765712418948484.0     
   8.9367300000000004E-003   8876459234909536.0     
   8.9367200000000004E-003   8985400332213652.0     
   8.9367100000000005E-003   9092652743822052.0     
   8.9367000000000005E-003   9198333626489498.0     
   8.9367000000000005E-003   9302544902097146.0     
   8.9366900000000006E-003   9455887325083642.0     
   8.9366800000000007E-003   9655605469110320.0     
   8.9366700000000007E-003   9801646415862812.0     
   8.9366600000000008E-003   9896969788216004.0     
   8.9366500000000008E-003   9990882681500496.0     
   8.9366500000000008E-003   10083476417849562.     
   8.9366399999999992E-003   10204850272953546.     
   8.9366299999999992E-003   10353899011989168.     
   8.9366199999999993E-003   10499859480588682.     
   8.9366099999999993E-003   10607567473320898.     
   8.9366099999999993E-003   10678364401408112.     
   8.9365999999999994E-003   10783114076441316.     
   8.9365899999999995E-003   10920728449159862.     
   8.9365799999999995E-003   11055850175133934.     
   8.9365699999999996E-003   11188606839969000.     
   8.9365599999999996E-003   11319163453347296.     
   8.9365599999999996E-003   11447685141996544.     
   8.9365499999999997E-003   11636551381002246.     
   8.9365299999999998E-003   11822567155372590.     
   8.9365199999999999E-003   11944389448450216.     
   8.9365099999999999E-003   12064765154399810.     
   8.9365099999999999E-003   12183739656843620.     
   8.9365000000000000E-003   12359296245952320.     
   8.9364800000000001E-003   12588829764133128.     
   8.9364700000000002E-003   12812512975089342.     
   8.9364500000000003E-003   13030555822424942.     
   8.9364400000000004E-003   13217376586175646.     
   8.9364300000000004E-003   13374755221332312.     
   8.9364200000000005E-003   13529944441729726.     
   8.9364000000000006E-003   13683050458975178.     
   8.9363900000000007E-003   13908302944958880.     
   8.9363700000000008E-003   14130126146179230.     
   8.9363600000000008E-003   14275289274178504.     
   8.9363499999999992E-003   14418637448403552.     
   8.9363399999999992E-003   14560247804949684.     
   8.9363299999999993E-003   14769147574518378.     
   8.9363199999999993E-003   15042775715386788.     
   8.9362999999999995E-003   15310337690053968.     
   8.9362799999999996E-003   15571831574570488.     
   8.9362599999999997E-003   15827212023146352.     
   8.9362399999999998E-003   16076713008591476.     
   8.9362299999999999E-003   16320901279276912.     
   8.9362100000000000E-003   16560470468009148.     
   8.9361900000000001E-003   16796006002208880.     
   8.9361800000000002E-003   17027857418215232.     
   8.9361600000000003E-003   17256214893993410.     
   8.9361500000000003E-003   17518155882686582.     
   8.9361300000000005E-003   17812281779440716.     
   8.9361100000000006E-003   18100771225073252.     
   8.9360900000000007E-003   18383830430667064.     
   8.9360700000000008E-003   18661628507493956.     
   8.9360499999999992E-003   18866875882199928.     
   8.9360399999999993E-003   19002013054952696.     
   8.9360299999999993E-003   19202272303120048.     
   8.9360099999999994E-003   19465597929451168.     
   8.9359899999999996E-003   19724517133916464.     
   8.9359799999999996E-003   19979131035585200.     
   8.9359599999999997E-003   20291179560391284.     
   8.9359299999999999E-003   20657635403485868.     
   8.9359100000000000E-003   20927369840578944.     
   8.9359000000000001E-003   21192180702546824.     
   8.9358700000000003E-003   21453729571455292.     
   8.9358600000000003E-003   21654233609775180.     
   8.9358400000000004E-003   21880783270668100.     
   8.9358300000000005E-003   22104547615025968.     
   8.9358100000000006E-003   22325625799588000.     
   8.9358000000000007E-003   22652021958562576.     
   8.9357700000000009E-003   22973803142365176.     
   8.9357499999999992E-003   23185138824705936.     
   8.9357399999999993E-003   23445970912518256.     
   8.9357199999999994E-003   23754636733222064.     
   8.9356999999999995E-003   24208143583646856.     
   8.9356599999999998E-003   24653187054621660.     
   8.9356399999999999E-003   24944129869917180.     
   8.9356200000000000E-003   25230956334085884.     
   8.9356000000000001E-003   25513743170844624.     
   8.9355800000000003E-003   25930136673888776.     
   8.9355400000000005E-003   26473630160915596.     
   8.9355000000000007E-003   26916814943062732.     
   8.9354800000000009E-003   27264882574279092.     
   8.9354499999999993E-003   27650153178285228.     
   8.9354199999999995E-003   28071190483665976.     
   8.9353999999999996E-003   28485105255175088.     
   8.9353699999999998E-003   28892252540413200.     
   8.9353399999999999E-003   29391769962015996.     
   8.9353000000000002E-003   29834115468016488.     
   8.9352800000000003E-003   30124739814384148.     
   8.9352600000000004E-003   30412352802945008.     
   8.9352400000000005E-003   30697038747341432.     
   8.9352200000000007E-003   31118308050437908.     
   8.9351799999999992E-003   31670890187756880.     
   8.9351499999999993E-003   32212843599431432.     
   8.9351099999999996E-003   32744819358500560.     
   8.9350699999999998E-003   33267389383626528.     
   8.9350400000000000E-003   33865432321011100.     
   8.9349900000000003E-003   34535053974905760.     
   8.9349500000000005E-003   35109465735616180.     
   8.9349200000000007E-003   35593371177251052.     
   8.9348799999999992E-003   36070041523138496.     
   8.9348499999999994E-003   36539741083053264.     
   8.9348199999999996E-003   37079029578205968.     
   8.9347799999999998E-003   37684881149817768.     
   8.9347400000000000E-003   38279901756587512.     
   8.9347000000000003E-003   38864695904847464.     
   8.9346600000000005E-003   39439769546045456.     
   8.9346200000000008E-003   40005567745221640.     
   8.9345899999999992E-003   40562580833131160.     
   8.9345499999999994E-003   41111264804332400.     
   8.9345099999999997E-003   41652026246464728.     
   8.9344799999999999E-003   42185226451799968.     
   8.9344400000000001E-003   42841271664986272.     
   8.9343900000000004E-003   43614998552941384.     
   8.9343400000000007E-003   44249197931580168.     
   8.9343100000000009E-003   44749599580850904.     
   8.9342699999999994E-003   45244223475681152.     
   8.9342399999999995E-003   45733228915395488.     
   8.9342099999999997E-003   46455950537435712.     
   8.9341500000000001E-003   47402166484167960.     
   8.9340900000000004E-003   48099215535756912.     
   8.9340600000000006E-003   48557501015814032.     
   8.9340300000000008E-003   49123520021146040.     
   8.9339799999999994E-003   49793522311822160.     
   8.9339399999999996E-003   50453627139446840.     
   8.9338999999999998E-003   51104330221832960.     
   8.9338500000000001E-003   51851899318546328.     
   8.9338000000000004E-003   52692173775695112.     
   8.9337500000000007E-003   53313146480740200.     
   8.9337199999999992E-003   53722579459077240.     
   8.9336899999999993E-003   54330257242226064.     
   8.9336399999999996E-003   55130068035896384.     
   8.9335899999999999E-003   55918255341755304.     
   8.9335400000000002E-003   56695315725057608.     
   8.9334900000000005E-003   57839821112033968.     
   8.9333899999999994E-003   59331788673481456.     
   8.9332999999999999E-003   60426818454078752.     
   8.9332500000000002E-003   61145024261537384.     
   8.9332100000000005E-003   61854490772668104.     
   8.9331600000000008E-003   62555421407546528.     
   8.9331199999999993E-003   63419659340444608.     
   8.9330599999999996E-003   64440714177208592.     
   8.9329900000000000E-003   65278753137304512.     
   8.9329500000000003E-003   65940708057914104.     
   8.9329100000000005E-003   66757962997467816.     
   8.9328500000000009E-003   67725086513073064.     
   8.9327899999999995E-003   68677834676503832.     
   8.9327299999999998E-003   69616932712419896.     
   8.9326700000000002E-003   70543008510655920.     
   8.9326200000000005E-003   71456584640942008.     
   8.9325600000000008E-003   72358136200982320.     
   8.9324999999999995E-003   73248110621027168.     
   8.9324499999999998E-003   74126931924471056.     
   8.9324000000000001E-003   74994984928115520.     
   8.9323400000000004E-003   75994343563953344.     
   8.9322700000000008E-003   77119949840950400.     
   8.9321999999999995E-003   77953142560604096.     
   8.9321699999999997E-003   78503160189119168.     
   8.9321399999999999E-003   79440620257227728.     
   8.9320600000000003E-003   80752162945291312.     
   8.9319800000000008E-003   81779981458639264.     
   8.9319299999999994E-003   82534634200173008.     
   8.9318899999999996E-003   83467678399867616.     
   8.9318200000000000E-003   84573461385950656.     
   8.9317500000000005E-003   85664546233514480.     
   8.9316900000000008E-003   86741632080983904.     
   8.9316199999999995E-003   87981121461722240.     
   8.9315400000000000E-003   89376823150119536.     
   8.9314500000000005E-003   90409768926825632.     
   8.9314100000000007E-003   91091582283585456.     
   8.9313699999999992E-003   92104388262354800.     
   8.9312899999999997E-003   93437999420548864.     
   8.9312100000000002E-003   94752615976812160.     
   8.9311400000000006E-003   96048977635555248.     
   8.9310599999999993E-003   97327766790057152.     
   8.9309799999999998E-003   98589613835580144.     
   8.9309100000000002E-003   99835108064432608.     
   8.9308400000000007E-003   1.0106483664825429E+017
   8.9307699999999993E-003   1.0227940037367494E+017
   8.9306899999999998E-003   1.0347939328744986E+017
   8.9306300000000002E-003   1.0495942777243480E+017
   8.9305200000000008E-003   1.0670849399573989E+017
   8.9304199999999997E-003   1.0814467996136229E+017
   8.9303500000000001E-003   1.0927981641118741E+017
   8.9302900000000004E-003   1.1040336054594910E+017
   8.9302200000000009E-003   1.1151572236944146E+017
   8.9301599999999995E-003   1.1289078112864462E+017
   8.9300700000000000E-003   1.1451993561624261E+017
   8.9299700000000006E-003   1.1612690947318510E+017
   8.9298799999999994E-003   1.1771263603426262E+017
   8.9297899999999999E-003   1.1927792787452406E+017
   8.9297000000000005E-003   1.2082354148827238E+017
   8.9296199999999992E-003   1.2209725843875426E+017
   8.9295599999999996E-003   1.2310690292456395E+017
   8.9294999999999999E-003   1.2460616374514059E+017
   8.9293900000000006E-003   1.2657925016353146E+017
   8.9292799999999995E-003   1.2828207147344536E+017
   8.9292000000000000E-003   1.2972433875845224E+017
   8.9291200000000005E-003   1.3115128461392426E+017
   8.9290399999999992E-003   1.3256333291466000E+017
   8.9289599999999997E-003   1.3419228487656741E+017
   8.9288600000000003E-003   1.3603097785569013E+017
   8.9287600000000009E-003   1.3784601801655038E+017
   8.9286599999999997E-003   1.3963844181491691E+017
   8.9285600000000003E-003   1.4140919528922075E+017
   8.9284599999999992E-003   1.4315909914038813E+017
   8.9283699999999997E-003   1.4488878656600381E+017
   8.9282700000000003E-003   1.4659883480893629E+017
   8.9281800000000008E-003   1.4828981264939853E+017
   8.9280899999999996E-003   1.4996228027445782E+017
   8.9280000000000002E-003   1.5161679759477037E+017
   8.9279100000000007E-003   1.5325393875293741E+017
   8.9278199999999995E-003   1.5527644630042931E+017
   8.9276900000000003E-003   1.5767048176057891E+017
   8.9275699999999993E-003   1.5963904081716765E+017
   8.9274799999999998E-003   1.6119677132830198E+017
   8.9274000000000003E-003   1.6273997054156381E+017
   8.9273200000000007E-003   1.6426906268341005E+017
   8.9272399999999995E-003   1.6653656583900470E+017
   8.9270800000000004E-003   1.6951487438030931E+017
   8.9269199999999996E-003   1.7171623206194806E+017
   8.9268400000000001E-003   1.7316841076485597E+017
   8.9267700000000005E-003   1.7532439502156218E+017
   8.9266199999999997E-003   1.7816046925875878E+017
   8.9264700000000006E-003   1.8025974758848867E+017
   8.9263999999999993E-003   1.8164605042050291E+017
   8.9263299999999997E-003   1.8370630884807315E+017
   8.9261800000000006E-003   1.8641990450036278E+017
   8.9260499999999996E-003   1.8909622120957728E+017
   8.9259100000000004E-003   1.9173680350240429E+017
   8.9257699999999995E-003   1.9447425281620656E+017
   8.9256300000000004E-003   1.9807023889281018E+017
   8.9254099999999999E-003   2.0173251125276931E+017
   8.9252499999999992E-003   2.0397478115052205E+017
   8.9251799999999996E-003   2.0619284487838352E+017
   8.9250300000000005E-003   2.0911544014901683E+017
   8.9248799999999996E-003   2.1199909045645120E+017
   8.9247400000000005E-003   2.1484521406077738E+017
   8.9245899999999996E-003   2.1835168677500938E+017
   8.9243800000000009E-003   2.2248923264740717E+017
   8.9241800000000003E-003   2.2722371160691117E+017
   8.9239100000000002E-003   2.3252112858135837E+017
   8.9236500000000000E-003   2.3641970583993363E+017
   8.9235300000000007E-003   2.3898413098623206E+017
   8.9233999999999997E-003   2.4152232752322669E+017
   8.9232800000000004E-003   2.4403516724135427E+017
   8.9231499999999995E-003   2.4683273950438656E+017
   8.9230000000000004E-003   2.4990631179952109E+017
   8.9228499999999995E-003   2.5294449044338986E+017
   8.9227100000000004E-003   2.5594864603289840E+017
   8.9225599999999995E-003   2.5980481248339354E+017
   8.9223400000000008E-003   2.6447878772510230E+017
   8.9221100000000005E-003   2.6964507655428026E+017
   8.9218400000000003E-003   2.7527765886931075E+017
   8.9215700000000002E-003   2.8139315737985514E+017
   8.9212600000000003E-003   2.8796351405692618E+017
   8.9209500000000004E-003   2.9280036100457670E+017
   8.9207999999999996E-003   2.9598290333541818E+017
   8.9206500000000005E-003   3.0121555512777632E+017
   8.9203100000000007E-003   3.0840192350061133E+017
   8.9199799999999992E-003   3.1493961432661350E+017
   8.9196999999999992E-003   3.2086975175149632E+017
   8.9194300000000008E-003   3.2766656055736890E+017
   8.9190799999999994E-003   3.3528412832208077E+017
   8.9187399999999997E-003   3.4274964332849229E+017
   8.9183999999999999E-003   3.5007257653236205E+017
   8.9180800000000001E-003   3.5547756897620467E+017
   8.9179199999999993E-003   3.5903989792754989E+017
   8.9177600000000003E-003   3.6344855744976531E+017
   8.9175299999999999E-003   3.6867723286449850E+017
   8.9172999999999995E-003   3.7554614332819680E+017
   8.9169300000000000E-003   3.8397888167669920E+017
   8.9165700000000004E-003   3.9186776629854106E+017
   8.9162600000000005E-003   3.9924224816330810E+017
   8.9159500000000006E-003   4.0655247060394221E+017
   8.9156400000000007E-003   4.1380242730782534E+017
   8.9153400000000008E-003   4.2212245266836717E+017
   8.9149499999999996E-003   4.3146116273488262E+017
   8.9145700000000001E-003   4.4062811706699398E+017
   8.9142000000000006E-003   4.4963342134661638E+017
   8.9138399999999993E-003   4.5848648656536422E+017
   8.9134999999999995E-003   4.6719613480135994E+017
   8.9131599999999998E-003   4.7417381207103661E+017
   8.9129499999999993E-003   4.7948231028067117E+017
   8.9127400000000006E-003   4.8474207745801274E+017
   8.9125400000000000E-003   4.8995469276683648E+017
   8.9123399999999995E-003   4.9768661154876109E+017
   8.9119500000000001E-003   5.0784604782613990E+017
   8.9115800000000005E-003   5.1883028943160352E+017
   8.9111399999999997E-003   5.3060054952053197E+017
   8.9107100000000005E-003   5.4164039466229613E+017
   8.9103299999999993E-003   5.5198687691156058E+017
   8.9099599999999998E-003   5.6344326339870227E+017
   8.9095200000000006E-003   5.7596171103419654E+017
   8.9090799999999998E-003   5.8827058736821350E+017
   8.9086600000000005E-003   6.0038235074901478E+017
   8.9082499999999995E-003   6.0937786881147238E+017
   8.9080500000000007E-003   6.1833123771000166E+017
   8.9076499999999996E-003   6.2719050815064896E+017
   8.9074600000000007E-003   6.3423625945398528E+017
   8.9071900000000006E-003   6.4240665614530662E+017
   8.9069200000000005E-003   6.5049947200286989E+017
   8.9066600000000003E-003   6.5851776586976128E+017
   8.9064000000000001E-003   6.6928317123287654E+017
   8.9059699999999992E-003   6.8270624450684173E+017
   8.9055499999999999E-003   6.9605876788469709E+017
   8.9051400000000006E-003   7.0934555514832870E+017
   8.9047299999999996E-003   7.2462132422493722E+017
   8.9042099999999992E-003   7.4180540363603789E+017
   8.9037000000000005E-003   7.5455324033728960E+017
   8.9034500000000003E-003   7.6301641677207872E+017
   8.9032000000000000E-003   7.7566089924555123E+017
   8.9027199999999994E-003   7.9235660383556557E+017
   8.9022500000000004E-003   8.0885159677584179E+017
   8.9017799999999998E-003   8.2515735556494707E+017
   8.9013300000000007E-003   8.4337648930103347E+017
   8.9007800000000005E-003   8.6343503836804186E+017
   8.9002500000000002E-003   8.8329196350134618E+017
   8.8997199999999999E-003   9.0295976836390835E+017
   8.8992099999999994E-003   9.2241671658918387E+017
   8.8987100000000006E-003   9.4167647070651046E+017
   8.8982300000000000E-003   9.5700816222287181E+017
   8.8979400000000000E-003   9.6852825938171174E+017
   8.8976500000000000E-003   9.7996108802734912E+017
   8.8973699999999999E-003   9.9130912844751795E+017
   8.8970899999999999E-003   1.0083057032702314E+018
   8.8965399999999997E-003   1.0307832375430156E+018
   8.8960099999999993E-003   1.0549598417293491E+018
   8.8953999999999995E-003   1.0807573482332261E+018
   8.8948099999999995E-003   1.1064257562492012E+018
   8.8942199999999996E-003   1.1319186680401085E+018
   8.8936499999999995E-003   1.1517982049429116E+018
   8.8933299999999996E-003   1.1662358252929902E+018
   8.8930199999999997E-003   1.1806285265773176E+018
   8.8926999999999999E-003   1.1949781871900680E+018
   8.8923900000000000E-003   1.2128599782828877E+018
   8.8919399999999992E-003   1.2341866848832082E+018
   8.8914900000000002E-003   1.2590994256635909E+018
   8.8908900000000003E-003   1.2874825289067077E+018
   8.8903100000000002E-003   1.3156815426828278E+018
   8.8897400000000001E-003   1.3437090239892339E+018
   8.8891800000000000E-003   1.3645707473103247E+018
   8.8888999999999999E-003   1.3784522244943199E+018
   8.8886299999999998E-003   1.3941643687759442E+018
   8.8882900000000001E-003   1.4116746501681416E+018
   8.8879500000000004E-003   1.4378532391756792E+018
   8.8872799999999991E-003   1.4724505863207040E+018
   8.8866399999999995E-003   1.4981789904337085E+018
   8.8863199999999996E-003   1.5152867150698688E+018
   8.8859999999999998E-003   1.5342368242111427E+018
   8.8856200000000003E-003   1.5549942232710244E+018
   8.8852400000000008E-003   1.5755953976594524E+018
   8.8848699999999996E-003   1.5960456215126610E+018
   8.8845100000000000E-003   1.6166551107321825E+018
   8.8841400000000004E-003   1.6374222646213747E+018
   8.8837699999999992E-003   1.6685360249648799E+018
   8.8830500000000000E-003   1.7096972965330388E+018
   8.8823500000000007E-003   1.7403348311062833E+018
   8.8820099999999992E-003   1.7607454331767214E+018
   8.8816699999999995E-003   1.7830827025957722E+018
   8.8812600000000002E-003   1.8073105257232128E+018
   8.8808600000000008E-003   1.8313593552993149E+018
   8.8804699999999997E-003   1.8674644955772342E+018
   8.8796900000000008E-003   1.9035746317749673E+018
   8.8792999999999997E-003   1.9276728726366103E+018
   8.8789200000000002E-003   1.9516057768584187E+018
   8.8785500000000007E-003   1.9843775628308946E+018
   8.8778999999999993E-003   2.0257645849254318E+018
   8.8772599999999997E-003   2.0673632572393073E+018
   8.8766200000000000E-003   2.1091731782058788E+018
   8.8760000000000002E-003   2.1492461301630515E+018
   8.8754300000000001E-003   2.1876379527141527E+018
   8.8748600000000000E-003   2.2189345583885220E+018
   8.8745100000000004E-003   2.2432920287849009E+018
   8.8741600000000007E-003   2.2820494708457027E+018
   8.8734000000000000E-003   2.3348291404072863E+018
   8.8726499999999993E-003   2.3762590541732224E+018
   8.8722300000000000E-003   2.4066556361189304E+018
   8.8718100000000008E-003   2.4510518423192991E+018
   8.8710000000000004E-003   2.5090691182182016E+018
   8.8702199999999998E-003   2.5707916015834501E+018
   8.8693399999999999E-003   2.6360941260308403E+018
   8.8684899999999997E-003   2.6870549734471567E+018
   8.8680100000000008E-003   2.7240686534898401E+018
   8.8675300000000002E-003   2.7609668038160215E+018
   8.8670499999999996E-003   2.7976078191064279E+018
   8.8665800000000006E-003   2.8474734748948342E+018
   8.8657500000000004E-003   2.9097044247648947E+018
   8.8649499999999999E-003   2.9636801684160635E+018
   8.8643400000000001E-003   3.0101234330567434E+018
   8.8637400000000002E-003   3.0531523528316744E+018
   8.8632299999999997E-003   3.1128682256397082E+018
   8.8622300000000005E-003   3.1965564998752527E+018
   8.8611599999999999E-003   3.2625470269329367E+018
   8.8606399999999995E-003   3.3065212179480714E+018
   8.8601200000000008E-003   3.3721827743907717E+018
   8.8591099999999999E-003   3.4588054525697664E+018
   8.8581200000000006E-003   3.5419052991662484E+018
   8.8572200000000007E-003   3.6104154845857490E+018
   8.8565799999999993E-003   3.6670993771849692E+018
   8.8559499999999996E-003   3.7496647871710679E+018
   8.8547599999999997E-003   3.8572359387789594E+018
   8.8536099999999996E-003   3.9662790825283763E+018
   8.8524199999999997E-003   4.0767504620903480E+018
   8.8512699999999996E-003   4.1752497541187640E+018
   8.8503599999999998E-003   4.2622370708790390E+018
   8.8494699999999999E-003   4.3686857116634363E+018
   8.8481900000000006E-003   4.4627835641004672E+018
   8.8475700000000008E-003   4.5248930038736625E+018
   8.8469499999999993E-003   4.6114908838822994E+018
   8.8458500000000006E-003   4.7218607208965888E+018
   8.8447800000000000E-003   4.8076535876927826E+018
   8.8441800000000001E-003   4.8695725803427369E+018
   8.8435900000000001E-003   4.9482868489313116E+018
   8.8426700000000004E-003   5.0433790067169434E+018
   8.8417800000000005E-003   5.1641769145656617E+018
   8.8404099999999999E-003   5.2766063255359867E+018
   8.8396800000000008E-003   5.3664466844179220E+018
   8.8387499999999994E-003   5.4670146872011448E+018
   8.8378399999999996E-003   5.5902357308552663E+018
   8.8365300000000004E-003   5.6992828046819809E+018
   8.8358900000000008E-003   5.7713366643356498E+018
   8.8352499999999994E-003   5.8829069507448535E+018
   8.8339200000000003E-003   5.9955729606447401E+018
   8.8332700000000007E-003   6.0700257297728410E+018
   8.8326299999999993E-003   6.1513549368096625E+018
   8.8318700000000003E-003   6.2394167059538125E+018
   8.8311199999999996E-003   6.3516837789241815E+018
   8.8299699999999995E-003   6.4874486274197156E+018
   8.8288399999999993E-003   6.6012566901722665E+018
   8.8280700000000004E-003   6.6937400699862600E+018
   8.8273099999999997E-003   6.7863005201811466E+018
   8.8265400000000008E-003   6.9300010386605425E+018
   8.8249699999999997E-003   7.1222882331756247E+018
   8.8234300000000002E-003   7.3184199759084001E+018
   8.8218299999999993E-003   7.4685403633260175E+018
   8.8210500000000004E-003   7.5675961863843133E+018
   8.8202799999999998E-003   7.7217819527195720E+018
   8.8186500000000008E-003   7.9289650892148920E+018
   8.8170699999999998E-003   8.1399163868044165E+018
   8.8154199999999992E-003   8.3011839085438761E+018
   8.8146100000000005E-003   8.4073479514605588E+018
   8.8138200000000000E-003   8.5163397932351642E+018
   8.8129699999999998E-003   8.6279704706020516E+018
   8.8121399999999996E-003   8.7384458527669135E+018
   8.8113199999999992E-003   8.8477388317994609E+018
   8.8105100000000006E-003   8.9598138324561787E+018
   8.8096500000000005E-003   9.0744439850122332E+018
   8.8088000000000003E-003   9.2437800780286525E+018
   8.8071399999999998E-003   9.4138441961259909E+018
   8.8062699999999997E-003   9.5307659780268974E+018
   8.8053999999999997E-003   9.6460798847380316E+018
   8.8045499999999995E-003   9.7597810700860027E+018
   8.8037099999999993E-003   9.8763775535909089E+018
   8.8028199999999994E-003   9.9948769395181179E+018
   8.8019499999999994E-003   1.0111461301708757E+019
   8.8010799999999993E-003   1.0226260789014878E+019
   8.8002299999999992E-003   1.0343365588876542E+019
   8.7993199999999994E-003   1.0462485495160308E+019
   8.7984299999999994E-003   1.0579494334760073E+019
   8.7975499999999995E-003   1.0694568108409876E+019
   8.7966799999999994E-003   1.0811774751680698E+019
   8.7957599999999997E-003   1.0930860446861965E+019
   8.7948599999999998E-003   1.1047654443319515E+019
   8.7939600000000000E-003   1.1162473916251922E+019
   8.7930800000000000E-003   1.1279298533223191E+019
   8.7921400000000004E-003   1.1398054675292416E+019
   8.7912200000000006E-003   1.1514498140363864E+019
   8.7903100000000008E-003   1.1629161223357577E+019
   8.7894099999999992E-003   1.1745962012190962E+019
   8.7884599999999997E-003   1.1864910055560399E+019
   8.7875200000000001E-003   1.1981748318280434E+019
   8.7866000000000003E-003   1.2097049835872829E+019
   8.7856800000000006E-003   1.2214762195280054E+019
   8.7847199999999993E-003   1.2334918753495679E+019
   8.7837599999999998E-003   1.2453249575340392E+019
   8.7828200000000002E-003   1.2570299498182588E+019
   8.7818900000000005E-003   1.2690253516210952E+019
   8.7809099999999994E-003   1.2812550211230464E+019
   8.7799400000000000E-003   1.2932182834897279E+019
   8.7789900000000004E-003   1.3053028233872863E+019
   8.7780400000000008E-003   1.3243754625102592E+019
   8.7760600000000005E-003   1.3496359066120759E+019
   8.7741299999999998E-003   1.3685127123356287E+019
   8.7731200000000006E-003   1.3815919144017072E+019
   8.7721199999999996E-003   1.3945263939452385E+019
   8.7711300000000002E-003   1.4076274467645866E+019
   8.7701600000000008E-003   1.4284600969425054E+019
   8.7681100000000008E-003   1.4559763783907385E+019
   8.7661200000000005E-003   1.4764866230135556E+019
   8.7650799999999997E-003   1.4907784112923943E+019
   8.7640400000000007E-003   1.5121893914668401E+019
   8.7620200000000006E-003   1.5413703379640621E+019
   8.7599099999999992E-003   1.5634744847867902E+019
   8.7588800000000001E-003   1.5783624395565943E+019
   8.7578599999999993E-003   1.6020952587735208E+019
   8.7557199999999998E-003   1.6333184781512153E+019
   8.7536300000000001E-003   1.6646071617598966E+019
   8.7514600000000008E-003   1.6885408255563725E+019
   8.7503900000000003E-003   1.7044255904482339E+019
   8.7493399999999995E-003   1.7294601211121760E+019
   8.7471300000000005E-003   1.7629259210840480E+019
   8.7449699999999995E-003   1.7970907774619304E+019
   8.7427300000000006E-003   1.8319198799960021E+019
   8.7405399999999998E-003   1.8579509114015728E+019
   8.7393899999999997E-003   1.8760085309713011E+019
   8.7382499999999995E-003   1.9037722055396159E+019
   8.7359499999999993E-003   1.9404371254656815E+019
   8.7337100000000004E-003   1.9771438591623983E+019
   8.7314500000000000E-003   2.0152476919594402E+019
   8.7290800000000002E-003   2.0540916760465297E+019
   8.7267800000000000E-003   2.0830749955544711E+019
   8.7255700000000002E-003   2.1136112086696534E+019
   8.7232000000000004E-003   2.1486510373667611E+019
   8.7214200000000006E-003   2.1794433996038861E+019
   8.7195999999999992E-003   2.2158445238273602E+019
   8.7172199999999995E-003   2.2581800302937059E+019
   8.7147300000000004E-003   2.2954669262813037E+019
   8.7129100000000008E-003   2.3276697154499088E+019
   8.7110299999999998E-003   2.3611351973787873E+019
   8.7091500000000006E-003   2.3942399197468668E+019
   8.7073099999999994E-003   2.4264700983918707E+019
   8.7055199999999996E-003   2.4578302278505243E+019
   8.7037699999999996E-003   2.4858839961244787E+019
   8.7023299999999994E-003   2.5111257947856929E+019
   8.7009199999999991E-003   2.5381901335479103E+019
   8.6992900000000001E-003   2.5665854649611440E+019
   8.6976999999999992E-003   2.5950138872176714E+019
   8.6960400000000004E-003   2.6240090900779287E+019
   8.6944099999999996E-003   2.6596585202604560E+019
   8.6920799999999996E-003   2.6996392945513759E+019
   8.6897999999999993E-003   2.7323668830998528E+019
   8.6881400000000004E-003   2.7602588548162310E+019
   8.6865099999999997E-003   2.7951576622086664E+019
   8.6841100000000001E-003   2.8342398319826125E+019
   8.6817800000000001E-003   2.8662633586257191E+019
   8.6800499999999999E-003   2.8931557053834957E+019
   8.6783599999999995E-003   2.9194180235821847E+019
   8.6766499999999993E-003   2.9453722719013777E+019
   8.6749700000000006E-003   2.9769135232783667E+019
   8.6725499999999994E-003   3.0117664548262953E+019
   8.6701899999999995E-003   3.0426119711408234E+019
   8.6680799999999999E-003   3.0708266267548389E+019
   8.6660200000000000E-003   3.0980020316048708E+019
   8.6639100000000004E-003   3.1245512444719911E+019
   8.6618600000000004E-003   3.1525616942194201E+019
   8.6594099999999993E-003   3.1815377862493897E+019
   8.6570199999999996E-003   3.2094043098810266E+019
   8.6545700000000003E-003   3.2358904701592785E+019
   8.6522000000000005E-003   3.2567733289884017E+019
   8.6504600000000004E-003   3.2749903955957522E+019
   8.6487700000000001E-003   3.3014036824068657E+019
   8.6456199999999997E-003   3.3332456135015031E+019
   8.6426000000000003E-003   3.3579747851971637E+019
   8.6405000000000006E-003   3.3786478381706703E+019
   8.6384600000000006E-003   3.3997736344865436E+019
   8.6363800000000008E-003   3.4210206159202570E+019
   8.6343600000000006E-003   3.4535720211189129E+019
   8.6302900000000005E-003   3.4865849759228867E+019
   8.6282400000000006E-003   3.5094859780143440E+019
   8.6262500000000002E-003   3.5375194022183223E+019
   8.6234999999999992E-003   3.5621950764978332E+019
   8.6221600000000002E-003   3.5788020847751893E+019
   8.6208399999999994E-003   3.6052195247599452E+019
   8.6180800000000002E-003   3.6323175581062971E+019
   8.6167399999999995E-003   3.6555272734635037E+019
   8.6147299999999993E-003   3.6844918824181756E+019
   8.6126699999999994E-003   3.7093306906470236E+019
   8.6113300000000004E-003   3.7401059343996609E+019
   8.6086099999999992E-003   3.7718968074914390E+019
   8.6072500000000003E-003   3.7936078176800539E+019
   8.6058999999999997E-003   3.8214654850917573E+019
   8.6038699999999996E-003   3.8562978780811870E+019
   8.6017999999999997E-003   3.8861860958650393E+019
   8.6004400000000009E-003   3.9101958086353953E+019
   8.5991100000000001E-003   3.9480920939322237E+019
   8.5963199999999993E-003   3.9936705778791457E+019
   8.5942799999999993E-003   4.0268599965900169E+019
   8.5929000000000005E-003   4.0616198001792221E+019
   8.5908000000000009E-003   4.1111948667469095E+019
   8.5880599999999998E-003   4.1546841959409115E+019
   8.5866299999999996E-003   4.1926967570153800E+019
   8.5845200000000000E-003   4.2383149906481349E+019
   8.5824600000000001E-003   4.2937321393623843E+019
   8.5795799999999998E-003   4.3467946574394851E+019
   8.5778000000000000E-003   4.3881852546041954E+019
   8.5760400000000001E-003   4.4394190973733495E+019
   8.5734999999999995E-003   4.4998751521315430E+019
   8.5710200000000004E-003   4.5669477434772742E+019
   8.5680600000000006E-003   4.6216852058509066E+019
   8.5666100000000005E-003   4.6584604813792756E+019
   8.5651800000000004E-003   4.7213194040784806E+019
   8.5617699999999998E-003   4.8093821543877042E+019
   8.5584600000000004E-003   4.8789782219245584E+019
   8.5565499999999996E-003   4.9455752684285731E+019
   8.5535300000000002E-003   5.0348819640050582E+019
   8.5500699999999999E-003   5.1151763948217426E+019
   8.5477699999999997E-003   5.1754448278289244E+019
   8.5457899999999993E-003   5.2318110150594658E+019
   8.5438400000000005E-003   5.3016627090545615E+019
   8.5410299999999998E-003   5.3817401100256608E+019
   8.5382800000000005E-003   5.4583746756004315E+019
   8.5358499999999993E-003   5.5302929783006757E+019
   8.5334599999999997E-003   5.5920838749004374E+019
   8.5318000000000008E-003   5.6427383647730328E+019
   8.5301600000000002E-003   5.7167168861144564E+019
   8.5270099999999998E-003   5.8157361775515255E+019
   8.5239200000000008E-003   5.8895103170286322E+019
   8.5223299999999998E-003   5.9404309025749737E+019
   8.5207600000000005E-003   6.0031361380456194E+019
   8.5184900000000001E-003   6.0771267037070107E+019
   8.5162599999999995E-003   6.1726414178863047E+019
   8.5127699999999994E-003   6.2916832577860927E+019
   8.5092399999999995E-003   6.4214753681128907E+019
   8.5052700000000005E-003   6.5386273921652490E+019
   8.5025499999999993E-003   6.6363121952647111E+019
   8.4997900000000001E-003   6.7568971680217014E+019
   8.4959100000000006E-003   6.9181532990092558E+019
   8.4910300000000001E-003   7.0489912545735279E+019
   8.4888900000000007E-003   7.1298152272609108E+019
   8.4867599999999994E-003   7.2250000140589212E+019
   8.4839000000000008E-003   7.3366688767930352E+019
   8.4809599999999992E-003   7.4500529720477073E+019
   8.4780600000000008E-003   7.5652735971801006E+019
   8.4750799999999994E-003   7.6835473560446714E+019
   8.4720799999999999E-003   7.8022291929118769E+019
   8.4691200000000001E-003   7.9030975033479905E+019
   8.4670400000000003E-003   8.0272349115673543E+019
   8.4629400000000004E-003   8.2184106151573586E+019
   8.4577300000000001E-003   8.4014081928237580E+019
   8.4540599999999994E-003   8.5436391447067214E+019
   8.4508599999999993E-003   8.6788289605453103E+019
   8.4476099999999995E-003   8.8625685610245587E+019
   8.4421600000000006E-003   9.0542135841626456E+019
   8.4385699999999994E-003   9.1722055281852072E+019
   8.4366500000000004E-003   9.3066584484745282E+019
   8.4323699999999998E-003   9.4912931660116607E+019
   8.4281600000000005E-003   9.6335746832036119E+019
   8.4258500000000004E-003   9.7347714864039576E+019
   8.4235600000000001E-003   9.8839461456728769E+019
   8.4191200000000004E-003   1.0079062439147433E+020
   8.4147700000000002E-003   1.0216436546071459E+020
   8.4129600000000006E-003   1.0297373692528378E+020
   8.4111600000000009E-003   1.0434582468074830E+020
   8.4068800000000003E-003   1.0626910678723161E+020
   8.4026699999999992E-003   1.0770519656571068E+020
   8.4005000000000000E-003   1.0869692889353581E+020
   8.3983400000000007E-003   1.1009888925202673E+020
   8.3944099999999997E-003   1.1190371026258672E+020
   8.3905400000000002E-003   1.1343456497882112E+020
   8.3878200000000007E-003   1.1469836166774461E+020
   8.3851199999999994E-003   1.1613920989997017E+020
   8.3816800000000007E-003   1.1775359931188414E+020
   8.3782800000000001E-003   1.1959276745531384E+020
   8.3739299999999999E-003   1.2164960237917033E+020
   8.3696499999999993E-003   1.2353921174522872E+020
   8.3660300000000000E-003   1.2598033540802721E+020
   8.3595500000000003E-003   1.2824892481649610E+020
   8.3566700000000001E-003   1.2973735812536164E+020
   8.3534600000000001E-003   1.3130282693720685E+020
   8.3502999999999997E-003   1.3371921607295399E+020
   8.3437200000000007E-003   1.3696235919408069E+020
   8.3372800000000007E-003   1.4031209409727357E+020
   8.3304000000000000E-003   1.4376514344440393E+020
   8.3236800000000000E-003   1.4638827245919863E+020
   8.3200600000000006E-003   1.4824274007279514E+020
   8.3164799999999994E-003   1.5020528034288035E+020
   8.3124800000000006E-003   1.5227457586930077E+020
   8.3085299999999997E-003   1.5423758197873341E+020
   8.3049700000000001E-003   1.5609746018982589E+020
   8.3014500000000001E-003   1.5833018830246134E+020
   8.2965199999999999E-003   1.6092779879425737E+020
   8.2916699999999992E-003   1.6380827698963320E+020
   8.2857699999999996E-003   1.6696091655999678E+020
   8.2799699999999993E-003   1.6990581514610226E+020
   8.2748900000000000E-003   1.7265589133377874E+020
   8.2698900000000002E-003   1.7550269550895658E+020
   8.2644599999999995E-003   1.7818854423090889E+020
   8.2602100000000005E-003   1.8053386066482869E+020
   8.2560199999999993E-003   1.8369288226128393E+020
   8.2489399999999997E-003   1.8764502960305904E+020
   8.2420099999999993E-003   1.9137837163085562E+020
   8.2358299999999995E-003   1.9488400862921969E+020
   8.2297700000000008E-003   1.9815183208263405E+020
   8.2243999999999998E-003   2.0237347495780395E+020
   8.2152700000000002E-003   2.0609903373054755E+020
   8.2116499999999992E-003   2.0822237781100911E+020
   8.2080699999999996E-003   2.1138389994451236E+020
   8.2010000000000000E-003   2.1556140520530860E+020
   8.1940599999999995E-003   2.1894608532958249E+020
   8.1897099999999994E-003   2.2155603772365701E+020
   8.1854100000000006E-003   2.2462006377481381E+020
   8.1796300000000002E-003   2.2812955212277023E+020
   8.1739199999999995E-003   2.3202738314708438E+020
   8.1669599999999992E-003   2.3726083933394187E+020
   8.1570600000000007E-003   2.4254505202344870E+020
   8.1500400000000008E-003   2.4600132772828381E+020
   8.1460800000000000E-003   2.4990548501774192E+020
   8.1377600000000008E-003   2.5516896419762946E+020
   8.1296000000000007E-003   2.5916141362779836E+020
   8.1253100000000002E-003   2.6192260442827158E+020
   8.1210699999999993E-003   2.6466713203252773E+020
   8.1168700000000000E-003   2.6739690954563361E+020
   8.1127100000000004E-003   2.7163966931530036E+020
   8.1039700000000003E-003   2.7736400627339385E+020
   8.0954000000000009E-003   2.8321219952893746E+020
   8.0864500000000002E-003   2.8918198155027775E+020
   8.0776700000000003E-003   2.9371670367651139E+020
   8.0730600000000000E-003   2.9684632161835359E+020
   8.0684899999999993E-003   2.9995924280628734E+020
   8.0639700000000002E-003   3.0305585193477990E+020
   8.0595000000000007E-003   3.0786976547036732E+020
   8.0500999999999993E-003   3.1436254121881685E+020
   8.0408800000000002E-003   3.1927102053095794E+020
   8.0360399999999995E-003   3.2267450257132618E+020
   8.0312500000000002E-003   3.2606021994224956E+020
   8.0265000000000006E-003   3.2942842574564314E+020
   8.0218000000000008E-003   3.3466192488885381E+020
   8.0119400000000004E-003   3.4172475416997678E+020
   8.0022600000000006E-003   3.4892495080225079E+020
   7.9921599999999999E-003   3.5629195893466825E+020
   7.9822499999999998E-003   3.6189031781210600E+020
   7.9770499999999994E-003   3.6575258058219264E+020
   7.9719000000000005E-003   3.6959520188434560E+020
   7.9667999999999996E-003   3.7341925857866167E+020
   7.9617500000000001E-003   3.7935845101693764E+020
   7.9511600000000005E-003   3.8737473710514006E+020
   7.9407599999999998E-003   3.9343406493548026E+020
   7.9353099999999992E-003   3.9763589118492390E+020
   7.9299100000000001E-003   4.0181686916130787E+020
   7.9245600000000006E-003   4.0597725475742220E+020
   7.9192599999999991E-003   4.1243958131484498E+020
   7.9081499999999992E-003   4.2116325450133668E+020
   7.8972499999999998E-003   4.3007077929536219E+020
   7.8858699999999997E-003   4.3917231537772993E+020
   7.8747100000000000E-003   4.4609060148278827E+020
   7.8688600000000001E-003   4.5086271232536150E+020
   7.8630599999999998E-003   4.5561189482720264E+020
   7.8573199999999992E-003   4.6033926491635810E+020
   7.8516400000000000E-003   4.6767750629882829E+020
   7.8397199999999997E-003   4.7758527256200780E+020
   7.8280199999999998E-003   4.8507919863445632E+020
   7.8218899999999997E-003   4.9027176521327064E+020
   7.8158199999999994E-003   4.9800887717332491E+020
   7.8038400000000003E-003   5.0857733139787193E+020
   7.7913499999999998E-003   5.1668734318769170E+020
   7.7851999999999999E-003   5.2205044755218589E+020
   7.7790999999999997E-003   5.3038042995622845E+020
   7.7663200000000002E-003   5.4163002067671292E+020
   7.7537800000000000E-003   5.5013845496587859E+020
   7.7472100000000000E-003   5.5603553308489574E+020
   7.7406999999999997E-003   5.6345519032115056E+020
   7.7308500000000000E-003   5.7239368057957266E+020
   7.7211399999999996E-003   5.8144312182115199E+020
   7.7111799999999998E-003   5.9062503963978013E+020
   7.7013500000000000E-003   6.0003365408057682E+020
   7.6910600000000004E-003   6.0966055894341557E+020
   7.6809100000000000E-003   6.1942220328847383E+020
   7.6705000000000002E-003   6.3231707435909605E+020
   7.6540200000000001E-003   6.4620507392919981E+020
   7.6417700000000000E-003   6.5824291929500169E+020
   7.6293999999999997E-003   6.7049340642244441E+020
   7.6169100000000002E-003   6.8457810675456344E+020
   7.6011100000000003E-003   6.9887480875710808E+020
   7.5884400000000001E-003   7.1195654940036642E+020
   7.5753200000000000E-003   7.2538181535415638E+020
   7.5621999999999998E-003   7.3819383432542133E+020
   7.5504700000000001E-003   7.5008209078582143E+020
   7.5392999999999996E-003   7.6423557640756422E+020
   7.5234300000000002E-003   7.7945316607210566E+020
   7.5103699999999997E-003   7.9251299993683401E+020
   7.4986799999999998E-003   8.0584084479899691E+020
   7.4848700000000002E-003   8.2125317186507427E+020
   7.4697299999999999E-003   8.3465205735197062E+020
   7.4597700000000001E-003   8.4684970040704945E+020
   7.4457700000000000E-003   8.6225088967463980E+020
   7.4293099999999997E-003   8.7669942121468448E+020
   7.4134500000000002E-003   8.9024217649167571E+020
   7.3987599999999999E-003   8.9930516111703763E+020
   7.3846900000000002E-003   9.0575188006324994E+020
   7.3687800000000001E-003   9.0143178667705041E+020
   7.3624900000000002E-003   9.0950498413181678E+020
   7.3476300000000000E-003   8.8867423098578246E+020
   7.3281600000000002E-003   8.8288539830623260E+020
   7.3143599999999998E-003   8.4918033918470390E+020
   7.3010100000000001E-003   7.9413217414909710E+020
   7.2858500000000000E-003   7.6234893331716571E+020
   7.2719500000000001E-003   7.4243835461258183E+020
   7.2660399999999997E-003   7.1350891495711480E+020
   7.2601799999999998E-003   6.8651100021506507E+020
   7.2458599999999998E-003   6.6358835038941505E+020
   7.2401200000000001E-003   6.5078073614552164E+020
   7.2335500000000000E-003   6.2636901884790401E+020
   7.2284500000000000E-003   6.2524108815745352E+020
   7.2203399999999996E-003   6.1255978207047162E+020
   7.2151600000000000E-003   5.9554002488533910E+020
   7.2102900000000003E-003   5.8590293972447697E+020
   7.2058900000000004E-003   5.8907293941829593E+020
   7.2006400000000003E-003   5.7411905309797168E+020
   7.1948300000000001E-003   5.6325487482745179E+020
   7.1890599999999997E-003   5.6134084147046338E+020
   7.1855599999999997E-003   5.5997244733613008E+020
   7.1807900000000003E-003   5.5477433571318956E+020
   7.1784099999999997E-003   5.5260562785224452E+020
   7.1766299999999998E-003   5.5081819859989463E+020
   7.1724600000000003E-003   5.5031164165282352E+020
   7.1700799999999997E-003   5.4963555364161959E+020
   7.1667700000000003E-003   5.4876057793589241E+020
   7.1640499999999999E-003   5.4702737526702034E+020
   7.1580000000000003E-003   5.4559743538922396E+020
   7.1534700000000003E-003   5.4647435960149528E+020
   7.1483400000000004E-003   5.4593797686928520E+020
   7.1423399999999996E-003   5.4685753322976608E+020
   7.1376299999999998E-003   5.4812920218036843E+020
   7.1331299999999997E-003   5.4937368943041813E+020
   7.1287700000000004E-003   5.5107953590051412E+020
   7.1248099999999997E-003   5.5301273734662980E+020
   7.1197700000000001E-003   5.5472869655366494E+020
   7.1177000000000002E-003   5.5635433112510857E+020
   7.1135699999999996E-003   5.5823011215386260E+020
   7.1108200000000003E-003   5.6022127367792473E+020
   7.1067099999999996E-003   5.6211402376369773E+020
   7.1046700000000004E-003   5.6403964605493694E+020
   7.1006699999999999E-003   5.6665479323239344E+020
   7.0967900000000004E-003   5.6866161784826855E+020
   7.0948499999999998E-003   5.7024175453752282E+020
   7.0923300000000000E-003   5.7296853299992265E+020
   7.0873100000000003E-003   5.7670661734238329E+020
   7.0823099999999996E-003   5.8055501336506119E+020
   7.0773399999999997E-003   5.8350690722890973E+020
   7.0748599999999997E-003   5.8522850314446012E+020
   7.0730000000000003E-003   5.8748297814080579E+020
   7.0692999999999997E-003   5.9050795676288706E+020
   7.0656599999999996E-003   5.9351524919736546E+020
   7.0620800000000001E-003   5.9649131860201754E+020
   7.0585600000000002E-003   5.9943591147580988E+020
   7.0550900000000000E-003   6.0284873174773164E+020
   7.0505699999999999E-003   6.0599670653239702E+020
   7.0477800000000000E-003   6.0839518153264621E+020
   7.0450000000000000E-003   6.1155095642293010E+020
   7.0404300000000003E-003   6.1507656083500381E+020
   7.0368399999999999E-003   6.1802276801592662E+020
   7.0336699999999997E-003   6.2060835794109635E+020
   7.0309300000000003E-003   6.2388179858196084E+020
   7.0263299999999999E-003   6.2802384365514549E+020
   7.0215199999999998E-003   6.3298366852002742E+020
   7.0153200000000002E-003   6.3693441279631583E+020
   7.0124000000000002E-003   6.3968752986894985E+020
   7.0094800000000002E-003   6.4310256584336225E+020
   7.0051100000000002E-003   6.4744189871955195E+020
   6.9993199999999998E-003   6.5144109740904179E+020
   6.9964299999999997E-003   6.5414401423639957E+020
   6.9935500000000003E-003   6.5722451397880316E+020
   6.9890899999999999E-003   6.6212453992695713E+020
   6.9828299999999998E-003   6.6655953748366839E+020
   6.9792099999999996E-003   6.7097300957129959E+020
   6.9730699999999996E-003   6.7648634619813954E+020
   6.9670399999999999E-003   6.8083088281150816E+020
   6.9636000000000003E-003   6.8312714536689271E+020
   6.9614000000000004E-003   6.8623324974983440E+020
   6.9569999999999996E-003   6.9062100679184679E+020
   6.9516700000000001E-003   6.9444259611952310E+020
   6.9485399999999996E-003   6.9814104424447594E+020
   6.9435299999999998E-003   7.0154472354079900E+020
   6.9410299999999999E-003   7.0488184280224904E+020
   6.9361600000000002E-003   7.1031162476108251E+020
   6.9290500000000000E-003   7.1574924797402651E+020
   6.9241900000000002E-003   7.2016947100448260E+020
   6.9193400000000004E-003   7.2616285055326696E+020
   6.9110200000000004E-003   7.3199599745334457E+020
   6.9065899999999998E-003   7.3741496359828836E+020
   6.8992400000000001E-003   7.4224279999331421E+020
   6.8958800000000001E-003   7.4478067841426496E+020
   6.8938599999999999E-003   7.4693028012183493E+020
   6.8911800000000002E-003   7.5087340367163438E+020
   6.8852799999999997E-003   7.5634627019760665E+020
   6.8793200000000004E-003   7.6228605509243005E+020
   6.8725000000000001E-003   7.6805565445742146E+020
   6.8668200000000000E-003   7.7424509967882401E+020
   6.8592599999999998E-003   7.7929019991493745E+020
   6.8560100000000001E-003   7.8142979129434322E+020
   6.8546700000000002E-003   7.8268032732529191E+020
   6.8533300000000004E-003   7.8361925289202876E+020
   6.8526699999999999E-003   7.9395411986529137E+020
   6.8519999999999996E-003   7.9441897830544887E+020
   6.8516699999999998E-003   7.9472886964417331E+020
   6.8513300000000001E-003   7.9496129084410587E+020
   6.8511700000000002E-003   7.9507750156464462E+020
   6.8510799999999998E-003   7.9515497552081715E+020
   6.8510000000000003E-003   7.9523244631614633E+020
   6.8509199999999999E-003   7.9530992015150455E+020
   6.8508299999999996E-003   7.9538739082546499E+020
   6.8507500000000001E-003   7.9546486143860880E+020
   6.8506699999999997E-003   7.9552608707405323E+020
   6.8506200000000000E-003   7.9557106412004521E+020
   6.8505700000000003E-003   7.9561604114571343E+020
   6.8505199999999997E-003   7.9566101815144009E+020
   6.8504700000000000E-003   7.9572848165890844E+020
   6.8503799999999997E-003   7.9581843244627368E+020
   6.8502800000000003E-003   7.9595336148467633E+020
   6.8500899999999997E-003   7.9613326568132116E+020
   6.8498900000000000E-003   7.9635814351070311E+020
   6.8496000000000000E-003   7.9662800016665516E+020
   6.8493099999999999E-003   7.9703277056931345E+020
   6.8487299999999999E-003   7.9741508085747705E+020
   6.8484899999999996E-003   7.9766244675912768E+020
   6.8481999999999996E-003   7.9799975631095490E+020
   6.8477700000000004E-003   7.9851695841965572E+020
   6.8470900000000001E-003   7.9905667629189484E+020
   6.8466100000000004E-003   7.9955139701748072E+020
   6.8460300000000003E-003   8.0045080962963027E+020
   6.8446899999999996E-003   8.0244374504561521E+020
   6.8417699999999996E-003   8.0654475003486457E+020
   6.8359400000000004E-003   8.1459091295163489E+020
   6.8247000000000004E-003   8.2845128086274494E+020
   6.8067800000000001E-003   8.4397851518988203E+020
   6.7923799999999998E-003   8.5749297134947664E+020
   6.7789800000000004E-003   8.7379907355142783E+020
   6.7592299999999998E-003   8.9285864359614572E+020
   6.7407200000000004E-003   9.1050855149850971E+020
   6.7242800000000000E-003   9.2728411398386313E+020
   6.7079200000000000E-003   9.4422388605486485E+020
   6.6917399999999998E-003   9.6253510398929011E+020
   6.6729900000000002E-003   9.8077600159657112E+020
   6.6573700000000001E-003   9.9775371021248823E+020
   6.6413899999999996E-003   1.0159051127535293E+021
   6.6239799999999998E-003   1.0320110314570427E+021
   6.6054000000000000E-003   1.0545107499607298E+021
   6.5829800000000004E-003   1.0762970377143425E+021
   6.5663800000000001E-003   1.0969276542436206E+021
   6.5464599999999996E-003   1.1196362235638320E+021
   6.5267900000000002E-003   1.1405302180287683E+021
   6.5104799999999999E-003   1.1564423974120380E+021
   6.4998199999999999E-003   1.1736478072918538E+021
   6.4813700000000002E-003   1.1915194129371489E+021
   6.4700699999999996E-003   1.2118361133095738E+021
   6.4477099999999997E-003   1.2355161956404636E+021
   6.4314400000000001E-003   1.2556359404163700E+021
   6.4153300000000003E-003   1.2740336613006424E+021
   6.4021900000000003E-003   1.2906338047551081E+021
   6.3891599999999996E-003   1.3182644535021808E+021
   6.3589400000000004E-003   1.3573377532773262E+021
   6.3292399999999999E-003   1.3861723134866841E+021
   6.3156799999999997E-003   1.4111883001541813E+021
   6.2920099999999998E-003   1.4342654172870644E+021
   6.2818600000000002E-003   1.4579934049720135E+021
   6.2574500000000003E-003   1.4918515123855803E+021
   6.2333700000000002E-003   1.5188902217390280E+021
   6.2194599999999996E-003   1.5386825175663336E+021
   6.2056699999999999E-003   1.5640474539090237E+021
   6.1843300000000000E-003   1.5951658730400805E+021
   6.1632299999999996E-003   1.6214555220410932E+021
   6.1490199999999998E-003   1.6426556179349040E+021
   6.1349100000000004E-003   1.6753084234142195E+021
   6.1058299999999996E-003   1.7198115014980325E+021
   6.0771799999999997E-003   1.7568042429665855E+021
   6.0587499999999999E-003   1.7859920587112928E+021
   6.0404800000000000E-003   1.8096976585906892E+021
   6.0294299999999997E-003   1.8274659125349211E+021
   6.0184300000000000E-003   1.8577680712826898E+021
   5.9922200000000004E-003   1.9096320589781787E+021
   5.9558399999999996E-003   1.9646474638138176E+021
   5.9273099999999999E-003   2.0048179601689986E+021
   5.9093499999999998E-003   2.0407121362898348E+021
   5.8861900000000003E-003   2.0815170709159192E+021
   5.8632600000000003E-003   2.1300634994109663E+021
   5.8321299999999996E-003   2.1872853943974599E+021
   5.8007299999999996E-003   2.2314978341968575E+021
   5.7848400000000003E-003   2.2612840413559249E+021
   5.7690600000000003E-003   2.3069953015193933E+021
   5.7367399999999997E-003   2.3692344429451579E+021
   5.7048699999999999E-003   2.4332817259507876E+021
   5.6719800000000001E-003   2.4991187325447454E+021
   5.6395400000000002E-003   2.5668244812937015E+021
   5.6060800000000003E-003   2.6365435921947070E+021
   5.5730500000000004E-003   2.7081674026175373E+021
   5.5389899999999997E-003   2.7819180991462774E+021
   5.5053699999999999E-003   2.8577958809037995E+021
   5.4707100000000002E-003   2.9358290961945744E+021
   5.4364799999999996E-003   2.9957382315413686E+021
   5.4189800000000003E-003   3.0364010605543555E+021
   5.4015799999999996E-003   3.0988040764799179E+021
   5.3659900000000002E-003   3.1838849518888362E+021
   5.3308200000000000E-003   3.2491604368330677E+021
   5.3128400000000001E-003   3.2935172794654649E+021
   5.2949599999999996E-003   3.3611029639441353E+021
   5.2587800000000002E-003   3.4538598928847759E+021
   5.2222700000000002E-003   3.5493553384817657E+021
   5.1854300000000004E-003   3.6476709614958417E+021
   5.1482500000000000E-003   3.7489060736305343E+021
   5.1107300000000000E-003   3.8531552713091559E+021
   5.0728600000000002E-003   3.9605163365664345E+021
   5.0346399999999999E-003   4.0710939479014580E+021
   4.9960700000000000E-003   4.1849963605028283E+021
   4.9571299999999997E-003   4.3023252940402029E+021
   4.9178299999999998E-003   4.3930021779269233E+021
   4.8979499999999999E-003   4.4542905655880130E+021
   4.8781600000000003E-003   4.5166117296915617E+021
   4.8580899999999998E-003   4.5797731610159722E+021
   4.8381099999999996E-003   4.6622879699929572E+021
   4.8063300000000002E-003   4.7649569996496049E+021
   4.7747700000000002E-003   4.8507643776471767E+021
   4.7542100000000000E-003   4.9190496696516687E+021
   4.7337300000000002E-003   4.9883418976166116E+021
   4.7129700000000004E-003   5.0587075906852954E+021
   4.6922900000000000E-003   5.1301432377042167E+021
   4.6713199999999996E-003   5.2026800733077625E+021
   4.6504399999999996E-003   5.2763219962831621E+021
   4.6292700000000004E-003   5.3511012543494997E+021
   4.6081799999999999E-003   5.4270314546661572E+021
   4.5868000000000003E-003   5.5041367720354141E+021
   4.5655000000000001E-003   5.5824356136363890E+021
   4.5439100000000000E-003   5.6619523667863053E+021
   4.5223900000000003E-003   5.7427046468877067E+021
   4.5005799999999997E-003   5.8247239022204672E+021
   4.4788500000000004E-003   5.9080263017614499E+021
   4.4568100000000003E-003   5.9926425719983204E+021
   4.4348599999999997E-003   6.0785917239084492E+021
   4.4126000000000000E-003   6.1659072652438059E+021
   4.3904100000000000E-003   6.2546091620250807E+021
   4.3679200000000000E-003   6.3447286669451440E+021
   4.3455000000000004E-003   6.4362947647027292E+021
   4.3227700000000001E-003   6.5293404312199307E+021
   4.3001100000000002E-003   6.6238916053265306E+021
   4.2771500000000004E-003   6.7199849195519785E+021
   4.2542400000000003E-003   6.8174562025536886E+021
   4.2311199999999997E-003   6.9167297822131004E+021
   4.2078699999999998E-003   7.0176487268654441E+021
   4.1844999999999999E-003   7.1202511483017951E+021
   4.1609999999999998E-003   7.2245724991135825E+021
   4.1373599999999996E-003   7.3306645019625899E+021
   4.1136000000000002E-003   7.4385581281855259E+021
   4.0896999999999999E-003   7.5483223021547055E+021
   4.0656599999999996E-003   7.6599833962986215E+021
   4.0414900000000000E-003   7.7735956020609962E+021
   4.0171800000000004E-003   7.8892172238142445E+021
   3.9927299999999999E-003   8.0068844640502043E+021
   3.9681300000000003E-003   8.1266474379451291E+021
   3.9433899999999997E-003   8.2485666249769170E+021
   3.9185000000000001E-003   8.3726853887716544E+021
   3.8934600000000001E-003   8.4990512381115761E+021
   3.8682700000000000E-003   8.6277646068963145E+021
   3.8429200000000001E-003   8.7588561690540041E+021
   3.8174200000000002E-003   8.8924419106913544E+021
   3.7917599999999999E-003   9.0286695832899048E+021
   3.7659400000000002E-003   9.1676425360074972E+021
   3.7399500000000001E-003   9.3092806719024115E+021
   3.7137899999999998E-003   9.4534399664213941E+021
   3.6874600000000000E-003   9.6000434305039818E+021
   3.6609600000000000E-003   9.7491245573715861E+021
   3.6342800000000001E-003   9.9007191936409272E+021
   3.6074200000000001E-003   1.0054864848371013E+022
   3.5803800000000002E-003   1.0211600994444704E+022
   3.5531500000000001E-003   1.0370968680790787E+022
   3.5257299999999999E-003   1.0533010628451821E+022
   3.4981200000000000E-003   1.0697770858256836E+022
   3.4702999999999999E-003   1.0865294930570931E+022
   3.4422900000000002E-003   1.1035629732162687E+022
   3.4140600000000000E-003   1.1208823308302678E+022
   3.3856200000000002E-003   1.1384925289035256E+022
   3.3569699999999999E-003   1.1563986394585030E+022
   3.3280900000000001E-003   1.1746058546086626E+022
   3.2989899999999999E-003   1.1931194977038060E+022
   3.2696600000000002E-003   1.2119450113931546E+022
   3.2400799999999998E-003   1.2310879614569162E+022
   3.2102699999999999E-003   1.2505540317615082E+022
   3.1802000000000002E-003   1.2703490347941002E+022
   3.1498799999999999E-003   1.2904789008545005E+022
   3.1192899999999998E-003   1.3109496774931325E+022
   3.0884300000000001E-003   1.3317675569507853E+022
   3.0573000000000002E-003   1.3529388285126211E+022
   3.0258699999999999E-003   1.3744699288131845E+022
   2.9941600000000001E-003   1.3963674051306051E+022
   2.9621399999999998E-003   1.4186379447381743E+022
   2.9298100000000001E-003   1.4412883507508733E+022
   2.8971499999999998E-003   1.4643255777912844E+022
   2.8641700000000001E-003   1.4877566968255039E+022
   2.8308399999999998E-003   1.5115889174902112E+022
   2.7971500000000000E-003   1.5358295874724354E+022
   2.7631000000000001E-003   1.5604861817518603E+022
   2.7286699999999999E-003   1.5855663174491402E+022
   2.6938399999999999E-003   1.6110777587205415E+022
   2.6586100000000001E-003   1.6370284194817561E+022
   2.6229500000000002E-003   1.6634263107706533E+022
   2.5868499999999999E-003   1.6902796488637566E+022
   2.5502900000000002E-003   1.7175967625075348E+022
   2.5132499999999999E-003   1.7453861076050502E+022
   2.4757099999999999E-003   1.7736563378484700E+022
   2.4376500000000000E-003   1.8024162134702435E+022
   2.3990399999999999E-003   1.8316746750357865E+022
   2.3598600000000001E-003   1.8614407702673986E+022
   2.3200899999999999E-003   1.8917224511128285E+022
   2.2796800000000001E-003   1.9225395449467094E+022
   2.2386099999999998E-003   1.9538924651581465E+022
   2.1968299999999999E-003   1.9857908824597324E+022
   2.1543199999999999E-003   2.0182446439940267E+022
   2.1110299999999999E-003   2.0512636730257516E+022
   2.0669000000000000E-003   2.0848557038002137E+022
   2.0218800000000002E-003   2.1190431884765636E+022
   1.9759199999999999E-003   2.1538275488647103E+022
   1.9289500000000000E-003   2.1891078409821603E+022
   1.8812000000000000E-003   2.2251192575457969E+022
   1.8316500000000000E-003   2.2618827652403948E+022
   1.7811500000000000E-003   2.2991638227047275E+022
   1.7292700000000000E-003   2.3321828938676234E+022
   1.6896700000000001E-003   2.3610844396121607E+022
   1.6485800000000000E-003   2.4024545738471447E+022
   1.5711900000000001E-003   2.4446766827967351E+022
   1.5278600000000000E-003   2.4750923818318615E+022
   1.4824199999999999E-003   2.5209592727027715E+022
   1.3882499999999999E-003   2.5732189938897318E+022
   1.3232500000000000E-003   2.6150693907536636E+022
   1.2554300000000001E-003   2.6581559046657179E+022
   1.1805500000000000E-003   2.7032721703889155E+022
   1.1008100000000000E-003   2.7502669467399284E+022
   1.0090100000000001E-003   2.8019594095789544E+022
   8.9952999999999995E-004   2.8678651564167587E+022
   7.0655999999999996E-004   2.9362821711511276E+022
   5.6795000000000001E-004   2.9753865798947619E+022
   4.8424999999999998E-004   2.9998188121707587E+022
   3.8306000000000001E-004   3.0195285401566165E+022
   3.1393000000000003E-004   3.0321998719060514E+022
   2.5076999999999999E-004   3.0399097683419138E+022
   2.0169000000000000E-004   3.0461018803169919E+022
   1.6421000000000000E-004   3.0490961232363237E+022
   1.3646000000000000E-004   3.0514755861818185E+022
   1.1692000000000000E-004   3.0524997556289705E+022
   1.0407000000000000E-004   3.0535643114912940E+022
   8.6890000000000003E-005   3.0544945284117657E+022
   6.8960000000000004E-005   3.0551721852465763E+022
   5.4729999999999999E-005   3.0557140632354643E+022
   4.3439999999999997E-005   3.0559940428538562E+022
   3.4480000000000002E-005   3.0561654472662934E+022
   2.7370000000000001E-005   3.0563228996503431E+022
   2.1719999999999999E-005   3.0563922497525323E+022
   1.7240000000000001E-005   3.0564589190137128E+022
   1.3679999999999999E-005   3.0565186155088930E+022
