   8.9275099999999996E-003   308186838786092.19     
   8.9274799999999998E-003   487722519058239.75     
   8.9274599999999999E-003   617058165089879.12     
   8.9274500000000000E-003   723118561951493.88     
   8.9274400000000000E-003   814643852497864.00     
   8.9274300000000001E-003   896551466494218.75     
   8.9274200000000001E-003   971799367526102.88     
   8.9274200000000001E-003   1041932877919101.8     
   8.9274100000000002E-003   1107823121048645.1     
   8.9274100000000002E-003   1170172051299069.8     
   8.9274000000000003E-003   1229547469962791.5     
   8.9273900000000003E-003   1286403936471882.8     
   8.9273900000000003E-003   1341099157766415.0     
   8.9273900000000003E-003   1393914885327296.5     
   8.9273800000000004E-003   1445069758827507.0     
   8.9273800000000004E-003   1494739604340002.8     
   8.9273700000000004E-003   1543070647360223.0     
   8.9273700000000004E-003   1590193334023480.8     
   8.9273700000000004E-003   1636219067503118.8     
   8.9273600000000005E-003   1681229853641525.5     
   8.9273600000000005E-003   1736020847286629.5     
   8.9273600000000005E-003   1800079472491581.8     
   8.9273500000000006E-003   1862251048587104.8     
   8.9273500000000006E-003   1922659449785120.8     
   8.9273400000000006E-003   1971817785528420.8     
   8.9273400000000006E-003   2010290364703316.5     
   8.9273400000000006E-003   2048105414338399.8     
   8.9273400000000006E-003   2085301815426011.2     
   8.9273300000000007E-003   2130911833793868.0     
   8.9273300000000007E-003   2184617865104109.0     
   8.9273300000000007E-003   2237208588912792.5     
   8.9273200000000007E-003   2288780944658834.5     
   8.9273200000000007E-003   2331093461446851.0     
   8.9273200000000007E-003   2364466638165031.0     
   8.9273200000000007E-003   2397476274574465.5     
   8.9273100000000008E-003   2430143282047016.0     
   8.9273100000000008E-003   2478437027492183.5     
   8.9273100000000008E-003   2526265269208217.5     
   8.9273100000000008E-003   2557737122286966.5     
   8.9273000000000009E-003   2604365276448261.0     
   8.9273000000000009E-003   2665815156425170.0     
   8.9273000000000009E-003   2726372488746348.5     
   8.9272899999999992E-003   2786097738789937.0     
   8.9272899999999992E-003   2830451868440254.0     
   8.9272899999999992E-003   2859733514434186.0     
   8.9272899999999992E-003   2888830728343039.5     
   8.9272899999999992E-003   2917746029839200.5     
   8.9272799999999992E-003   2960714882349498.0     
   8.9272799999999992E-003   3017468737601405.5     
   8.9272799999999992E-003   3073506305600380.5     
   8.9272699999999993E-003   3128829706732345.0     
   8.9272699999999993E-003   3192438222124249.0     
   8.9272699999999993E-003   3264059806409916.5     
   8.9272599999999994E-003   3334560298854148.0     
   8.9272599999999994E-003   3404040361519323.0     
   8.9272599999999994E-003   3472614223749575.0     
   8.9272499999999994E-003   3540399822899510.0     
   8.9272499999999994E-003   3607505427831821.5     
   8.9272499999999994E-003   3674020910964851.5     
   8.9272499999999994E-003   3748195531321829.0     
   8.9272399999999995E-003   3829957728721972.0     
   8.9272399999999995E-003   3911031365628793.0     
   8.9272299999999995E-003   3971428252417392.0     
   8.9272299999999995E-003   4011426260281805.0     
   8.9272299999999995E-003   4071011110877836.5     
   8.9272299999999995E-003   4149794166327382.5     
   8.9272299999999995E-003   4227692741642338.0     
   8.9272199999999996E-003   4304640701335880.5     
   8.9272199999999996E-003   4380567966575586.0     
   8.9272199999999996E-003   4455401861163817.5     
   8.9272099999999997E-003   4529090956113957.0     
   8.9272099999999997E-003   4601600907041296.0     
   8.9272099999999997E-003   4672908995941410.0     
   8.9271999999999997E-003   4743003740706152.0     
   8.9271999999999997E-003   4845822545208674.0     
   8.9271999999999997E-003   4962478993420201.0     
   8.9271899999999998E-003   5059648627376233.0     
   8.9271899999999998E-003   5154392053286539.0     
   8.9271899999999998E-003   5223980118141615.0     
   8.9271799999999998E-003   5269672587742942.0     
   8.9271799999999998E-003   5337206981148519.0     
   8.9271799999999998E-003   5425582652178423.0     
   8.9271799999999998E-003   5554600430121669.0     
   8.9271699999999999E-003   5680108756967043.0     
   8.9271699999999999E-003   5761686025792974.0     
   8.9271600000000000E-003   5841733966151309.0     
   8.9271600000000000E-003   5920300623255023.0     
   8.9271600000000000E-003   5997428277731051.0     
   8.9271500000000000E-003   6073154765313434.0     
   8.9271500000000000E-003   6147514577197106.0     
   8.9271500000000000E-003   6220541487138584.0     
   8.9271500000000000E-003   6304060503926469.0     
   8.9271400000000001E-003   6397455376207552.0     
   8.9271400000000001E-003   6533239236777815.0     
   8.9271300000000001E-003   6664894596814922.0     
   8.9271300000000001E-003   6750105869399593.0     
   8.9271300000000001E-003   6833506671871343.0     
   8.9271200000000002E-003   6915184588066630.0     
   8.9271200000000002E-003   7005077436095624.0     
   8.9271100000000003E-003   7102694840864605.0     
   8.9271100000000003E-003   7198015734582036.0     
   8.9271100000000003E-003   7291169847049442.0     
   8.9271000000000003E-003   7382283196324991.0     
   8.9271000000000003E-003   7471479505980177.0     
   8.9271000000000003E-003   7601679114702694.0     
   8.9270900000000004E-003   7736896392240327.0     
   8.9270800000000004E-003   7835491043988042.0     
   8.9270800000000004E-003   7931937537401206.0     
   8.9270800000000004E-003   8026347841682755.0     
   8.9270700000000005E-003   8118825806060503.0     
   8.9270700000000005E-003   8209455091287641.0     
   8.9270700000000005E-003   8298308263135833.0     
   8.9270600000000006E-003   8385452094138902.0     
   8.9270600000000006E-003   8470945978918483.0     
   8.9270500000000006E-003   8554846148226481.0     
   8.9270500000000006E-003   8637231190510114.0     
   8.9270500000000006E-003   8718206843930052.0     
   8.9270400000000007E-003   8836902996478765.0     
   8.9270400000000007E-003   8991345696048817.0     
   8.9270300000000007E-003   9141263708768052.0     
   8.9270200000000008E-003   9287012705878898.0     
   8.9270200000000008E-003   9429012305706386.0     
   8.9270100000000008E-003   9567684303715074.0     
   8.9269999999999992E-003   9703416060603466.0     
   8.9269999999999992E-003   9836397774973858.0     
   8.9269899999999992E-003   9966737593433462.0     
   8.9269899999999992E-003   10094570010384710.     
   8.9269799999999993E-003   10220050420034842.     
   8.9269699999999994E-003   10343320890192766.     
   8.9269699999999994E-003   10464474718729306.     
   8.9269599999999994E-003   10583575508221934.     
   8.9269599999999994E-003   10700666343229370.     
   8.9269499999999995E-003   10815776628980740.     
   8.9269499999999995E-003   10984459165487454.     
   8.9269399999999995E-003   11204011811432070.     
   8.9269299999999996E-003   11365017654378532.     
   8.9269199999999996E-003   11470353952803000.     
   8.9269199999999996E-003   11574336128319096.     
   8.9269099999999997E-003   11676999771195744.     
   8.9269099999999997E-003   11811745501796888.     
   8.9268999999999998E-003   11977405815966666.     
   8.9268899999999998E-003   12140001931147184.     
   8.9268799999999999E-003   12260176558598096.     
   8.9268799999999999E-003   12339243094323276.     
   8.9268799999999999E-003   12456276065430872.     
   8.9268699999999999E-003   12609959544288858.     
   8.9268600000000000E-003   12760719420737618.     
   8.9268500000000001E-003   12908654537886828.     
   8.9268500000000001E-003   13053889486701676.     
   8.9268400000000001E-003   13196507633339906.     
   8.9268300000000002E-003   13404988477096346.     
   8.9268200000000002E-003   13608992537112900.     
   8.9268100000000003E-003   13741683250185654.     
   8.9268100000000003E-003   13872216930048528.     
   8.9268000000000004E-003   14000727539460098.     
   8.9267900000000004E-003   14189491922811022.     
   8.9267800000000005E-003   14435614609236610.     
   8.9267700000000005E-003   14675257867710380.     
   8.9267600000000006E-003   14909055441215150.     
   8.9267400000000007E-003   15109493464732110.     
   8.9267400000000007E-003   15278183573613380.     
   8.9267300000000008E-003   15444291173839460.     
   8.9267200000000008E-003   15607949199558832.     
   8.9267099999999992E-003   15848585772724084.     
   8.9266899999999993E-003   16085315495062198.     
   8.9266899999999993E-003   16240173123780252.     
   8.9266799999999993E-003   16393014493023450.     
   8.9266699999999994E-003   16543916861139098.     
   8.9266599999999995E-003   16766358459185642.     
   8.9266499999999995E-003   17057302331517118.     
   8.9266299999999996E-003   17341448626432532.     
   8.9266199999999997E-003   17619172280146862.     
   8.9265999999999998E-003   17890819472451528.     
   8.9265899999999999E-003   18156662120092632.     
   8.9265799999999999E-003   18416918365143252.     
   8.9265600000000001E-003   18671831707270780.     
   8.9265500000000001E-003   18921745965046888.     
   8.9265400000000002E-003   19166944405388328.     
   8.9265200000000003E-003   19407624776613464.     
   8.9265100000000003E-003   19682702350006104.     
   8.9265000000000004E-003   19990589350861740.     
   8.9264800000000005E-003   20291807357726720.     
   8.9264600000000006E-003   20586847075399960.     
   8.9264500000000007E-003   20876034963144144.     
   8.9264300000000008E-003   21089501355680248.     
   8.9264199999999991E-003   21229975391468640.     
   8.9264199999999991E-003   21438073988539032.     
   8.9263999999999993E-003   21711703953822228.     
   8.9263899999999993E-003   21980818025872308.     
   8.9263699999999994E-003   22245602425563028.     
   8.9263599999999995E-003   22570393920368000.     
   8.9263399999999996E-003   22952528065816424.     
   8.9263199999999997E-003   23234228669121528.     
   8.9263099999999998E-003   23510678029179840.     
   8.9262899999999999E-003   23783883937853924.     
   8.9262800000000000E-003   23993140095164928.     
   8.9262600000000001E-003   24229521652159764.     
   8.9262500000000002E-003   24462920042768468.     
   8.9262400000000002E-003   24693428352401760.     
   8.9262300000000003E-003   25033365644233204.     
   8.9262000000000005E-003   25368296411093456.     
   8.9261900000000005E-003   25587958102568092.     
   8.9261800000000006E-003   25858785405901324.     
   8.9261600000000007E-003   26178982343705696.     
   8.9261400000000008E-003   26648740085009788.     
   8.9261099999999993E-003   27109163666615936.     
   8.9260899999999994E-003   27409740313282316.     
   8.9260799999999994E-003   27705837192368336.     
   8.9260599999999996E-003   27997642641050644.     
   8.9260399999999997E-003   28427105197273872.     
   8.9260099999999998E-003   28987574851848256.     
   8.9259800000000000E-003   29444477662915536.     
   8.9259600000000001E-003   29803136364455092.     
   8.9259400000000003E-003   30199964278038788.     
   8.9259200000000004E-003   30633481751708148.     
   8.9258900000000006E-003   31059403053954876.     
   8.9258700000000007E-003   31478087868272600.     
   8.9258500000000008E-003   31991344394559624.     
   8.9258099999999993E-003   32445677091893128.     
   8.9257999999999994E-003   32743903646313136.     
   8.9257799999999995E-003   33038830754625868.     
   8.9257599999999996E-003   33330532733606696.     
   8.9257499999999997E-003   33761742144666308.     
   8.9257199999999998E-003   34326926962976988.     
   8.9256900000000000E-003   34880979208520124.     
   8.9256600000000002E-003   35424683588441164.     
   8.9256300000000004E-003   35958681025025944.     
   8.9256000000000005E-003   36569722855220392.     
   8.9255600000000008E-003   37254260807716992.     
   8.9255199999999993E-003   37841825647172528.     
   8.9254899999999995E-003   38336820578507200.     
   8.9254599999999996E-003   38824490796667696.     
   8.9254399999999998E-003   39305147105278976.     
   8.9254099999999999E-003   39857131306224400.     
   8.9253800000000001E-003   40477590193505168.     
   8.9253400000000004E-003   41087033906465768.     
   8.9253100000000005E-003   41685843578677152.     
   8.9252800000000007E-003   42274386855969800.     
   8.9252399999999992E-003   42853079615617904.     
   8.9252099999999994E-003   43422415100903320.     
   8.9251799999999996E-003   43982863487801168.     
   8.9251499999999998E-003   44534860935241752.     
   8.9251199999999999E-003   45078830749845192.     
   8.9250900000000001E-003   45747688274288720.     
   8.9250500000000003E-003   46536263003051856.     
   8.9250000000000006E-003   47182434603133680.     
   8.9249800000000008E-003   47692011647965272.     
   8.9249499999999992E-003   48195669771559096.     
   8.9249199999999994E-003   48693674950867920.     
   8.9248899999999996E-003   49429745811146424.     
   8.9248399999999999E-003   50394472145827136.     
   8.9247900000000002E-003   51105821354699592.     
   8.9247600000000003E-003   51573605575606912.     
   8.9247400000000005E-003   52151567311305528.     
   8.9247000000000007E-003   52836237810229792.     
   8.9246599999999992E-003   53511176319225992.     
   8.9246299999999994E-003   54176704731184688.     
   8.9245899999999996E-003   54941355481468216.     
   8.9245399999999999E-003   55801051767041368.     
   8.9245000000000001E-003   56436587349961384.     
   8.9244700000000003E-003   56855510884773784.     
   8.9244500000000004E-003   57476979144001400.     
   8.9244100000000007E-003   58294474741273216.     
   8.9243599999999992E-003   59099147382970152.     
   8.9243199999999995E-003   59891755526031880.     
   8.9242799999999997E-003   61058199095810264.     
   8.9242000000000002E-003   62579120091413104.     
   8.9241100000000007E-003   63695298255128760.     
   8.9240799999999992E-003   64426981867925776.     
   8.9240399999999994E-003   65149800929402624.     
   8.9239999999999996E-003   65864063508514304.     
   8.9239599999999999E-003   66744834584976856.     
   8.9239000000000002E-003   67785830682681400.     
   8.9238500000000005E-003   68640513936336392.     
   8.9238100000000008E-003   69315612100061624.     
   8.9237799999999992E-003   70149003913304552.     
   8.9237299999999995E-003   71135056975059552.     
   8.9236699999999999E-003   72105839288022992.     
   8.9236200000000002E-003   73061907535398192.     
   8.9235700000000005E-003   74003980334724368.     
   8.9235200000000008E-003   74932721937207696.     
   8.9234799999999993E-003   75848716279472592.     
   8.9234299999999996E-003   76752495951749552.     
   8.9233799999999999E-003   77644614609519232.     
   8.9233300000000002E-003   78525630282274272.     
   8.9232900000000004E-003   79539810588812576.     
   8.9232300000000007E-003   80682594604590624.     
   8.9231699999999994E-003   81529059700843440.     
   8.9231399999999995E-003   82087865664527520.     
   8.9231099999999997E-003   83040277035619264.     
   8.9230400000000001E-003   84373676883377328.     
   8.9229700000000006E-003   85419123289839616.     
   8.9229300000000008E-003   86186677668860608.     
   8.9228899999999993E-003   87135566921569616.     
   8.9228299999999997E-003   88260050361811504.     
   8.9227799999999999E-003   89369090597274832.     
   8.9227200000000003E-003   90463164544423568.     
   8.9226600000000007E-003   91721108214968240.     
   8.9225899999999993E-003   93136573172971984.     
   8.9225199999999998E-003   94183766389493520.     
   8.9224800000000000E-003   94874716730259792.     
   8.9224500000000002E-003   95900807304542688.     
   8.9223800000000006E-003   97252168019738624.     
   8.9223099999999993E-003   98584424378288992.     
   8.9222399999999997E-003   99898479025236864.     
   8.9221700000000001E-003   1.0119512187784726E+017
   8.9221100000000005E-003   1.0247504207313442E+017
   8.9220399999999991E-003   1.0373885964035434E+017
   8.9219799999999995E-003   1.0498715024035045E+017
   8.9219199999999999E-003   1.0622045617244298E+017
   8.9218600000000002E-003   1.0743926826296182E+017
   8.9217900000000006E-003   1.0894247382566694E+017
   8.9216999999999994E-003   1.1071905480750266E+017
   8.9216199999999999E-003   1.1217761344553387E+017
   8.9215600000000003E-003   1.1332993638281790E+017
   8.9215000000000006E-003   1.1447007543627626E+017
   8.9214399999999992E-003   1.1559837732082333E+017
   8.9213899999999995E-003   1.1699223068012522E+017
   8.9213100000000000E-003   1.1864258652597534E+017
   8.9212200000000005E-003   1.2026922266781493E+017
   8.9211399999999993E-003   1.2187345128390861E+017
   8.9210699999999997E-003   1.2345656327674738E+017
   8.9209900000000002E-003   1.2501970767047728E+017
   8.9209100000000006E-003   1.2630813426612218E+017
   8.9208599999999992E-003   1.2732935541180566E+017
   8.9208099999999995E-003   1.2884538929331258E+017
   8.9207100000000001E-003   1.3084054868712997E+017
   8.9206200000000006E-003   1.3256197540114403E+017
   8.9205499999999993E-003   1.3401953752768963E+017
   8.9204799999999997E-003   1.3546154478870768E+017
   8.9204100000000001E-003   1.3688865112396051E+017
   8.9203400000000006E-003   1.3853520715451706E+017
   8.9202499999999994E-003   1.4039458136851270E+017
   8.9201599999999999E-003   1.4223050268758931E+017
   8.9200700000000004E-003   1.4404370044839915E+017
   8.9199799999999992E-003   1.4583487003749325E+017
   8.9198999999999997E-003   1.4760475142138278E+017
   8.9198200000000002E-003   1.4935409493107478E+017
   8.9197300000000007E-003   1.5108363183210842E+017
   8.9196499999999995E-003   1.5279407689438458E+017
   8.9195699999999999E-003   1.5448610071627485E+017
   8.9194900000000004E-003   1.5616033578331501E+017
   8.9194099999999991E-003   1.5781738693962368E+017
   8.9193399999999996E-003   1.5986478569024464E+017
   8.9192200000000003E-003   1.6228946556761994E+017
   8.9191099999999992E-003   1.6428396042640522E+017
   8.9190399999999996E-003   1.6586208011219411E+017
   8.9189600000000001E-003   1.6742532281848861E+017
   8.9188900000000005E-003   1.6897387638221984E+017
   8.9188199999999992E-003   1.7126872513417136E+017
   8.9186800000000000E-003   1.7428111562107408E+017
   8.9185400000000008E-003   1.7650643044611568E+017
   8.9184799999999995E-003   1.7797363142473498E+017
   8.9184099999999999E-003   1.8015102827458803E+017
   8.9182800000000007E-003   1.8301562007588621E+017
   8.9181499999999997E-003   1.8513650063488902E+017
   8.9180800000000001E-003   1.8653671988198858E+017
   8.9180200000000005E-003   1.8861712051145200E+017
   8.9178899999999995E-003   1.9135761880097322E+017
   8.9177700000000002E-003   1.9406001855817043E+017
   8.9176499999999992E-003   1.9672580908628976E+017
   8.9175299999999999E-003   1.9948875662566477E+017
   8.9174000000000007E-003   2.0311696246019808E+017
   8.9172100000000001E-003   2.0681293172585165E+017
   8.9170699999999992E-003   2.0907579444845021E+017
   8.9169999999999996E-003   2.1131342830718333E+017
   8.9168700000000004E-003   2.1426259809663376E+017
   8.9167399999999994E-003   2.1717277190262410E+017
   8.9166200000000001E-003   2.2004523425104413E+017
   8.9164899999999991E-003   2.2358350080692883E+017
   8.9163100000000002E-003   2.2775831781758579E+017
   8.9161199999999996E-003   2.3253321091393568E+017
   8.9158899999999992E-003   2.3787581076923578E+017
   8.9156600000000006E-003   2.4180889643393152E+017
   8.9155499999999995E-003   2.4439532870841629E+017
   8.9154400000000002E-003   2.4695519354175174E+017
   8.9153300000000008E-003   2.4948919528685859E+017
   8.9152199999999997E-003   2.5230956977401370E+017
   8.9150900000000005E-003   2.5540741265491424E+017
   8.9149499999999996E-003   2.5846839782998272E+017
   8.9148300000000003E-003   2.6149394845577357E+017
   8.9146999999999994E-003   2.6537527913492915E+017
   8.9145000000000005E-003   2.7007848422710358E+017
   8.9143000000000000E-003   2.7527463276474842E+017
   8.9140599999999997E-003   2.8093882466075923E+017
   8.9138199999999994E-003   2.8708726280620326E+017
   8.9135399999999993E-003   2.9369360154393830E+017
   8.9132699999999992E-003   2.9855787301998720E+017
   8.9131400000000000E-003   3.0175721129265094E+017
   8.9130100000000007E-003   3.0701467495849472E+017
   8.9127100000000008E-003   3.1423610742830995E+017
   8.9124100000000008E-003   3.2080256655368198E+017
   8.9121700000000005E-003   3.2527541209295168E+017
   8.9120499999999995E-003   3.2822396647445536E+017
   8.9119300000000002E-003   3.3163191974881805E+017
   8.9117699999999994E-003   3.3548656879848186E+017
   8.9116200000000003E-003   3.4118760466670054E+017
   8.9113100000000004E-003   3.4865168498189344E+017
   8.9110200000000004E-003   3.5596506749134182E+017
   8.9107300000000004E-003   3.6137977007136454E+017
   8.9105899999999995E-003   3.6495201175901376E+017
   8.9104500000000003E-003   3.6937780477126541E+017
   8.9102399999999998E-003   3.7463678251706080E+017
   8.9100399999999993E-003   3.8155573628516173E+017
   8.9096999999999996E-003   3.9007418687646150E+017
   8.9093799999999997E-003   3.9806263495134061E+017
   8.9090899999999997E-003   4.0554382913038778E+017
   8.9088099999999996E-003   4.1297177906552595E+017
   8.9085399999999995E-003   4.2034910707180154E+017
   8.9082699999999994E-003   4.2882506448861504E+017
   8.9079099999999998E-003   4.3835466018021766E+017
   8.9075700000000001E-003   4.4772256658632307E+017
   8.9072400000000003E-003   4.5693780916309837E+017
   8.9069100000000005E-003   4.6600859875954240E+017
   8.9066000000000006E-003   4.7494251398053331E+017
   8.9062900000000007E-003   4.8210794000006746E+017
   8.9061000000000001E-003   4.8756186491015341E+017
   8.9059099999999995E-003   4.9296876459548166E+017
   8.9057300000000006E-003   4.9833013225279386E+017
   8.9055499999999999E-003   5.0628583651604307E+017
   8.9051900000000003E-003   5.1675233856245536E+017
   8.9048400000000007E-003   5.2808065535675782E+017
   8.9044399999999996E-003   5.4023571691608378E+017
   8.9040500000000002E-003   5.5165005653819456E+017
   8.9037000000000005E-003   5.6235736604606842E+017
   8.9033700000000007E-003   5.7422243973433293E+017
   8.9029499999999998E-003   5.8719970170376832E+017
   8.9025600000000003E-003   5.9997018065569510E+017
   8.9021699999999992E-003   6.1254635634118387E+017
   8.9017899999999997E-003   6.2189520486674739E+017
   8.9016000000000008E-003   6.3120279473588723E+017
   8.9012399999999995E-003   6.4042142118450726E+017
   8.9010600000000006E-003   6.4775527360905984E+017
   8.9008100000000003E-003   6.5626434699729920E+017
   8.9005600000000001E-003   6.6469638512630630E+017
   8.9003199999999998E-003   6.7305387836838195E+017
   8.9000799999999994E-003   6.8427705910177562E+017
   8.8996900000000000E-003   6.9827749562446067E+017
   8.8993000000000006E-003   7.1220889870283430E+017
   8.8989099999999995E-003   7.2607702784516979E+017
   8.8985399999999999E-003   7.4202739932376282E+017
   8.8980499999999994E-003   7.5998177815471270E+017
   8.8975800000000004E-003   7.7330899125334605E+017
   8.8973500000000001E-003   7.8215803267545075E+017
   8.8971199999999997E-003   7.9538048217470976E+017
   8.8966700000000006E-003   8.1284677701846170E+017
   8.8962299999999998E-003   8.3010835172131264E+017
   8.8958000000000006E-003   8.4717606045629261E+017
   8.8953799999999996E-003   8.6623988457966246E+017
   8.8948599999999992E-003   8.8727818826433216E+017
   8.8943600000000005E-003   9.0810930129106918E+017
   8.8938699999999999E-003   9.2874810569225178E+017
   8.8933999999999992E-003   9.4917188487501107E+017
   8.8929300000000003E-003   9.6939452766016742E+017
   8.8924699999999995E-003   9.8549675148126630E+017
   8.8921999999999994E-003   9.9759646639283290E+017
   8.8919299999999993E-003   1.0096055184724887E+018
   8.8916700000000008E-003   1.0215264199716545E+018
   8.8914100000000006E-003   1.0393812698923566E+018
   8.8909000000000002E-003   1.0629991235535608E+018
   8.8903999999999997E-003   1.0884079056302487E+018
   8.8898199999999997E-003   1.1155439078666025E+018
   8.8892599999999995E-003   1.1424892437048835E+018
   8.8887099999999993E-003   1.1692589280444639E+018
   8.8881800000000007E-003   1.1901404191767798E+018
   8.8878800000000008E-003   1.2053082079122606E+018
   8.8875800000000008E-003   1.2204315091486879E+018
   8.8872799999999991E-003   1.2355121300623201E+018
   8.8869900000000009E-003   1.2543075219481682E+018
   8.8865599999999999E-003   1.2767282613269263E+018
   8.8861300000000008E-003   1.3029228688494497E+018
   8.8855700000000006E-003   1.3327719222172621E+018
   8.8850200000000004E-003   1.3624328593186222E+018
   8.8844800000000002E-003   1.3919184884866865E+018
   8.8839499999999998E-003   1.4138684952753121E+018
   8.8836899999999996E-003   1.4284743354064609E+018
   8.8834299999999995E-003   1.4450065822634427E+018
   8.8831099999999996E-003   1.4634311528935439E+018
   8.8827899999999998E-003   1.4909762266761380E+018
   8.8821500000000001E-003   1.5273819954829932E+018
   8.8815400000000003E-003   1.5544576759577976E+018
   8.8812400000000003E-003   1.5724614932166694E+018
   8.8809400000000004E-003   1.5924042348054868E+018
   8.8805700000000008E-003   1.6142485694373376E+018
   8.8802099999999995E-003   1.6359273537774973E+018
   8.8798599999999998E-003   1.6574455765253217E+018
   8.8795200000000001E-003   1.6791293000819643E+018
   8.8791600000000005E-003   1.7009770112043584E+018
   8.8788200000000008E-003   1.7337070197713170E+018
   8.8781299999999997E-003   1.7770057546105224E+018
   8.8774600000000002E-003   1.8092346789541064E+018
   8.8771300000000004E-003   1.8307048349885481E+018
   8.8768100000000006E-003   1.8542002220439831E+018
   8.8764199999999994E-003   1.8796816750510188E+018
   8.8760400000000000E-003   1.9049716270688922E+018
   8.8756600000000005E-003   1.9429331722154716E+018
   8.8749199999999997E-003   1.9808929422976404E+018
   8.8745500000000001E-003   2.0062217327642816E+018
   8.8741800000000006E-003   2.0313740505377874E+018
   8.8738199999999993E-003   2.0658110977701325E+018
   8.8731999999999995E-003   2.1092935524117637E+018
   8.8725999999999996E-003   2.1529899467690516E+018
   8.8719799999999998E-003   2.1968997904320650E+018
   8.8713799999999999E-003   2.2389768056864125E+018
   8.8708299999999997E-003   2.2792793831971963E+018
   8.8702899999999994E-003   2.3121263807877811E+018
   8.8699499999999997E-003   2.3376862885446958E+018
   8.8696100000000000E-003   2.3783504320920607E+018
   8.8688800000000009E-003   2.4337154692135603E+018
   8.8681699999999999E-003   2.4771669311475497E+018
   8.8677600000000006E-003   2.5090412788072868E+018
   8.8673499999999995E-003   2.5555853031196600E+018
   8.8665800000000006E-003   2.6163839647679498E+018
   8.8658299999999999E-003   2.6810321361165363E+018
   8.8649799999999997E-003   2.7493669901705887E+018
   8.8641599999999994E-003   2.8022790056970112E+018
   8.8636900000000005E-003   2.8402798897108884E+018
   8.8632299999999997E-003   2.8779411731011011E+018
   8.8627700000000007E-003   2.9152963357679498E+018
   8.8623100000000000E-003   2.9662826011989402E+018
   8.8615099999999995E-003   3.0304079378330875E+018
   8.8607300000000007E-003   3.0865966498420285E+018
   8.8601400000000007E-003   3.1353778201268905E+018
   8.8595600000000007E-003   3.1808880520440776E+018
   8.8590600000000002E-003   3.2443999822890010E+018
   8.8580900000000008E-003   3.3334721767051540E+018
   8.8570599999999999E-003   3.4029968806088678E+018
   8.8565499999999995E-003   3.4489023312735375E+018
   8.8560500000000007E-003   3.5172901128023757E+018
   8.8550699999999996E-003   3.6074679709990717E+018
   8.8541100000000001E-003   3.6939407948087491E+018
   8.8532300000000001E-003   3.7652079785334584E+018
   8.8526100000000003E-003   3.8241586185223670E+018
   8.8520000000000005E-003   3.9100050472481485E+018
   8.8508500000000004E-003   4.0218280312785121E+018
   8.8497200000000002E-003   4.1351616042976466E+018
   8.8485700000000000E-003   4.2499715195238676E+018
   8.8474399999999998E-003   4.3523417147332485E+018
   8.8465599999999998E-003   4.4427509563520205E+018
   8.8456899999999998E-003   4.5533936945627116E+018
   8.8444400000000003E-003   4.6512240077002895E+018
   8.8438300000000004E-003   4.7158007626717727E+018
   8.8432300000000005E-003   4.8058457756762481E+018
   8.8421600000000000E-003   4.9206349662997484E+018
   8.8411099999999992E-003   5.0098827663794872E+018
   8.8405199999999993E-003   5.0743010462567363E+018
   8.8399399999999993E-003   5.1561999678513766E+018
   8.8390499999999993E-003   5.2551554059907164E+018
   8.8381799999999993E-003   5.3808756478758308E+018
   8.8368300000000004E-003   5.4979110987559946E+018
   8.8361199999999994E-003   5.5914376987673364E+018
   8.8352099999999996E-003   5.6961413766293187E+018
   8.8343199999999997E-003   5.8244369014543196E+018
   8.8330400000000003E-003   5.9379841075868795E+018
   8.8324100000000006E-003   6.0130123319820728E+018
   8.8317799999999991E-003   6.1291884085105121E+018
   8.8304799999999999E-003   6.2465075325957796E+018
   8.8298500000000002E-003   6.3240339536550779E+018
   8.8292200000000005E-003   6.4087193434569994E+018
   8.8284699999999997E-003   6.5004128246968115E+018
   8.8277400000000006E-003   6.6173061977838612E+018
   8.8266100000000004E-003   6.7586563602655990E+018
   8.8255000000000000E-003   6.8771374911658885E+018
   8.8247399999999993E-003   6.9734126928066099E+018
   8.8239900000000003E-003   7.0697616351678833E+018
   8.8232399999999996E-003   7.2193336676687677E+018
   8.8216900000000001E-003   7.4194474333314908E+018
   8.8201900000000003E-003   7.6235274916918047E+018
   8.8186199999999992E-003   7.7797013939571896E+018
   8.8178500000000003E-003   7.8827403035404954E+018
   8.8170899999999996E-003   8.0431079457787156E+018
   8.8154900000000005E-003   8.2585462656494551E+018
   8.8139399999999993E-003   8.4778447158728858E+018
   8.8123100000000003E-003   8.6454487409408164E+018
   8.8115199999999998E-003   8.7557617538555515E+018
   8.8107299999999993E-003   8.8689948569359411E+018
   8.8099000000000007E-003   8.9849460366939832E+018
   8.8090800000000004E-003   9.0996747305467484E+018
   8.8082700000000000E-003   9.2131513093139927E+018
   8.8074799999999995E-003   9.3294924807100539E+018
   8.8066299999999993E-003   9.4484555954067272E+018
   8.8058000000000008E-003   9.6241378588424376E+018
   8.8041600000000001E-003   9.8004876397226373E+018
   8.8033000000000000E-003   9.9216915818303590E+018
   8.8024499999999999E-003   1.0041189134007656E+019
   8.8016099999999996E-003   1.0158974740385171E+019
   8.8007799999999994E-003   1.0279734200707463E+019
   8.7999099999999993E-003   1.0402402644748571E+019
   8.7990399999999993E-003   1.0523036683227716E+019
   8.7981899999999991E-003   1.0641775985936171E+019
   8.7973500000000007E-003   1.0762849323691579E+019
   8.7964600000000007E-003   1.0885946940254573E+019
   8.7955800000000008E-003   1.1006802383329937E+019
   8.7947100000000007E-003   1.1125604616546890E+019
   8.7938500000000006E-003   1.1246550435760708E+019
   8.7929500000000008E-003   1.1369369687970996E+019
   8.7920499999999992E-003   1.1489756383375362E+019
   8.7911699999999992E-003   1.1608051013709457E+019
   8.7902999999999992E-003   1.1728347521282613E+019
   8.7893699999999995E-003   1.1850569528825197E+019
   8.7884599999999997E-003   1.1970340678963620E+019
   8.7875599999999998E-003   1.2088231976903059E+019
   8.7866799999999998E-003   1.2208262986426624E+019
   8.7857400000000002E-003   1.2330446780731036E+019
   8.7848100000000005E-003   1.2450401538187336E+019
   8.7839000000000007E-003   1.2568741335696382E+019
   8.7829999999999991E-003   1.2689509037442671E+019
   8.7820399999999996E-003   1.2812743244673561E+019
   8.7811000000000000E-003   1.2934056566441634E+019
   8.7801700000000003E-003   1.3054032118628030E+019
   8.7792500000000006E-003   1.3176958570166700E+019
   8.7782799999999994E-003   1.3302237726992132E+019
   8.7773199999999999E-003   1.3424702318479835E+019
   8.7763800000000003E-003   1.3548500039788220E+019
   8.7754500000000006E-003   1.3743990016426277E+019
   8.7734900000000001E-003   1.4002689714397528E+019
   8.7715799999999993E-003   1.4195870296858857E+019
   8.7705800000000000E-003   1.4329725579790391E+019
   8.7695900000000007E-003   1.4462072604696541E+019
   8.7686099999999996E-003   1.4596235353679655E+019
   8.7676500000000001E-003   1.4809750144070482E+019
   8.7656299999999999E-003   1.5091505323266828E+019
   8.7636599999999995E-003   1.5301346915380638E+019
   8.7626200000000005E-003   1.5447607604426328E+019
   8.7615999999999996E-003   1.5666788899463383E+019
   8.7595999999999993E-003   1.5965470603628290E+019
   8.7575099999999996E-003   1.6191585190922611E+019
   8.7564900000000005E-003   1.6343996473356413E+019
   8.7554799999999995E-003   1.6587166414486354E+019
   8.7533600000000000E-003   1.6906747998878398E+019
   8.7512900000000001E-003   1.7226722647252453E+019
   8.7491400000000007E-003   1.7471438645782096E+019
   8.7480800000000001E-003   1.7633879270070319E+019
   8.7470399999999993E-003   1.7889993726255942E+019
   8.7448400000000003E-003   1.8232227194411653E+019
   8.7427100000000008E-003   1.8581571407019344E+019
   8.7404800000000001E-003   1.8937664340473242E+019
   8.7383200000000008E-003   1.9203626063521878E+019
   8.7371800000000006E-003   1.9388135839652491E+019
   8.7360500000000004E-003   1.9671919707942420E+019
   8.7337700000000001E-003   2.0046524813767688E+019
   8.7315399999999994E-003   2.0421495156139614E+019
   8.7293000000000006E-003   2.0810691382127497E+019
   8.7269600000000006E-003   2.1207400979323335E+019
   8.7246700000000003E-003   2.1503191782930248E+019
   8.7234700000000005E-003   2.1815022196780810E+019
   8.7211200000000006E-003   2.2172603866044965E+019
   8.7193500000000007E-003   2.2486819172453753E+019
   8.7175399999999993E-003   2.2858273681195381E+019
   8.7151799999999995E-003   2.3290175890338468E+019
   8.7127100000000002E-003   2.3670336393982382E+019
   8.7109000000000006E-003   2.3998586192370942E+019
   8.7090399999999995E-003   2.4339873114530570E+019
   8.7071700000000002E-003   2.4677315137116803E+019
   8.7053400000000006E-003   2.5005690835767411E+019
   8.7035700000000008E-003   2.5325044851024777E+019
   8.7018200000000007E-003   2.5610557914133680E+019
   8.7004000000000005E-003   2.5867430663281644E+019
   8.6989900000000002E-003   2.6142835368528593E+019
   8.6973799999999993E-003   2.6431595553255887E+019
   8.6957900000000001E-003   2.6720479374173446E+019
   8.6941499999999994E-003   2.7015125628726436E+019
   8.6925300000000004E-003   2.7377495190335709E+019
   8.6902000000000004E-003   2.7783148355117883E+019
   8.6879399999999999E-003   2.8114516307460911E+019
   8.6862899999999993E-003   2.8397033442990752E+019
   8.6846700000000002E-003   2.8750671195775513E+019
   8.6822900000000005E-003   2.9145756449625113E+019
   8.6799700000000004E-003   2.9468692522734113E+019
   8.6782500000000002E-003   2.9739720029309104E+019
   8.6765699999999998E-003   3.0004066136444879E+019
   8.6748699999999995E-003   3.0265123048604119E+019
   8.6732000000000007E-003   3.0582249793708589E+019
   8.6707899999999994E-003   3.0931614270030930E+019
   8.6684399999999995E-003   3.1239783625044759E+019
   8.6663399999999998E-003   3.1521205712577413E+019
   8.6642899999999998E-003   3.1791571323321074E+019
   8.6622000000000001E-003   3.2055234870695068E+019
   8.6601600000000001E-003   3.2332769682456719E+019
   8.6577200000000007E-003   3.2619059488596120E+019
   8.6553399999999992E-003   3.2893502666061451E+019
   8.6529099999999998E-003   3.3153305870201340E+019
   8.6505400000000000E-003   3.3356902816527700E+019
   8.6488099999999998E-003   3.3534932194980102E+019
   8.6471199999999995E-003   3.3793252929850413E+019
   8.6439900000000007E-003   3.4103262391215342E+019
   8.6409899999999994E-003   3.4342593595718349E+019
   8.6388999999999997E-003   3.4542951999461966E+019
   8.6368599999999997E-003   3.4747935393253618E+019
   8.6347899999999998E-003   3.4954090903278404E+019
   8.6327799999999996E-003   3.5270205176943104E+019
   8.6287199999999994E-003   3.5590995237708022E+019
   8.6266899999999994E-003   3.5813996936549253E+019
   8.6247000000000008E-003   3.6087446238795932E+019
   8.6219599999999997E-003   3.6328376580047929E+019
   8.6206200000000007E-003   3.6490761514694726E+019
   8.6192999999999999E-003   3.6749485279938343E+019
   8.6165600000000005E-003   3.7015168771819438E+019
   8.6152199999999998E-003   3.7243094601361596E+019
   8.6132199999999996E-003   3.7527876333296665E+019
   8.6111599999999996E-003   3.7772368848521175E+019
   8.6098300000000006E-003   3.8075662722801418E+019
   8.6071199999999994E-003   3.8389356147706323E+019
   8.6057600000000005E-003   3.8603751607573242E+019
   8.6044099999999998E-003   3.8879152011120771E+019
   8.6023899999999997E-003   3.9223886577917960E+019
   8.6003299999999998E-003   3.9519982093916348E+019
   8.5989800000000009E-003   3.9758000906600792E+019
   8.5976500000000001E-003   4.0133955606082183E+019
   8.5948599999999993E-003   4.0586634792466170E+019
   8.5928299999999992E-003   4.0916547350911754E+019
   8.5914500000000005E-003   4.1262305788792668E+019
   8.5893500000000008E-003   4.1755833671970546E+019
   8.5866299999999996E-003   4.2189085634722963E+019
   8.5851999999999994E-003   4.2567995129777873E+019
   8.5830999999999998E-003   4.3022970082500362E+019
   8.5810299999999999E-003   4.3576014089218474E+019
   8.5781599999999996E-003   4.4105820921945375E+019
   8.5763899999999997E-003   4.4519384961662861E+019
   8.5746399999999997E-003   4.5031487432078180E+019
   8.5720999999999992E-003   4.5635968460007834E+019
   8.5696300000000000E-003   4.6307074318297866E+019
   8.5666800000000001E-003   4.6854821393516159E+019
   8.5652300000000001E-003   4.7223046952897323E+019
   8.5637999999999999E-003   4.7852539465018008E+019
   8.5603999999999993E-003   4.8734877670132515E+019
   8.5570999999999998E-003   4.9432630540986589E+019
   8.5551900000000007E-003   5.0100336495120114E+019
   8.5521699999999996E-003   5.0996123949881983E+019
   8.5487099999999993E-003   5.1801784608418193E+019
   8.5464300000000007E-003   5.2406663117397967E+019
   8.5444500000000003E-003   5.2972533246437884E+019
   8.5424999999999997E-003   5.3674091411489546E+019
   8.5397000000000008E-003   5.4478129620445536E+019
   8.5369499999999997E-003   5.5248031871885263E+019
   8.5345300000000002E-003   5.5970640890242851E+019
   8.5321400000000006E-003   5.6591792214760423E+019
   8.5304899999999999E-003   5.7101010327055540E+019
   8.5288499999999993E-003   5.7844691591769702E+019
   8.5257000000000006E-003   5.8840695925498290E+019
   8.5226199999999998E-003   5.9582744091682021E+019
   8.5210300000000006E-003   6.0095048478388535E+019
   8.5194599999999995E-003   6.0726046733862748E+019
   8.5172000000000008E-003   6.1470710019271041E+019
   8.5149700000000002E-003   6.2432187936130875E+019
   8.5114800000000001E-003   6.3630770670980530E+019
   8.5079600000000002E-003   6.4937928549372830E+019
   8.5039899999999995E-003   6.6118009795485540E+019
   8.5012799999999999E-003   6.7102179558646333E+019
   8.4985200000000007E-003   6.8317290172748382E+019
   8.4946499999999994E-003   6.9942475023769657E+019
   8.4897800000000006E-003   7.1261269775456403E+019
   8.4876399999999994E-003   7.2076042389139726E+019
   8.4855199999999999E-003   7.3035657942901342E+019
   8.4826599999999995E-003   7.4161530131132596E+019
   8.4797199999999996E-003   7.5304765061442535E+019
   8.4768299999999994E-003   7.6466582636028133E+019
   8.4738499999999998E-003   7.7659245104481485E+019
   8.4708500000000003E-003   7.8856074092658704E+019
   8.4679000000000004E-003   7.9873291686176653E+019
   8.4658200000000006E-003   8.1125079910455640E+019
   8.4617300000000006E-003   8.3053332919355654E+019
   8.4565200000000004E-003   8.4899093773950812E+019
   8.4528599999999995E-003   8.6333637276454994E+019
   8.4496699999999994E-003   8.7697257741963444E+019
   8.4464199999999996E-003   8.9550579661793296E+019
   8.4409700000000008E-003   9.1483703742183916E+019
   8.4373899999999995E-003   9.2673953549644530E+019
   8.4354700000000005E-003   9.4030307542162440E+019
   8.4311899999999999E-003   9.5892937763917857E+019
   8.4269900000000005E-003   9.7328328496396763E+019
   8.4246800000000004E-003   9.8349242714713571E+019
   8.4223900000000001E-003   9.9854244573980492E+019
   8.4179600000000004E-003   1.0182273064733031E+020
   8.4136200000000001E-003   1.0320870121488251E+020
   8.4118100000000005E-003   1.0402529094397652E+020
   8.4100100000000007E-003   1.0540963796893319E+020
   8.4057400000000001E-003   1.0735015969931859E+020
   8.4015300000000008E-003   1.0879899357570164E+020
   8.3993599999999998E-003   1.0979966185252277E+020
   8.3972100000000004E-003   1.1121428224021617E+020
   8.3932799999999995E-003   1.1303546168760982E+020
   8.3894099999999999E-003   1.1458022982784423E+020
   8.3866900000000005E-003   1.1585554442904553E+020
   8.3840000000000008E-003   1.1730955982002415E+020
   8.3805600000000004E-003   1.1893874764645188E+020
   8.3771599999999998E-003   1.2079484240362298E+020
   8.3728199999999996E-003   1.2287067422798683E+020
   8.3685500000000006E-003   1.2477776042146320E+020
   8.3649299999999996E-003   1.2724156972603816E+020
   8.3584499999999999E-003   1.2953137048557244E+020
   8.3555799999999996E-003   1.3103379560450774E+020
   8.3523799999999995E-003   1.3261403416259517E+020
   8.3492099999999993E-003   1.3505332326519064E+020
   8.3426400000000001E-003   1.3832739660821355E+020
   8.3362100000000001E-003   1.4170931850749680E+020
   8.3293399999999993E-003   1.4519580773334734E+020
   8.3226199999999993E-003   1.4784435022041973E+020
   8.3190000000000000E-003   1.4971699512382970E+020
   8.3154300000000004E-003   1.5169886049036295E+020
   8.3114299999999999E-003   1.5378863763357109E+020
   8.3074800000000008E-003   1.5577115802424610E+020
   8.3039299999999993E-003   1.5764960907103715E+020
   8.3004099999999994E-003   1.5990474185721761E+020
   8.2954900000000008E-003   1.6252856801459739E+020
   8.2906400000000002E-003   1.6543832096868398E+020
   8.2847400000000005E-003   1.6862321608576447E+020
   8.2789500000000002E-003   1.7159842191090070E+020
   8.2738699999999991E-003   1.7437700670656148E+020
   8.2688699999999993E-003   1.7725337920219837E+020
   8.2634500000000003E-003   1.7996756898415388E+020
   8.2592099999999995E-003   1.8233769393969640E+020
   8.2550200000000001E-003   1.8553035131572499E+020
   8.2479500000000004E-003   1.8952493586701900E+020
   8.2410199999999999E-003   1.9329879293692163E+020
   8.2348500000000002E-003   1.9684274363702211E+020
   8.2287899999999997E-003   2.0014634753098636E+020
   8.2234200000000004E-003   2.0441491008513461E+020
   8.2143000000000008E-003   2.0818228736587013E+020
   8.2106899999999997E-003   2.1032961248637741E+020
   8.2071000000000002E-003   2.1352706058429510E+020
   8.2000400000000005E-003   2.1775244059117981E+020
   8.1931000000000000E-003   2.2117624792261843E+020
   8.1887599999999998E-003   2.2381657910016423E+020
   8.1844699999999992E-003   2.2691650016132769E+020
   8.1786800000000007E-003   2.3046740925094242E+020
   8.1729799999999998E-003   2.3441162957406051E+020
   8.1660199999999995E-003   2.3970801025676932E+020
   8.1561299999999993E-003   2.4505650275855145E+020
   8.1491099999999993E-003   2.4855522840479387E+020
   8.1451600000000002E-003   2.5250774060625137E+020
   8.1368399999999994E-003   2.5783703541220652E+020
   8.1286899999999992E-003   2.6187987490281105E+020
   8.1244100000000003E-003   2.6467619935484055E+020
   8.1201699999999995E-003   2.6745584420756098E+020
   8.1159700000000001E-003   2.7022075246384742E+020
   8.1118100000000005E-003   2.7451851434919877E+020
   8.1030800000000004E-003   2.8031783334198129E+020
   8.0945199999999991E-003   2.8624354818207603E+020
   8.0855700000000003E-003   2.9229342038967455E+020
   8.0767900000000004E-003   2.9688962634393990E+020
   8.0721800000000000E-003   3.0006200250573672E+020
   8.0676199999999993E-003   3.0321771729681691E+020
   8.0631000000000001E-003   3.0635715661139994E+020
   8.0586300000000007E-003   3.1123817541430621E+020
   8.0492399999999992E-003   3.1782244183711252E+020
   8.0400200000000002E-003   3.2280072483179102E+020
   8.0351899999999993E-003   3.2625307505112403E+020
   8.0304000000000000E-003   3.2968771710814362E+020
   8.0256600000000004E-003   3.3310490226446008E+020
   8.0209600000000006E-003   3.3841511319094618E+020
   8.0111000000000002E-003   3.4558264365638602E+020
   8.0014300000000003E-003   3.5289088935166745E+020
   7.9913299999999996E-003   3.6036997645408430E+020
   7.9814299999999994E-003   3.6605448863371434E+020
   7.9762300000000008E-003   3.6997667914064475E+020
   7.9710900000000001E-003   3.7387932190599453E+020
   7.9659899999999992E-003   3.7776350604830350E+020
   7.9609399999999997E-003   3.8379685243986097E+020
   7.9503500000000001E-003   3.9194172234889029E+020
   7.9399599999999994E-003   3.9809925293694196E+020
   7.9345100000000005E-003   4.0236984595547082E+020
   7.9291099999999996E-003   4.0661971790852345E+020
   7.9237700000000001E-003   4.1084912061769417E+020
   7.9184700000000004E-003   4.1741956467853263E+020
   7.9073700000000004E-003   4.2629095311269770E+020
   7.8964699999999992E-003   4.3535136541902242E+020
   7.8851000000000008E-003   4.4461131774559945E+020
   7.8739399999999994E-003   4.5165149081604280E+020
   7.8680999999999994E-003   4.5650841688368808E+020
   7.8622999999999992E-003   4.6134260353476506E+020
   7.8565700000000002E-003   4.6615517784232165E+020
   7.8508799999999993E-003   4.7362682316804280E+020
   7.8389700000000007E-003   4.8371695548107797E+020
   7.8272700000000008E-003   4.9135040200821526E+020
   7.8211500000000007E-003   4.9664058627326444E+020
   7.8150800000000003E-003   5.0452443773737383E+020
   7.8031100000000003E-003   5.1529590528958680E+020
   7.7906199999999998E-003   5.2356368092261849E+020
   7.7844699999999999E-003   5.2903198309486664E+020
   7.7783699999999997E-003   5.3752687452406946E+020
   7.7656000000000001E-003   5.4900202559822915E+020
   7.7530600000000000E-003   5.5768310016511187E+020
   7.7464999999999999E-003   5.6370101850787565E+020
   7.7399900000000004E-003   5.7127396851329047E+020
   7.7301499999999999E-003   5.8039908331044123E+020
   7.7204400000000003E-003   5.8963951967705091E+020
   7.7104799999999996E-003   5.9901740290055497E+020
   7.7006599999999998E-003   6.0862911448872622E+020
   7.6903700000000002E-003   6.1846607671508389E+020
   7.6802299999999997E-003   6.2844312419812757E+020
   7.6698199999999999E-003   6.4162623493101978E+020
   7.6533499999999997E-003   6.5582919033657937E+020
   7.6410999999999996E-003   6.6814433736299407E+020
   7.6287300000000002E-003   6.8068056768061440E+020
   7.6162499999999998E-003   6.9509844590942342E+020
   7.6004599999999999E-003   7.0973842159012466E+020
   7.5877899999999996E-003   7.2313873390086953E+020
   7.5746800000000003E-003   7.3689538245587396E+020
   7.5615600000000002E-003   7.5002782273577786E+020
   7.5498400000000004E-003   7.6221706129438055E+020
   7.5386699999999999E-003   7.7673347448939047E+020
   7.5228099999999996E-003   7.9234688013483350E+020
   7.5097499999999999E-003   8.0575103513558372E+020
   7.4980600000000000E-003   8.1943504075763548E+020
   7.4842600000000004E-003   8.3526452001528585E+020
   7.4691200000000001E-003   8.4903090805611443E+020
   7.4591700000000002E-003   8.6156832579160847E+020
   7.4451800000000000E-003   8.7740418007942260E+020
   7.4287199999999998E-003   8.9227039910251790E+020
   7.4128600000000003E-003   9.0621065831065164E+020
   7.3981799999999999E-003   9.1555326346079620E+020
   7.3841100000000002E-003   9.2221477296405833E+020
   7.3682100000000000E-003   9.1781142684049028E+020
   7.3619200000000001E-003   9.2613405950756690E+020
   7.3470599999999999E-003   9.0482249480058398E+020
   7.3276000000000001E-003   8.9896517515451485E+020
   7.3137999999999996E-003   8.6451940019309904E+020
   7.3004599999999999E-003   8.0836245605034806E+020
   7.2853099999999997E-003   7.7608782962001720E+020
   7.2713999999999999E-003   7.5592828123682439E+020
   7.2655000000000003E-003   7.2661560272926789E+020
   7.2596400000000004E-003   6.9940453394525795E+020
   7.2453300000000003E-003   6.7641715782161885E+020
   7.2395899999999997E-003   6.6363312894851744E+020
   7.2330199999999997E-003   6.3926724257144727E+020
   7.2279199999999997E-003   6.3829346927894934E+020
   7.2198100000000001E-003   6.2582439284147447E+020
   7.2146299999999997E-003   6.0910833663517983E+020
   7.2097699999999999E-003   5.9978939929393693E+020
   7.2053700000000000E-003   6.0307511310785066E+020
   7.2001200000000000E-003   5.8873652683494320E+020
   7.1943099999999998E-003   5.7860116853083301E+020
   7.1885400000000002E-003   5.7706223013115173E+020
   7.1850400000000002E-003   5.7603843955821249E+020
   7.1802699999999999E-003   5.7146299572913190E+020
   7.1778900000000001E-003   5.6964362229639453E+020
   7.1761100000000003E-003   5.6827909216278499E+020
   7.1719499999999999E-003   5.6813405439450867E+020
   7.1695600000000002E-003   5.6781991482486528E+020
   7.1662499999999999E-003   5.6738637025556293E+020
   7.1635300000000004E-003   5.6645345146051605E+020
   7.1574799999999999E-003   5.6606287365602306E+020
   7.1529499999999999E-003   5.6757126292044422E+020
   7.1478300000000000E-003   5.6832656024463154E+020
   7.1418300000000001E-003   5.7029887425343147E+020
   7.1371200000000003E-003   5.7245908222285926E+020
   7.1326200000000001E-003   5.7472081432820600E+020
   7.1282699999999999E-003   5.7722632730266809E+020
   7.1243000000000001E-003   5.8015561282193667E+020
   7.1192699999999996E-003   5.8265781161383205E+020
   7.1171899999999998E-003   5.8495415503592076E+020
   7.1130600000000000E-003   5.8764395305649865E+020
   7.1103199999999998E-003   5.9038781738500909E+020
   7.1062100000000000E-003   5.9297578081602306E+020
   7.1041600000000000E-003   5.9558145303856913E+020
   7.1001700000000003E-003   5.9908624005801941E+020
   7.0962899999999999E-003   6.0175472479336844E+020
   7.0943500000000001E-003   6.0384756096468111E+020
   7.0918300000000004E-003   6.0742817946563038E+020
   7.0868099999999998E-003   6.1229455495616122E+020
   7.0818100000000000E-003   6.1726317920245200E+020
   7.0768400000000000E-003   6.2104874352015245E+020
   7.0743600000000000E-003   6.2324104983767587E+020
   7.0724999999999998E-003   6.2610992725584210E+020
   7.0688000000000001E-003   6.2994467295602108E+020
   7.0651600000000000E-003   6.3374065451299281E+020
   7.0615799999999996E-003   6.3748368032662055E+020
   7.0580599999999997E-003   6.4117326547065451E+020
   7.0546000000000003E-003   6.4543794042398350E+020
   7.0500800000000002E-003   6.4935944182395424E+020
   7.0472900000000003E-003   6.5233732392087480E+020
   7.0445100000000004E-003   6.5624194943885863E+020
   7.0399399999999997E-003   6.6059166448015586E+020
   7.0363500000000002E-003   6.6421664800248837E+020
   7.0331800000000000E-003   6.6738841611198687E+020
   7.0304399999999998E-003   6.7139813872904398E+020
   7.0258400000000002E-003   6.7644465553636301E+020
   7.0210300000000002E-003   6.8251185402523196E+020
   7.0148299999999997E-003   6.8720611013727958E+020
   7.0119099999999997E-003   6.9060324568104711E+020
   7.0089899999999997E-003   6.9479797675835130E+020
   7.0046199999999996E-003   6.9987720521218602E+020
   6.9988300000000002E-003   7.0474076932881357E+020
   6.9959400000000000E-003   7.0806075187360380E+020
   6.9930699999999997E-003   7.1160004243710620E+020
   6.9886000000000002E-003   7.1750110861145486E+020
   6.9823400000000001E-003   7.2277862974006034E+020
   6.9787299999999998E-003   7.2802660814484511E+020
   6.9725899999999999E-003   7.3457043152642127E+020
   6.9665600000000001E-003   7.3976876010136902E+020
   6.9631199999999997E-003   7.4229795002144942E+020
   6.9609199999999998E-003   7.4606246629204650E+020
   6.9565199999999999E-003   7.5122468021099613E+020
   6.9511900000000003E-003   7.5571361668765686E+020
   6.9480599999999998E-003   7.6005679299667506E+020
   6.9430500000000001E-003   7.6404473650336511E+020
   6.9405500000000002E-003   7.6794798747023639E+020
   6.9356799999999996E-003   7.7428931278818129E+020
   6.9285800000000002E-003   7.8062900417150884E+020
   6.9237099999999996E-003   7.8577378412280611E+020
   6.9188599999999998E-003   7.9273472058958833E+020
   6.9105499999999997E-003   7.9950457768143094E+020
   6.9061200000000000E-003   8.0580148427684394E+020
   6.8987700000000002E-003   8.1242528183362454E+020
   6.8933900000000001E-003   8.1833581999550182E+020
   6.8877599999999997E-003   8.2289247168941353E+020
   6.8847900000000000E-003   8.2525923642884922E+020
   6.8833100000000001E-003   8.2683562935505505E+020
   6.8818300000000002E-003   8.4365372783477680E+020
   6.8810800000000004E-003   8.4421761490294984E+020
   6.8807100000000000E-003   8.4459352425277424E+020
   6.8803400000000004E-003   8.4487546657603532E+020
   6.8801499999999998E-003   8.4506342111946198E+020
   6.8799700000000000E-003   8.4525137562185145E+020
   6.8797800000000003E-003   8.4543933389976437E+020
   6.8795999999999996E-003   8.4562728832577608E+020
   6.8794099999999999E-003   8.4581524653216720E+020
   6.8792200000000001E-003   8.4600320470531886E+020
   6.8790400000000003E-003   8.4619115902827561E+020
   6.8788499999999997E-003   8.4646999986293257E+020
   6.8784900000000001E-003   8.4693215265485776E+020
   6.8779399999999999E-003   8.4734812050646958E+020
   6.8776699999999998E-003   8.4755609888540367E+020
   6.8775299999999998E-003   8.4766008908041945E+020
   6.8774600000000002E-003   8.4771785724953559E+020
   6.8774099999999996E-003   8.4775829950042997E+020
   6.8773799999999998E-003   8.4779296259646856E+020
   6.8773500000000000E-003   8.4783340090277704E+020
   6.8773000000000003E-003   8.4790272669279322E+020
   6.8772099999999999E-003   8.4804137746869649E+020
   6.8770300000000001E-003   8.4831867197753695E+020
   6.8766599999999997E-003   8.4887325582273269E+020
   6.8759299999999997E-003   8.4970515065476494E+020
   6.8750199999999999E-003   8.5118392034128481E+020
   6.8730199999999997E-003   8.5451085321105519E+020
   6.8684799999999997E-003   8.6050722658226641E+020
   6.8612700000000000E-003   8.6782098947411057E+020
   6.8532000000000003E-003   8.7755129150476360E+020
   6.8442199999999998E-003   8.9109218375435760E+020
   6.8242299999999997E-003   9.1009042467905811E+020
   6.8063200000000003E-003   9.2669999856709652E+020
   6.7919199999999999E-003   9.4179371343062277E+020
   6.7785199999999997E-003   9.5991221329764496E+020
   6.7587799999999998E-003   9.8107381982773733E+020
   6.7402699999999996E-003   1.0004523493674544E+021
   6.7238300000000001E-003   1.0188988047972338E+021
   6.7074800000000000E-003   1.0375440402065925E+021
   6.6912999999999999E-003   1.0577360096589293E+021
   6.6725500000000002E-003   1.0778316592526506E+021
   6.6569400000000001E-003   1.0965637895534216E+021
   6.6409599999999996E-003   1.1165616694255634E+021
   6.6235599999999997E-003   1.1383831467736317E+021
   6.6049799999999999E-003   1.1635783668597853E+021
   6.5825600000000003E-003   1.1879722511144654E+021
   6.5659600000000000E-003   1.2110899410917662E+021
   6.5460400000000004E-003   1.2365426151520230E+021
   6.5263700000000001E-003   1.2599596699774975E+021
   6.5100699999999997E-003   1.2778045068053088E+021
   6.4994099999999997E-003   1.2971072303337861E+021
   6.4809700000000000E-003   1.3171514222385121E+021
   6.4696700000000003E-003   1.3399573306039699E+021
   6.4473000000000004E-003   1.3665244430965235E+021
   6.4310399999999998E-003   1.3891173439946734E+021
   6.4149300000000001E-003   1.4097819794782274E+021
   6.4017900000000001E-003   1.4284332947032740E+021
   6.3887600000000003E-003   1.4594973450518014E+021
   6.3585400000000002E-003   1.5034234226379488E+021
   6.3288499999999996E-003   1.5358472909696920E+021
   6.3152900000000003E-003   1.5640012303757785E+021
   6.2916200000000004E-003   1.5899654160900985E+021
   6.2814699999999999E-003   1.6166926071638330E+021
   6.2570600000000001E-003   1.6548267069254407E+021
   6.2329799999999999E-003   1.6852928806761663E+021
   6.2190800000000001E-003   1.7075973912971324E+021
   6.2052899999999996E-003   1.7361988070106669E+021
   6.1839499999999997E-003   1.7712993441683522E+021
   6.1628600000000000E-003   1.8009598642959562E+021
   6.1486500000000003E-003   1.8248829361631126E+021
   6.1345400000000000E-003   1.8617567245570225E+021
   6.1054600000000001E-003   1.9120235273523917E+021
   6.0768100000000002E-003   1.9538229403544291E+021
   6.0583800000000004E-003   1.9868241342629819E+021
   6.0401200000000004E-003   2.0136313734025264E+021
   6.0290600000000001E-003   2.0337309240096260E+021
   6.0180700000000004E-003   2.0680279806043113E+021
   5.9918599999999999E-003   2.1267459922722224E+021
   5.9554899999999999E-003   2.1890583458918535E+021
   5.9269500000000003E-003   2.2345836399608705E+021
   5.9090000000000002E-003   2.2752869771822846E+021
   5.8858399999999998E-003   2.3215716838768685E+021
   5.8629099999999998E-003   2.3766736120793929E+021
   5.8317899999999999E-003   2.4416506439470620E+021
   5.8003899999999999E-003   2.4918752004133020E+021
   5.7844999999999997E-003   2.5257285661118693E+021
   5.7687199999999998E-003   2.5777132434529284E+021
   5.7364099999999999E-003   2.6485192966900474E+021
   5.7045300000000002E-003   2.7214346047547543E+021
   5.6716500000000003E-003   2.7964296782278322E+021
   5.6392100000000004E-003   2.8736037323669656E+021
   5.6057499999999996E-003   2.9531328597285683E+021
   5.5727199999999998E-003   3.0348767308839172E+021
   5.5386699999999999E-003   3.1191103764857613E+021
   5.5050500000000000E-003   3.2058337931739335E+021
   5.4704000000000003E-003   3.2950727072570818E+021
   5.4361699999999997E-003   3.3636149480940173E+021
   5.4186700000000004E-003   3.4101701240775503E+021
   5.4012699999999997E-003   3.4816517327589354E+021
   5.3656800000000003E-003   3.5791563200360544E+021
   5.3305200000000000E-003   3.6539922453831940E+021
   5.3125400000000001E-003   3.7048828341627220E+021
   5.2946599999999996E-003   3.7824668975522167E+021
   5.2584800000000003E-003   3.8889929072425346E+021
   5.2219800000000002E-003   3.9987429771474701E+021
   5.1851400000000004E-003   4.1118168957035568E+021
   5.1479600000000000E-003   4.2283340323591637E+021
   5.1104399999999999E-003   4.3484092029770311E+021
   5.0725700000000002E-003   4.4721612790227702E+021
   5.0343599999999999E-003   4.5997167722826579E+021
   4.9957900000000000E-003   4.7312066974012167E+021
   4.9568600000000004E-003   4.8667568588054656E+021
   4.9175599999999996E-003   4.9715437909552514E+021
   4.8976799999999997E-003   5.0424441663310130E+021
   4.8778900000000002E-003   5.1145411925302355E+021
   4.8578199999999997E-003   5.1876637318923818E+021
   4.8378500000000003E-003   5.2832387057691121E+021
   4.8060600000000000E-003   5.4021933752013449E+021
   4.7745100000000000E-003   5.5016638787595325E+021
   4.7539399999999999E-003   5.5808621945621787E+021
   4.7334700000000000E-003   5.6612722834783003E+021
   4.7127100000000002E-003   5.7429564309384190E+021
   4.6920299999999998E-003   5.8259183862886454E+021
   4.6710700000000003E-003   5.9101921400043738E+021
   4.6501900000000002E-003   5.9957888179484282E+021
   4.6290200000000002E-003   6.0827436014085771E+021
   4.6079299999999997E-003   6.1710741035184103E+021
   4.5865500000000000E-003   6.2608118061839480E+021
   4.5652499999999999E-003   6.3519769497210412E+021
   4.5436599999999997E-003   6.4446034068801166E+021
   4.5221500000000000E-003   6.5387126809091564E+021
   4.5003400000000002E-003   6.6343405786141127E+021
   4.4786000000000001E-003   6.7315073071697636E+021
   4.4565700000000000E-003   6.8302552844684797E+021
   4.4346200000000002E-003   6.9306078189461355E+021
   4.4123599999999997E-003   7.0326030126771203E+021
   4.3901699999999997E-003   7.1362699428190287E+021
   4.3676799999999997E-003   7.2416393712366969E+021
   4.3452600000000001E-003   7.3487616635862610E+021
   4.3225399999999997E-003   7.4576688130693792E+021
   4.2998799999999998E-003   7.5683984146039749E+021
   4.2769200000000000E-003   7.6809917821219924E+021
   4.2540099999999999E-003   7.7952640507600280E+021
   4.2308900000000002E-003   7.9117136162066446E+021
   4.2076500000000003E-003   8.0301610728382257E+021
   4.1842700000000004E-003   8.1506550846068988E+021
   4.1607700000000003E-003   8.2732394347685384E+021
   4.1371400000000001E-003   8.3979844431427121E+021
   4.1133799999999998E-003   8.5249254075480460E+021
   4.0894800000000004E-003   8.6541586911897101E+021
   4.0654500000000000E-003   8.7857114806913451E+021
   4.0412800000000004E-003   8.9196553001432420E+021
   4.0169600000000000E-003   9.0560672786087821E+021
   3.9925100000000003E-003   9.1949902700881809E+021
   3.9679199999999998E-003   9.3364884107382562E+021
   3.9431800000000001E-003   9.4806414241064781E+021
   3.9182899999999996E-003   9.6275028412863317E+021
   3.8932500000000000E-003   9.7771326160017839E+021
   3.8680600000000000E-003   9.9296690511707646E+021
   3.8427200000000000E-003   1.0085146333891478E+022
   3.8172200000000001E-003   1.0243724264594381E+022
   3.7915599999999998E-003   1.0405607620301396E+022
   3.7657400000000001E-003   1.0570935114113577E+022
   3.7397500000000000E-003   1.0739579233427012E+022
   3.7135900000000001E-003   1.0911322548933252E+022
   3.6872699999999999E-003   1.1086047220026409E+022
   3.6607699999999998E-003   1.1263795720839303E+022
   3.6340900000000000E-003   1.1444612894743077E+022
   3.6072299999999999E-003   1.1628546135981736E+022
   3.5801900000000000E-003   1.1815644957505917E+022
   3.5529699999999999E-003   1.2005960962302582E+022
   3.5255500000000001E-003   1.2199547479366476E+022
   3.4979299999999998E-003   1.2396459922058102E+022
   3.4701200000000001E-003   1.2596755275974141E+022
   3.4421000000000000E-003   1.2800492237296771E+022
   3.4138800000000002E-003   1.3007730999583897E+022
   3.3854499999999999E-003   1.3218533458706663E+022
   3.3567900000000001E-003   1.3432963116126421E+022
   3.3279199999999998E-003   1.3651084845120682E+022
   3.2988200000000001E-003   1.3872965244018240E+022
   3.2694899999999999E-003   1.4098672185905127E+022
   3.2399099999999999E-003   1.4328275037235276E+022
   3.2101000000000000E-003   1.4561844929001712E+022
   3.1800299999999999E-003   1.4799454381037494E+022
   3.1497100000000000E-003   1.5041177128613848E+022
   3.1191299999999999E-003   1.5287088771284846E+022
   3.0882700000000002E-003   1.5537266264866552E+022
   3.0571399999999999E-003   1.5791788174490942E+022
   3.0257200000000000E-003   1.6050734437936593E+022
   2.9940000000000001E-003   1.6314186899856671E+022
   2.9619799999999999E-003   1.6582228432422118E+022
   2.9296499999999998E-003   1.6854943896409832E+022
   2.8969999999999998E-003   1.7132419658651481E+022
   2.8640200000000001E-003   1.7414743736516820E+022
   2.8306899999999999E-003   1.7702005444114077E+022
   2.7970099999999999E-003   1.7994296167888935E+022
   2.7629600000000001E-003   1.8291708826060134E+022
   2.7285299999999998E-003   1.8594337932522451E+022
   2.6936999999999998E-003   1.8902279501676961E+022
   2.6584700000000000E-003   1.9215631782680990E+022
   2.6228100000000002E-003   1.9534494276165592E+022
   2.5867099999999999E-003   1.9858968307565039E+022
   2.5501500000000002E-003   2.0189157070022482E+022
   2.5131200000000002E-003   2.0525165271271485E+022
   2.4755799999999998E-003   2.0867099558342361E+022
   2.4375199999999999E-003   2.1215068591096030E+022
   2.3989200000000001E-003   2.1569182217995838E+022
   2.3597399999999999E-003   2.1929552309552352E+022
   2.3199700000000002E-003   2.2296273962092768E+022
   2.2795599999999999E-003   2.2669613376457622E+022
   2.2384900000000001E-003   2.3049556528040948E+022
   2.1967200000000001E-003   2.3436222056850812E+022
   2.1542100000000002E-003   2.3829730642128288E+022
   2.1109200000000001E-003   2.4230204428528344E+022
   2.0667900000000002E-003   2.4637732175118460E+022
   2.0217799999999999E-003   2.5052616002484381E+022
   1.9758200000000001E-003   2.5474853285586272E+022
   1.9288500000000000E-003   2.5903226848013718E+022
   1.8811100000000001E-003   2.6340598203762854E+022
   1.8315600000000001E-003   2.6787191884486975E+022
   1.7810600000000001E-003   2.7240177394817836E+022
   1.7291800000000001E-003   2.7641094620091160E+022
   1.6895800000000000E-003   2.7992596211721755E+022
   1.6484900000000001E-003   2.8496033871608272E+022
   1.5711099999999999E-003   2.9008669884913893E+022
   1.5277800000000001E-003   2.9378900821779134E+022
   1.4823499999999999E-003   2.9937368908686500E+022
   1.3881799999999999E-003   3.0572495953886907E+022
   1.3231800000000000E-003   3.1081994030595791E+022
   1.2553700000000000E-003   3.1606007947888276E+022
   1.1804900000000000E-003   3.2155439394616215E+022
   1.1007499999999999E-003   3.2727039044579253E+022
   1.0089599999999999E-003   3.3356709013111026E+022
   8.9948000000000003E-004   3.4158976452248627E+022
   7.0653000000000003E-004   3.4989169648344710E+022
   5.6791999999999997E-004   3.5465903561237152E+022
   4.8422999999999999E-004   3.5763172855462962E+022
   3.8304000000000002E-004   3.6001602909389587E+022
   3.1390999999999998E-004   3.6156991990401723E+022
   2.5075999999999999E-004   3.6248561704210922E+022
   2.0168000000000001E-004   3.6325986600163383E+022
   1.6420000000000001E-004   3.6361682281413139E+022
   1.3645000000000001E-004   3.6391629550556235E+022
   1.1691000000000000E-004   3.6403764039455850E+022
   1.0406000000000000E-004   3.6417212845417004E+022
   8.6890000000000003E-005   3.6428657646247906E+022
   6.8960000000000004E-005   3.6436890711415197E+022
   5.4729999999999999E-005   3.6443763206883434E+022
   4.3439999999999997E-005   3.6447192562684995E+022
   3.4480000000000002E-005   3.6449279941333716E+022
   2.7359999999999999E-005   3.6451320315577440E+022
   2.1719999999999999E-005   3.6452168348359323E+022
   1.7240000000000001E-005   3.6453038970067397E+022
   1.3679999999999999E-005   3.6453825043111076E+022
