   8.9509399999999992E-003   246397273863008.69     
   8.9508699999999997E-003   395061360133286.94     
   8.9508399999999998E-003   499973707342920.00     
   8.9508200000000000E-003   585515684289135.75     
   8.9508000000000001E-003   659852183984853.12     
   8.9507800000000002E-003   726538625685733.00     
   8.9507700000000003E-003   787584854444439.12     
   8.9507600000000003E-003   844294295288250.38     
   8.9507500000000004E-003   897505321183233.75     
   8.9507400000000004E-003   947803593114068.62     
   8.9507300000000005E-003   995642252303259.38     
   8.9507200000000006E-003   1041332437661725.0     
   8.9507100000000006E-003   1085113851365925.4     
   8.9507100000000006E-003   1127190491629303.2     
   8.9507000000000007E-003   1167731644569389.5     
   8.9506900000000007E-003   1206888957118396.2     
   8.9506900000000007E-003   1244796227853649.8     
   8.9506800000000008E-003   1281566378312746.0     
   8.9506700000000008E-003   1317306715883001.2     
   8.9506700000000008E-003   1352116381555652.2     
   8.9506599999999992E-003   1394421501795574.2     
   8.9506599999999992E-003   1443666333015760.8     
   8.9506499999999992E-003   1491381313363493.2     
   8.9506399999999993E-003   1537718226485007.0     
   8.9506399999999993E-003   1575397119927378.5     
   8.9506299999999994E-003   1604945369514996.5     
   8.9506299999999994E-003   1634013870710376.2     
   8.9506199999999994E-003   1662630548266223.5     
   8.9506199999999994E-003   1697788947225560.8     
   8.9506199999999994E-003   1739189973410109.2     
   8.9506099999999995E-003   1779772914753889.0     
   8.9505999999999995E-003   1819592504252300.8     
   8.9505999999999995E-003   1852240633366138.8     
   8.9505999999999995E-003   1878002904757571.0     
   8.9505899999999996E-003   1903470770104505.5     
   8.9505899999999996E-003   1928652903956374.2     
   8.9505899999999996E-003   1965882480291201.8     
   8.9505799999999996E-003   2002580039156880.8     
   8.9505799999999996E-003   2026711795338557.5     
   8.9505799999999996E-003   2062428223577359.2     
   8.9505699999999997E-003   2109268827252575.2     
   8.9505599999999998E-003   2155212716577375.5     
   8.9505599999999998E-003   2200298068475595.2     
   8.9505499999999998E-003   2233590911130412.8     
   8.9505499999999998E-003   2255521430978547.0     
   8.9505499999999998E-003   2277256618742959.5     
   8.9505499999999998E-003   2298800650977494.5     
   8.9505399999999999E-003   2330747381102118.0     
   8.9505399999999999E-003   2372733158251822.0     
   8.9505299999999999E-003   2414022991816428.5     
   8.9505299999999999E-003   2454645334828406.0     
   8.9505299999999999E-003   2501212569883361.5     
   8.9505200000000000E-003   2553432061834870.5     
   8.9505100000000001E-003   2604616053580765.0     
   8.9505100000000001E-003   2654813868974200.0     
   8.9505000000000001E-003   2704068655865360.5     
   8.9505000000000001E-003   2752422390346674.5     
   8.9504900000000002E-003   2799912216276297.5     
   8.9504900000000002E-003   2846573633579918.0     
   8.9504800000000002E-003   2898102296162364.0     
   8.9504800000000002E-003   2954245003999184.0     
   8.9504700000000003E-003   3009250180112818.5     
   8.9504700000000003E-003   3049815885544409.0     
   8.9504700000000003E-003   3076510371533264.5     
   8.9504600000000004E-003   3116042123567649.0     
   8.9504600000000004E-003   3167908932405565.0     
   8.9504500000000004E-003   3218804237068456.0     
   8.9504500000000004E-003   3268760628757601.0     
   8.9504400000000005E-003   3317808435457227.5     
   8.9504400000000005E-003   3365978797363468.0     
   8.9504300000000005E-003   3413302111823112.5     
   8.9504300000000005E-003   3459815699135092.0     
   8.9504200000000006E-003   3505560629412210.5     
   8.9504200000000006E-003   3550576087222035.0     
   8.9504100000000007E-003   3616738387881875.0     
   8.9504100000000007E-003   3692250456624823.0     
   8.9504000000000007E-003   3755505802666074.0     
   8.9503900000000008E-003   3817526838852799.0     
   8.9503900000000008E-003   3863312882908284.5     
   8.9503900000000008E-003   3893461748261876.0     
   8.9503800000000008E-003   3938142660987407.0     
   8.9503800000000008E-003   3996855299852072.0     
   8.9503699999999992E-003   4082917471185666.5     
   8.9503599999999992E-003   4167064541736853.5     
   8.9503499999999993E-003   4221914387430989.5     
   8.9503499999999993E-003   4275857196808088.5     
   8.9503399999999993E-003   4328915499829428.0     
   8.9503399999999993E-003   4381119096889195.0     
   8.9503299999999994E-003   4432502604760670.0     
   8.9503299999999994E-003   4483097330921147.5     
   8.9503199999999995E-003   4532935172492245.0     
   8.9503199999999995E-003   4590139737304945.0     
   8.9503099999999995E-003   4654387770486072.0     
   8.9503099999999995E-003   4748458784907729.0     
   8.9502999999999996E-003   4840420477644242.0     
   8.9502899999999996E-003   4900417241215765.0     
   8.9502799999999997E-003   4959503839548311.0     
   8.9502799999999997E-003   5017729977636639.0     
   8.9502699999999998E-003   5082225042667494.0     
   8.9502699999999998E-003   5152730440840618.0     
   8.9502599999999998E-003   5222043397497385.0     
   8.9502499999999999E-003   5290212730255879.0     
   8.9502499999999999E-003   5357282640255150.0     
   8.9502399999999999E-003   5423290763136244.0     
   8.9502300000000000E-003   5520235266975158.0     
   8.9502200000000001E-003   5621480712810859.0     
   8.9502200000000001E-003   5695736174968658.0     
   8.9502100000000001E-003   5768685325725622.0     
   8.9502000000000002E-003   5840395092451854.0     
   8.9501900000000002E-003   5910929036187100.0     
   8.9501900000000002E-003   5980343343959512.0     
   8.9501800000000003E-003   6048689038862944.0     
   8.9501700000000003E-003   6116013301224149.0     
   8.9501700000000003E-003   6182364217517329.0     
   8.9501600000000004E-003   6247789637146710.0     
   8.9501600000000004E-003   6312334793969994.0     
   8.9501500000000005E-003   6376043966003760.0     
   8.9501400000000005E-003   6470013071662604.0     
   8.9501300000000006E-003   6592894339451652.0     
   8.9501200000000006E-003   6713012618931209.0     
   8.9501100000000007E-003   6830531285492513.0     
   8.9501000000000008E-003   6945598498637767.0     
   8.9500900000000008E-003   7058350204932108.0     
   8.9500799999999991E-003   7168901802723257.0     
   8.9500699999999992E-003   7277356996694756.0     
   8.9500499999999993E-003   7383806499223224.0     
   8.9500399999999994E-003   7488337537917816.0     
   8.9500299999999994E-003   7591035161326090.0     
   8.9500299999999994E-003   7691981502560527.0     
   8.9500199999999995E-003   7791255760368402.0     
   8.9500099999999996E-003   7888930238687119.0     
   8.9499999999999996E-003   7985060331945090.0     
   8.9499899999999997E-003   8079690913019712.0     
   8.9499799999999997E-003   8218730889667250.0     
   8.9499599999999999E-003   8399584133855863.0     
   8.9499400000000000E-003   8532031297276190.0     
   8.9499400000000000E-003   8618703339245767.0     
   8.9499300000000000E-003   8704224778651740.0     
   8.9499200000000001E-003   8788632133890456.0     
   8.9499100000000002E-003   8899413366579797.0     
   8.9499000000000002E-003   9035499443702418.0     
   8.9498800000000003E-003   9169038808270030.0     
   8.9498700000000004E-003   9267743670448588.0     
   8.9498700000000004E-003   9332797983960820.0     
   8.9498600000000005E-003   9429313692401900.0     
   8.9498500000000005E-003   9556347421241422.0     
   8.9498300000000006E-003   9681468425713682.0     
   8.9498200000000007E-003   9804801603351316.0     
   8.9498100000000008E-003   9926481654159554.0     
   8.9498000000000008E-003   10046632184575398.     
   8.9497899999999991E-003   10223808255850560.     
   8.9497699999999993E-003   10398043849966914.     
   8.9497499999999994E-003   10512165484674740.     
   8.9497399999999994E-003   10624783337344084.     
   8.9497299999999995E-003   10735934024371628.     
   8.9497199999999996E-003   10899820246526558.     
   8.9496999999999997E-003   11113855915583050.     
   8.9496799999999998E-003   11322722920819452.     
   8.9496599999999999E-003   11526819289643194.     
   8.9496400000000000E-003   11701914583677712.     
   8.9496300000000001E-003   11849456541517470.     
   8.9496100000000002E-003   11994854391237260.     
   8.9496000000000003E-003   12138207652244744.     
   8.9495900000000003E-003   12349366610029316.     
   8.9495600000000005E-003   12557032181795842.     
   8.9495500000000006E-003   12693249128942778.     
   8.9495300000000007E-003   12827879799633696.     
   8.9495200000000007E-003   12960956863208448.     
   8.9495100000000008E-003   13157521006002746.     
   8.9494799999999992E-003   13414733023866340.     
   8.9494599999999994E-003   13666332422338438.     
   8.9494399999999995E-003   13912625298037676.     
   8.9494099999999997E-003   14153854145771352.     
   8.9493899999999998E-003   14390279611885400.     
   8.9493699999999999E-003   14622252242531516.     
   8.9493500000000000E-003   14850105652653038.     
   8.9493200000000002E-003   15074126118864916.     
   8.9493000000000003E-003   15294481183418814.     
   8.9492800000000004E-003   15511291916842364.     
   8.9492600000000005E-003   15759845348132326.     
   8.9492400000000007E-003   16038678401469472.     
   8.9492100000000008E-003   16312121894484466.     
   8.9491799999999993E-003   16580434803448316.     
   8.9491599999999994E-003   16843824925816570.     
   8.9491299999999996E-003   17038422462280994.     
   8.9491199999999996E-003   17166662411001358.     
   8.9491099999999997E-003   17356878456471138.     
   8.9490899999999998E-003   17607061389778824.     
   8.9490600000000000E-003   17853294979796358.     
   8.9490400000000001E-003   18095796350943312.     
   8.9490200000000002E-003   18393873308050428.     
   8.9489800000000005E-003   18745194131050664.     
   8.9489500000000007E-003   19004532898587552.     
   8.9489400000000007E-003   19259926764976264.     
   8.9488999999999992E-003   19512200269962988.     
   8.9488899999999993E-003   19705911356339912.     
   8.9488699999999994E-003   19924939045084908.     
   8.9488499999999995E-003   20141470551032460.     
   8.9488299999999996E-003   20355551206958080.     
   8.9488099999999998E-003   20671917453808416.     
   8.9487700000000000E-003   20983476576716576.     
   8.9487500000000001E-003   21188142932807664.     
   8.9487300000000002E-003   21440767357728712.     
   8.9487100000000003E-003   21739638458243972.     
   8.9486800000000005E-003   22178954724187140.     
   8.9486199999999991E-003   22609351918086788.     
   8.9485999999999993E-003   22890989958587776.     
   8.9485699999999994E-003   23168871636000908.     
   8.9485499999999996E-003   23443201236724676.     
   8.9485199999999997E-003   23848116686274320.     
   8.9484700000000000E-003   24377330934026208.     
   8.9484300000000003E-003   24809523592272448.     
   8.9484000000000005E-003   25149681644020716.     
   8.9483600000000007E-003   25526788469435456.     
   8.9483300000000009E-003   25939277688992932.     
   8.9482899999999994E-003   26345035103955176.     
   8.9482499999999996E-003   26744308171739028.     
   8.9482199999999998E-003   27234562865814868.     
   8.9481700000000001E-003   27668506238821892.     
   8.9481400000000003E-003   27953727035702004.     
   8.9481100000000004E-003   28235947945083620.     
   8.9480900000000006E-003   28515288208050572.     
   8.9480700000000007E-003   28928927566086164.     
   8.9480199999999992E-003   29471667299177816.     
   8.9479699999999995E-003   30004665068741248.     
   8.9479199999999998E-003   30528369880865456.     
   8.9478800000000001E-003   31043163821273488.     
   8.9478300000000004E-003   31632885239456156.     
   8.9477700000000007E-003   32293626008756180.     
   8.9477199999999993E-003   32860766764699492.     
   8.9476699999999996E-003   33338902487784688.     
   8.9476299999999998E-003   33810092811373064.     
   8.9475900000000001E-003   34274616971285612.     
   8.9475500000000003E-003   34808361896510008.     
   8.9475000000000006E-003   35408199798262304.     
   8.9474499999999992E-003   35997639182923404.     
   8.9473999999999995E-003   36577369417549272.     
   8.9473499999999997E-003   37148012603865216.     
   8.9473000000000000E-003   37710104189615704.     
   8.9472500000000003E-003   38264026633279592.     
   8.9472100000000006E-003   38810101802300008.     
   8.9471599999999991E-003   39348656906263016.     
   8.9471099999999994E-003   39880015687235096.     
   8.9470699999999997E-003   40534315590010832.     
   8.9470000000000001E-003   41305842653643968.     
   8.9469400000000004E-003   41937820762605888.     
   8.9469000000000007E-003   42436309894537680.     
   8.9468599999999992E-003   42928808977853544.     
   8.9468199999999994E-003   43415505766587600.     
   8.9467799999999997E-003   44134782175572232.     
   8.9467000000000001E-003   45075183684851272.     
   8.9466200000000006E-003   45767205638197368.     
   8.9465800000000009E-003   46222387246161696.     
   8.9465399999999994E-003   46784818084930048.     
   8.9464899999999997E-003   47450734361819296.     
   8.9464300000000000E-003   48107202362162368.     
   8.9463800000000003E-003   48754675425165816.     
   8.9463300000000006E-003   49499201035387424.     
   8.9462599999999993E-003   50336753246329048.     
   8.9461899999999997E-003   50956128738644712.     
   8.9461599999999999E-003   51364893966136432.     
   8.9461200000000001E-003   51972018340137088.     
   8.9460600000000005E-003   52770983560676760.     
   8.9459899999999992E-003   53558272420870792.     
   8.9459299999999995E-003   54334377049269608.     
   8.9458699999999999E-003   55478179844846592.     
   8.9457500000000006E-003   56968214765749176.     
   8.9456299999999996E-003   58061071894171520.     
   8.9455699999999999E-003   58778345889895816.     
   8.9455200000000002E-003   59487076148427824.     
   8.9454600000000006E-003   60187544916080056.     
   8.9453999999999992E-003   61051858928465776.     
   8.9453199999999997E-003   62073389426249312.     
   8.9452400000000001E-003   62912225709059224.     
   8.9451900000000004E-003   63575436374621784.     
   8.9451400000000007E-003   64395025172949264.     
   8.9450599999999995E-003   65365274454317680.     
   8.9449899999999999E-003   66321473041755576.     
   8.9449200000000003E-003   67264106541637840.     
   8.9448400000000008E-003   68193659608428592.     
   8.9447699999999995E-003   69110668064764296.     
   8.9446999999999999E-003   70015671774151104.     
   8.9446300000000003E-003   70909144559302632.     
   8.9445600000000007E-003   71791501118734320.     
   8.9444999999999993E-003   72663118365497840.     
   8.9444299999999997E-003   73666928534856832.     
   8.9443400000000003E-003   74797706536367552.     
   8.9442600000000008E-003   75634803258532416.     
   8.9442199999999993E-003   76187798878788592.     
   8.9441699999999996E-003   77131226944865840.     
   8.9440700000000001E-003   78451398994918080.     
   8.9439700000000007E-003   79486345904657312.     
   8.9439199999999993E-003   80246816593455200.     
   8.9438599999999997E-003   81187597973491072.     
   8.9437800000000001E-003   82302625917044576.     
   8.9436900000000007E-003   83403042188900176.     
   8.9436099999999994E-003   84489478839162928.     
   8.9435299999999999E-003   85740174037919040.     
   8.9434200000000005E-003   87148556064410832.     
   8.9433199999999994E-003   88190757842451296.     
   8.9432699999999997E-003   88879046635223776.     
   8.9432200000000000E-003   89901945512283328.     
   8.9431200000000006E-003   91248410848844384.     
   8.9430199999999994E-003   92575674455356320.     
   8.9429300000000000E-003   93884643591815376.     
   8.9428300000000006E-003   95176202556717040.     
   8.9427399999999994E-003   96451122697824768.     
   8.9426499999999999E-003   97710066204834336.     
   8.9425500000000005E-003   98953645188153872.     
   8.9424699999999992E-003   1.0018246047602171E+017
   8.9423799999999998E-003   1.0139708897900318E+017
   8.9422900000000003E-003   1.0289631881782824E+017
   8.9421599999999993E-003   1.0466862626356467E+017
   8.9420400000000001E-003   1.0612429564387662E+017
   8.9419500000000006E-003   1.0727561118127272E+017
   8.9418699999999993E-003   1.0841558184553614E+017
   8.9417899999999998E-003   1.0954459951166624E+017
   8.9417100000000003E-003   1.1094106912601992E+017
   8.9415999999999992E-003   1.1259570951660334E+017
   8.9414799999999999E-003   1.1422823677450861E+017
   8.9413700000000006E-003   1.1583949930511613E+017
   8.9412599999999995E-003   1.1743030641307274E+017
   8.9411500000000001E-003   1.1900142141047456E+017
   8.9410400000000008E-003   1.2029610346056723E+017
   8.9409699999999995E-003   1.2132269452919534E+017
   8.9408999999999999E-003   1.2284787476397733E+017
   8.9407600000000007E-003   1.2485451099411963E+017
   8.9406199999999998E-003   1.2658614427864933E+017
   8.9405200000000004E-003   1.2805320578827910E+017
   8.9404199999999993E-003   1.2950478818704970E+017
   8.9403199999999999E-003   1.3094129465351643E+017
   8.9402300000000004E-003   1.3259880892151176E+017
   8.9400999999999994E-003   1.3446957985832922E+017
   8.9399700000000002E-003   1.3631646520658123E+017
   8.9398499999999992E-003   1.3814052516947413E+017
   8.9397299999999999E-003   1.3994268760192771E+017
   8.9396100000000006E-003   1.4172374779046787E+017
   8.9394899999999996E-003   1.4348440486574709E+017
   8.9393700000000003E-003   1.4522533555037027E+017
   8.9392599999999992E-003   1.4694719762423443E+017
   8.9391499999999999E-003   1.4865063874890973E+017
   8.9390300000000006E-003   1.5033628118982179E+017
   8.9389199999999995E-003   1.5200471189387862E+017
   8.9388100000000002E-003   1.5406710722490134E+017
   8.9386499999999994E-003   1.5650886658711139E+017
   8.9385000000000003E-003   1.5851721904641987E+017
   8.9383899999999992E-003   1.6010747449169568E+017
   8.9382899999999998E-003   1.6168338096343395E+017
   8.9381900000000004E-003   1.6324528073171267E+017
   8.9380899999999992E-003   1.6556302046974854E+017
   8.9378900000000004E-003   1.6860669797767469E+017
   8.9376999999999998E-003   1.7085595481335446E+017
   8.9376000000000004E-003   1.7234062503900253E+017
   8.9375099999999992E-003   1.7454616083164221E+017
   8.9373200000000003E-003   1.7744702902439184E+017
   8.9371399999999997E-003   1.7959395488047280E+017
   8.9370500000000002E-003   1.8101241638312742E+017
   8.9369600000000007E-003   1.8312141927291763E+017
   8.9367800000000001E-003   1.8589854926768125E+017
   8.9366099999999993E-003   1.8863799910642445E+017
   8.9364400000000004E-003   1.9134149126060976E+017
   8.9362799999999996E-003   1.9414510448883613E+017
   8.9360900000000007E-003   1.9783035184804906E+017
   8.9358200000000006E-003   2.0158216660642614E+017
   8.9356300000000000E-003   2.0387959103446688E+017
   8.9355400000000005E-003   2.0615416614203658E+017
   8.9353499999999999E-003   2.0915102282831290E+017
   8.9351699999999992E-003   2.1210921963092672E+017
   8.9349900000000003E-003   2.1503060638325661E+017
   8.9348199999999996E-003   2.1863344772030752E+017
   8.9345599999999994E-003   2.2288648498655002E+017
   8.9342999999999992E-003   2.2775735349952371E+017
   8.9339799999999994E-003   2.3318052128651606E+017
   8.9336599999999995E-003   2.3715222024480326E+017
   8.9335000000000005E-003   2.3976116403741955E+017
   8.9333399999999997E-003   2.4233889871425613E+017
   8.9331900000000006E-003   2.4488669647709686E+017
   8.9330399999999997E-003   2.4771903134001462E+017
   8.9328500000000009E-003   2.5082460036549603E+017
   8.9326700000000002E-003   2.5388886880022198E+017
   8.9324899999999995E-003   2.5691359707526486E+017
   8.9323200000000005E-003   2.6079069761355680E+017
   8.9320400000000005E-003   2.6547776205099690E+017
   8.9317700000000003E-003   2.7064907941373405E+017
   8.9314400000000006E-003   2.7627504730772419E+017
   8.9311200000000007E-003   2.8237453950187213E+017
   8.9307399999999995E-003   2.8891576696866202E+017
   8.9303700000000000E-003   2.9372238608935546E+017
   8.9301899999999993E-003   2.9688416190682259E+017
   8.9300200000000003E-003   3.0208189133533888E+017
   8.9296099999999993E-003   3.0920829668913235E+017
   8.9292299999999998E-003   3.1568181317459936E+017
   8.9289000000000000E-003   3.2154367019564448E+017
   8.9285900000000001E-003   3.2825350512292371E+017
   8.9281800000000008E-003   3.3576020556694611E+017
   8.9277899999999997E-003   3.4310708470902003E+017
   8.9274000000000003E-003   3.5030499696810643E+017
   8.9270300000000007E-003   3.5561072307521210E+017
   8.9268500000000001E-003   3.5910698862937651E+017
   8.9266699999999994E-003   3.6343277924756371E+017
   8.9264099999999992E-003   3.6856000315437178E+017
   8.9261500000000008E-003   3.7529483651754989E+017
   8.9257299999999998E-003   3.8355701747218374E+017
   8.9253300000000004E-003   3.9128311980051123E+017
   8.9249700000000008E-003   3.9850324381831315E+017
   8.9246299999999994E-003   4.0565769975279578E+017
   8.9242799999999997E-003   4.1275003418190195E+017
   8.9239499999999999E-003   4.2088614482304550E+017
   8.9235100000000008E-003   4.3001110467869325E+017
   8.9230899999999998E-003   4.3896223289061491E+017
   8.9226900000000005E-003   4.4775009145328544E+017
   8.9222899999999994E-003   4.5638463103130374E+017
   8.9219000000000000E-003   4.6487494708749626E+017
   8.9215300000000004E-003   4.7167272057063302E+017
   8.9213000000000001E-003   4.7684331181297197E+017
   8.9210799999999996E-003   4.8196485676588928E+017
   8.9208499999999993E-003   4.8703894312154400E+017
   8.9206300000000006E-003   4.9456435371080403E+017
   8.9202099999999996E-003   5.0444549723163648E+017
   8.9197900000000004E-003   5.1512408081693011E+017
   8.9193099999999997E-003   5.2655929490328838E+017
   8.9188400000000008E-003   5.3727771642523533E+017
   8.9184299999999998E-003   5.4731687694772518E+017
   8.9180300000000004E-003   5.5842630082137722E+017
   8.9175399999999998E-003   5.7055514503915936E+017
   8.9170699999999992E-003   5.8247132193839667E+017
   8.9166100000000002E-003   5.9418758009784666E+017
   8.9161599999999994E-003   6.0288227638936512E+017
   8.9159400000000007E-003   6.1153489108647782E+017
   8.9155099999999998E-003   6.2009002475107366E+017
   8.9152999999999993E-003   6.2689296274954099E+017
   8.9149999999999993E-003   6.3477859120359334E+017
   8.9147099999999993E-003   6.4258636333376819E+017
   8.9144299999999992E-003   6.5031909212525555E+017
   8.9141499999999992E-003   6.6069704040189747E+017
   8.9136900000000002E-003   6.7362606970742502E+017
   8.9132299999999994E-003   6.8647729423722829E+017
   8.9127800000000004E-003   6.9925640315559424E+017
   8.9123399999999995E-003   7.1394020154493658E+017
   8.9117799999999994E-003   7.3044524678676774E+017
   8.9112299999999992E-003   7.4267907571270131E+017
   8.9109600000000008E-003   7.5079788955195187E+017
   8.9106900000000006E-003   7.6292319868583514E+017
   8.9101700000000002E-003   7.7892050210135130E+017
   8.9096599999999998E-003   7.9471499504188275E+017
   8.9091599999999993E-003   8.1031918091659187E+017
   8.9086800000000004E-003   8.2774559032472205E+017
   8.9080800000000005E-003   8.4691942927494746E+017
   8.9075000000000005E-003   8.6589068543162534E+017
   8.9069400000000003E-003   8.8467286465266406E+017
   8.9063900000000001E-003   9.0324547037786176E+017
   8.9058599999999998E-003   9.2162144741888013E+017
   8.9053299999999995E-003   9.3624261566761882E+017
   8.9050199999999996E-003   9.4722609978271219E+017
   8.9047199999999996E-003   9.5812379066735155E+017
   8.9044099999999998E-003   9.6893834355447962E+017
   8.9041199999999997E-003   9.8513315523892864E+017
   8.9035299999999998E-003   1.0065415550159310E+018
   8.9029599999999997E-003   1.0295604951149649E+018
   8.9023000000000001E-003   1.0541277997052521E+018
   8.9016700000000004E-003   1.0785107773483069E+018
   8.9010400000000007E-003   1.1027251541633034E+018
   8.9004400000000008E-003   1.1216044207438217E+018
   8.9000999999999993E-003   1.1353139788074803E+018
   8.8997599999999996E-003   1.1489784833328169E+018
   8.8994199999999999E-003   1.1625996221868987E+018
   8.8990900000000001E-003   1.1795708463983823E+018
   8.8986099999999995E-003   1.1998074319409249E+018
   8.8981300000000006E-003   1.2234440795592348E+018
   8.8974899999999992E-003   1.2503690283108905E+018
   8.8968699999999994E-003   1.2771144331903270E+018
   8.8962599999999996E-003   1.3036899596420892E+018
   8.8956699999999996E-003   1.3234434987902036E+018
   8.8953799999999996E-003   1.3366257365131430E+018
   8.8950899999999996E-003   1.3515444277687526E+018
   8.8947300000000000E-003   1.3681679324084767E+018
   8.8943700000000004E-003   1.3930173318638876E+018
   8.8936599999999994E-003   1.4258485098975055E+018
   8.8929700000000000E-003   1.4502562633611008E+018
   8.8926300000000003E-003   1.4664833385570831E+018
   8.8923000000000006E-003   1.4844554713464307E+018
   8.8918899999999995E-003   1.5041387322777313E+018
   8.8915000000000001E-003   1.5236712636390272E+018
   8.8911000000000007E-003   1.5430580279441290E+018
   8.8907199999999995E-003   1.5625926901593321E+018
   8.8903300000000001E-003   1.5822734302425265E+018
   8.8899400000000007E-003   1.6117545876624417E+018
   8.8891800000000000E-003   1.6507502264395592E+018
   8.8884399999999992E-003   1.6797770893510042E+018
   8.8880799999999996E-003   1.6991176786581092E+018
   8.8877200000000000E-003   1.7202867997438669E+018
   8.8872900000000008E-003   1.7432496094263749E+018
   8.8868699999999998E-003   1.7660430648664330E+018
   8.8864500000000006E-003   1.8002604896396411E+018
   8.8856300000000003E-003   1.8344743770400026E+018
   8.8852299999999992E-003   1.8573027348366533E+018
   8.8848299999999998E-003   1.8799723547443712E+018
   8.8844300000000005E-003   1.9110134102221740E+018
   8.8837499999999993E-003   1.9502168586610161E+018
   8.8830799999999998E-003   1.9896265690189148E+018
   8.8824100000000003E-003   2.0292410635161754E+018
   8.8817600000000007E-003   2.0672114272538586E+018
   8.8811500000000008E-003   2.1035884546943058E+018
   8.8805700000000008E-003   2.1332425786259602E+018
   8.8801899999999996E-003   2.1563226573651369E+018
   8.8798200000000001E-003   2.1930511024837898E+018
   8.8790299999999996E-003   2.2430794722785633E+018
   8.8782500000000007E-003   2.2823601435603054E+018
   8.8777999999999999E-003   2.3111835988561521E+018
   8.8773600000000008E-003   2.3532853078116531E+018
   8.8765200000000006E-003   2.4083074557522652E+018
   8.8757100000000002E-003   2.4668488875440625E+018
   8.8747900000000005E-003   2.5288009418942669E+018
   8.8739000000000005E-003   2.5771612968106424E+018
   8.8733900000000001E-003   2.6123187632367176E+018
   8.8728999999999995E-003   2.6475575045979761E+018
   8.8724000000000008E-003   2.6828769889826826E+018
   8.8719100000000002E-003   2.7314507996338611E+018
   8.8710500000000001E-003   2.7922672186621450E+018
   8.8702099999999999E-003   2.8447160771009091E+018
   8.8695800000000002E-003   2.8894383355694751E+018
   8.8689600000000004E-003   2.9304877071441495E+018
   8.8684300000000001E-003   2.9868553891219538E+018
   8.8673899999999993E-003   3.0649225840466657E+018
   8.8662800000000007E-003   3.1261452433667005E+018
   8.8657400000000004E-003   3.1670727144474834E+018
   8.8652000000000002E-003   3.2288224854856858E+018
   8.8641599999999994E-003   3.3111585979862513E+018
   8.8631300000000003E-003   3.3902777449209477E+018
   8.8622000000000006E-003   3.4555300496384353E+018
   8.8615399999999993E-003   3.5095339751945564E+018
   8.8608899999999997E-003   3.5882200032891028E+018
   8.8596600000000001E-003   3.6907895091860741E+018
   8.8584600000000003E-003   3.7948201251319132E+018
   8.8572400000000006E-003   3.9002739682651786E+018
   8.8560500000000007E-003   3.9943517117540296E+018
   8.8551099999999994E-003   4.0774726337811840E+018
   8.8541899999999996E-003   4.1792363398399242E+018
   8.8528700000000005E-003   4.2692393654056033E+018
   8.8522300000000009E-003   4.3286656288260762E+018
   8.8515899999999995E-003   4.4115469604706493E+018
   8.8504599999999992E-003   4.5172215355862062E+018
   8.8493600000000006E-003   4.5993930029984159E+018
   8.8487400000000008E-003   4.6587116146834739E+018
   8.8481299999999992E-003   4.7341345662858793E+018
   8.8471899999999996E-003   4.8252687972203684E+018
   8.8462699999999998E-003   4.9410635848388557E+018
   8.8448599999999995E-003   5.0488493616142356E+018
   8.8441200000000005E-003   5.1349896934766336E+018
   8.8431699999999992E-003   5.2314191061584271E+018
   8.8422299999999995E-003   5.3495735613168077E+018
   8.8408800000000006E-003   5.4541263284738918E+018
   8.8402199999999993E-003   5.5232101716561715E+018
   8.8395699999999997E-003   5.6301797321145201E+018
   8.8382100000000009E-003   5.7381779144194499E+018
   8.8375499999999996E-003   5.8095425190100101E+018
   8.8368900000000000E-003   5.8874921984672174E+018
   8.8361099999999995E-003   5.9718856869233152E+018
   8.8353400000000006E-003   6.0794661938075238E+018
   8.8341600000000006E-003   6.2095422230078976E+018
   8.8330000000000006E-003   6.3185647693280440E+018
   8.8322100000000001E-003   6.4071515744629975E+018
   8.8314399999999994E-003   6.4958051599913615E+018
   8.8306600000000006E-003   6.6334314119806505E+018
   8.8290399999999998E-003   6.8175657879936399E+018
   8.8274800000000004E-003   7.0053676522346435E+018
   8.8258399999999997E-003   7.1491068550597437E+018
   8.8250399999999993E-003   7.2439531096326707E+018
   8.8242600000000004E-003   7.3915900657852959E+018
   8.8225999999999999E-003   7.5899887141999176E+018
   8.8209800000000008E-003   7.7920223145127496E+018
   8.8193000000000004E-003   7.9464961620335739E+018
   8.8184800000000001E-003   8.0482033363449620E+018
   8.8176599999999997E-003   8.1526320309296323E+018
   8.8167999999999996E-003   8.2596065344357806E+018
   8.8159499999999995E-003   8.3654910535935918E+018
   8.8151099999999993E-003   8.4702614809648620E+018
   8.8142900000000007E-003   8.5777181330666537E+018
   8.8134100000000007E-003   8.6876501693685545E+018
   8.8125500000000006E-003   8.8500923335087114E+018
   8.8108600000000002E-003   9.0133105532109169E+018
   8.8099700000000003E-003   9.1255600810636677E+018
   8.8090900000000003E-003   9.2363015435301970E+018
   8.8082200000000003E-003   9.3455310046980424E+018
   8.8073700000000001E-003   9.4575650241671250E+018
   8.8064700000000003E-003   9.5714841420602184E+018
   8.8055700000000004E-003   9.6836101347168113E+018
   8.8046900000000004E-003   9.7940638289338941E+018
   8.8038200000000004E-003   9.9067823960892252E+018
   8.8029000000000007E-003   1.0021495783128572E+019
   8.8020000000000008E-003   1.0134232928087671E+019
   8.8010999999999992E-003   1.0245156950234163E+019
   8.8002199999999992E-003   1.0358191970021284E+019
   8.7992799999999996E-003   1.0473101192859738E+019
   8.7983599999999999E-003   1.0585864379845337E+019
   8.7974500000000001E-003   1.0696775382352282E+019
   8.7965500000000002E-003   1.0809684264883395E+019
   8.7956000000000006E-003   1.0924520746919883E+019
   8.7946699999999992E-003   1.1037188542254309E+019
   8.7937399999999995E-003   1.1148180952245729E+019
   8.7928299999999997E-003   1.1261298897825513E+019
   8.7918600000000003E-003   1.1376549012286368E+019
   8.7909100000000007E-003   1.1489815027680279E+019
   8.7899699999999994E-003   1.1601628483436444E+019
   8.7890399999999997E-003   1.1715825707347358E+019
   8.7880600000000003E-003   1.1832435371582124E+019
   8.7870899999999991E-003   1.1947321145550946E+019
   8.7861399999999996E-003   1.2060989020632599E+019
   8.7852000000000000E-003   1.2177503877677095E+019
   8.7842000000000007E-003   1.2296342243601111E+019
   8.7832199999999996E-003   1.2412675120791833E+019
   8.7822500000000001E-003   1.2530103800008833E+019
   8.7812900000000006E-003   1.2715343209840196E+019
   8.7792800000000004E-003   1.2960893417310415E+019
   8.7773199999999999E-003   1.3144532772453650E+019
   8.7763000000000008E-003   1.3271768431989361E+019
   8.7752799999999999E-003   1.3397624743523928E+019
   8.7742800000000006E-003   1.3524998660966023E+019
   8.7732999999999995E-003   1.3727378406489324E+019
   8.7712199999999997E-003   1.3994945051387083E+019
   8.7692099999999995E-003   1.4194559838753978E+019
   8.7681500000000006E-003   1.4333617684307509E+019
   8.7670999999999999E-003   1.4541887197898236E+019
   8.7650599999999999E-003   1.4825784837522999E+019
   8.7629200000000004E-003   1.5040968239376370E+019
   8.7618799999999997E-003   1.5185793884172691E+019
   8.7608400000000006E-003   1.5416458377125294E+019
   8.7586699999999997E-003   1.5720257252953643E+019
   8.7565600000000000E-003   1.6024969658941499E+019
   8.7543599999999992E-003   1.6258101824847340E+019
   8.7532800000000004E-003   1.6412811601339259E+019
   8.7522199999999998E-003   1.6656535085204212E+019
   8.7499799999999992E-003   1.6982483024323895E+019
   8.7478100000000000E-003   1.7315285006574903E+019
   8.7455399999999996E-003   1.7654608348997777E+019
   8.7433300000000005E-003   1.7908398226606043E+019
   8.7421600000000006E-003   1.8084440408249856E+019
   8.7410200000000004E-003   1.8355011844816767E+019
   8.7386900000000003E-003   1.8712497862193578E+019
   8.7364299999999999E-003   1.9070460161517208E+019
   8.7341399999999996E-003   1.9442099891503256E+019
   8.7317599999999999E-003   1.9821012352123523E+019
   8.7294299999999998E-003   2.0103952494082343E+019
   8.7282100000000001E-003   2.0401865864133579E+019
   8.7258200000000005E-003   2.0743959570152690E+019
   8.7240200000000007E-003   2.1044610142987624E+019
   8.7221799999999995E-003   2.1400022697885856E+019
   8.7197799999999999E-003   2.1813492777760834E+019
   8.7172699999999992E-003   2.2177896493611831E+019
   8.7154299999999997E-003   2.2492692168736072E+019
   8.7135400000000005E-003   2.2819669487320986E+019
   8.7116499999999996E-003   2.3143290366409327E+019
   8.7097900000000002E-003   2.3458516476464927E+019
   8.7079900000000005E-003   2.3765392738775228E+019
   8.7062200000000006E-003   2.4040087552586523E+019
   8.7047700000000006E-003   2.4287271979770253E+019
   8.7033400000000004E-003   2.4552320885908480E+019
   8.7016999999999997E-003   2.4830595086850576E+019
   8.7001000000000005E-003   2.5109408774149014E+019
   8.6984300000000001E-003   2.5393780050985103E+019
   8.6967799999999994E-003   2.5743311059466215E+019
   8.6944299999999995E-003   2.6136057807815463E+019
   8.6921299999999993E-003   2.6458251911404978E+019
   8.6904600000000005E-003   2.6732731952298181E+019
   8.6888199999999999E-003   2.7076017814286275E+019
   8.6864100000000003E-003   2.7461404104835600E+019
   8.6840500000000004E-003   2.7777985185110483E+019
   8.6823200000000003E-003   2.8044007222276350E+019
   8.6806100000000001E-003   2.8304132929782755E+019
   8.6788899999999999E-003   2.8561398321930236E+019
   8.6771999999999995E-003   2.8874172665344950E+019
   8.6747600000000001E-003   2.9220857536143331E+019
   8.6723900000000003E-003   2.9528717480118964E+019
   8.6702600000000008E-003   2.9810791214756463E+019
   8.6681899999999992E-003   3.0083176292527186E+019
   8.6660699999999997E-003   3.0349766550574449E+019
   8.6640099999999998E-003   3.0631681398290739E+019
   8.6615400000000006E-003   3.0924145301588795E+019
   8.6591399999999992E-003   3.1206311062352003E+019
   8.6566799999999999E-003   3.1475571418837512E+019
   8.6542900000000002E-003   3.1689139884239442E+019
   8.6525400000000002E-003   3.1875021198348509E+019
   8.6508399999999999E-003   3.2144341773553721E+019
   8.6476799999999996E-003   3.2470470540526518E+019
   8.6446400000000003E-003   3.2725228882442875E+019
   8.6425300000000007E-003   3.2937924274870776E+019
   8.6404800000000007E-003   3.3155048220708143E+019
   8.6383899999999993E-003   3.3373436484167668E+019
   8.6363599999999992E-003   3.3707765458541539E+019
   8.6322699999999992E-003   3.4046678619185693E+019
   8.6302099999999993E-003   3.4281318111236690E+019
   8.6282100000000007E-003   3.4568081747202593E+019
   8.6254499999999998E-003   3.4820279654566191E+019
   8.6241000000000009E-003   3.4989778794351034E+019
   8.6227700000000001E-003   3.5258999218804630E+019
   8.6200100000000009E-003   3.5534875045769052E+019
   8.6186600000000002E-003   3.5770802468063822E+019
   8.6166400000000001E-003   3.6064896710670176E+019
   8.6145700000000002E-003   3.6316832164705825E+019
   8.6132299999999995E-003   3.6628618675682341E+019
   8.6105000000000001E-003   3.6950313281891746E+019
   8.6091299999999996E-003   3.7169853061538890E+019
   8.6077800000000006E-003   3.7451240994088649E+019
   8.6057400000000006E-003   3.7802705675175231E+019
   8.6036600000000008E-003   3.8103997667857621E+019
   8.6023000000000002E-003   3.8345875499306918E+019
   8.6009699999999994E-003   3.8727384356957487E+019
   8.5981600000000005E-003   3.9185732388535804E+019
   8.5961200000000005E-003   3.9519221714796028E+019
   8.5947300000000001E-003   3.9868259615493128E+019
   8.5926200000000005E-003   4.0365674074518798E+019
   8.5898799999999994E-003   4.0801735741811286E+019
   8.5884499999999992E-003   4.1182671416077885E+019
   8.5863299999999997E-003   4.1639586752348766E+019
   8.5842599999999998E-003   4.2194324386614616E+019
   8.5813699999999996E-003   4.2725252372244537E+019
   8.5795799999999998E-003   4.3139099330014781E+019
   8.5778299999999998E-003   4.3651190005407359E+019
   8.5752799999999994E-003   4.4255289835805524E+019
   8.5727900000000003E-003   4.4925045603451814E+019
   8.5698200000000006E-003   4.5471598055476953E+019
   8.5683700000000005E-003   4.5838569178507846E+019
   8.5669300000000004E-003   4.6465746831846343E+019
   8.5635199999999998E-003   4.7343975125135884E+019
   8.5602000000000004E-003   4.8037599372475236E+019
   8.5582799999999997E-003   4.8701350243232866E+019
   8.5552500000000004E-003   4.9591053386602643E+019
   8.5517800000000001E-003   5.0390720139439989E+019
   8.5494799999999999E-003   5.0990797838406558E+019
   8.5474999999999995E-003   5.1551865447854907E+019
   8.5455400000000008E-003   5.2246845413164253E+019
   8.5427300000000001E-003   5.3043859255622304E+019
   8.5399699999999992E-003   5.3806138175598690E+019
   8.5375399999999997E-003   5.4521431729554219E+019
   8.5351400000000001E-003   5.5135668967552147E+019
   8.5334799999999995E-003   5.5639200373018616E+019
   8.5318300000000007E-003   5.6374618026463289E+019
   8.5286700000000003E-003   5.7358293958484140E+019
   8.5255799999999996E-003   5.8091226451799065E+019
   8.5239800000000004E-003   5.8596978261466030E+019
   8.5224099999999994E-003   5.9219636018682946E+019
   8.5201400000000007E-003   5.9954250031652405E+019
   8.5179000000000001E-003   6.0902362143240143E+019
   8.5144000000000001E-003   6.2083722304498729E+019
   8.5108600000000003E-003   6.3371406260447511E+019
   8.5068899999999996E-003   6.4533448968900076E+019
   8.5041700000000001E-003   6.5502196509105062E+019
   8.5013999999999992E-003   6.6697805144334033E+019
   8.4975099999999998E-003   6.8296421254872932E+019
   8.4926299999999993E-003   6.9593296515703710E+019
   8.4904799999999999E-003   7.0394332956362998E+019
   8.4883500000000004E-003   7.1337621625786999E+019
   8.4854800000000001E-003   7.2444201819710726E+019
   8.4825400000000002E-003   7.3567715336866324E+019
   8.4796300000000002E-003   7.4709368611173401E+019
   8.4766400000000006E-003   7.5881224059666727E+019
   8.4736399999999993E-003   7.7057082470688178E+019
   8.4706699999999996E-003   7.8056436771427926E+019
   8.4685899999999998E-003   7.9286474347567890E+019
   8.4644799999999999E-003   8.1180234871830118E+019
   8.4592599999999997E-003   8.2993045492937753E+019
   8.4555900000000007E-003   8.4402100384927171E+019
   8.4523900000000006E-003   8.5741315769931743E+019
   8.4491299999999991E-003   8.7561531981604012E+019
   8.4436700000000003E-003   8.9460042774247637E+019
   8.4400800000000008E-003   9.0628868652008653E+019
   8.4381500000000002E-003   9.1960723582715462E+019
   8.4338599999999996E-003   9.3789655008631292E+019
   8.4296500000000003E-003   9.5199092793887719E+019
   8.4273400000000002E-003   9.6201538281200026E+019
   8.4250400000000000E-003   9.7679197541978849E+019
   8.4206000000000003E-003   9.9612006014147068E+019
   8.4162400000000002E-003   1.0097282234933923E+020
   8.4144300000000005E-003   1.0177457731574197E+020
   8.4126300000000008E-003   1.0313374989480681E+020
   8.4083400000000003E-003   1.0503891310923765E+020
   8.4041299999999992E-003   1.0646167257304041E+020
   8.4019500000000000E-003   1.0744405239030227E+020
   8.3997900000000007E-003   1.0883278479225799E+020
   8.3958499999999998E-003   1.1062055033920961E+020
   8.3919800000000003E-003   1.1213693355944645E+020
   8.3892499999999991E-003   1.1338877288252655E+020
   8.3865599999999995E-003   1.1481597664805395E+020
   8.3831099999999992E-003   1.1641506263046321E+020
   8.3797000000000003E-003   1.1823676451440668E+020
   8.3753500000000002E-003   1.2027404897561816E+020
   8.3710699999999996E-003   1.2214572840080017E+020
   8.3674400000000003E-003   1.2456364070670203E+020
   8.3609500000000007E-003   1.2681058751380777E+020
   8.3580600000000005E-003   1.2828477258991418E+020
   8.3548600000000004E-003   1.2983522763505246E+020
   8.3516900000000002E-003   1.3222839229937472E+020
   8.3450999999999994E-003   1.3544027152390057E+020
   8.3386599999999995E-003   1.3875756614759822E+020
   8.3317700000000005E-003   1.4217706378255173E+020
   8.3250400000000006E-003   1.4477482330538756E+020
   8.3214099999999996E-003   1.4661115606306107E+020
   8.3178300000000000E-003   1.4855445332017018E+020
   8.3138199999999995E-003   1.5060339355215443E+020
   8.3098700000000005E-003   1.5254704680520614E+020
   8.3063100000000008E-003   1.5438854030714143E+020
   8.3027799999999992E-003   1.5659913388698393E+020
   8.2978500000000007E-003   1.5917090418826255E+020
   8.2929900000000001E-003   1.6202259542365988E+020
   8.2870800000000005E-003   1.6514360812887271E+020
   8.2812800000000002E-003   1.6805888305443566E+020
   8.2761899999999992E-003   1.7078115760241941E+020
   8.2711899999999994E-003   1.7359923894072151E+020
   8.2657500000000005E-003   1.7625753643435478E+020
   8.2614999999999997E-003   1.7857881202561614E+020
   8.2573100000000003E-003   1.8170530758018888E+020
   8.2502200000000008E-003   1.8561652975662622E+020
   8.2432800000000004E-003   1.8931089043096719E+020
   8.2371000000000007E-003   1.9277977822541709E+020
   8.2310300000000003E-003   1.9601344055276706E+020
   8.2256499999999993E-003   2.0019029749442645E+020
   8.2165199999999997E-003   2.0387603708820593E+020
   8.2129000000000004E-003   2.0597659291390712E+020
   8.2093099999999992E-003   2.0910403084830569E+020
   8.2022299999999996E-003   2.1323621705209463E+020
   8.1952799999999992E-003   2.1658394122227332E+020
   8.1909300000000008E-003   2.1916524881215963E+020
   8.1866300000000003E-003   2.2219548133546299E+020
   8.1808400000000000E-003   2.2566604374585708E+020
   8.1751299999999992E-003   2.2952036352408538E+020
   8.1681600000000007E-003   2.3469493546789772E+020
   8.1582600000000005E-003   2.3991915207237324E+020
   8.1512300000000006E-003   2.4333588821331499E+020
   8.1472599999999999E-003   2.4719507442461979E+020
   8.1389400000000008E-003   2.5239747619656162E+020
   8.1307700000000007E-003   2.5634327003568085E+020
   8.1264800000000002E-003   2.5907196085383666E+020
   8.1222399999999993E-003   2.6178404397424676E+020
   8.1180300000000000E-003   2.6448139943037711E+020
   8.1138700000000005E-003   2.6867346416426821E+020
   8.1051200000000004E-003   2.7432882065414734E+020
   8.0965499999999992E-003   2.8010584391170595E+020
   8.0875900000000004E-003   2.8600224652909173E+020
   8.0788000000000006E-003   2.9048073442743016E+020
   8.0741900000000002E-003   2.9357129187116817E+020
   8.0696199999999996E-003   2.9664515765999403E+020
   8.0651000000000004E-003   2.9970271477217873E+020
   8.0606199999999992E-003   3.0445550652680182E+020
   8.0512099999999996E-003   3.1086509418550133E+020
   8.0419800000000007E-003   3.1571026320838898E+020
   8.0371399999999999E-003   3.1906942991449909E+020
   8.0323500000000006E-003   3.2241081911259680E+020
   8.0275999999999993E-003   3.2573468516411258E+020
   8.0228999999999995E-003   3.3089881000954194E+020
   8.0130300000000008E-003   3.3786709264510196E+020
   8.0033399999999994E-003   3.4496991345864979E+020
   7.9932300000000005E-003   3.5223603331750507E+020
   7.9833200000000003E-003   3.5775694281820982E+020
   7.9781100000000001E-003   3.6156538296182604E+020
   7.9729599999999994E-003   3.6535413767029509E+020
   7.9678600000000002E-003   3.6912426983118006E+020
   7.9628000000000008E-003   3.7497909813709996E+020
   7.9521999999999995E-003   3.8288031555480381E+020
   7.9418000000000006E-003   3.8885194065014063E+020
   7.9363400000000001E-003   3.9299235285551992E+020
   7.9309399999999992E-003   3.9711184402456019E+020
   7.9255899999999997E-003   4.0121067276144633E+020
   7.9202900000000000E-003   4.0757664355935171E+020
   7.9091700000000001E-003   4.1616881803150846E+020
   7.8982600000000007E-003   4.2494041850207909E+020
   7.8868800000000006E-003   4.3390126748393164E+020
   7.8757099999999993E-003   4.4071141544965184E+020
   7.8698499999999994E-003   4.4540833031508571E+020
   7.8640600000000008E-003   4.5008219185525496E+020
   7.8583100000000003E-003   4.5473410270629331E+020
   7.8526199999999994E-003   4.6195428114612742E+020
   7.8406900000000009E-003   4.7170080664134805E+020
   7.8289899999999992E-003   4.7907156023427819E+020
   7.8228599999999992E-003   4.8417794984658849E+020
   7.8167800000000006E-003   4.9178559629788099E+020
   7.8047999999999998E-003   5.0217508340098564E+020
   7.7923000000000003E-003   5.1014613549353953E+020
   7.7861400000000004E-003   5.1541664378301664E+020
   7.7800400000000002E-003   5.2360155086520392E+020
   7.7672599999999998E-003   5.3465286652065743E+020
   7.7547099999999997E-003   5.4300974225471662E+020
   7.7481299999999998E-003   5.4880073408435395E+020
   7.7416200000000003E-003   5.5608588146451159E+020
   7.7317699999999998E-003   5.6486068986071181E+020
   7.7220600000000002E-003   5.7374273703897694E+020
   7.7120899999999996E-003   5.8275298536720099E+020
   7.7022599999999998E-003   5.9198376905234671E+020
   7.6919600000000003E-003   6.0142685069377510E+020
   7.6818099999999999E-003   6.1100010576078491E+020
   7.6713900000000002E-003   6.2364304595235622E+020
   7.6549000000000001E-003   6.3725603998510783E+020
   7.6426400000000000E-003   6.4905179083328101E+020
   7.6302599999999998E-003   6.6105303757298021E+020
   7.6177700000000003E-003   6.7484730368923415E+020
   7.6019599999999996E-003   6.8884497797759435E+020
   7.5892900000000003E-003   7.0164937840713230E+020
   7.5761600000000002E-003   7.1478633165477642E+020
   7.5630300000000001E-003   7.2731974299576736E+020
   7.5513000000000004E-003   7.3894645266580858E+020
   7.5401200000000000E-003   7.5278474337868775E+020
   7.5242499999999997E-003   7.6765884881867611E+020
   7.5111800000000001E-003   7.8042016222509819E+020
   7.4994900000000001E-003   7.9343976334148082E+020
   7.4856699999999998E-003   8.0849095627171391E+020
   7.4705199999999996E-003   8.2157191490068205E+020
   7.4605699999999997E-003   8.3347687481482963E+020
   7.4465599999999996E-003   8.4850410133928306E+020
   7.4300900000000003E-003   8.6259659247659778E+020
   7.4142200000000000E-003   8.7580075344894113E+020
   7.3995299999999996E-003   8.8463196243268862E+020
   7.3854500000000000E-003   8.9090710084086124E+020
   7.3695399999999999E-003   8.8668064837359449E+020
   7.3632500000000000E-003   8.9454268650201874E+020
   7.3483699999999999E-003   8.7417515127156310E+020
   7.3289000000000002E-003   8.6847157701596781E+020
   7.3150899999999998E-003   8.3545691948083957E+020
   7.3017500000000001E-003   7.8143204836230090E+020
   7.2865800000000000E-003   7.5010845730507902E+020
   7.2726700000000002E-003   7.3043150400675185E+020
   7.2667599999999997E-003   7.0185277527973809E+020
   7.2608999999999998E-003   6.7505196418247767E+020
   7.2465699999999999E-003   6.5218893992631796E+020
   7.2408300000000002E-003   6.3935883243243425E+020
   7.2342600000000002E-003   6.1489791422044439E+020
   7.2291500000000002E-003   6.1362985300413658E+020
   7.2210499999999997E-003   6.0074798392768882E+020
   7.2158600000000002E-003   5.8343684711610430E+020
   7.2109899999999996E-003   5.7349737288741939E+020
   7.2065899999999997E-003   5.7656305156117089E+020
   7.2013399999999997E-003   5.6102125972443687E+020
   7.1955300000000003E-003   5.4946102494818075E+020
   7.1897500000000000E-003   5.4719134620177393E+020
   7.1862599999999999E-003   5.4549585765184930E+020
   7.1814799999999996E-003   5.3970126928716353E+020
   7.1790999999999999E-003   5.3719795062976374E+020
   7.1773200000000001E-003   5.3500567930165972E+020
   7.1731499999999997E-003   5.3415398121105038E+020
   7.1707699999999999E-003   5.3313151710157373E+020
   7.1674499999999997E-003   5.3183346683891004E+020
   7.1647300000000002E-003   5.2933134183520069E+020
   7.1586799999999997E-003   5.2690108277111908E+020
   7.1541499999999997E-003   5.2717180785639424E+020
   7.1490199999999999E-003   5.2538892128301364E+020
   7.1430199999999999E-003   5.2529251919605426E+020
   7.1383100000000001E-003   5.2570632854968009E+020
   7.1338100000000000E-003   5.2596696047416063E+020
   7.1294499999999998E-003   5.2689987669163331E+020
   7.1254899999999999E-003   5.2786910787796999E+020
   7.1204500000000004E-003   5.2882393427646389E+020
   7.1183799999999997E-003   5.2980020150302140E+020
   7.1142400000000000E-003   5.3088723669882634E+020
   7.1114899999999998E-003   5.3214902278486963E+020
   7.1073899999999999E-003   5.3336814469079007E+020
   7.1053399999999999E-003   5.3463469738192739E+020
   7.1013500000000002E-003   5.3638759096170158E+020
   7.0974599999999999E-003   5.3775312989047239E+020
   7.0955200000000001E-003   5.3883638854953907E+020
   7.0930000000000003E-003   5.4073564872633326E+020
   7.0879799999999998E-003   5.4338034496908801E+020
   7.0829800000000000E-003   5.4614348151729324E+020
   7.0780000000000001E-003   5.4828802613794996E+020
   7.0755200000000001E-003   5.4955377910099876E+020
   7.0736699999999998E-003   5.5121350328863431E+020
   7.0699700000000001E-003   5.5345492407816474E+020
   7.0663200000000001E-003   5.5569929523749061E+020
   7.0627399999999996E-003   5.5793359874591457E+020
   7.0592199999999997E-003   5.6015787189009921E+020
   7.0557500000000004E-003   5.6274754362628473E+020
   7.0512300000000003E-003   5.6514841557985696E+020
   7.0484399999999996E-003   5.6698741425476980E+020
   7.0456599999999996E-003   5.6942016950205435E+020
   7.0410899999999998E-003   5.7215057088480503E+020
   7.0375000000000004E-003   5.7444235611706589E+020
   7.0343300000000001E-003   5.7646312277596904E+020
   7.0315899999999999E-003   5.7902801821689912E+020
   7.0269800000000004E-003   5.8229987670122306E+020
   7.0221800000000003E-003   5.8619546201428519E+020
   7.0159799999999998E-003   5.8943318095055900E+020
   7.0130499999999998E-003   5.9156856288474169E+020
   7.0101299999999998E-003   5.9423634782070505E+020
   7.0057599999999998E-003   5.9786769927864477E+020
   6.9999700000000003E-003   6.0103950748147856E+020
   6.9970800000000001E-003   6.0315187571971431E+020
   6.9941999999999999E-003   6.0579444779597601E+020
   6.9897400000000004E-003   6.0973823613146209E+020
   6.9834700000000003E-003   6.1336936193135464E+020
   6.9798600000000001E-003   6.1698757525908528E+020
   6.9737200000000001E-003   6.2151982753285171E+020
   6.9676800000000004E-003   6.2505189331026418E+020
   6.9642500000000000E-003   6.2712704746182725E+020
   6.9620400000000001E-003   6.2960708684027082E+020
   6.9576500000000001E-003   6.3325939933289015E+020
   6.9523099999999997E-003   6.3644774200639881E+020
   6.9491800000000001E-003   6.3953494860516439E+020
   6.9441700000000004E-003   6.4238497686368997E+020
   6.9416699999999996E-003   6.4518586943099870E+020
   6.9367999999999999E-003   6.4975288796074122E+020
   6.9296899999999996E-003   6.5433746249285632E+020
   6.9248199999999999E-003   6.5807300262551958E+020
   6.9199800000000001E-003   6.6315264215358295E+020
   6.9116600000000000E-003   6.6810207648550735E+020
   6.9072300000000003E-003   6.7269335934554237E+020
   6.8998699999999998E-003   6.7688535320811641E+020
   6.8965099999999998E-003   6.7899059224162861E+020
   6.8944999999999996E-003   6.8083713699019502E+020
   6.8918199999999999E-003   6.8421432828757043E+020
   6.8859100000000003E-003   6.8890472701598276E+020
   6.8799500000000001E-003   6.9398622613963591E+020
   6.8731299999999999E-003   6.9898332030835818E+020
   6.8674499999999998E-003   7.0298098844651985E+020
   6.8631500000000002E-003   7.0733587862186872E+020
   6.8566299999999998E-003   7.1212609762705644E+020
   6.8512900000000003E-003   7.1558437686537919E+020
   6.8481200000000001E-003   7.1931591496716937E+020
   6.8421300000000001E-003   7.2351867109403617E+020
   6.8378700000000002E-003   7.2700548508373837E+020
   6.8336300000000003E-003   7.3179771826783165E+020
   6.8262399999999999E-003   7.3660204016874278E+020
   6.8220399999999997E-003   7.4096146255096630E+020
   6.8157499999999998E-003   7.4517694403857718E+020
   6.8119499999999998E-003   7.4757000805955902E+020
   6.8100499999999998E-003   7.4876690058915008E+020
   6.8091000000000002E-003   7.4956499425903588E+020
   6.8081499999999998E-003   7.5447624022892859E+020
   6.8073999999999999E-003   7.5511483277100502E+020
   6.8066600000000000E-003   7.5575341919753902E+020
   6.8059100000000001E-003   7.5639199959404170E+020
   6.8051700000000001E-003   7.5687095502990305E+020
   6.8047999999999997E-003   7.5719024265296609E+020
   6.8044200000000003E-003   7.5750952819384805E+020
   6.8040499999999999E-003   7.5782881416185630E+020
   6.8036800000000003E-003   7.5830771546705127E+020
   6.8029400000000004E-003   7.5894627761246280E+020
   6.8021899999999996E-003   7.5952099117912660E+020
   6.8015999999999997E-003   7.6028719884142720E+020
   6.8004099999999998E-003   7.6181947527191252E+020
   6.7980400000000000E-003   7.6501104311828585E+020
   6.7930100000000004E-003   7.6911838148209410E+020
   6.7885400000000000E-003   7.7494370287813159E+020
   6.7796000000000002E-003   7.8750659268142380E+020
   6.7598600000000003E-003   8.0445587718926474E+020
   6.7413500000000001E-003   8.2014677033853741E+020
   6.7249099999999997E-003   8.3505573560728473E+020
   6.7085499999999998E-003   8.5002167946276569E+020
   6.6923699999999996E-003   8.6628440620087732E+020
   6.6736199999999999E-003   8.8247983064729335E+020
   6.6579999999999999E-003   8.9754982395862463E+020
   6.6420200000000002E-003   9.1365782329340330E+020
   6.6246100000000004E-003   9.3122978357742771E+020
   6.6060299999999997E-003   9.5152614698641143E+020
   6.5836000000000002E-003   9.7110811033551005E+020
   6.5669999999999999E-003   9.8968466136369634E+020
   6.5470700000000003E-003   1.0100862171209478E+021
   6.5274000000000000E-003   1.0288635526002888E+021
   6.5110899999999998E-003   1.0430883940902113E+021
   6.5004299999999998E-003   1.0585961759780468E+021
   6.4819800000000000E-003   1.0745986834079769E+021
   6.4706700000000004E-003   1.0929136385020616E+021
   6.4482999999999997E-003   1.1141796881814900E+021
   6.4320300000000000E-003   1.1322180442462884E+021
   6.4159100000000004E-003   1.1486784711378892E+021
   6.4027700000000003E-003   1.1635449680423816E+021
   6.3897399999999997E-003   1.1884124051675168E+021
   6.3594999999999997E-003   1.2234432834856084E+021
   6.3298000000000000E-003   1.2491644594841125E+021
   6.3162299999999999E-003   1.2717220471294866E+021
   6.2925600000000000E-003   1.2923404996908000E+021
   6.2823999999999996E-003   1.3136556577547957E+021
   6.2579899999999997E-003   1.3439662745514232E+021
   6.2338999999999997E-003   1.3680403373182332E+021
   6.2199899999999999E-003   1.3857821967869823E+021
   6.2061900000000003E-003   1.4085147847178702E+021
   6.1848399999999996E-003   1.4296663556632507E+021
   6.1637400000000000E-003   1.4528251403562700E+021
   6.1495300000000003E-003   1.4714952472858188E+021
   6.1354199999999999E-003   1.5002274747315693E+021
   6.1063400000000000E-003   1.5393818301099944E+021
   6.0776800000000002E-003   1.5719176878194290E+021
   6.0592399999999996E-003   1.5975710640864342E+021
   6.0409699999999997E-003   1.6184051051532203E+021
   6.0299200000000002E-003   1.6340124941387086E+021
   6.0189199999999997E-003   1.6606139598662468E+021
   5.9927100000000001E-003   1.7061333354717522E+021
   5.9563300000000001E-003   1.7544008160613229E+021
   5.9277899999999996E-003   1.7896238519734798E+021
   5.9098299999999996E-003   1.8210753458875620E+021
   5.8866600000000002E-003   1.8568206343440229E+021
   5.8637300000000002E-003   1.8993174009890684E+021
   5.8326000000000003E-003   1.9493876081808656E+021
   5.8012000000000003E-003   1.9880618288452907E+021
   5.7853100000000001E-003   2.0141004998604955E+021
   5.7695200000000002E-003   2.0540336652991044E+021
   5.7371999999999996E-003   2.1083892406953653E+021
   5.7053199999999998E-003   2.1642823203928626E+021
   5.6724399999999999E-003   2.2217034945319299E+021
   5.6399900000000001E-003   2.2807141585102493E+021
   5.6065200000000003E-003   2.3414322626231811E+021
   5.5734900000000004E-003   2.4037746717937983E+021
   5.5394299999999997E-003   2.4679191425018364E+021
   5.5058099999999999E-003   2.5338652313883808E+021
   5.4711400000000002E-003   2.6016427074659864E+021
   5.4369099999999997E-003   2.6536584808522475E+021
   5.4194000000000004E-003   2.6889332914621986E+021
   5.4019999999999997E-003   2.7430377745329443E+021
   5.3664000000000003E-003   2.8167717726352237E+021
   5.3312400000000001E-003   2.8733223913816421E+021
   5.3132500000000003E-003   2.9117169601217440E+021
   5.2953799999999997E-003   2.9701820615213082E+021
   5.2591900000000004E-003   3.0503874612832538E+021
   5.2226800000000004E-003   3.1328971271428380E+021
   5.1858299999999998E-003   3.2177766924079842E+021
   5.1486400000000003E-003   3.3051077043018153E+021
   5.1111200000000002E-003   3.3949669270699586E+021
   5.0732499999999996E-003   3.4874335728684310E+021
   5.0350300000000002E-003   3.5825929073533638E+021
   4.9964500000000004E-003   3.6805331282707203E+021
   4.9575100000000000E-003   3.7813346670934528E+021
   4.9182100000000001E-003   3.8592187823230298E+021
   4.8983200000000003E-003   3.9117966787520270E+021
   4.8785299999999998E-003   3.9652605489623676E+021
   4.8584600000000002E-003   4.0194004298977326E+021
   4.8384800000000000E-003   4.0900911499188744E+021
   4.8066899999999997E-003   4.1780205196620427E+021
   4.7751299999999998E-003   4.2514666464188328E+021
   4.7545599999999997E-003   4.3098820118593982E+021
   4.7340899999999998E-003   4.3691226742800111E+021
   4.7133200000000000E-003   4.4292580892044029E+021
   4.6926399999999997E-003   4.4902786882066312E+021
   4.6716700000000002E-003   4.5522130430762534E+021
   4.6507900000000001E-003   4.6150591299248755E+021
   4.6296200000000001E-003   4.6788463297913097E+021
   4.6085299999999996E-003   4.7435847573313411E+021
   4.5871499999999999E-003   4.8092923980875165E+021
   4.5658399999999998E-003   4.8759858375666350E+021
   4.5442499999999997E-003   4.9436815427289995E+021
   4.5227300000000000E-003   5.0123935958962358E+021
   4.5009200000000003E-003   5.0821495191847861E+021
   4.4791800000000001E-003   5.1529619785957906E+021
   4.4571500000000000E-003   5.2248518945100026E+021
   4.4351900000000003E-003   5.2978346363095571E+021
   4.4129299999999998E-003   5.3719393151875652E+021
   4.3907399999999997E-003   5.4471784460541430E+021
   4.3682399999999998E-003   5.5235830282399179E+021
   4.3458200000000002E-003   5.6011649752930577E+021
   4.3230899999999999E-003   5.6799572255982915E+021
   4.3004300000000001E-003   5.7599762885315689E+021
   4.2774600000000003E-003   5.8412543608637736E+021
   4.2545600000000001E-003   5.9236469677820509E+021
   4.2314299999999996E-003   6.0075120559307578E+021
   4.2081799999999997E-003   6.0927136426473900E+021
   4.1848099999999997E-003   6.1792809371654989E+021
   4.1612999999999997E-003   6.2672423057202862E+021
   4.1376700000000004E-003   6.3566343586709745E+021
   4.1139000000000002E-003   6.4474839879880435E+021
   4.0899999999999999E-003   6.5398383110143942E+021
   4.0659600000000004E-003   6.6337223217555282E+021
   4.0417900000000000E-003   6.7291760205607951E+021
   4.0174700000000004E-003   6.8262424756686391E+021
   3.9930199999999999E-003   6.9249521010464617E+021
   3.9684200000000003E-003   7.0253433108907227E+021
   3.9436799999999998E-003   7.1274610306959184E+021
   3.9187900000000001E-003   7.2313399604582201E+021
   3.8937400000000001E-003   7.3370172648322645E+021
   3.8685500000000001E-003   7.4445635184794838E+021
   3.8432000000000002E-003   7.5540058478299117E+021
   3.8176999999999998E-003   7.6654257763552602E+021
   3.7920400000000000E-003   7.7789264565491131E+021
   3.7662099999999999E-003   7.8945834363336241E+021
   3.7402199999999998E-003   8.0123522959096582E+021
   3.7140599999999999E-003   8.1321442054534762E+021
   3.6877300000000002E-003   8.2539125643745490E+021
   3.6612300000000001E-003   8.3776830310860288E+021
   3.6345499999999998E-003   8.5034831048729690E+021
   3.6076900000000002E-003   8.6313418173783516E+021
   3.5806400000000000E-003   8.7612896865465768E+021
   3.5534099999999999E-003   8.8933584585764205E+021
   3.5259900000000001E-003   9.0275812572640439E+021
   3.4983700000000002E-003   9.1639923085239428E+021
   3.4705500000000002E-003   9.3026269191152526E+021
   3.4425300000000001E-003   9.4435216442263119E+021
   3.4143099999999998E-003   9.5867138847392882E+021
   3.3858700000000000E-003   9.7322421846904081E+021
   3.3572099999999998E-003   9.8801461081454108E+021
   3.3283300000000000E-003   1.0030466132807088E+022
   3.2992299999999998E-003   1.0183243826202526E+022
   3.2698900000000001E-003   1.0338521540304503E+022
   3.2403200000000001E-003   1.0496342768616166E+022
   3.2104999999999998E-003   1.0656751887082955E+022
   3.1804300000000001E-003   1.0819794285317897E+022
   3.1500999999999999E-003   1.0985516233392206E+022
   3.1195099999999998E-003   1.1153965108745845E+022
   3.0886500000000001E-003   1.1325189189070517E+022
   3.0575099999999998E-003   1.1499237651934402E+022
   3.0260899999999999E-003   1.1676160888367529E+022
   2.9943700000000001E-003   1.1856010131117898E+022
   2.9623499999999999E-003   1.2038837636953794E+022
   2.9300200000000002E-003   1.2224696727841605E+022
   2.8973599999999999E-003   1.2413641784576673E+022
   2.8643700000000002E-003   1.2605728187923122E+022
   2.8310399999999999E-003   1.2801012489289988E+022
   2.7973500000000001E-003   1.2999552199572062E+022
   2.7632999999999998E-003   1.3201405925988684E+022
   2.7288600000000001E-003   1.3406633479052234E+022
   2.6940300000000000E-003   1.3615295691993496E+022
   2.6587999999999998E-003   1.3827454666145375E+022
   2.6231300000000000E-003   1.4043173323976177E+022
   2.5870300000000001E-003   1.4262516178789480E+022
   2.5504700000000000E-003   1.4485548689386725E+022
   2.5134200000000002E-003   1.4712337347134467E+022
   2.4758800000000002E-003   1.4942950211835698E+022
   2.4378199999999998E-003   1.5177456322358211E+022
   2.3992100000000001E-003   1.5415925823877318E+022
   2.3600299999999999E-003   1.5658430371631792E+022
   2.3202499999999998E-003   1.5905033794950829E+022
   2.2798400000000000E-003   1.6155880620102798E+022
   2.2387599999999998E-003   1.6410984753435905E+022
   2.1969899999999998E-003   1.6670422427245061E+022
   2.1544699999999999E-003   1.6934271509914041E+022
   2.1111699999999999E-003   1.7202610789754318E+022
   2.0670400000000000E-003   1.7475504275554182E+022
   2.0220199999999998E-003   1.7753115070555115E+022
   1.9760600000000000E-003   1.8035465748120089E+022
   1.9290799999999999E-003   1.8321730542938496E+022
   1.8813400000000000E-003   1.8613813158365155E+022
   1.8317800000000001E-003   1.8911899240655386E+022
   1.7812699999999999E-003   1.9214074875110767E+022
   1.7293899999999999E-003   1.9481837756580824E+022
   1.6897900000000000E-003   1.9715836630168794E+022
   1.6486900000000000E-003   2.0050567572108859E+022
   1.5713000000000001E-003   2.0392834976839199E+022
   1.5279600000000001E-003   2.0638802529628677E+022
   1.4825299999999999E-003   2.1009576231753877E+022
   1.3883500000000000E-003   2.1432653686152307E+022
   1.3233400000000001E-003   2.1770884516180753E+022
   1.2555200000000000E-003   2.2119370288702834E+022
   1.1806300000000000E-003   2.2483786519665070E+022
   1.1008800000000000E-003   2.2863736302572874E+022
   1.0090800000000001E-003   2.3281050037415643E+022
   8.9959000000000003E-004   2.3813324586175456E+022
   7.0660999999999999E-004   2.4367319243209017E+022
   5.6798999999999999E-004   2.4682599372124118E+022
   4.8429000000000001E-004   2.4879913531438034E+022
   3.8308999999999999E-004   2.5039887078630682E+022
   3.1395000000000001E-004   2.5141496143714458E+022
   2.5078999999999998E-004   2.5205063259848327E+022
   2.0170000000000000E-004   2.5253840367082084E+022
   1.6422000000000000E-004   2.5278448746260326E+022
   1.3647000000000000E-004   2.5297077922001714E+022
   1.1692999999999999E-004   2.5305539181837512E+022
   1.0408000000000001E-004   2.5313843993705133E+022
   8.6899999999999998E-005   2.5321280579391069E+022
   6.8969999999999999E-005   2.5326759124180759E+022
   5.4740000000000001E-005   2.5330970957212509E+022
   4.3439999999999997E-005   2.5333218246903250E+022
   3.4480000000000002E-005   2.5334601157612308E+022
   2.7370000000000001E-005   2.5335799440606228E+022
   2.1719999999999999E-005   2.5336357158303054E+022
   1.7240000000000001E-005   2.5336860189824146E+022
   1.3679999999999999E-005   2.5337307419703591E+022
