   8.9283499999999998E-003   304104073277013.56     
   8.9283200000000000E-003   480996193610661.12     
   8.9283000000000001E-003   608220577737696.25     
   8.9282900000000002E-003   712567270509916.12     
   8.9282800000000002E-003   802666896052828.12     
   8.9282700000000003E-003   883482311782103.12     
   8.9282600000000004E-003   957802247241226.00     
   8.9282500000000004E-003   1027078435999758.4     
   8.9282500000000004E-003   1092185308456075.8     
   8.9282400000000005E-003   1153816795526413.5     
   8.9282300000000005E-003   1212552076300619.2     
   8.9282300000000005E-003   1268834666644274.2     
   8.9282200000000006E-003   1323004897161191.2     
   8.9282200000000006E-003   1375335432407055.5     
   8.9282200000000006E-003   1426031466174526.2     
   8.9282100000000007E-003   1475263687854174.0     
   8.9282100000000007E-003   1523184937761798.8     
   8.9282000000000007E-003   1569924503767718.0     
   8.9282000000000007E-003   1615579804364195.0     
   8.9282000000000007E-003   1660223373112877.2     
   8.9281900000000008E-003   1714561042013252.2     
   8.9281900000000008E-003   1778065724097179.0     
   8.9281800000000008E-003   1839672041098973.0     
   8.9281800000000008E-003   1899506184178662.5     
   8.9281800000000008E-003   1948187787896336.8     
   8.9281699999999992E-003   1986290988094252.8     
   8.9281699999999992E-003   2023745307989310.2     
   8.9281699999999992E-003   2060584941200568.8     
   8.9281699999999992E-003   2105758226965999.0     
   8.9281599999999992E-003   2158948918480702.2     
   8.9281599999999992E-003   2211048379208687.2     
   8.9281599999999992E-003   2262153296665776.0     
   8.9281499999999993E-003   2304095835866086.5     
   8.9281499999999993E-003   2337186826254806.5     
   8.9281499999999993E-003   2369927431305133.0     
   8.9281499999999993E-003   2402338997596539.0     
   8.9281399999999993E-003   2450273609361042.0     
   8.9281399999999993E-003   2497762719488583.0     
   8.9281399999999993E-003   2529019451160068.0     
   8.9281399999999993E-003   2575336655951899.5     
   8.9281299999999994E-003   2636355856209813.5     
   8.9281299999999994E-003   2696439650095274.0     
   8.9281299999999994E-003   2755630438276211.0     
   8.9281199999999995E-003   2799531345302036.0     
   8.9281199999999995E-003   2828499487736330.5     
   8.9281199999999995E-003   2857272034196210.0     
   8.9281199999999995E-003   2885856481739579.0     
   8.9281199999999995E-003   2928330439674413.5     
   8.9281099999999995E-003   2984449164483524.0     
   8.9281099999999995E-003   3039906093905675.0     
   8.9281099999999995E-003   3094712228025084.5     
   8.9280999999999996E-003   3157786080390556.5     
   8.9280999999999996E-003   3228862115897713.0     
   8.9280999999999996E-003   3298851732971244.0     
   8.9280899999999996E-003   3367841812358561.0     
   8.9280899999999996E-003   3435940517736491.0     
   8.9280899999999996E-003   3503253693527702.5     
   8.9280799999999997E-003   3569877921708314.0     
   8.9280799999999997E-003   3635898718564207.5     
   8.9280799999999997E-003   3709503855965851.5     
   8.9280699999999998E-003   3790590374784136.0     
   8.9280699999999998E-003   3870892162617073.0     
   8.9280699999999998E-003   3930630154104021.0     
   8.9280599999999998E-003   3970153823487793.5     
   8.9280599999999998E-003   4028974576340351.5     
   8.9280599999999998E-003   4106626695182580.5     
   8.9280599999999998E-003   4183271084048766.5     
   8.9280499999999999E-003   4258846986153525.5     
   8.9280499999999999E-003   4333307505513968.5     
   8.9280499999999999E-003   4406618437792309.0     
   8.9280399999999999E-003   4478750718011872.5     
   8.9280399999999999E-003   4549684307853837.0     
   8.9280399999999999E-003   4619407327458745.0     
   8.9280399999999999E-003   4687916150668990.0     
   8.9280300000000000E-003   4788364997158981.0     
   8.9280300000000000E-003   4902351537929605.0     
   8.9280200000000001E-003   4997349425538043.0     
   8.9280200000000001E-003   5090030522930554.0     
   8.9280200000000001E-003   5158143525491050.0     
   8.9280200000000001E-003   5202879705426148.0     
   8.9280100000000001E-003   5269019543139833.0     
   8.9280100000000001E-003   5355607040107859.0     
   8.9280100000000001E-003   5482011641819217.0     
   8.9280000000000002E-003   5605004539156962.0     
   8.9280000000000002E-003   5684949143060861.0     
   8.9279900000000002E-003   5763413729848682.0     
   8.9279900000000002E-003   5840447706564939.0     
   8.9279900000000002E-003   5916084562355945.0     
   8.9279800000000003E-003   5990356424307425.0     
   8.9279800000000003E-003   6063292387871998.0     
   8.9279800000000003E-003   6134919341940117.0     
   8.9279800000000003E-003   6216826234407451.0     
   8.9279700000000004E-003   6308395087754482.0     
   8.9279700000000004E-003   6441536126669158.0     
   8.9279600000000004E-003   6570710176737996.0     
   8.9279600000000004E-003   6654362664291205.0     
   8.9279500000000005E-003   6736272857385458.0     
   8.9279500000000005E-003   6816523226974942.0     
   8.9279500000000005E-003   6904879338237499.0     
   8.9279400000000005E-003   7000867980922640.0     
   8.9279400000000005E-003   7094644190233642.0     
   8.9279400000000005E-003   7186337599011621.0     
   8.9279300000000006E-003   7276070918746812.0     
   8.9279300000000006E-003   7363946092823093.0     
   8.9279300000000006E-003   7492200362150840.0     
   8.9279200000000006E-003   7625401417027086.0     
   8.9279100000000007E-003   7722549631351264.0     
   8.9279100000000007E-003   7817628916873095.0     
   8.9279100000000007E-003   7910737575047386.0     
   8.9279000000000008E-003   8001957507112152.0     
   8.9279000000000008E-003   8091364034823658.0     
   8.9278900000000008E-003   8179026179834226.0     
   8.9278900000000008E-003   8265007741054765.0     
   8.9278900000000008E-003   8349388916552053.0     
   8.9278799999999991E-003   8432266385139239.0     
   8.9278799999999991E-003   8513721402772486.0     
   8.9278699999999992E-003   8593817997376593.0     
   8.9278699999999992E-003   8711225509466380.0     
   8.9278599999999993E-003   8863841911672272.0     
   8.9278599999999993E-003   9011971068235792.0     
   8.9278499999999993E-003   9156145169621746.0     
   8.9278399999999994E-003   9296833770447266.0     
   8.9278399999999994E-003   9434388418156826.0     
   8.9278299999999994E-003   9568969086886708.0     
   8.9278199999999995E-003   9700737165541132.0     
   8.9278199999999995E-003   9829886213123074.0     
   8.9278099999999996E-003   9956617509664604.0     
   8.9278099999999996E-003   10081048099505656.     
   8.9277999999999996E-003   10203249534630114.     
   8.9277899999999997E-003   10323276690336664.     
   8.9277899999999997E-003   10441174179605188.     
   8.9277799999999997E-003   10557016520218608.     
   8.9277799999999997E-003   10670946094931216.     
   8.9277699999999998E-003   10838097117467404.     
   8.9277599999999999E-003   11055890324394768.     
   8.9277499999999999E-003   11215629406311526.     
   8.9277499999999999E-003   11320108059627578.     
   8.9277400000000000E-003   11423226826214272.     
   8.9277400000000000E-003   11525051929449190.     
   8.9277300000000000E-003   11658767173932320.     
   8.9277200000000001E-003   11823267510998116.     
   8.9277200000000001E-003   11984613884791462.     
   8.9277100000000002E-003   12103735414444204.     
   8.9277000000000002E-003   12182063753685570.     
   8.9277000000000002E-003   12297963682200254.     
   8.9276900000000003E-003   12450181651061198.     
   8.9276900000000003E-003   12599582722679624.     
   8.9276800000000003E-003   12746235033303204.     
   8.9276700000000004E-003   12890161849156678.     
   8.9276600000000005E-003   13031354261731050.     
   8.9276600000000005E-003   13237536808107568.     
   8.9276400000000006E-003   13439471828343964.     
   8.9276400000000006E-003   13570949959494530.     
   8.9276300000000006E-003   13700358285626516.     
   8.9276200000000007E-003   13827789051345476.     
   8.9276200000000007E-003   14014991658366186.     
   8.9276000000000008E-003   14259117089531574.     
   8.9275899999999991E-003   14497024399332906.     
   8.9275799999999992E-003   14729388557589036.     
   8.9275699999999993E-003   14928652619888108.     
   8.9275599999999993E-003   15096359502796400.     
   8.9275499999999994E-003   15261507980701702.     
   8.9275399999999994E-003   15424241597758598.     
   8.9275299999999995E-003   15663504435251106.     
   8.9275199999999996E-003   15898851639159486.     
   8.9275099999999996E-003   16052805135122286.     
   8.9274999999999997E-003   16204756577442428.     
   8.9274899999999997E-003   16354765514446658.     
   8.9274799999999998E-003   16575826227459636.     
   8.9274699999999999E-003   16864894583181482.     
   8.9274500000000000E-003   17147193824323308.     
   8.9274400000000000E-003   17423080317857080.     
   8.9274200000000001E-003   17692842788168524.     
   8.9274100000000002E-003   17956763303258894.     
   8.9274000000000003E-003   18215179097953808.     
   8.9273800000000004E-003   18468440162320700.     
   8.9273700000000004E-003   18716788936386636.     
   8.9273600000000005E-003   18960391615976620.     
   8.9273400000000006E-003   19199472901958892.     
   8.9273300000000007E-003   19472834695726504.     
   8.9273100000000008E-003   19778940709059152.     
   8.9273000000000009E-003   20078490221986200.     
   8.9272799999999992E-003   20371834049075096.     
   8.9272599999999994E-003   20659358275078372.     
   8.9272499999999994E-003   20871699455614624.     
   8.9272399999999995E-003   21011505468530668.     
   8.9272299999999995E-003   21218681383611844.     
   8.9272199999999996E-003   21491082162926296.     
   8.9271999999999997E-003   21758905816127360.     
   8.9271899999999998E-003   22022374505591364.     
   8.9271699999999999E-003   22345604302552604.     
   8.9271500000000000E-003   22726135520116844.     
   8.9271300000000001E-003   23006706842855820.     
   8.9271200000000002E-003   23281962938628184.     
   8.9271000000000003E-003   23553870597906524.     
   8.9270900000000004E-003   23762114395017540.     
   8.9270800000000004E-003   23997340001319964.     
   8.9270700000000005E-003   24229579107075948.     
   8.9270500000000006E-003   24458911884875516.     
   8.9270400000000007E-003   24797063493118708.     
   8.9270200000000008E-003   25130149707783664.     
   8.9269999999999992E-003   25348620055642452.     
   8.9269899999999992E-003   25618016592607668.     
   8.9269699999999994E-003   25936578113781852.     
   8.9269599999999994E-003   26403889333087088.     
   8.9269199999999996E-003   26861724267376348.     
   8.9268999999999998E-003   27160613276631764.     
   8.9268899999999998E-003   27455132093954032.     
   8.9268699999999999E-003   27745505914104656.     
   8.9268500000000001E-003   28173029414363312.     
   8.9268200000000002E-003   28731038233541664.     
   8.9267900000000004E-003   29185948149232212.     
   8.9267700000000005E-003   29543109009833832.     
   8.9267500000000007E-003   29938305958370436.     
   8.9267300000000008E-003   30369997841560068.     
   8.9266999999999992E-003   30794086423475532.     
   8.9266799999999993E-003   31211008989939100.     
   8.9266499999999995E-003   31722250162666472.     
   8.9266199999999997E-003   32174841052217600.     
   8.9265999999999998E-003   32471872704508352.     
   8.9265899999999999E-003   32765565839780028.     
   8.9265700000000000E-003   33056034767713696.     
   8.9265500000000001E-003   33485482675985060.     
   8.9265200000000003E-003   34048556632612788.     
   8.9264900000000005E-003   34600664287216908.     
   8.9264600000000006E-003   35142453697455284.     
   8.9264300000000008E-003   35674524300248116.     
   8.9263999999999993E-003   36283317666922024.     
   8.9263599999999995E-003   36965262660467840.     
   8.9263199999999997E-003   37550603211994968.     
   8.9262899999999999E-003   38043813593506456.     
   8.9262700000000000E-003   38529811610612768.     
   8.9262400000000002E-003   39008860366120240.     
   8.9262100000000004E-003   39558961676281360.     
   8.9261800000000006E-003   40177107350701264.     
   8.9261400000000008E-003   40784069014474744.     
   8.9261099999999993E-003   41380268947658688.     
   8.9260699999999995E-003   41966198166085600.     
   8.9260399999999997E-003   42542373202443384.     
   8.9260099999999998E-003   43109283971406128.     
   8.9259800000000000E-003   43667400237694840.     
   8.9259500000000002E-003   44217188126849624.     
   8.9259200000000004E-003   44759076369390432.     
   8.9258900000000006E-003   45425455021012248.     
   8.9258400000000009E-003   46211129385954576.     
   8.9257999999999994E-003   46854964694660680.     
   8.9257699999999995E-003   47362759342855440.     
   8.9257399999999997E-003   47864703850190824.     
   8.9257099999999999E-003   48361047291794400.     
   8.9256900000000000E-003   49094584160580352.     
   8.9256300000000004E-003   50055638852622792.     
   8.9255800000000007E-003   50764245505012280.     
   8.9255500000000008E-003   51230310968116296.     
   8.9255299999999992E-003   51806225689106840.     
   8.9254899999999995E-003   52488512643936424.     
   8.9254499999999997E-003   53161122067249912.     
   8.9254099999999999E-003   53824354639205608.     
   8.9253800000000001E-003   54586408327016312.     
   8.9253300000000004E-003   55443246420816432.     
   8.9252800000000007E-003   56076614013204304.     
   8.9252600000000008E-003   56494058705835672.     
   8.9252399999999992E-003   57113279959323896.     
   8.9251899999999995E-003   57927908136930856.     
   8.9251499999999998E-003   58730030734408712.     
   8.9251000000000000E-003   59520337938426168.     
   8.9250600000000003E-003   60683428337209112.     
   8.9249800000000008E-003   62199251623697152.     
   8.9248999999999995E-003   63311673344217968.     
   8.9248599999999997E-003   64041104412580312.     
   8.9248200000000000E-003   64761770482466184.     
   8.9247800000000002E-003   65473946219289968.     
   8.9247400000000005E-003   66352214700628568.     
   8.9246800000000008E-003   67390286060778320.     
   8.9246299999999994E-003   68242469877022808.     
   8.9245899999999996E-003   68915484284565416.     
   8.9245499999999998E-003   69746106578923088.     
   8.9245000000000001E-003   70728500371936160.     
   8.9244500000000004E-003   71695461886804408.     
   8.9244000000000007E-003   72647754496306016.     
   8.9243499999999993E-003   73586096666614496.     
   8.9242999999999996E-003   74511182428405200.     
   8.9242499999999999E-003   75423748330899808.     
   8.9242000000000002E-003   76324506532514144.     
   8.9241500000000005E-003   77214030175014288.     
   8.9241000000000008E-003   78092752858942640.     
   8.9240599999999993E-003   79104389940310384.     
   8.9239999999999996E-003   80244121743184160.     
   8.9239300000000001E-003   81088103182153952.     
   8.9239100000000002E-003   81645235932717664.     
   8.9238800000000004E-003   82594809414114240.     
   8.9238000000000008E-003   83924156096696128.     
   8.9237299999999995E-003   84966273948353296.     
   8.9236899999999997E-003   85731278693038384.     
   8.9236500000000000E-003   86676874413424880.     
   8.9235900000000003E-003   87797240341857936.     
   8.9235400000000006E-003   88902197360049920.     
   8.9234799999999993E-003   89992496381890208.     
   8.9234199999999996E-003   91246563004112944.     
   8.9233500000000000E-003   92658254252201264.     
   8.9232700000000005E-003   93702983236904000.     
   8.9232400000000007E-003   94392361488596720.     
   8.9231999999999992E-003   95416119692724144.     
   8.9231299999999996E-003   96764211845801328.     
   8.9230600000000000E-003   98092903672822592.     
   8.9229900000000004E-003   99403106724069168.     
   8.9229300000000008E-003   1.0069574513337998E+017
   8.9228599999999995E-003   1.0197170336036992E+017
   8.9227899999999999E-003   1.0323175841559219E+017
   8.9227300000000002E-003   1.0447653544674611E+017
   8.9226700000000006E-003   1.0570650566229214E+017
   8.9225999999999993E-003   1.0692209285044765E+017
   8.9225399999999996E-003   1.0842144145463130E+017
   8.9224500000000002E-003   1.1019364718017867E+017
   8.9223600000000007E-003   1.1164879888906947E+017
   8.9222999999999993E-003   1.1279856008534883E+017
   8.9222399999999997E-003   1.1393632540330845E+017
   8.9221900000000000E-003   1.1506249652639558E+017
   8.9221300000000003E-003   1.1645409458753315E+017
   8.9220500000000008E-003   1.1810268173928699E+017
   8.9219599999999996E-003   1.1972864287351021E+017
   8.9218800000000001E-003   1.2133298258471915E+017
   8.9218000000000006E-003   1.2291638155504592E+017
   8.9217199999999993E-003   1.2447929497132419E+017
   8.9216499999999997E-003   1.2576668267870613E+017
   8.9216000000000000E-003   1.2678659435665194E+017
   8.9215400000000004E-003   1.2830010648763491E+017
   8.9214499999999992E-003   1.3029106203154616E+017
   8.9213499999999998E-003   1.3200907537701722E+017
   8.9212800000000002E-003   1.3346426149886301E+017
   8.9212000000000007E-003   1.3490446658156051E+017
   8.9211299999999993E-003   1.3633026063679656E+017
   8.9210599999999998E-003   1.3797573410785045E+017
   8.9209700000000003E-003   1.3983425563843610E+017
   8.9208800000000008E-003   1.4166953938227984E+017
   8.9207899999999996E-003   1.4348229781232442E+017
   8.9207100000000001E-003   1.4527322210835251E+017
   8.9206200000000006E-003   1.4704297319905206E+017
   8.9205399999999994E-003   1.4879223057154698E+017
   8.9204499999999999E-003   1.5052168580091891E+017
   8.9203700000000004E-003   1.5223200626403901E+017
   8.9202900000000009E-003   1.5392383439582906E+017
   8.9202099999999996E-003   1.5559778460433712E+017
   8.9201300000000001E-003   1.5725438002058678E+017
   8.9200500000000005E-003   1.5930080466072611E+017
   8.9199399999999995E-003   1.6172333226677098E+017
   8.9198200000000002E-003   1.6371513764698848E+017
   8.9197500000000006E-003   1.6529071862809174E+017
   8.9196699999999993E-003   1.6685115511509968E+017
   8.9195999999999998E-003   1.6839686774391213E+017
   8.9195300000000002E-003   1.7068788243013869E+017
   8.9193899999999993E-003   1.7369653573601616E+017
   8.9192500000000001E-003   1.7592025506725027E+017
   8.9191800000000005E-003   1.7738672256024320E+017
   8.9191099999999992E-003   1.7956329778505363E+017
   8.9189800000000000E-003   1.8242676686705405E+017
   8.9188500000000007E-003   1.8454639532712141E+017
   8.9187799999999994E-003   1.8594565638910016E+017
   8.9187199999999998E-003   1.8802445901345699E+017
   8.9185900000000005E-003   1.9076232084716621E+017
   8.9184699999999995E-003   1.9346181284852045E+017
   8.9183400000000003E-003   1.9612447933423690E+017
   8.9182199999999993E-003   1.9888391753651920E+017
   8.9180900000000000E-003   2.0250729177516659E+017
   8.9178999999999994E-003   2.0619799257781837E+017
   8.9177600000000003E-003   2.0845767321708576E+017
   8.9176900000000007E-003   2.1069230793618186E+017
   8.9175599999999997E-003   2.1363724646556026E+017
   8.9174300000000005E-003   2.1654283917512538E+017
   8.9172999999999995E-003   2.1941042588677456E+017
   8.9171700000000003E-003   2.2294246347757258E+017
   8.9169899999999996E-003   2.2711039266251197E+017
   8.9168000000000008E-003   2.3187875938918909E+017
   8.9165600000000005E-003   2.3721497689280838E+017
   8.9163300000000001E-003   2.4114306822189942E+017
   8.9162200000000007E-003   2.4372600880551862E+017
   8.9161099999999997E-003   2.4628221104023363E+017
   8.9160000000000003E-003   2.4881242187743034E+017
   8.9158899999999992E-003   2.5162846548968691E+017
   8.9157500000000001E-003   2.5472156492790998E+017
   8.9156200000000008E-003   2.5777798735159709E+017
   8.9154899999999999E-003   2.6079905816097747E+017
   8.9153600000000006E-003   2.6467458817296730E+017
   8.9151600000000001E-003   2.6937038133457984E+017
   8.9149599999999996E-003   2.7455842362218877E+017
   8.9147099999999993E-003   2.8021471005608442E+017
   8.9144700000000007E-003   2.8635597869902051E+017
   8.9141900000000007E-003   2.9295430839988454E+017
   8.9139200000000005E-003   2.9781201418260506E+017
   8.9137799999999996E-003   3.0100692874426694E+017
   8.9136500000000004E-003   3.0625758790266650E+017
   8.9133500000000004E-003   3.1347066991288122E+017
   8.9130500000000005E-003   3.2003058424978675E+017
   8.9128000000000002E-003   3.2449897992219206E+017
   8.9126799999999992E-003   3.2744447195718784E+017
   8.9125599999999999E-003   3.3084863092497210E+017
   8.9123999999999991E-003   3.3469853176044870E+017
   8.9122500000000000E-003   3.4039187323001760E+017
   8.9119400000000001E-003   3.4784519381361037E+017
   8.9116400000000002E-003   3.5516161560713978E+017
   8.9113500000000002E-003   3.6057731818459981E+017
   8.9111999999999993E-003   3.6415009889862637E+017
   8.9110600000000002E-003   3.6857626144076966E+017
   8.9108499999999997E-003   3.7383473530679712E+017
   8.9106500000000009E-003   3.8075176845730662E+017
   8.9103099999999994E-003   3.8926449275009005E+017
   8.9099899999999996E-003   3.9724479150200909E+017
   8.9096999999999996E-003   4.0471671787911802E+017
   8.9094099999999996E-003   4.1213437612636186E+017
   8.9091299999999995E-003   4.1950062752409587E+017
   8.9088599999999993E-003   4.2796290250748371E+017
   8.9085099999999997E-003   4.3747512343986381E+017
   8.9081600000000000E-003   4.4682397091538515E+017
   8.9078200000000003E-003   4.5601872997167226E+017
   8.9075000000000005E-003   4.6506819865404781E+017
   8.9071800000000007E-003   4.7398036918526925E+017
   8.9068600000000008E-003   4.8112775546309280E+017
   8.9066700000000002E-003   4.8656778399381146E+017
   8.9064799999999996E-003   4.9196063793327654E+017
   8.9063000000000007E-003   4.9730778946934208E+017
   8.9061200000000000E-003   5.0524203901229222E+017
   8.9057600000000004E-003   5.1567879759982291E+017
   8.9054100000000008E-003   5.2697352364671539E+017
   8.9049999999999997E-003   5.3909101271280666E+017
   8.9046100000000003E-003   5.5046909834848243E+017
   8.9042600000000006E-003   5.6114185062787859E+017
   8.9039199999999992E-003   5.7296805104606016E+017
   8.9035000000000000E-003   5.8590171513014221E+017
   8.9031000000000006E-003   5.9862819542330035E+017
   8.9027099999999994E-003   6.1115989560256051E+017
   8.9023300000000000E-003   6.2047483069695757E+017
   8.9021399999999994E-003   6.2974850505796454E+017
   8.9017699999999998E-003   6.3893278097377894E+017
   8.9015899999999992E-003   6.4623913961223270E+017
   8.9013400000000006E-003   6.5471589854631411E+017
   8.9010900000000004E-003   6.6311558048890560E+017
   8.9008500000000001E-003   6.7144073386382656E+017
   8.9006099999999998E-003   6.8262028370543514E+017
   8.9002100000000004E-003   6.9656561509012851E+017
   8.8998199999999993E-003   7.1044163870480090E+017
   8.8994299999999998E-003   7.2425409745186227E+017
   8.8990600000000003E-003   7.4013996109235354E+017
   8.8985699999999997E-003   7.5802103051720397E+017
   8.8980900000000009E-003   7.7129345667821056E+017
   8.8978600000000005E-003   7.8010616582163853E+017
   8.8976300000000001E-003   7.9327439438906970E+017
   8.8971699999999994E-003   8.1066872474062349E+017
   8.8967300000000003E-003   8.2785914033516250E+017
   8.8962999999999993E-003   8.4485673663163354E+017
   8.8958800000000001E-003   8.6385203539508992E+017
   8.8953599999999997E-003   8.8475936677029466E+017
   8.8948499999999993E-003   9.0550571099535296E+017
   8.8943600000000005E-003   9.2605832079443162E+017
   8.8938799999999998E-003   9.4639444912473331E+017
   8.8934099999999992E-003   9.6652829514564941E+017
   8.8929500000000002E-003   9.8255937454872282E+017
   8.8926800000000000E-003   9.9460596022909517E+017
   8.8924099999999999E-003   1.0065625481241388E+018
   8.8921499999999997E-003   1.0184316292204399E+018
   8.8918799999999996E-003   1.0362094231715149E+018
   8.8913699999999991E-003   1.0597253512154266E+018
   8.8908600000000004E-003   1.0850235963845533E+018
   8.8902900000000003E-003   1.1120406955731686E+018
   8.8897200000000003E-003   1.1388674680945364E+018
   8.8891700000000001E-003   1.1655178840295063E+018
   8.8886399999999997E-003   1.1863046534784020E+018
   8.8883299999999998E-003   1.2014027514278308E+018
   8.8880299999999999E-003   1.2164557960241751E+018
   8.8877299999999999E-003   1.2314659590811868E+018
   8.8874399999999999E-003   1.2501738049288607E+018
   8.8870100000000007E-003   1.2724910321614559E+018
   8.8865799999999998E-003   1.2985661651464159E+018
   8.8860099999999997E-003   1.3282806346483026E+018
   8.8854599999999995E-003   1.3578082613985907E+018
   8.8849199999999993E-003   1.3871612114705231E+018
   8.8843900000000007E-003   1.4090124637871032E+018
   8.8841300000000005E-003   1.4235527359926356E+018
   8.8838700000000003E-003   1.4400107703963128E+018
   8.8835400000000005E-003   1.4583524296389788E+018
   8.8832200000000007E-003   1.4857730907399537E+018
   8.8825799999999993E-003   1.5220133074916529E+018
   8.8819599999999995E-003   1.5489650824958313E+018
   8.8816599999999996E-003   1.5668865818491712E+018
   8.8813599999999996E-003   1.5867382481693926E+018
   8.8809900000000001E-003   1.6084828797851853E+018
   8.8806300000000005E-003   1.6300627808719158E+018
   8.8802800000000008E-003   1.6514829385435771E+018
   8.8799299999999994E-003   1.6730678834238234E+018
   8.8795799999999998E-003   1.6948162629370493E+018
   8.8792300000000001E-003   1.7273984709722097E+018
   8.8785400000000007E-003   1.7705034588199913E+018
   8.8778699999999995E-003   1.8025893835002918E+018
   8.8775399999999997E-003   1.8239645665506194E+018
   8.8772100000000000E-003   1.8473558139059684E+018
   8.8768200000000005E-003   1.8727240556520463E+018
   8.8764399999999993E-003   1.8979014501426883E+018
   8.8760599999999999E-003   1.9356938401025068E+018
   8.8753100000000008E-003   1.9734849984443535E+018
   8.8749399999999996E-003   1.9987022548795336E+018
   8.8745800000000000E-003   2.0237446394556508E+018
   8.8742200000000004E-003   2.0580325341354184E+018
   8.8735900000000006E-003   2.1013288793230669E+018
   8.8729800000000008E-003   2.1448395702592033E+018
   8.8723699999999992E-003   2.1885635125483904E+018
   8.8717699999999993E-003   2.2304629976836552E+018
   8.8712099999999992E-003   2.2705961729128041E+018
   8.8706700000000006E-003   2.3033059039475645E+018
   8.8703299999999992E-003   2.3287595282149069E+018
   8.8699899999999995E-003   2.3692555715066593E+018
   8.8692600000000003E-003   2.4243941024523740E+018
   8.8685399999999994E-003   2.4676695267339694E+018
   8.8681300000000001E-003   2.4994154022477373E+018
   8.8677200000000008E-003   2.5457729082927652E+018
   8.8669500000000002E-003   2.6063304249209856E+018
   8.8661899999999995E-003   2.6707259982292111E+018
   8.8653399999999993E-003   2.7388152995653873E+018
   8.8645200000000007E-003   2.7916157986263250E+018
   8.8640500000000001E-003   2.8295598261168287E+018
   8.8635899999999993E-003   2.8671666862049864E+018
   8.8631200000000004E-003   2.9044593875953352E+018
   8.8626599999999996E-003   2.9553351039200696E+018
   8.8618599999999992E-003   3.0192687750643907E+018
   8.8610800000000003E-003   3.0752388844014392E+018
   8.8604900000000004E-003   3.1237959908295168E+018
   8.8599100000000004E-003   3.1690757626834483E+018
   8.8594099999999999E-003   3.2322510379550945E+018
   8.8584400000000004E-003   3.3208903374456822E+018
   8.8573999999999996E-003   3.3901665920951818E+018
   8.8568899999999992E-003   3.4359173820539428E+018
   8.8563900000000004E-003   3.5040758771507717E+018
   8.8553999999999994E-003   3.5939521016256614E+018
   8.8544499999999998E-003   3.6801358870527375E+018
   8.8535599999999999E-003   3.7511643862328504E+018
   8.8529400000000001E-003   3.8099173095340667E+018
   8.8523300000000003E-003   3.8954754234327378E+018
   8.8511700000000002E-003   4.0069195829498742E+018
   8.8500499999999999E-003   4.1198661195264415E+018
   8.8488899999999999E-003   4.2342804140594022E+018
   8.8477599999999997E-003   4.3362947250497961E+018
   8.8468699999999997E-003   4.4263877797496428E+018
   8.8460099999999996E-003   4.5366416102039316E+018
   8.8447500000000002E-003   4.6341251964539279E+018
   8.8441400000000003E-003   4.6984725532216893E+018
   8.8435400000000004E-003   4.7881970197039923E+018
   8.8424599999999999E-003   4.9025759115312036E+018
   8.8414099999999992E-003   4.9915036941557238E+018
   8.8408299999999992E-003   5.0556907737839626E+018
   8.8402399999999992E-003   5.1372955357958502E+018
   8.8393499999999993E-003   5.2358951511026852E+018
   8.8384699999999993E-003   5.3611632206015478E+018
   8.8371300000000003E-003   5.4777775469504748E+018
   8.8364199999999993E-003   5.5709678232139766E+018
   8.8355099999999995E-003   5.6752952386326682E+018
   8.8346199999999996E-003   5.8031302572564214E+018
   8.8333300000000003E-003   5.9162705364522957E+018
   8.8326900000000007E-003   5.9910302206560840E+018
   8.8320699999999992E-003   6.1067910311248650E+018
   8.8307699999999999E-003   6.2236917866279455E+018
   8.8301300000000003E-003   6.3009421883100006E+018
   8.8295000000000005E-003   6.3853265211006587E+018
   8.8287599999999997E-003   6.4766946174010624E+018
   8.8280200000000007E-003   6.5931739399746591E+018
   8.8268800000000005E-003   6.7340249854381855E+018
   8.8257700000000001E-003   6.8520890514403502E+018
   8.8250099999999995E-003   6.9480261207567514E+018
   8.8242700000000004E-003   7.0440374716516311E+018
   8.8235199999999996E-003   7.1930866487604582E+018
   8.8219700000000002E-003   7.3925042519378975E+018
   8.8204600000000005E-003   7.5958780395956941E+018
   8.8188799999999994E-003   7.7515144759397683E+018
   8.8181100000000005E-003   7.8541999278963077E+018
   8.8173499999999998E-003   8.0140192355964099E+018
   8.8157500000000007E-003   8.2287258114361887E+018
   8.8141999999999995E-003   8.4472848785890212E+018
   8.8125700000000005E-003   8.6143279550489569E+018
   8.8117800000000000E-003   8.7242738463162501E+018
   8.8109899999999994E-003   8.8371318034429932E+018
   8.8101599999999992E-003   8.9527009687563735E+018
   8.8093400000000006E-003   9.0670537472218409E+018
   8.8085300000000002E-003   9.1801607198041098E+018
   8.8077299999999997E-003   9.2961251520882688E+018
   8.8068799999999996E-003   9.4147057964952822E+018
   8.8060399999999994E-003   9.5898282660156334E+018
   8.8044100000000004E-003   9.7656240320284733E+018
   8.8035400000000003E-003   9.8864508048704061E+018
   8.8026900000000002E-003   1.0005580100433844E+019
   8.8018599999999999E-003   1.0123006425437063E+019
   8.8010299999999996E-003   1.0243399830684041E+019
   8.8001499999999996E-003   1.0365702040839318E+019
   8.7992899999999995E-003   1.0485980650407379E+019
   8.7984299999999994E-003   1.0604374458163362E+019
   8.7975899999999992E-003   1.0725100065904644E+019
   8.7966999999999993E-003   1.0847849501737181E+019
   8.7958199999999993E-003   1.0968368621801986E+019
   8.7949499999999993E-003   1.1086845160200915E+019
   8.7940899999999992E-003   1.1207464707950934E+019
   8.7931799999999994E-003   1.1329958576736324E+019
   8.7922799999999995E-003   1.1450032582600931E+019
   8.7913999999999996E-003   1.1568025099258477E+019
   8.7905299999999995E-003   1.1688020162232510E+019
   8.7895999999999998E-003   1.1809941629041711E+019
   8.7886900000000000E-003   1.1929424692087421E+019
   8.7877900000000002E-003   1.2047036760061624E+019
   8.7869000000000003E-003   1.2166788736039451E+019
   8.7859600000000006E-003   1.2288693332687899E+019
   8.7850399999999992E-003   1.2408379579761560E+019
   8.7841199999999994E-003   1.2526457796860109E+019
   8.7832199999999996E-003   1.2646962711974496E+019
   8.7822600000000001E-003   1.2769932445642336E+019
   8.7813200000000004E-003   1.2890989717995385E+019
   8.7803900000000008E-003   1.3010714223512486E+019
   8.7794699999999993E-003   1.3133385707124435E+019
   8.7784999999999998E-003   1.3258409337770230E+019
   8.7775400000000003E-003   1.3380631857699070E+019
   8.7765900000000008E-003   1.3504176353180197E+019
   8.7756599999999994E-003   1.3699256806773754E+019
   8.7737000000000006E-003   1.3957433714060388E+019
   8.7717899999999998E-003   1.4150236638025800E+019
   8.7707900000000005E-003   1.4283829599946293E+019
   8.7697999999999995E-003   1.4415919624743375E+019
   8.7688200000000001E-003   1.4549811587892879E+019
   8.7678600000000006E-003   1.4762879232604744E+019
   8.7658300000000005E-003   1.5044067764654606E+019
   8.7638600000000001E-003   1.5253502988420575E+019
   8.7628199999999993E-003   1.5399476616196026E+019
   8.7618000000000001E-003   1.5618221864748157E+019
   8.7597999999999999E-003   1.5916312581083820E+019
   8.7577100000000001E-003   1.6141991580232030E+019
   8.7566899999999993E-003   1.6294098699577289E+019
   8.7556800000000001E-003   1.6536764041838486E+019
   8.7535500000000006E-003   1.6855712610633597E+019
   8.7514800000000007E-003   1.7175078277851779E+019
   8.7493299999999996E-003   1.7419332102317369E+019
   8.7482700000000007E-003   1.7581463805515999E+019
   8.7472299999999999E-003   1.7837081428098269E+019
   8.7450300000000009E-003   1.8178663037377112E+019
   8.7428999999999996E-003   1.8527345002509955E+019
   8.7406700000000007E-003   1.8882766481022464E+019
   8.7384999999999997E-003   1.9148242736481047E+019
   8.7373599999999996E-003   1.9332414428125569E+019
   8.7362299999999993E-003   1.9615669244479943E+019
   8.7339500000000007E-003   1.9989590319203762E+019
   8.7317200000000001E-003   2.0363881287243010E+019
   8.7294799999999995E-003   2.0752376210731332E+019
   8.7271299999999996E-003   2.1148374858271166E+019
   8.7248499999999993E-003   2.1443654568912306E+019
   8.7236499999999995E-003   2.1754928799427363E+019
   8.7212899999999996E-003   2.2111893960911598E+019
   8.7195199999999997E-003   2.2425569239244636E+019
   8.7177100000000000E-003   2.2796384718481920E+019
   8.7153500000000002E-003   2.3227553477277794E+019
   8.7128699999999993E-003   2.3607089469937619E+019
   8.7110599999999996E-003   2.3934806676890042E+019
   8.7092000000000003E-003   2.4275524739216540E+019
   8.7073399999999992E-003   2.4612419113956360E+019
   8.7054999999999997E-003   2.4940275465264972E+019
   8.7037299999999998E-003   2.5259138375567503E+019
   8.7019799999999998E-003   2.5544227702455575E+019
   8.7005499999999996E-003   2.5800721105945387E+019
   8.6991499999999992E-003   2.6075720398372852E+019
   8.6975400000000001E-003   2.6364072420033044E+019
   8.6959499999999992E-003   2.6652566949095281E+019
   8.6943000000000003E-003   2.6946815821912666E+019
   8.6926799999999995E-003   2.7308687282052768E+019
   8.6903599999999994E-003   2.7713849657418650E+019
   8.6880900000000007E-003   2.8044878991461765E+019
   8.6864400000000001E-003   2.8327097477174551E+019
   8.6848199999999993E-003   2.8680347880612151E+019
   8.6824399999999996E-003   2.9075085390403473E+019
   8.6801099999999996E-003   2.9397808776026464E+019
   8.6783999999999993E-003   2.9668672544987062E+019
   8.6767100000000007E-003   2.9932888934654362E+019
   8.6750100000000004E-003   3.0193834731244454E+019
   8.6733399999999999E-003   3.0510837872662143E+019
   8.6709300000000003E-003   3.0860162187470254E+019
   8.6685900000000003E-003   3.1168389276830544E+019
   8.6664900000000007E-003   3.1449906161495724E+019
   8.6644400000000007E-003   3.1720425785261605E+019
   8.6623399999999993E-003   3.1984282632162746E+019
   8.6602999999999992E-003   3.2262079472195789E+019
   8.6578499999999999E-003   3.2548713958275690E+019
   8.6554800000000001E-003   3.2823568768137810E+019
   8.6530400000000007E-003   3.3083857704976658E+019
   8.6506799999999991E-003   3.3287950241784701E+019
   8.6489500000000007E-003   3.3466373298982994E+019
   8.6472600000000004E-003   3.3725247234878603E+019
   8.6441299999999999E-003   3.4036049725969236E+019
   8.6411200000000004E-003   3.4276125448400716E+019
   8.6390300000000007E-003   3.4477080129712595E+019
   8.6369900000000006E-003   3.4682650803849273E+019
   8.6349200000000008E-003   3.4889396671070810E+019
   8.6329000000000006E-003   3.5206389338542658E+019
   8.6288500000000004E-003   3.5528050946546020E+019
   8.6268100000000004E-003   3.5751613870667280E+019
   8.6248300000000000E-003   3.6025706799356809E+019
   8.6220800000000007E-003   3.6267181580055560E+019
   8.6207499999999999E-003   3.6429911164388483E+019
   8.6194300000000008E-003   3.6689145421870449E+019
   8.6166899999999998E-003   3.6955325048655471E+019
   8.6153500000000008E-003   3.7183642243862446E+019
   8.6133400000000006E-003   3.7468880731955012E+019
   8.6112900000000006E-003   3.7713739343792022E+019
   8.6099499999999999E-003   3.8017452819842400E+019
   8.6072400000000004E-003   3.8331543594671423E+019
   8.6058799999999998E-003   3.8546195073508303E+019
   8.6045300000000009E-003   3.8821895816696857E+019
   8.6025100000000007E-003   3.9166970605671301E+019
   8.6004500000000008E-003   3.9463330922318275E+019
   8.5991000000000001E-003   3.9701547581958824E+019
   8.5977699999999994E-003   4.0077789280869474E+019
   8.5949800000000003E-003   4.0530766274585453E+019
   8.5929500000000002E-003   4.0860869747795010E+019
   8.5915699999999998E-003   4.1206806338692522E+019
   8.5894700000000001E-003   4.1700551159340138E+019
   8.5867500000000006E-003   4.2133964566228648E+019
   8.5853200000000005E-003   4.2512994855081705E+019
   8.5832100000000008E-003   4.2968091190294045E+019
   8.5811499999999992E-003   4.3521251006214840E+019
   8.5782800000000006E-003   4.4051143968473301E+019
   8.5765000000000008E-003   4.4464748042679525E+019
   8.5747500000000008E-003   4.4976882417820967E+019
   8.5722200000000002E-003   4.5581381762216657E+019
   8.5697399999999993E-003   4.6252464932471661E+019
   8.5667899999999995E-003   4.6800186441773998E+019
   8.5653399999999994E-003   4.7168374758745563E+019
   8.5639099999999992E-003   4.7797793954549891E+019
   8.5605100000000003E-003   4.8679988155927937E+019
   8.5572100000000009E-003   4.9377587263290982E+019
   8.5553000000000001E-003   5.0045142634679198E+019
   8.5522800000000006E-003   5.0940692014505697E+019
   8.5488200000000004E-003   5.1746113304244609E+019
   8.5465400000000000E-003   5.2350797700139852E+019
   8.5445599999999997E-003   5.2916472052414497E+019
   8.5426100000000008E-003   5.3617760408724472E+019
   8.5398100000000001E-003   5.4421506947850076E+019
   8.5370600000000008E-003   5.5191092069878997E+019
   8.5346399999999996E-003   5.5913394813634789E+019
   8.5322499999999999E-003   5.6534257002418676E+019
   8.5305899999999994E-003   5.7043236225675993E+019
   8.5289600000000004E-003   5.7786568296689664E+019
   8.5258100000000000E-003   5.8782053898299015E+019
   8.5227199999999993E-003   5.9523716923784118E+019
   8.5211300000000000E-003   6.0035744291377832E+019
   8.5195600000000007E-003   6.0666389918648918E+019
   8.5173000000000002E-003   6.1410628089655116E+019
   8.5150699999999996E-003   6.2371540637927154E+019
   8.5115899999999994E-003   6.3569394393017041E+019
   8.5080599999999996E-003   6.4875727886740406E+019
   8.5041000000000005E-003   6.6055045236670349E+019
   8.5013899999999993E-003   6.7038561895417258E+019
   8.4986300000000001E-003   6.8252846705338860E+019
   8.4947600000000005E-003   6.9876905907791454E+019
   8.4898800000000000E-003   7.1194783740622430E+019
   8.4877400000000006E-003   7.2008974372244496E+019
   8.4856199999999993E-003   7.2967884342406365E+019
   8.4827600000000006E-003   7.4092937020942369E+019
   8.4798200000000008E-003   7.5235333296850993E+019
   8.4769300000000006E-003   7.6396292404763623E+019
   8.4739499999999992E-003   7.7588067918661747E+019
   8.4709499999999997E-003   7.8784001718928245E+019
   8.4679999999999998E-003   7.9800455590035227E+019
   8.4659200000000000E-003   8.1051309756050113E+019
   8.4618300000000000E-003   8.2978085689828901E+019
   8.4566199999999998E-003   8.4822430939265270E+019
   8.4529600000000007E-003   8.6255875168829293E+019
   8.4497600000000006E-003   8.7618441791139480E+019
   8.4465100000000008E-003   8.9470329902507393E+019
   8.4410700000000002E-003   9.1401951070011867E+019
   8.4374900000000006E-003   9.2591268938619388E+019
   8.4355699999999999E-003   9.3946555273241838E+019
   8.4312899999999993E-003   9.5807713839834726E+019
   8.4270899999999999E-003   9.7241968185529139E+019
   8.4247799999999998E-003   9.8262072210577064E+019
   8.4224899999999995E-003   9.9765872789577744E+019
   8.4180599999999998E-003   1.0173278670615794E+020
   8.4137099999999996E-003   1.0311764606570065E+020
   8.4118999999999999E-003   1.0393357951568531E+020
   8.4101100000000002E-003   1.0531681112833350E+020
   8.4058299999999996E-003   1.0725576259350441E+020
   8.4016300000000002E-003   1.0870343306706243E+020
   8.3994499999999993E-003   1.0970328595064624E+020
   8.3972999999999999E-003   1.1111675026536632E+020
   8.3933700000000007E-003   1.1293643447706660E+020
   8.3894999999999994E-003   1.1447992958679359E+020
   8.3867799999999999E-003   1.1575418944717708E+020
   8.3841000000000002E-003   1.1720699811016481E+020
   8.3806499999999999E-003   1.1883482855848237E+020
   8.3772499999999993E-003   1.2068936935849119E+020
   8.3729100000000008E-003   1.2276345508507319E+020
   8.3686400000000001E-003   1.2466893276826822E+020
   8.3650200000000008E-003   1.2713065181832181E+020
   8.3585399999999994E-003   1.2941849587850412E+020
   8.3556700000000008E-003   1.3091962936255614E+020
   8.3524600000000008E-003   1.3249850338130924E+020
   8.3493000000000005E-003   1.3493567489466524E+020
   8.3427299999999996E-003   1.3820688407434758E+020
   8.3362999999999996E-003   1.4158582112659274E+020
   8.3294300000000005E-003   1.4506920454918894E+020
   8.3227100000000005E-003   1.4771538179439949E+020
   8.3190899999999995E-003   1.4958633460768735E+020
   8.3155099999999999E-003   1.5156639975624249E+020
   8.3115099999999994E-003   1.5365426755824301E+020
   8.3075700000000002E-003   1.5563496718084273E+020
   8.3040100000000006E-003   1.5751168413031082E+020
   8.3005000000000006E-003   1.5976472340609994E+020
   8.2955700000000004E-003   1.6238609789347352E+020
   8.2907199999999997E-003   1.6529311054921492E+020
   8.2848200000000000E-003   1.6847498300389877E+020
   8.2790299999999997E-003   1.7144734543980161E+020
   8.2739500000000004E-003   1.7422325319678915E+020
   8.2689600000000005E-003   1.7709684499088599E+020
   8.2635299999999998E-003   1.7980837059698816E+020
   8.2592900000000007E-003   1.8217616060352604E+020
   8.2550999999999996E-003   1.8536564982785593E+020
   8.2480299999999999E-003   1.8935623317551936E+020
   8.2410999999999995E-003   1.9312626719501877E+020
   8.2349299999999997E-003   1.9666659852821148E+020
   8.2288699999999992E-003   1.9996681637085394E+020
   8.2234999999999999E-003   2.0423093884806886E+020
   8.2143800000000003E-003   2.0799435541574202E+020
   8.2107599999999992E-003   2.1013940761143440E+020
   8.2071799999999997E-003   2.1333344883754625E+020
   8.2001100000000000E-003   2.1755428520513421E+020
   8.1931799999999996E-003   2.2097437622316384E+020
   8.1888399999999993E-003   2.2361182041502374E+020
   8.1845400000000006E-003   2.2670832839377315E+020
   8.1787600000000002E-003   2.3025529667287994E+020
   8.1730599999999994E-003   2.3419510058187355E+020
   8.1661000000000008E-003   2.3948548593394971E+020
   8.1562100000000005E-003   2.4482784868165118E+020
   8.1491900000000006E-003   2.4832252358934502E+020
   8.1452299999999998E-003   2.5227041910478048E+020
   8.1369200000000006E-003   2.5759342595502640E+020
   8.1287600000000005E-003   2.6163144735655995E+020
   8.1244799999999999E-003   2.6442441168857678E+020
   8.1202400000000008E-003   2.6720069654933396E+020
   8.1160399999999997E-003   2.6996224240311907E+020
   8.1118800000000001E-003   2.7425473770689092E+020
   8.1031499999999999E-003   2.8004687273664869E+020
   8.0945900000000005E-003   2.8596515542267383E+020
   8.0856399999999998E-003   2.9200734441682174E+020
   8.0768599999999999E-003   2.9659764883118483E+020
   8.0722499999999996E-003   2.9976591925458154E+020
   8.0676900000000006E-003   3.0291752356754843E+020
   8.0631699999999997E-003   3.0605284790817397E+020
   8.0587000000000002E-003   3.1092741733975700E+020
   8.0493100000000005E-003   3.1750288592055055E+020
   8.0400899999999997E-003   3.2247445105322865E+020
   8.0352600000000007E-003   3.2592209845437386E+020
   8.0304699999999996E-003   3.2935203092410873E+020
   8.0257300000000000E-003   3.3276449975628851E+020
   8.0210300000000002E-003   3.3806732197143550E+020
   8.0111699999999997E-003   3.4522476344450672E+020
   8.0014999999999999E-003   3.5252259093988593E+020
   7.9913999999999992E-003   3.5999086782439372E+020
   7.9815000000000007E-003   3.6566706713592673E+020
   7.9763000000000004E-003   3.6958347349631356E+020
   7.9711499999999998E-003   3.7348032191429234E+020
   7.9660600000000005E-003   3.7735870040831623E+020
   7.9610099999999993E-003   3.8338295310705400E+020
   7.9504099999999998E-003   3.9151539955549943E+020
   7.9400200000000008E-003   3.9766343589716348E+020
   7.9345700000000002E-003   4.0192738085863830E+020
   7.9291799999999992E-003   4.0617059131576897E+020
   7.9238299999999998E-003   4.1039331927136613E+020
   7.9185400000000000E-003   4.1695330458899638E+020
   7.9074300000000000E-003   4.2581039960018190E+020
   7.8965300000000006E-003   4.3485601214967769E+020
   7.8851600000000004E-003   4.4410062475120647E+020
   7.8740100000000007E-003   4.5112899195100719E+020
   7.8681600000000008E-003   4.5597770120401158E+020
   7.8623600000000005E-003   4.6080365187839289E+020
   7.8566299999999999E-003   4.6560796923690569E+020
   7.8509400000000007E-003   4.7306668398761968E+020
   7.8390300000000003E-003   4.8313913551115649E+020
   7.8273300000000004E-003   4.9075904889312490E+020
   7.8212000000000004E-003   4.9603976487657118E+020
   7.8151300000000000E-003   5.0390938123148755E+020
   7.8031699999999999E-003   5.1466114984967589E+020
   7.7906800000000003E-003   5.2291361347657898E+020
   7.7845299999999996E-003   5.2837170352417564E+020
   7.7784300000000002E-003   5.3685058383052525E+020
   7.7656599999999998E-003   5.4830383078602257E+020
   7.7531199999999996E-003   5.5696813320342680E+020
   7.7465499999999996E-003   5.6297431250947198E+020
   7.7400500000000001E-003   5.7053236885623898E+020
   7.7301999999999996E-003   5.7963934904507269E+020
   7.7204999999999999E-003   5.8886122240947749E+020
   7.7105400000000001E-003   5.9822005672751006E+020
   7.7007200000000003E-003   6.0781202704834599E+020
   7.6904299999999998E-003   6.1762858105723984E+020
   7.6802900000000002E-003   6.2758469918185423E+020
   7.6698699999999996E-003   6.4073977173077131E+020
   7.6534000000000003E-003   6.5491206415108014E+020
   7.6411500000000002E-003   6.6720024109530664E+020
   7.6287899999999999E-003   6.7970865963377086E+020
   7.6163100000000003E-003   6.9409410372105326E+020
   7.6005100000000004E-003   7.0870065636848173E+020
   7.5878500000000002E-003   7.2206994520626587E+020
   7.5747300000000000E-003   7.3579431665776683E+020
   7.5616099999999999E-003   7.4889554314250669E+020
   7.5498900000000001E-003   7.6105545611566685E+020
   7.5387199999999996E-003   7.7553650391181794E+020
   7.5228600000000001E-003   7.9111132949227726E+020
   7.5097999999999996E-003   8.0448191561802095E+020
   7.4981099999999997E-003   8.1813118188936626E+020
   7.4843100000000001E-003   8.3391997649536116E+020
   7.4691699999999998E-003   8.4765051569079845E+020
   7.4592199999999999E-003   8.6015475415427069E+020
   7.4452199999999998E-003   8.7594815231779524E+020
   7.4287600000000004E-003   8.9077347884315102E+020
   7.4129100000000000E-003   9.0467481861750535E+020
   7.3982300000000004E-003   9.1398986710083515E+020
   7.3841599999999999E-003   9.2063003479036828E+020
   7.3682499999999998E-003   9.1623421460803551E+020
   7.3619699999999998E-003   9.2453241034248054E+020
   7.3471099999999996E-003   9.0326647947757656E+020
   7.3276499999999998E-003   8.9741519607847793E+020
   7.3138500000000002E-003   8.6304040483218850E+020
   7.3005099999999996E-003   8.0699004921683050E+020
   7.2853500000000003E-003   7.7476267047568527E+020
   7.2714499999999996E-003   7.5462714340174961E+020
   7.2655500000000000E-003   7.2535160883661308E+020
   7.2596800000000001E-003   6.9816145346400944E+020
   7.2453700000000001E-003   6.7518086890304464E+020
   7.2396300000000004E-003   6.6239501835190193E+020
   7.2330600000000004E-003   6.3802572637019492E+020
   7.2279600000000003E-003   6.3703740925431054E+020
   7.2198599999999998E-003   6.2454885423582373E+020
   7.2146700000000003E-003   6.0780502510599078E+020
   7.2098099999999997E-003   5.9845668187408053E+020
   7.2054099999999998E-003   6.0173135209406779E+020
   7.2001599999999997E-003   5.8733590000961441E+020
   7.1943500000000004E-003   5.7713300714162553E+020
   7.1885800000000000E-003   5.7555914266628286E+020
   7.1850799999999999E-003   5.7450326982855963E+020
   7.1803099999999996E-003   5.6987009183637760E+020
   7.1779299999999999E-003   5.6801831017406025E+020
   7.1761500000000001E-003   5.6661452438604900E+020
   7.1719899999999996E-003   5.6643587629886865E+020
   7.1695999999999999E-003   5.6608811731936222E+020
   7.1662899999999996E-003   5.6561359178123700E+020
   7.1635700000000002E-003   5.6460644084499946E+020
   7.1575199999999997E-003   5.6411949340435192E+020
   7.1529899999999997E-003   5.6556925182359457E+020
   7.1478699999999997E-003   5.6620486256092375E+020
   7.1418699999999998E-003   5.6807960225597371E+020
   7.1371600000000000E-003   5.7015745699089999E+020
   7.1326599999999999E-003   5.7232496005942477E+020
   7.1283099999999997E-003   5.7475636757633139E+020
   7.1243399999999998E-003   5.7759337788659735E+020
   7.1193100000000002E-003   5.8002274018921402E+020
   7.1172300000000004E-003   5.8225694561424808E+020
   7.1130999999999998E-003   5.8487134484010913E+020
   7.1103599999999996E-003   5.8754548344566389E+020
   7.1062499999999997E-003   5.9006903750241930E+020
   7.1041999999999998E-003   5.9261170150093226E+020
   7.1002100000000000E-003   5.9603405511687196E+020
   7.0963199999999997E-003   5.9864122272797019E+020
   7.0943899999999999E-003   6.0068653879391093E+020
   7.0918700000000001E-003   6.0418800990751844E+020
   7.0868499999999996E-003   6.0894977658639168E+020
   7.0818499999999998E-003   6.1381450666483764E+020
   7.0768799999999998E-003   6.1752272669953819E+020
   7.0743999999999998E-003   6.1967135872790076E+020
   7.0725400000000004E-003   6.2248321174311168E+020
   7.0688399999999998E-003   6.2624277860779124E+020
   7.0651999999999998E-003   6.2996551562093370E+020
   7.0616200000000002E-003   6.3363730276393012E+020
   7.0581000000000003E-003   6.3725767276025322E+020
   7.0546400000000000E-003   6.4144317056926312E+020
   7.0501100000000001E-003   6.4529275095776087E+020
   7.0473300000000001E-003   6.4821674557879930E+020
   7.0445500000000001E-003   6.5205171981089453E+020
   7.0399800000000004E-003   6.5632475333748484E+020
   7.0363900000000000E-003   6.5988654860548112E+020
   7.0332199999999997E-003   6.6300372596029443E+020
   7.0304800000000004E-003   6.6694483614519656E+020
   7.0258700000000000E-003   6.7190705274791304E+020
   7.0210699999999999E-003   6.7787096442433713E+020
   7.0148700000000003E-003   6.8249582996823330E+020
   7.0119400000000004E-003   6.8583282009112170E+020
   7.0090300000000003E-003   6.8995470900304033E+020
   7.0046600000000002E-003   6.9496481927732199E+020
   6.9988699999999999E-003   6.9974758186639452E+020
   6.9959799999999997E-003   7.0300985567467025E+020
   6.9931000000000004E-003   7.0650626050136080E+020
   6.9886400000000000E-003   7.1231365291619490E+020
   6.9823799999999998E-003   7.1751230747195028E+020
   6.9787599999999997E-003   7.2268212165377537E+020
   6.9726299999999996E-003   7.2912938164264016E+020
   6.9665899999999999E-003   7.3424766307698134E+020
   6.9631600000000004E-003   7.3675507576199093E+020
   6.9609499999999996E-003   7.4045781737728744E+020
   6.9565599999999997E-003   7.4554738196155492E+020
   6.9512300000000001E-003   7.4997369731787771E+020
   6.9480999999999996E-003   7.5425634686089377E+020
   6.9430799999999999E-003   7.5818943386586894E+020
   6.9405900000000000E-003   7.6203951894581058E+020
   6.9357100000000003E-003   7.6829522120597032E+020
   6.9286100000000000E-003   7.7455014955543062E+020
   6.9237500000000002E-003   7.7962682404543398E+020
   6.9189000000000004E-003   7.8649680153657436E+020
   6.9105900000000003E-003   7.9317855697225043E+020
   6.9061499999999998E-003   7.9939286463779661E+020
   6.8988000000000001E-003   8.0593708881984120E+020
   6.8934299999999999E-003   8.1177077252020503E+020
   6.8878000000000003E-003   8.1627085226090365E+020
   6.8848299999999998E-003   8.1938599016204547E+020
   6.8818700000000000E-003   8.2172565797057973E+020
   6.8803800000000002E-003   8.2290211857594004E+020
   6.8796300000000003E-003   8.3991926338544796E+020
   6.8788900000000004E-003   8.4047597746017547E+020
   6.8785199999999999E-003   8.4084301207687319E+020
   6.8781600000000004E-003   8.4111829429175688E+020
   6.8779799999999997E-003   8.4130181149741901E+020
   6.8777899999999999E-003   8.4143945096678710E+020
   6.8776999999999996E-003   8.4153120954645584E+020
   6.8776100000000001E-003   8.4160003075122594E+020
   6.8775599999999996E-003   8.4164591003560378E+020
   6.8775199999999998E-003   8.4168031865759007E+020
   6.8774999999999999E-003   8.4169752670071882E+020
   6.8774900000000000E-003   8.4170899370307695E+020
   6.8774700000000001E-003   8.4172046446269956E+020
   6.8774600000000002E-003   8.4173193522216580E+020
   6.8774500000000002E-003   8.4174340598164344E+020
   6.8774400000000003E-003   8.4175487298329143E+020
   6.8774300000000003E-003   8.4176347699825829E+020
   6.8774200000000004E-003   8.4176921049910516E+020
   6.8774200000000004E-003   8.4177494775746999E+020
   6.8774099999999996E-003   8.4178068125817412E+020
   6.8774099999999996E-003   8.4178928526071064E+020
   6.8773899999999997E-003   8.4180075601965534E+020
   6.8773799999999998E-003   8.4181796025424242E+020
   6.8773599999999999E-003   8.4184089801357473E+020
   6.8773400000000000E-003   8.4187531018994883E+020
   6.8772900000000003E-003   8.4192118946429691E+020
   6.8772499999999997E-003   8.4199000609703120E+020
   6.8771500000000003E-003   8.4208176839497417E+020
   6.8770599999999999E-003   8.4221940460725731E+020
   6.8768800000000001E-003   8.4240292540990947E+020
   6.8767000000000003E-003   8.4267819835718841E+020
   6.8763299999999999E-003   8.4304523984583328E+020
   6.8759700000000003E-003   8.4350402917945154E+020
   6.8754200000000001E-003   8.4396284707769614E+020
   6.8750599999999997E-003   8.4451338749643076E+020
   6.8743299999999997E-003   8.4552269845160041E+020
   6.8730500000000003E-003   8.4700233211427645E+020
   6.8713999999999997E-003   8.4929633923512389E+020
   6.8685100000000004E-003   8.5267060029898372E+020
   6.8647300000000003E-003   8.5633111225636736E+020
   6.8612999999999999E-003   8.6219218440520965E+020
   6.8532300000000001E-003   8.7018256490405482E+020
   6.8442499999999996E-003   8.8359101307570671E+020
   6.8242700000000003E-003   9.0240477244045538E+020
   6.8063500000000001E-003   9.1885290635749084E+020
   6.7919599999999997E-003   9.3379232212175054E+020
   6.7785500000000004E-003   9.5172474859298501E+020
   6.7588099999999996E-003   9.7267187894331192E+020
   6.7403000000000003E-003   9.9185686422260784E+020
   6.7238699999999998E-003   1.0101183030936164E+021
   6.7075099999999999E-003   1.0285750244319824E+021
   6.6913399999999996E-003   1.0485629450241874E+021
   6.6725899999999999E-003   1.0684565862140057E+021
   6.6569699999999999E-003   1.0869992444020235E+021
   6.6409900000000003E-003   1.1067946986567179E+021
   6.6235900000000004E-003   1.1283949702414499E+021
   6.6050099999999997E-003   1.1533340187563461E+021
   6.5825900000000001E-003   1.1774800073330215E+021
   6.5659999999999998E-003   1.2003612189159714E+021
   6.5460700000000002E-003   1.2255528862954774E+021
   6.5264099999999999E-003   1.2487298816337033E+021
   6.5100999999999996E-003   1.2663907435557864E+021
   6.4994400000000004E-003   1.2854939247377349E+021
   6.4809999999999998E-003   1.3053313320360943E+021
   6.4697000000000001E-003   1.3279002782846120E+021
   6.4473400000000002E-003   1.3541924741455778E+021
   6.4310699999999997E-003   1.3765497806354270E+021
   6.4149599999999999E-003   1.3969983989116020E+021
   6.4018299999999998E-003   1.4154542237332671E+021
   6.3887900000000001E-003   1.4461910284994918E+021
   6.3585700000000000E-003   1.4896543871067549E+021
   6.3288800000000003E-003   1.5217358284857918E+021
   6.3153200000000001E-003   1.5495903698414823E+021
   6.2916500000000002E-003   1.5752790077022863E+021
   6.2814999999999998E-003   1.6017199178014786E+021
   6.2570999999999998E-003   1.6394457288946391E+021
   6.2330099999999998E-003   1.6695844543366748E+021
   6.2191099999999999E-003   1.6916489933554985E+021
   6.2053200000000003E-003   1.7199411755360780E+021
   6.1839800000000004E-003   1.7546610891804437E+021
   6.1628899999999999E-003   1.7839992833578047E+021
   6.1486800000000001E-003   1.8076620135696950E+021
   6.1345699999999998E-003   1.8441321248095346E+021
   6.1054899999999999E-003   1.8938474859329039E+021
   6.0768400000000000E-003   1.9351868457618676E+021
   6.0584100000000002E-003   1.9678229671502448E+021
   6.0401400000000003E-003   1.9943331308230720E+021
   6.0290900000000000E-003   2.0142094720467521E+021
   6.0181000000000002E-003   2.0481239136352419E+021
   5.9918899999999997E-003   2.1061852603826173E+021
   5.9555199999999997E-003   2.1677982183655153E+021
   5.9269800000000001E-003   2.2128100561075752E+021
   5.9090300000000000E-003   2.2530521857819266E+021
   5.8858599999999997E-003   2.2988112429501010E+021
   5.8629399999999996E-003   2.3532841371366457E+021
   5.8318199999999997E-003   2.4175167907252016E+021
   5.8004199999999997E-003   2.4671640241323875E+021
   5.7845300000000004E-003   2.5006268265104157E+021
   5.7687499999999996E-003   2.5520089376394366E+021
   5.7364299999999998E-003   2.6219918563681653E+021
   5.7045600000000000E-003   2.6940547555651895E+021
   5.6716800000000001E-003   2.7681692997852652E+021
   5.6392400000000002E-003   2.8444326756388648E+021
   5.6057800000000003E-003   2.9230179080660472E+021
   5.5727499999999996E-003   3.0037878099907193E+021
   5.5386999999999997E-003   3.0870121970099028E+021
   5.5050799999999999E-003   3.1726910728186642E+021
   5.4704200000000001E-003   3.2608505094004036E+021
   5.4362000000000004E-003   3.3285607663904799E+021
   5.4186900000000003E-003   3.3745480850189692E+021
   5.4012900000000004E-003   3.4451545664903667E+021
   5.3657000000000002E-003   3.5414612015420366E+021
   5.3305399999999999E-003   3.6153750035501479E+021
   5.3125600000000000E-003   3.6656353124973947E+021
   5.2946900000000003E-003   3.7422547088257539E+021
   5.2585100000000001E-003   3.8474518955892912E+021
   5.2220000000000001E-003   3.9558258877680556E+021
   5.1851600000000003E-003   4.0674747075382152E+021
   5.1479799999999999E-003   4.1825157826651410E+021
   5.1104599999999998E-003   4.3010619115545271E+021
   5.0726000000000000E-003   4.4232299321839526E+021
   5.0343799999999998E-003   4.5491442462913913E+021
   4.9958099999999998E-003   4.6789336271473156E+021
   4.9568800000000003E-003   4.8127214964740666E+021
   4.9175800000000004E-003   4.9161435604839238E+021
   4.8976999999999996E-003   4.9861139383691510E+021
   4.8779100000000001E-003   5.0572650877174688E+021
   4.8578400000000004E-003   5.1294236204842143E+021
   4.8378700000000002E-003   5.2237344648719740E+021
   4.8060799999999999E-003   5.3411126371221116E+021
   4.7745299999999999E-003   5.4392603161893630E+021
   4.7539599999999998E-003   5.5174019216844710E+021
   4.7334899999999999E-003   5.5967353002783744E+021
   4.7127300000000000E-003   5.6773232090656738E+021
   4.6920499999999997E-003   5.7591686264436493E+021
   4.6710900000000001E-003   5.8423053540720755E+021
   4.6502100000000001E-003   5.9267437238902598E+021
   4.6290400000000001E-003   6.0125186772120801E+021
   4.6079500000000004E-003   6.0996474293392046E+021
   4.5865699999999999E-003   6.1881607445794804E+021
   4.5652699999999997E-003   6.2780786911433751E+021
   4.5436799999999996E-003   6.3694341975412562E+021
   4.5221699999999998E-003   6.4622483396105486E+021
   4.5003600000000001E-003   6.5565565917150681E+021
   4.4786200000000000E-003   6.6523786461334523E+021
   4.4565899999999999E-003   6.7497559060021300E+021
   4.4346300000000002E-003   6.8487111433550257E+021
   4.4123799999999996E-003   6.9492820125523431E+021
   4.3901900000000004E-003   7.0514968009530724E+021
   4.3677000000000004E-003   7.1553861984175344E+021
   4.3452800000000000E-003   7.2609984605370356E+021
   4.3225599999999996E-003   7.3683657264999621E+021
   4.2998999999999997E-003   7.4775244085803415E+021
   4.2769300000000000E-003   7.5885153378541649E+021
   4.2540299999999998E-003   7.7011556854737603E+021
   4.2309100000000001E-003   7.8159365706502698E+021
   4.2076700000000002E-003   7.9326807799492573E+021
   4.1842900000000002E-003   8.0514359186543346E+021
   4.1607900000000001E-003   8.1722448974976469E+021
   4.1371600000000000E-003   8.2951761960034674E+021
   4.1133899999999998E-003   8.4202647038555513E+021
   4.0895000000000003E-003   8.5476039863444942E+021
   4.0654599999999999E-003   8.6772211304751337E+021
   4.0412900000000003E-003   8.8091860138450705E+021
   4.0169799999999999E-003   8.9435737424189016E+021
   3.9925300000000002E-003   9.0804265297475346E+021
   3.9679399999999997E-003   9.2198072111647194E+021
   3.9432000000000000E-003   9.3617933809255092E+021
   3.9183100000000004E-003   9.5064377378722630E+021
   3.8932699999999999E-003   9.6537989290202675E+021
   3.8680799999999999E-003   9.8040113186678065E+021
   3.8427399999999999E-003   9.9571088326708198E+021
   3.8172300000000000E-003   1.0113246701763988E+022
   3.7915700000000002E-003   1.0272623886849920E+022
   3.7657500000000000E-003   1.0435375475675353E+022
   3.7397600000000000E-003   1.0601378855337025E+022
   3.7136100000000000E-003   1.0770424327780168E+022
   3.6872799999999998E-003   1.0942398352592782E+022
   3.6607800000000002E-003   1.1117342472801773E+022
   3.6341099999999999E-003   1.1295300709370019E+022
   3.6072500000000002E-003   1.1476319433139765E+022
   3.5802099999999999E-003   1.1660447332066770E+022
   3.5529799999999999E-003   1.1847734745418988E+022
   3.5255600000000001E-003   1.2038234194254638E+022
   3.4979500000000001E-003   1.2231999834209743E+022
   3.4701400000000000E-003   1.2429087527376756E+022
   3.4421199999999999E-003   1.2629554903903409E+022
   3.4139000000000001E-003   1.2833460981135168E+022
   3.3854599999999999E-003   1.3040866354867233E+022
   3.3568100000000000E-003   1.3251833377548327E+022
   3.3279300000000002E-003   1.3466425661782718E+022
   3.2988300000000000E-003   1.3684708414099808E+022
   3.2694999999999998E-003   1.3906748186646901E+022
   3.2399299999999998E-003   1.4132613202979037E+022
   3.2101100000000000E-003   1.4362372912847759E+022
   3.1800499999999998E-003   1.4596098636607090E+022
   3.1497299999999999E-003   1.4833862691617029E+022
   3.1191399999999998E-003   1.5075739113273478E+022
   3.0882800000000001E-003   1.5321803599318434E+022
   3.0571499999999998E-003   1.5572132872660325E+022
   3.0257299999999999E-003   1.5826805563338038E+022
   2.9940100000000001E-003   1.6085901833981357E+022
   2.9619999999999998E-003   1.6349503215431867E+022
   2.9296700000000001E-003   1.6617692590892883E+022
   2.8970100000000002E-003   1.6890554926423513E+022
   2.8640300000000000E-003   1.7168176444049558E+022
   2.8306999999999998E-003   1.7450645027511012E+022
   2.7970199999999999E-003   1.7738050080342475E+022
   2.7629700000000000E-003   1.8030482766256962E+022
   2.7285399999999998E-003   1.8328035819499494E+022
   2.6937100000000002E-003   1.8630803735110853E+022
   2.6584800000000000E-003   1.8938882647310194E+022
   2.6228200000000001E-003   1.9252370199912705E+022
   2.5867199999999998E-003   1.9571365981463970E+022
   2.5501600000000001E-003   1.9895971125815209E+022
   2.5131300000000001E-003   2.0226288404229234E+022
   2.4755900000000002E-003   2.0562422974458261E+022
   2.4375299999999998E-003   2.0904480717201694E+022
   2.3989300000000001E-003   2.1252569951560909E+022
   2.3597499999999999E-003   2.1606800519745738E+022
   2.3199800000000001E-003   2.1967265898319172E+022
   2.2795699999999999E-003   2.2334225501480777E+022
   2.2385000000000000E-003   2.2707667269469828E+022
   2.1967300000000000E-003   2.3087707726444455E+022
   2.1542200000000001E-003   2.3474465780229424E+022
   2.1109300000000000E-003   2.3868061067881115E+022
   2.0668000000000001E-003   2.4268581327774255E+022
   2.0217899999999999E-003   2.4676320734848039E+022
   1.9758300000000000E-003   2.5091278894646809E+022
   1.9288500000000000E-003   2.5512259043243988E+022
   1.8811200000000000E-003   2.5942072346440653E+022
   1.8315600000000001E-003   2.6380942582514878E+022
   1.7810600000000001E-003   2.6826086661985367E+022
   1.7291900000000000E-003   2.7220092957765143E+022
   1.6895899999999999E-003   2.7565481447800323E+022
   1.6485000000000000E-003   2.8060138224606146E+022
   1.5711200000000001E-003   2.8563947987808979E+022
   1.5277900000000000E-003   2.8927715842146257E+022
   1.4823499999999999E-003   2.9476422483282022E+022
   1.3881900000000001E-003   3.0100565128757949E+022
   1.3231800000000000E-003   3.0601170665055300E+022
   1.2553800000000000E-003   3.1116092227266911E+022
   1.1804900000000000E-003   3.1655923286413398E+022
   1.1007499999999999E-003   3.2217606119305410E+022
   1.0089599999999999E-003   3.2836266398146487E+022
   8.9948999999999997E-004   3.3624562705963428E+022
   7.0653000000000003E-004   3.4440558999480237E+022
   5.6791999999999997E-004   3.4908928729594802E+022
   4.8422999999999999E-004   3.5201039974645409E+022
   3.8304000000000002E-004   3.5435466223509618E+022
   3.1391999999999998E-004   3.5588043036860623E+022
   2.5075999999999999E-004   3.5678239731868429E+022
   2.0168000000000001E-004   3.5754121340935125E+022
   1.6420000000000001E-004   3.5789268441806393E+022
   1.3645000000000001E-004   3.5818600505116253E+022
   1.1691000000000000E-004   3.5830556016793423E+022
   1.0406000000000000E-004   3.5843723801832154E+022
   8.6890000000000003E-005   3.5854957874076084E+022
   6.8960000000000004E-005   3.5863049488088993E+022
   5.4729999999999999E-005   3.5869775772885023E+022
   4.3439999999999997E-005   3.5873143539869273E+022
   3.4480000000000002E-005   3.5875194580070128E+022
   2.7359999999999999E-005   3.5877187320399637E+022
   2.1719999999999999E-005   3.5878020270975198E+022
   1.7240000000000001E-005   3.5878870054212320E+022
   1.3679999999999999E-005   3.5879636778726982E+022
