   8.8771300000000004E-003   6212425594826898.0     
   8.8771300000000004E-003   6403196546911587.0     
   8.8771300000000004E-003   6587716472469832.0     
   8.8771300000000004E-003   6766413158622725.0     
   8.8771300000000004E-003   6939669424459297.0     
   8.8771300000000004E-003   7107833976169093.0     
   8.8771300000000004E-003   7271211350948741.0     
   8.8771300000000004E-003   7430058220413588.0     
   8.8771300000000004E-003   7584618092223720.0     
   8.8771300000000004E-003   7735126784193541.0     
   8.8771300000000004E-003   7881804442224416.0     
   8.8771300000000004E-003   8024848058696332.0     
   8.8771300000000004E-003   8164423407882063.0     
   8.8771300000000004E-003   8300674099898545.0     
   8.8771300000000004E-003   8433746517386231.0     
   8.8771300000000004E-003   8563774588890726.0     
   8.8771200000000005E-003   8690899716277777.0     
   8.8771200000000005E-003   8815260745519325.0     
   8.8771200000000005E-003   8936966494545520.0     
   8.8771200000000005E-003   9056133542983046.0     
   8.8771200000000005E-003   9201674353424710.0     
   8.8771200000000005E-003   9371490330898302.0     
   8.8771200000000005E-003   9536294716320546.0     
   8.8771200000000005E-003   9696331127709070.0     
   8.8771200000000005E-003   9826196124864456.0     
   8.8771200000000005E-003   9927912853467468.0     
   8.8771200000000005E-003   10027747251978416.     
   8.8771200000000005E-003   10125764759349016.     
   8.8771200000000005E-003   10245807088958228.     
   8.8771200000000005E-003   10386331534550768.     
   8.8771200000000005E-003   10523165648751474.     
   8.8771200000000005E-003   10656452069506172.     
   8.8771200000000005E-003   10764897333302452.     
   8.8771200000000005E-003   10849999980833848.     
   8.8771200000000005E-003   10975044063692770.     
   8.8771200000000005E-003   11136812486735486.     
   8.8771100000000006E-003   11254534263387550.     
   8.8771100000000006E-003   11331429032806146.     
   8.8771100000000006E-003   11444450179019322.     
   8.8771100000000006E-003   11590641798021730.     
   8.8771100000000006E-003   11731955241315260.     
   8.8771100000000006E-003   11868494190386170.     
   8.8771100000000006E-003   11967689027501850.     
   8.8771100000000006E-003   12032443064635002.     
   8.8771100000000006E-003   12127518048883606.     
   8.8771100000000006E-003   12250075433279402.     
   8.8771100000000006E-003   12368010713430704.     
   8.8771100000000006E-003   12481297619215844.     
   8.8771100000000006E-003   12589894218728944.     
   8.8771100000000006E-003   12713543870404780.     
   8.8771100000000006E-003   12851772433427458.     
   8.8771100000000006E-003   12986784639229252.     
   8.8771100000000006E-003   13118723492817962.     
   8.8771000000000006E-003   13247745722473256.     
   8.8771000000000006E-003   13373985273134250.     
   8.8771000000000006E-003   13497572174811772.     
   8.8771000000000006E-003   13618626041189108.     
   8.8771000000000006E-003   13751860281389646.     
   8.8771000000000006E-003   13896551709705322.     
   8.8771000000000006E-003   14037828664087038.     
   8.8771000000000006E-003   14141729708243090.     
   8.8771000000000006E-003   14209971106773562.     
   8.8771000000000006E-003   14310823469915422.     
   8.8771000000000006E-003   14442865139328944.     
   8.8771000000000006E-003   14572126810926402.     
   8.8771000000000006E-003   14698743086387076.     
   8.8770900000000007E-003   14822826233928182.     
   8.8770900000000007E-003   14944498665969612.     
   8.8770900000000007E-003   15063864036208566.     
   8.8770900000000007E-003   15181028659906338.     
   8.8770900000000007E-003   15296078421263112.     
   8.8770900000000007E-003   15409093492396482.     
   8.8770900000000007E-003   15574784919461832.     
   8.8770900000000007E-003   15763243378190586.     
   8.8770900000000007E-003   15920487563469136.     
   8.8770900000000007E-003   16074086753002938.     
   8.8770900000000007E-003   16187096607691792.     
   8.8770800000000007E-003   16261329618556440.     
   8.8770800000000007E-003   16371098300392050.     
   8.8770800000000007E-003   16514851706141562.     
   8.8770800000000007E-003   16724720968533146.     
   8.8770800000000007E-003   16929008748104246.     
   8.8770800000000007E-003   17061814631673588.     
   8.8770800000000007E-003   17192182850658378.     
   8.8770800000000007E-003   17320240266248280.     
   8.8770800000000007E-003   17446084658773888.     
   8.8770800000000007E-003   17569804409590064.     
   8.8770700000000008E-003   17691504204235390.     
   8.8770700000000008E-003   17811247144593366.     
   8.8770700000000008E-003   17948527889116336.     
   8.8770700000000008E-003   18102516913789792.     
   8.8770700000000008E-003   18327561183463672.     
   8.8770700000000008E-003   18546893694048672.     
   8.8770700000000008E-003   18689624191003632.     
   8.8770700000000008E-003   18829847399908368.     
   8.8770600000000009E-003   18967671257669348.     
   8.8770600000000009E-003   19119962373407044.     
   8.8770600000000009E-003   19285983460866064.     
   8.8770600000000009E-003   19448775433694648.     
   8.8770600000000009E-003   19608509512322668.     
   8.8770600000000009E-003   19765330643853136.     
   8.8770600000000009E-003   19919382983528208.     
   8.8770499999999992E-003   20145307469011364.     
   8.8770499999999992E-003   20380746012976844.     
   8.8770499999999992E-003   20553330514917952.     
   8.8770499999999992E-003   20722819860832668.     
   8.8770499999999992E-003   20889386643434952.     
   8.8770499999999992E-003   21053154309826700.     
   8.8770399999999992E-003   21214293878701660.     
   8.8770399999999992E-003   21372915940150244.     
   8.8770399999999992E-003   21529146376606692.     
   8.8770399999999992E-003   21683089221203368.     
   8.8770399999999992E-003   21834851496514536.     
   8.8770399999999992E-003   21984518716354288.     
   8.8770399999999992E-003   22132204501499864.     
   8.8770299999999993E-003   22349915879483492.     
   8.8770299999999993E-003   22634235204030068.     
   8.8770299999999993E-003   22911860334084912.     
   8.8770299999999993E-003   23183246126609620.     
   8.8770199999999994E-003   23448812152479976.     
   8.8770199999999994E-003   23708906518391448.     
   8.8770199999999994E-003   23963866058210388.     
   8.8770199999999994E-003   24213951965894644.     
   8.8770099999999994E-003   24459443390933336.     
   8.8770099999999994E-003   24700553984688308.     
   8.8770099999999994E-003   24937496860164876.     
   8.8770099999999994E-003   25170474974259912.     
   8.8769999999999995E-003   25399660819634328.     
   8.8769999999999995E-003   25625195063290996.     
   8.8769999999999995E-003   25847229234080420.     
   8.8769999999999995E-003   26065889344836048.     
   8.8769899999999995E-003   26387565882454084.     
   8.8769899999999995E-003   26806211325748720.     
   8.8769899999999995E-003   27112938133773540.     
   8.8769799999999996E-003   27313835800953560.     
   8.8769799999999996E-003   27512121246554132.     
   8.8769799999999996E-003   27707869221359960.     
   8.8769799999999996E-003   27964941436358956.     
   8.8769699999999997E-003   28280573637127248.     
   8.8769699999999997E-003   28590023703890884.     
   8.8769699999999997E-003   28818366000625124.     
   8.8769699999999997E-003   28968718041504220.     
   8.8769599999999997E-003   29191516424242940.     
   8.8769599999999997E-003   29484044722093268.     
   8.8769599999999997E-003   29771384492232028.     
   8.8769599999999997E-003   30053735095483720.     
   8.8769499999999998E-003   30331282663405616.     
   8.8769499999999998E-003   30604222848433580.     
   8.8769499999999998E-003   31004976534922704.     
   8.8769399999999998E-003   31397278248876908.     
   8.8769399999999998E-003   31653574736813404.     
   8.8769299999999999E-003   31906075801567660.     
   8.8769299999999999E-003   32154916602602872.     
   8.8769299999999999E-003   32521201730409364.     
   8.8769199999999999E-003   32998633234928800.     
   8.8769199999999999E-003   33463986879582788.     
   8.8769100000000000E-003   33918213320090004.     
   8.8769100000000000E-003   34307385986334968.     
   8.8769000000000001E-003   34634993244308960.     
   8.8769000000000001E-003   34957621400443592.     
   8.8769000000000001E-003   35275610278496964.     
   8.8768900000000001E-003   35744062863193488.     
   8.8768900000000001E-003   36204621699296328.     
   8.8768800000000002E-003   36506792112859560.     
   8.8768800000000002E-003   36805481271012304.     
   8.8768700000000002E-003   37100787760687872.     
   8.8768700000000002E-003   37537466040037512.     
   8.8768600000000003E-003   38109802823654112.     
   8.8768600000000003E-003   38671104641153672.     
   8.8768500000000004E-003   39221457533292416.     
   8.8768500000000004E-003   39760931567351416.     
   8.8768400000000004E-003   40289720793772440.     
   8.8768300000000005E-003   40808124530334856.     
   8.8768300000000005E-003   41316336880950456.     
   8.8768200000000005E-003   41814427365365888.     
   8.8768100000000006E-003   42302399196142976.     
   8.8768100000000006E-003   42780330066434728.     
   8.8768000000000007E-003   43325507583305672.     
   8.8768000000000007E-003   43933595128674768.     
   8.8767900000000007E-003   44526163383094096.     
   8.8767800000000008E-003   45104147601550976.     
   8.8767700000000008E-003   45668984511392552.     
   8.8767700000000008E-003   46085185154009216.     
   8.8767599999999992E-003   46358862942894528.     
   8.8767599999999992E-003   46763975204050344.     
   8.8767499999999992E-003   47296120309128168.     
   8.8767499999999992E-003   47819327018609664.     
   8.8767399999999993E-003   48334472598948176.     
   8.8767299999999993E-003   48967520088932120.     
   8.8767199999999994E-003   49714493284796480.     
   8.8767199999999994E-003   50266724623794248.     
   8.8767099999999995E-003   50810643732190480.     
   8.8766999999999995E-003   51349662129441472.     
   8.8766999999999995E-003   51764173378202512.     
   8.8766899999999996E-003   52234086416222904.     
   8.8766899999999996E-003   52699977281196544.     
   8.8766799999999996E-003   53162061989977928.     
   8.8766699999999997E-003   53847634185373184.     
   8.8766599999999998E-003   54527354973392328.     
   8.8766599999999998E-003   54976049910982616.     
   8.8766499999999998E-003   55532484657409648.     
   8.8766399999999999E-003   56194449108665976.     
   8.8766399999999999E-003   57173534238285064.     
   8.8766200000000000E-003   58139133289133120.     
   8.8766100000000001E-003   58773561458657936.     
   8.8766100000000001E-003   59401039228065640.     
   8.8766000000000001E-003   60021451497091128.     
   8.8765900000000002E-003   60938049762867096.     
   8.8765800000000002E-003   62135407641840096.     
   8.8765600000000004E-003   63111099671818456.     
   8.8765500000000004E-003   63876758099014336.     
   8.8765500000000004E-003   64722541374449320.     
   8.8765300000000005E-003   65643320026175160.     
   8.8765200000000006E-003   66544159377653528.     
   8.8765100000000006E-003   67425208024774240.     
   8.8765000000000007E-003   68498905909494912.     
   8.8764900000000008E-003   69440476199766216.     
   8.8764800000000008E-003   70054882029217920.     
   8.8764699999999992E-003   70659080329965696.     
   8.8764599999999992E-003   71253337562238688.     
   8.8764599999999992E-003   72126654388717360.     
   8.8764399999999993E-003   73261382948524768.     
   8.8764299999999994E-003   74364469724480128.     
   8.8764099999999995E-003   75438789720142128.     
   8.8763999999999996E-003   76487056237037056.     
   8.8763899999999996E-003   77679764826628272.     
   8.8763699999999997E-003   79008355156227440.     
   8.8763499999999999E-003   80143399675924128.     
   8.8763399999999999E-003   81096549470093072.     
   8.8763300000000000E-003   82032982476974208.     
   8.8763200000000000E-003   82953592130599392.     
   8.8763000000000002E-003   84008289048308944.     
   8.8762900000000002E-003   85190512263629040.     
   8.8762700000000003E-003   86348963274001152.     
   8.8762600000000004E-003   87484971054668704.     
   8.8762400000000005E-003   88599738634799440.     
   8.8762300000000006E-003   89694198328000704.     
   8.8762100000000007E-003   90769122574992624.     
   8.8762000000000008E-003   91825331693309248.     
   8.8761799999999991E-003   92863465399088336.     
   8.8761699999999992E-003   93884325792459952.     
   8.8761599999999993E-003   95136809737116208.     
   8.8761399999999994E-003   96608777220485280.     
   8.8761199999999995E-003   97811213993969088.     
   8.8760999999999996E-003   98757598267896000.     
   8.8760899999999997E-003   99691189253065728.     
   8.8760799999999997E-003   1.0061260522510715E+017
   8.8760699999999998E-003   1.0197208620232875E+017
   8.8760400000000000E-003   1.0374890012239717E+017
   8.8760200000000001E-003   1.0505679293788826E+017
   8.8760000000000002E-003   1.0591663178999293E+017
   8.8759900000000003E-003   1.0697896408483403E+017
   8.8759700000000004E-003   1.0823764127727413E+017
   8.8759600000000004E-003   1.0947931136315610E+017
   8.8759400000000006E-003   1.1070504461893523E+017
   8.8759200000000007E-003   1.1211546477437010E+017
   8.8759000000000008E-003   1.1370418411515672E+017
   8.8758799999999992E-003   1.1488071901121218E+017
   8.8758699999999992E-003   1.1565731813212914E+017
   8.8758599999999993E-003   1.1681103286066856E+017
   8.8758399999999994E-003   1.1833140348099634E+017
   8.8758199999999995E-003   1.1983096378717976E+017
   8.8757999999999997E-003   1.2131052914310914E+017
   8.8757799999999998E-003   1.2277088049412453E+017
   8.8757599999999999E-003   1.2421270650014570E+017
   8.8757400000000000E-003   1.2633993287213962E+017
   8.8757000000000003E-003   1.2843185247709318E+017
   8.8756800000000004E-003   1.2980448394794736E+017
   8.8756600000000005E-003   1.3116094947376766E+017
   8.8756400000000006E-003   1.3250170965016750E+017
   8.8756300000000007E-003   1.3415574507253226E+017
   8.8756000000000008E-003   1.3611106492357355E+017
   8.8755699999999993E-003   1.3771683958676190E+017
   8.8755599999999994E-003   1.3898588029269763E+017
   8.8755399999999995E-003   1.4055341118505112E+017
   8.8755099999999996E-003   1.4240908845628192E+017
   8.8754899999999998E-003   1.4423766461919978E+017
   8.8754599999999999E-003   1.4604032077004058E+017
   8.8754400000000001E-003   1.4781816707368141E+017
   8.8754200000000002E-003   1.4957225327703056E+017
   8.8753900000000004E-003   1.5130356974708768E+017
   8.8753700000000005E-003   1.5301300302344176E+017
   8.8753500000000006E-003   1.5470136877929616E+017
   8.8753300000000007E-003   1.5636941942270736E+017
   8.8752999999999992E-003   1.5829027991919635E+017
   8.8752699999999993E-003   1.6045461816607987E+017
   8.8752499999999995E-003   1.6205730963256320E+017
   8.8752299999999996E-003   1.6311547765981475E+017
   8.8752199999999996E-003   1.6491925472508371E+017
   8.8751799999999999E-003   1.6744328896115507E+017
   8.8751500000000001E-003   1.6942130739299571E+017
   8.8751300000000002E-003   1.7087336099110013E+017
   8.8751100000000003E-003   1.7266821448945027E+017
   8.8750800000000005E-003   1.7479443592645930E+017
   8.8750600000000006E-003   1.7689098152545222E+017
   8.8750300000000008E-003   1.7895899289263744E+017
   8.8749999999999992E-003   1.8133665118642518E+017
   8.8749699999999994E-003   1.8401109691815517E+017
   8.8749299999999996E-003   1.8598862828154698E+017
   8.8749099999999997E-003   1.8729314038985120E+017
   8.8748999999999998E-003   1.8922988682499085E+017
   8.8748600000000000E-003   1.9177856325866285E+017
   8.8748300000000002E-003   1.9428942918340237E+017
   8.8748000000000004E-003   1.9676433087220285E+017
   8.8747600000000006E-003   1.9920497915551987E+017
   8.8747300000000008E-003   2.0161302349170806E+017
   8.8746999999999993E-003   2.0399004267231888E+017
   8.8746699999999994E-003   2.0633752902820554E+017
   8.8746399999999996E-003   2.0865685689924851E+017
   8.8746099999999998E-003   2.1094930468825382E+017
   8.8745800000000000E-003   2.1377777176959590E+017
   8.8745300000000003E-003   2.1712217912606720E+017
   8.8744900000000005E-003   2.1986944719770304E+017
   8.8744600000000007E-003   2.2204110444553699E+017
   8.8744300000000009E-003   2.2419085129857965E+017
   8.8744099999999992E-003   2.2631939345920880E+017
   8.8743799999999994E-003   2.2895055052017139E+017
   8.8743399999999997E-003   2.3206814076986621E+017
   8.8742999999999999E-003   2.3514322126769469E+017
   8.8742600000000001E-003   2.3817755835657456E+017
   8.8742200000000004E-003   2.4117264690418269E+017
   8.8741800000000006E-003   2.4412977757556035E+017
   8.8741400000000008E-003   2.4656646270985869E+017
   8.8741199999999992E-003   2.4849751375708902E+017
   8.8740899999999994E-003   2.5136396511885910E+017
   8.8740399999999997E-003   2.5513527624290218E+017
   8.8739999999999999E-003   2.5838901972010710E+017
   8.8739600000000002E-003   2.6114421775781997E+017
   8.8739300000000004E-003   2.6386992937302624E+017
   8.8738900000000006E-003   2.6656719789838406E+017
   8.8738600000000008E-003   2.6967876845442854E+017
   8.8738099999999993E-003   2.7319130330678848E+017
   8.8737699999999996E-003   2.7665837831389821E+017
   8.8737299999999998E-003   2.8008167470681411E+017
   8.8736800000000001E-003   2.8346280046757984E+017
   8.8736400000000003E-003   2.8680330671964496E+017
   8.8736000000000006E-003   2.9010464591122886E+017
   8.8735600000000008E-003   2.9336814515053370E+017
   8.8735199999999993E-003   2.9659500401854490E+017
   8.8734799999999996E-003   2.9978630734871462E+017
   8.8734399999999998E-003   3.0294308684660890E+017
   8.8734000000000000E-003   3.0606630812784499E+017
   8.8733600000000003E-003   3.0992383109529267E+017
   8.8733000000000006E-003   3.1448984306652346E+017
   8.8732399999999993E-003   3.1824452899771450E+017
   8.8732099999999994E-003   3.2121546983327706E+017
   8.8731699999999997E-003   3.2415876106778182E+017
   8.8731299999999999E-003   3.2707521591533670E+017
   8.8731000000000001E-003   3.3139962939999571E+017
   8.8730300000000005E-003   3.3708148048601818E+017
   8.8729599999999992E-003   3.4128297943680960E+017
   8.8729199999999994E-003   3.4405496115625683E+017
   8.8728899999999996E-003   3.4817120924865267E+017
   8.8728200000000000E-003   3.5358915598193504E+017
   8.8727600000000004E-003   3.5760153699131526E+017
   8.8727300000000005E-003   3.6025125725900339E+017
   8.8726900000000008E-003   3.6418906087172173E+017
   8.8726299999999994E-003   3.6937703542769542E+017
   8.8725699999999998E-003   3.7449417744247699E+017
   8.8725100000000001E-003   3.7954327234736358E+017
   8.8724500000000005E-003   3.8477763919022848E+017
   8.8723799999999992E-003   3.9165305827927725E+017
   8.8722799999999998E-003   3.9865720064772896E+017
   8.8722100000000002E-003   4.0294548477409318E+017
   8.8721800000000003E-003   4.0718595374843277E+017
   8.8721100000000008E-003   4.1277342770381715E+017
   8.8720499999999994E-003   4.1828552282306918E+017
   8.8719799999999998E-003   4.2372517650727994E+017
   8.8719200000000002E-003   4.3042627516479974E+017
   8.8718200000000007E-003   4.3833658208143590E+017
   8.8717299999999995E-003   4.4739158152164499E+017
   8.8716100000000003E-003   4.5753200513779533E+017
   8.8714899999999992E-003   4.6500111722298618E+017
   8.8714299999999996E-003   4.6991455133128000E+017
   8.8713799999999999E-003   4.7477889964683846E+017
   8.8713200000000002E-003   4.7959566360276230E+017
   8.8712600000000006E-003   4.8495895012512339E+017
   8.8711999999999992E-003   4.9085300936585146E+017
   8.8711299999999996E-003   4.9668039492358163E+017
   8.8710600000000001E-003   5.0244365719801882E+017
   8.8709900000000005E-003   5.0984169588347770E+017
   8.8708899999999993E-003   5.1881331309415418E+017
   8.8707899999999999E-003   5.2873314669646406E+017
   8.8706600000000007E-003   5.3955567399050515E+017
   8.8705399999999997E-003   5.5131172280341741E+017
   8.8704000000000005E-003   5.6395155187979539E+017
   8.8702599999999996E-003   5.7326424189569549E+017
   8.8701900000000000E-003   5.7939162490224525E+017
   8.8701200000000004E-003   5.8946451848045824E+017
   8.8699599999999997E-003   6.0330756473227917E+017
   8.8698100000000005E-003   6.1589809458439040E+017
   8.8696799999999996E-003   6.2447406958640166E+017
   8.8696199999999999E-003   6.3012694431190080E+017
   8.8695600000000003E-003   6.3666008076317670E+017
   8.8694800000000008E-003   6.4404907953940864E+017
   8.8693899999999996E-003   6.5497691205839168E+017
   8.8692400000000005E-003   6.6928590479473677E+017
   8.8690799999999997E-003   6.8330745765497818E+017
   8.8689300000000006E-003   6.9365072414178406E+017
   8.8688599999999992E-003   7.0046323737829235E+017
   8.8687799999999997E-003   7.0889074104009088E+017
   8.8686700000000004E-003   7.1888417906000102E+017
   8.8685699999999992E-003   7.3200704250380390E+017
   8.8683900000000003E-003   7.4811962046535040E+017
   8.8682199999999996E-003   7.6319326939780288E+017
   8.8680700000000005E-003   7.7728142804712192E+017
   8.8679199999999996E-003   7.9124319850057318E+017
   8.8677700000000005E-003   8.0508490943538918E+017
   8.8676299999999996E-003   8.2095941505215462E+017
   8.8674400000000007E-003   8.3876587938544128E+017
   8.8672500000000001E-003   8.5622800371141824E+017
   8.8670699999999995E-003   8.7336389281696870E+017
   8.8669000000000005E-003   8.9019213920025523E+017
   8.8667299999999998E-003   9.0673082120314394E+017
   8.8665600000000008E-003   9.1997082027137677E+017
   8.8664499999999997E-003   9.3003544572336128E+017
   8.8663500000000003E-003   9.4000191005410816E+017
   8.8662500000000009E-003   9.4987322732277286E+017
   8.8661499999999997E-003   9.6450130477486733E+017
   8.8659499999999992E-003   9.8370567377575373E+017
   8.8657600000000003E-003   1.0044417674363003E+018
   8.8655299999999999E-003   1.0266631744673628E+018
   8.8653099999999995E-003   1.0475616423230271E+018
   8.8651100000000007E-003   1.0671878360175311E+018
   8.8649200000000001E-003   1.0889571557758620E+018
   8.8646899999999997E-003   1.1127964395405586E+018
   8.8644599999999994E-003   1.1362779246941073E+018
   8.8642300000000007E-003   1.1594180679190615E+018
   8.8640200000000002E-003   1.1766310090776607E+018
   8.8639099999999992E-003   1.1937641534466760E+018
   8.8636900000000005E-003   1.2107432694443423E+018
   8.8635899999999993E-003   1.2242480907467479E+018
   8.8634400000000002E-003   1.2399187485025964E+018
   8.8632899999999994E-003   1.2554476706278479E+018
   8.8631500000000002E-003   1.2708391139009628E+018
   8.8630099999999993E-003   1.2915044143206799E+018
   8.8627700000000007E-003   1.3172845418109852E+018
   8.8625400000000003E-003   1.3429326350408164E+018
   8.8623000000000000E-003   1.3684569068144223E+018
   8.8620799999999996E-003   1.3977978629910290E+018
   8.8617799999999997E-003   1.4308040077419149E+018
   8.8614899999999996E-003   1.4552868206056074E+018
   8.8613500000000005E-003   1.4715311893057196E+018
   8.8612099999999996E-003   1.4957858927024435E+018
   8.8609199999999996E-003   1.5277981104555868E+018
   8.8606499999999994E-003   1.5594021677865605E+018
   8.8603799999999993E-003   1.5906204630646587E+018
   8.8601200000000008E-003   1.6254718379390868E+018
   8.8597899999999993E-003   1.6638113685374364E+018
   8.8594699999999995E-003   1.7017327642007749E+018
   8.8591499999999997E-003   1.7392614206677880E+018
   8.8588499999999997E-003   1.7763533864050030E+018
   8.8585399999999998E-003   1.8130321778431939E+018
   8.8582499999999998E-003   1.8422031452169211E+018
   8.8580699999999991E-003   1.8641032551943734E+018
   8.8578900000000002E-003   1.8858227504073065E+018
   8.8577199999999995E-003   1.9073668078271611E+018
   8.8575500000000005E-003   1.9396063376534720E+018
   8.8572000000000008E-003   1.9821977895758264E+018
   8.8568699999999993E-003   2.0279495323911291E+018
   8.8564799999999999E-003   2.0767292674781094E+018
   8.8561100000000004E-003   2.1250806108260037E+018
   8.8557299999999992E-003   2.1730286117221059E+018
   8.8553699999999996E-003   2.2103654534029747E+018
   8.8551600000000008E-003   2.2374510064937777E+018
   8.8549600000000003E-003   2.2644267721717652E+018
   8.8547499999999998E-003   2.2912965745798669E+018
   8.8545499999999992E-003   2.3247454076169093E+018
   8.8542499999999993E-003   2.3645879494375834E+018
   8.8539599999999993E-003   2.4110618964153784E+018
   8.8535599999999999E-003   2.4639209824430377E+018
   8.8531800000000004E-003   2.5163450358165586E+018
   8.8527999999999992E-003   2.5683593995999432E+018
   8.8524199999999997E-003   2.6070151944967388E+018
   8.8522400000000008E-003   2.6327090635773583E+018
   8.8520500000000002E-003   2.6617637948284867E+018
   8.8518199999999998E-003   2.6941080319452431E+018
   8.8515899999999995E-003   2.7423954934761155E+018
   8.8511400000000004E-003   2.8060811781157509E+018
   8.8506899999999996E-003   2.8533474482320041E+018
   8.8504699999999992E-003   2.8847359814553247E+018
   8.8502500000000005E-003   2.9194673125906335E+018
   8.8499900000000003E-003   2.9574654883431788E+018
   8.8497300000000001E-003   2.9951310497498476E+018
   8.8494699999999999E-003   3.0324745050033807E+018
   8.8492099999999997E-003   3.0700619504012959E+018
   8.8489499999999995E-003   3.1078896537276027E+018
   8.8486999999999993E-003   3.1644807844484470E+018
   8.8481900000000006E-003   3.2391905842431380E+018
   8.8476900000000001E-003   3.2946889704966016E+018
   8.8474499999999998E-003   3.3316139073273334E+018
   8.8471999999999995E-003   3.3719786128009964E+018
   8.8469099999999995E-003   3.4157038239431992E+018
   8.8466299999999994E-003   3.4590485587235533E+018
   8.8463399999999994E-003   3.5240210034928077E+018
   8.8457799999999993E-003   3.5888716198432000E+018
   8.8454999999999992E-003   3.6320874972219146E+018
   8.8452200000000009E-003   3.6749577397339612E+018
   8.8449500000000007E-003   3.7335868638052731E+018
   8.8444700000000001E-003   3.8075034606277094E+018
   8.8440099999999994E-003   3.8816453219048243E+018
   8.8435400000000004E-003   3.9556218836440970E+018
   8.8430699999999998E-003   4.0255797792805903E+018
   8.8426500000000005E-003   4.0916345546326149E+018
   8.8422299999999995E-003   4.1448346954778916E+018
   8.8419599999999994E-003   4.1859034953320033E+018
   8.8416999999999992E-003   4.2507969482921948E+018
   8.8411300000000009E-003   4.3386529413155579E+018
   8.8405600000000008E-003   4.4075655310339743E+018
   8.8402399999999992E-003   4.4582752253280113E+018
   8.8399199999999994E-003   4.5327740429537009E+018
   8.8392999999999996E-003   4.6311720517419121E+018
   8.8386999999999997E-003   4.7372190938166036E+018
   8.8380200000000003E-003   4.8502519082491085E+018
   8.8373600000000007E-003   4.9383737396244204E+018
   8.8369799999999995E-003   5.0023333433151754E+018
   8.8366100000000000E-003   5.0663530934394266E+018
   8.8362400000000004E-003   5.1304347316706437E+018
   8.8358699999999991E-003   5.2186365622700247E+018
   8.8352199999999995E-003   5.3301912255948964E+018
   8.8345899999999998E-003   5.4278398184854405E+018
   8.8341099999999992E-003   5.5120694942059069E+018
   8.8336300000000003E-003   5.5899206288632474E+018
   8.8332299999999992E-003   5.6971450592803287E+018
   8.8324400000000004E-003   5.8449362059874621E+018
   8.8315900000000003E-003   5.9592745880030310E+018
   8.8311699999999993E-003   6.0346906520602051E+018
   8.8307600000000000E-003   6.1469457766310779E+018
   8.8299499999999996E-003   6.2947865422024899E+018
   8.8291600000000008E-003   6.4363675955082004E+018
   8.8284300000000000E-003   6.5529171664356966E+018
   8.8279099999999996E-003   6.6492362454827796E+018
   8.8273999999999991E-003   6.7893632667861709E+018
   8.8264399999999996E-003   6.9716272091045878E+018
   8.8255000000000000E-003   7.1560634064190976E+018
   8.8245300000000006E-003   7.3426042445453189E+018
   8.8235799999999993E-003   7.5086788650903214E+018
   8.8228300000000003E-003   7.6551595237302958E+018
   8.8220999999999994E-003   7.8341882956606269E+018
   8.8210400000000005E-003   7.9922459469720791E+018
   8.8205200000000001E-003   8.0964708167072102E+018
   8.8200099999999997E-003   8.2416634180844298E+018
   8.8190899999999999E-003   8.4264938814569257E+018
   8.8182000000000000E-003   8.5700004917405460E+018
   8.8176899999999996E-003   8.6734878439047168E+018
   8.8171900000000008E-003   8.8049453681445775E+018
   8.8164300000000001E-003   8.9635921094441492E+018
   8.8156799999999994E-003   9.1648848652239933E+018
   8.8145199999999993E-003   9.3519700566214349E+018
   8.8139099999999995E-003   9.5013090790695711E+018
   8.8131200000000007E-003   9.6682973053865902E+018
   8.8123500000000000E-003   9.8726524841819853E+018
   8.8112299999999998E-003   1.0053239118472329E+019
   8.8106799999999996E-003   1.0172451098309831E+019
   8.8101399999999993E-003   1.0356869016565520E+019
   8.8090100000000008E-003   1.0542830609592934E+019
   8.8084500000000007E-003   1.0665596289785768E+019
   8.8079000000000005E-003   1.0799586476175233E+019
   8.8072500000000008E-003   1.0944522876173005E+019
   8.8065999999999995E-003   1.1129116699703437E+019
   8.8056100000000002E-003   1.1351980785410249E+019
   8.8046300000000008E-003   1.1538501343732808E+019
   8.8039699999999995E-003   1.1689901244306915E+019
   8.8033100000000000E-003   1.1841242130825636E+019
   8.8026500000000004E-003   1.2075923617826607E+019
   8.8012799999999999E-003   1.2389222707720598E+019
   8.7999500000000008E-003   1.2707957520819712E+019
   8.7985500000000005E-003   1.2951237654779314E+019
   8.7978699999999993E-003   1.3111495888975251E+019
   8.7971999999999998E-003   1.3360520053597272E+019
   8.7957699999999996E-003   1.3693987792898925E+019
   8.7943899999999992E-003   1.4032178514668984E+019
   8.7929400000000008E-003   1.4289711517287467E+019
   8.7922199999999999E-003   1.4458694317372070E+019
   8.7915200000000006E-003   1.4631752648498563E+019
   8.7907699999999998E-003   1.4808428239741809E+019
   8.7900400000000007E-003   1.4982734228606876E+019
   8.7893099999999998E-003   1.5154582722902825E+019
   8.7885900000000006E-003   1.5330227660713447E+019
   8.7878299999999999E-003   1.5509115501208510E+019
   8.7870799999999992E-003   1.5771964126411440E+019
   8.7855999999999993E-003   1.6033781737106205E+019
   8.7848300000000004E-003   1.6212799669242991E+019
   8.7840599999999998E-003   1.6388353291146602E+019
   8.7833000000000008E-003   1.6560421691105565E+019
   8.7825500000000001E-003   1.6736310147727352E+019
   8.7817599999999996E-003   1.6913435085482043E+019
   8.7809800000000007E-003   1.7086367840963959E+019
   8.7802000000000002E-003   1.7255452052462277E+019
   8.7794399999999995E-003   1.7426669120537387E+019
   8.7786300000000008E-003   1.7599339643054948E+019
   8.7778300000000004E-003   1.7767421504496214E+019
   8.7770399999999998E-003   1.7931378057555433E+019
   8.7762599999999993E-003   1.8096931890244289E+019
   8.7754300000000007E-003   1.8263518819540009E+019
   8.7746100000000004E-003   1.8425190575844835E+019
   8.7738099999999999E-003   1.8582774650807734E+019
   8.7730099999999995E-003   1.8741569671043645E+019
   8.7721699999999993E-003   1.8901493422816547E+019
   8.7713300000000008E-003   1.9056610875828068E+019
   8.7705100000000005E-003   1.9208286866160959E+019
   8.7697000000000001E-003   1.9361470108924367E+019
   8.7688400000000000E-003   1.9516294758942355E+019
   8.7679899999999998E-003   1.9666983564097126E+019
   8.7671499999999996E-003   1.9814976741148373E+019
   8.7663199999999993E-003   1.9965111393620886E+019
   8.7654399999999993E-003   2.0117578013811069E+019
   8.7645699999999993E-003   2.0266747415141224E+019
   8.7637199999999991E-003   2.0413958473785909E+019
   8.7628700000000007E-003   2.0564452561949725E+019
   8.7619800000000008E-003   2.0716950869503369E+019
   8.7610899999999992E-003   2.0864207523374035E+019
   8.7602200000000009E-003   2.1015680717904826E+019
   8.7593600000000008E-003   2.1258013962749874E+019
   8.7575499999999994E-003   2.1574566424698999E+019
   8.7557799999999995E-003   2.1808308273066705E+019
   8.7548499999999998E-003   2.1970822640456483E+019
   8.7539300000000000E-003   2.2131185734754337E+019
   8.7530300000000002E-003   2.2296732500760150E+019
   8.7521300000000003E-003   2.2564905060631900E+019
   8.7502499999999993E-003   2.2913747047050863E+019
   8.7484199999999998E-003   2.3170291700218474E+019
   8.7474600000000003E-003   2.3350441444451078E+019
   8.7465100000000007E-003   2.3622445732593017E+019
   8.7446399999999997E-003   2.3993346679594922E+019
   8.7426899999999991E-003   2.4272009612751258E+019
   8.7417299999999996E-003   2.4462818441439093E+019
   8.7407900000000000E-003   2.4772532247940071E+019
   8.7387999999999997E-003   2.5173230811639984E+019
   8.7368700000000007E-003   2.5569591568734233E+019
   8.7348500000000006E-003   2.5872731667916698E+019
   8.7338499999999996E-003   2.6074841632483004E+019
   8.7328800000000002E-003   2.6396407515554771E+019
   8.7308200000000002E-003   2.6824389404346364E+019
   8.7288100000000000E-003   2.7261819297517572E+019
   8.7267100000000004E-003   2.7708174108221202E+019
   8.7246700000000003E-003   2.8038716200915345E+019
   8.7235899999999998E-003   2.8268743380812521E+019
   8.7225299999999992E-003   2.8625260568627302E+019
   8.7203699999999999E-003   2.9093839806327095E+019
   8.7182700000000002E-003   2.9563028578930536E+019
   8.7161500000000006E-003   3.0050547973193912E+019
   8.7139299999999999E-003   3.0548036949755703E+019
   8.7117600000000007E-003   3.0915708814986912E+019
   8.7106300000000005E-003   3.1307961650395857E+019
   8.7083899999999999E-003   3.1754165050127196E+019
   8.7067199999999994E-003   3.2146782339361493E+019
   8.7049899999999993E-003   3.2612134653306974E+019
   8.7027400000000005E-003   3.3152582413726204E+019
   8.7003900000000006E-003   3.3625061130233324E+019
   8.6986700000000004E-003   3.4032562182087827E+019
   8.6969000000000005E-003   3.4460387252940550E+019
   8.6951200000000006E-003   3.4881156915438146E+019
   8.6933700000000006E-003   3.5288640909189587E+019
   8.6916800000000002E-003   3.5682823114325213E+019
   8.6900099999999997E-003   3.6032778455208129E+019
   8.6886499999999992E-003   3.6347814057258336E+019
   8.6873000000000002E-003   3.6685928425629757E+019
   8.6857600000000007E-003   3.7037653227810832E+019
   8.6842399999999993E-003   3.7386362826372784E+019
   8.6826700000000000E-003   3.7742871034820157E+019
   8.6811200000000005E-003   3.8184298687657583E+019
   8.6788899999999999E-003   3.8666454748584190E+019
   8.6767200000000006E-003   3.9049170966097297E+019
   8.6751299999999996E-003   3.9378467378395791E+019
   8.6735800000000002E-003   3.9794611495855014E+019
   8.6712899999999999E-003   4.0244754469932892E+019
   8.6690599999999993E-003   4.0600579462421078E+019
   8.6674100000000004E-003   4.0897749715928310E+019
   8.6657899999999996E-003   4.1183208891053883E+019
   8.6641500000000007E-003   4.1463319785035948E+019
   8.6625499999999998E-003   4.1803458928834683E+019
   8.6602299999999997E-003   4.2163482455595221E+019
   8.6579599999999993E-003   4.2467416973962052E+019
   8.6559400000000009E-003   4.2740591479442375E+019
   8.6539600000000005E-003   4.2995338165468881E+019
   8.6519400000000003E-003   4.3239992643757588E+019
   8.6499699999999999E-003   4.3492205947646960E+019
   8.6476100000000000E-003   4.3745835017760858E+019
   8.6453099999999998E-003   4.3982727634335662E+019
   8.6429499999999999E-003   4.4199137165680042E+019
   8.6406599999999997E-003   4.4357774871236968E+019
   8.6389899999999992E-003   4.4506959324225913E+019
   8.6373500000000002E-003   4.4734412411388215E+019
   8.6343099999999992E-003   4.5003619546384032E+019
   8.6313899999999992E-003   4.5207793381446803E+019
   8.6293600000000008E-003   4.5391523221844173E+019
   8.6273800000000005E-003   4.5590735181489906E+019
   8.6253700000000003E-003   4.5800074632113349E+019
   8.6233999999999998E-003   4.6141009572083024E+019
   8.6194600000000007E-003   4.6509954227011772E+019
   8.6174700000000003E-003   4.6782335909838529E+019
   8.6155399999999997E-003   4.7132664486606569E+019
   8.6128600000000000E-003   4.7454242240541516E+019
   8.6115500000000008E-003   4.7677874864327672E+019
   8.6102699999999997E-003   4.8044932415717859E+019
   8.6075900000000000E-003   4.8433975823216460E+019
   8.6062799999999991E-003   4.8777200265400164E+019
   8.6043200000000004E-003   4.9216830447867773E+019
   8.6023100000000002E-003   4.9603027543655916E+019
   8.6009999999999993E-003   5.0092817546092077E+019
   8.5983499999999994E-003   5.0611001514901897E+019
   8.5970200000000004E-003   5.0971015797747884E+019
   8.5956999999999995E-003   5.1440494892943286E+019
   8.5937199999999991E-003   5.2037133211082777E+019
   8.5916900000000008E-003   5.2556658615280452E+019
   8.5903700000000000E-003   5.2979593614036255E+019
   8.5890600000000008E-003   5.3657543313545503E+019
   8.5863299999999997E-003   5.4482263876011098E+019
   8.5843399999999993E-003   5.5090605240557232E+019
   8.5829900000000004E-003   5.5735677378016682E+019
   8.5809300000000005E-003   5.6665846101829640E+019
   8.5782500000000008E-003   5.7488028845310878E+019
   8.5768400000000005E-003   5.8215490058802987E+019
   8.5747800000000006E-003   5.9094421755292246E+019
   8.5727500000000005E-003   6.0173313642452681E+019
   8.5699299999999999E-003   6.1216532136046412E+019
   8.5681799999999999E-003   6.2033267466138894E+019
   8.5664599999999997E-003   6.3055518986442965E+019
   8.5639600000000007E-003   6.4263664922679230E+019
   8.5615299999999995E-003   6.5598576877215728E+019
   8.5586199999999994E-003   6.6703362132307706E+019
   8.5571899999999992E-003   6.7447216426838925E+019
   8.5557800000000007E-003   6.8741735377435509E+019
   8.5524299999999998E-003   7.0537246195707093E+019
   8.5491800000000000E-003   7.1937311450341925E+019
   8.5473000000000007E-003   7.3295192308339376E+019
   8.5443199999999993E-003   7.5123678354224841E+019
   8.5409100000000005E-003   7.6772121737230041E+019
   8.5386500000000001E-003   7.8001958414200979E+019
   8.5366999999999995E-003   7.9155657369563169E+019
   8.5347700000000006E-003   8.0591256324122739E+019
   8.5320099999999996E-003   8.2228345678128005E+019
   8.5293000000000001E-003   8.3786237532685517E+019
   8.5269100000000004E-003   8.5251550903874355E+019
   8.5245500000000005E-003   8.6501458205455417E+019
   8.5229099999999999E-003   8.7530045966832599E+019
   8.5212900000000008E-003   8.9042476933170659E+019
   8.5181800000000002E-003   9.1043689723065565E+019
   8.5151399999999992E-003   9.2520030930418729E+019
   8.5135699999999998E-003   9.3545554385364107E+019
   8.5120100000000004E-003   9.4810135104904495E+019
   8.5097799999999998E-003   9.6296297700754276E+019
   8.5075700000000008E-003   9.8206155319421223E+019
   8.5041300000000004E-003   1.0058683884560094E+020
   8.5006400000000003E-003   1.0317861742174395E+020
   8.4967199999999993E-003   1.0551177164269473E+020
   8.4940399999999996E-003   1.0745751633425213E+020
   8.4913100000000002E-003   1.0986049631751989E+020
   8.4874800000000004E-003   1.1306986468119328E+020
   8.4826599999999995E-003   1.1567881105991020E+020
   8.4805300000000000E-003   1.1729244160430488E+020
   8.4784300000000003E-003   1.1919518231629178E+020
   8.4756099999999997E-003   1.2143119412322099E+020
   8.4726999999999997E-003   1.2370638054894227E+020
   8.4698299999999994E-003   1.2602419276691446E+020
   8.4668799999999995E-003   1.2841018602532526E+020
   8.4639099999999998E-003   1.3081194812433030E+020
   8.4609899999999998E-003   1.3285992253135023E+020
   8.4589299999999999E-003   1.3540393012498381E+020
   8.4548699999999997E-003   1.3931050806543711E+020
   8.4497099999999992E-003   1.4307155196053475E+020
   8.4460899999999998E-003   1.4601754232433359E+020
   8.4429199999999996E-003   1.4883217327444358E+020
   8.4396999999999996E-003   1.5267983836841211E+020
   8.4343000000000005E-003   1.5671492169074006E+020
   8.4307500000000007E-003   1.5921420788062044E+020
   8.4288499999999999E-003   1.6208067116260400E+020
   8.4246100000000008E-003   1.6603335389807768E+020
   8.4204399999999995E-003   1.6909522909458347E+020
   8.4181499999999992E-003   1.7128200144541336E+020
   8.4158800000000006E-003   1.7452333716339216E+020
   8.4114900000000006E-003   1.7878240257522965E+020
   8.4071700000000003E-003   1.8179794789250010E+020
   8.4053800000000005E-003   1.8358086527301294E+020
   8.4036000000000007E-003   1.8661400518024423E+020
   8.3993499999999999E-003   1.9088890724869056E+020
   8.3951900000000003E-003   1.9408957308427541E+020
   8.3930299999999992E-003   1.9631437720071225E+020
   8.3908899999999998E-003   1.9947131007078659E+020
   8.3869900000000004E-003   2.0355676714678970E+020
   8.3831500000000007E-003   2.0703985790427087E+020
   8.3804599999999993E-003   2.0992774102711114E+020
   8.3777899999999995E-003   2.1323387001266785E+020
   8.3743700000000008E-003   2.1695556188206193E+020
   8.3710000000000000E-003   2.2121813058956037E+020
   8.3666799999999996E-003   2.2601252528373518E+020
   8.3624400000000005E-003   2.3043987852622519E+020
   8.3588499999999993E-003   2.3619535872798484E+020
   8.3524199999999993E-003   2.4158274608221366E+020
   8.3495600000000007E-003   2.4513739036591699E+020
   8.3463800000000005E-003   2.4889258717236612E+020
   8.3432400000000000E-003   2.5472110840040522E+020
   8.3367100000000006E-003   2.6260616646886792E+020
   8.3303200000000004E-003   2.7082419153943429E+020
   8.3234899999999994E-003   2.7937384444511463E+020
   8.3168200000000008E-003   2.8590711669881130E+020
   8.3132299999999996E-003   2.9056261645234441E+020
   8.3096699999999999E-003   2.9551409631650886E+020
   8.3056999999999992E-003   3.0076289239323214E+020
   8.3017799999999999E-003   3.0576705780926749E+020
   8.2982400000000001E-003   3.1053126021266597E+020
   8.2947500000000000E-003   3.1627979526148876E+020
   8.2898499999999996E-003   3.2300813291963050E+020
   8.2850300000000005E-003   3.3052085031936859E+020
   8.2791700000000006E-003   3.3880215414335793E+020
   8.2734100000000001E-003   3.4658965634023306E+020
   8.2683600000000006E-003   3.5391220530674618E+020
   8.2633900000000007E-003   3.6152497614150297E+020
   8.2579999999999997E-003   3.6878405550011318E+020
   8.2537800000000005E-003   3.7514864082682302E+020
   8.2496199999999992E-003   3.8377433471045540E+020
   8.2425799999999994E-003   3.9465182219169550E+020
   8.2356900000000004E-003   4.0502250471712876E+020
   8.2295500000000004E-003   4.1482928195892576E+020
   8.2235199999999998E-003   4.2400440700852994E+020
   8.2181800000000003E-003   4.3599148029812906E+020
   8.2091100000000004E-003   4.4666321660988673E+020
   8.2055099999999992E-003   4.5277868370207067E+020
   8.2019499999999995E-003   4.6193241084067440E+020
   8.1949199999999996E-003   4.7411702406207544E+020
   8.1880200000000007E-003   4.8406310593888839E+020
   8.1837000000000003E-003   4.9177709136562887E+020
   8.1794199999999997E-003   5.0088235345323662E+020
   8.1736699999999992E-003   5.1137675798830744E+020
   8.1679900000000000E-003   5.2311332795412441E+020
   8.1610699999999994E-003   5.3900433526920892E+020
   8.1512200000000007E-003   5.5520401777811725E+020
   8.1442400000000005E-003   5.6588267189864504E+020
   8.1402999999999996E-003   5.7802696988756247E+020
   8.1320200000000002E-003   5.9452396229125734E+020
   8.1238999999999999E-003   6.0712873533250011E+020
   8.1196399999999991E-003   6.1590318268188302E+020
   8.1154199999999999E-003   6.2466249141360027E+020
   8.1112400000000005E-003   6.3341405490397564E+020
   8.1071000000000008E-003   6.4709292435570819E+020
   8.0984000000000004E-003   6.6569733605203811E+020
   8.0898700000000007E-003   6.8487825961968481E+020
   8.0809599999999999E-003   7.0463763152096028E+020
   8.0722199999999997E-003   7.1976775855271182E+020
   8.0676299999999992E-003   7.3026942012204188E+020
   8.0630900000000002E-003   7.4076332791889330E+020
   8.0585899999999992E-003   7.5124982173954605E+020
   8.0541299999999996E-003   7.6764687439911925E+020
   8.0447799999999996E-003   7.8993755482698678E+020
   8.0356000000000004E-003   8.0687739184212699E+020
   8.0307799999999995E-003   8.1872231382066659E+020
   8.0260100000000001E-003   8.3056009131678800E+020
   8.0212900000000004E-003   8.4239024922800436E+020
   8.0166100000000004E-003   8.6087671920719679E+020
   8.0067899999999997E-003   8.8602789950691816E+020
   7.9971499999999997E-003   9.1186866353857941E+020
   7.9870900000000005E-003   9.3858750477652184E+020
   7.9772200000000001E-003   9.5905712974086681E+020
   7.9720399999999997E-003   9.7325972350445198E+020
   7.9669100000000007E-003   9.8745556102882551E+020
   7.9618399999999995E-003   1.0016484540917135E+021
   7.9568000000000000E-003   1.0238128770255277E+021
   7.9462500000000002E-003   1.0539708936224620E+021
   7.9358899999999993E-003   1.0768664112626463E+021
   7.9304600000000003E-003   1.0928889220685866E+021
   7.9250799999999993E-003   1.1089054373954654E+021
   7.9197599999999996E-003   1.1249148711754762E+021
   7.9144799999999998E-003   1.1499226034570139E+021
   7.9034099999999996E-003   1.1839524658124701E+021
   7.8925499999999999E-003   1.2189957671189571E+021
   7.8812099999999996E-003   1.2551460513038139E+021
   7.8700899999999997E-003   1.2828456726421795E+021
   7.8642599999999997E-003   1.3020615954245246E+021
   7.8584899999999992E-003   1.3212720722144180E+021
   7.8527700000000002E-003   1.3404808551167856E+021
   7.8470999999999992E-003   1.3704503207954405E+021
   7.8352200000000004E-003   1.4112338925072965E+021
   7.8235600000000002E-003   1.4421958410774593E+021
   7.8174500000000001E-003   1.4638489256866213E+021
   7.8113999999999996E-003   1.4962826327460002E+021
   7.7994700000000002E-003   1.5409618184965430E+021
   7.7870200000000004E-003   1.5755150616661079E+021
   7.7808799999999996E-003   1.5984414765687890E+021
   7.7748000000000001E-003   1.6342640489217188E+021
   7.7620600000000003E-003   1.6830110064673211E+021
   7.7495600000000000E-003   1.7199812233286616E+021
   7.7430099999999998E-003   1.7458606755763695E+021
   7.7365200000000002E-003   1.7785648983951129E+021
   7.7267100000000003E-003   1.8182619456814215E+021
   7.7170299999999997E-003   1.8586595349697696E+021
   7.7070999999999997E-003   1.8999558772687868E+021
   7.6972999999999998E-003   1.9425591356773711E+021
   7.6870400000000000E-003   1.9864038337173984E+021
   7.6769200000000003E-003   2.0311418058272963E+021
   7.6665300000000004E-003   2.0906640438343086E+021
   7.6501099999999999E-003   2.1553063222396757E+021
   7.6378899999999996E-003   2.2118415152078568E+021
   7.6255500000000000E-003   2.2697363210598301E+021
   7.6131000000000002E-003   2.3370153728473057E+021
   7.5973400000000002E-003   2.4056456214480416E+021
   7.5847099999999997E-003   2.4689007248062929E+021
   7.5716200000000003E-003   2.5342226508862094E+021
   7.5585399999999999E-003   2.5969057519394001E+021
   7.5468400000000000E-003   2.6553226273732826E+021
   7.5357000000000002E-003   2.7252011845994451E+021
   7.5198699999999997E-003   2.8005516578922378E+021
   7.5068399999999999E-003   2.8651425038283550E+021
   7.4951799999999997E-003   2.9300909516985205E+021
   7.4814100000000000E-003   3.0063174357024889E+021
   7.4663000000000004E-003   3.0725209365101591E+021
   7.4563800000000003E-003   3.1289873506781909E+021
   7.4424100000000000E-003   3.1988150857237314E+021
   7.4259900000000004E-003   3.2516367161778682E+021
   7.4101599999999998E-003   3.2993125503017057E+021
   7.3955100000000001E-003   3.3040981641955592E+021
   7.3814700000000002E-003   3.2781606513571801E+021
   7.3655999999999999E-003   3.1706284359381984E+021
   7.3593299999999999E-003   3.1887739767697168E+021
   7.3445000000000003E-003   2.9182282604513492E+021
   7.3250700000000004E-003   2.8028313615925227E+021
   7.3112999999999997E-003   2.5175879656784449E+021
   7.2979899999999999E-003   2.1586136903264541E+021
   7.2828600000000004E-003   1.9752840251947184E+021
   7.2689800000000004E-003   1.8724942923770435E+021
   7.2630899999999998E-003   1.7476917371212108E+021
   7.2572299999999999E-003   1.6393455287632354E+021
   7.2429399999999998E-003   1.5566489607770339E+021
   7.2372100000000000E-003   1.5144290293366813E+021
   7.2306599999999999E-003   1.4440294560193084E+021
   7.2255599999999998E-003   1.4401785371824258E+021
   7.2174700000000001E-003   1.4089201741498574E+021
   7.2122899999999997E-003   1.3726706722846881E+021
   7.2074399999999999E-003   1.3564744061076756E+021
   7.2030499999999999E-003   1.3640089411480403E+021
   7.1977999999999999E-003   1.3453957274255821E+021
   7.1919999999999996E-003   1.3408978228948763E+021
   7.1862400000000000E-003   1.3459024573801633E+021
   7.1827499999999999E-003   1.3515039745487872E+021
   7.1779799999999996E-003   1.3589324960840931E+021
   7.1756099999999998E-003   1.3648728282374134E+021
   7.1738300000000000E-003   1.3735977381972966E+021
   7.1696700000000004E-003   1.3828129017977834E+021
   7.1672899999999998E-003   1.3920723827212791E+021
   7.1639800000000003E-003   1.4038129282974385E+021
   7.1612700000000000E-003   1.4261208167648424E+021
   7.1552300000000003E-003   1.4580124223170816E+021
   7.1507000000000003E-003   1.4800197895632241E+021
   7.1455800000000003E-003   1.5254662627655633E+021
   7.1395900000000003E-003   1.5658093625117379E+021
   7.1348899999999996E-003   1.6017564998692352E+021
   7.1303900000000003E-003   1.6445640103966833E+021
   7.1260400000000002E-003   1.6797953173586415E+021
   7.1220900000000002E-003   1.7253220053306636E+021
   7.1170499999999998E-003   1.7626270819022558E+021
   7.1149799999999999E-003   1.7953791088053676E+021
   7.1108600000000001E-003   1.8363214763439557E+021
   7.1081099999999999E-003   1.8751780996655921E+021
   7.1040100000000000E-003   1.9122110616295606E+021
   7.1019700000000000E-003   1.9493284707263017E+021
   7.0979800000000003E-003   1.9993241677476093E+021
   7.0940999999999999E-003   2.0376144402324054E+021
   7.0921600000000001E-003   2.0679802443606595E+021
   7.0896500000000003E-003   2.1197156053035977E+021
   7.0846299999999997E-003   2.1905414190362953E+021
   7.0796399999999999E-003   2.2638001337665237E+021
   7.0746699999999999E-003   2.3202960035562272E+021
   7.0721999999999998E-003   2.3527836598991580E+021
   7.0703399999999996E-003   2.3961885937805626E+021
   7.0666399999999999E-003   2.4549109351797448E+021
   7.0630099999999998E-003   2.5136774394790119E+021
   7.0594300000000002E-003   2.5722779198657848E+021
   7.0559100000000003E-003   2.6306133633072460E+021
   7.0524500000000000E-003   2.6993177901429345E+021
   7.0479399999999999E-003   2.7634643341267839E+021
   7.0451500000000000E-003   2.8124861329148194E+021
   7.0423700000000001E-003   2.8769626981081468E+021
   7.0378100000000002E-003   2.9498122917492509E+021
   7.0342199999999999E-003   3.0114459760703213E+021
   7.0310599999999996E-003   3.0657293042973797E+021
   7.0283200000000002E-003   3.1359493882062601E+021
   7.0237199999999998E-003   3.2236486758270349E+021
   7.0189199999999997E-003   3.3362928645080157E+021
   7.0127300000000000E-003   3.4197484729706139E+021
   7.0098000000000001E-003   3.4871786865531342E+021
   7.0068900000000000E-003   3.5824100291373858E+021
   7.0025299999999999E-003   3.6324156853243567E+021
   6.9967400000000004E-003   3.8178800233155144E+021
   6.9938500000000002E-003   3.8081036851446871E+021
   6.9909799999999999E-003   3.8593571935934522E+021
   6.9865200000000004E-003   3.9700710630436797E+021
   6.9802600000000003E-003   4.1222923926982555E+021
   6.9766500000000000E-003   4.1974663131247201E+021
   6.9705200000000000E-003   4.3675336081460209E+021
   6.9644900000000003E-003   4.3607045060411827E+021
   6.9610599999999998E-003   4.4405732746478700E+021
   6.9588599999999999E-003   4.5884437997691900E+021
   6.9544699999999999E-003   4.6142506282329529E+021
   6.9491400000000004E-003   4.9630867315785371E+021
   6.9460099999999999E-003   4.8744408106207805E+021
   6.9410000000000001E-003   4.8749222346559167E+021
   6.9385100000000002E-003   4.9050012422349951E+021
   6.9336399999999996E-003   5.2564341672829969E+021
   6.9265400000000001E-003   5.2349179386027311E+021
   6.9216800000000004E-003   5.4109372351391182E+021
   6.9168399999999996E-003   5.4884901763867707E+021
   6.9085300000000004E-003   5.5753534486110221E+021
   6.9040999999999998E-003   5.7415521154817096E+021
   6.9004299999999999E-003   5.8636304664199315E+021
   6.8967600000000000E-003   6.0179099048927675E+021
   6.8940700000000004E-003   6.0006887568557474E+021
   6.8920600000000002E-003   6.1326064908320553E+021
   6.8883900000000003E-003   6.2870921546999781E+021
   6.8868100000000002E-003   6.4302743092012442E+021
   6.8842799999999996E-003   6.5391353639443838E+021
   6.8822400000000004E-003   6.7210365633243612E+021
   6.8806600000000002E-003   6.7353296667735658E+021
   6.8790900000000000E-003   6.8312274196262017E+021
   6.8777899999999999E-003   6.8964052348476252E+021
   6.8764899999999999E-003   6.9560818369531090E+021
   6.8752199999999996E-003   7.0463311220080126E+021
   6.8739400000000003E-003   7.2309112491387902E+021
   6.8713500000000000E-003   7.2812399693132265E+021
   6.8687599999999998E-003   7.3231124987799803E+021
   6.8676299999999996E-003   7.3345610776980404E+021
   6.8664900000000003E-003   7.5963086873272548E+021
   6.8646899999999997E-003   7.6154581390840268E+021
   6.8628900000000000E-003   7.6346109953493246E+021
   6.8610900000000002E-003   7.6537672450385170E+021
   6.8592899999999997E-003   7.8059393004343363E+021
   6.8552500000000002E-003   7.9224986323010380E+021
   6.8512199999999999E-003   8.0883242962325718E+021
   6.8422500000000002E-003   8.1844922006210766E+021
   6.8222800000000000E-003   8.3588408740594550E+021
   6.8043699999999997E-003   8.5180224557295484E+021
   6.7899900000000001E-003   8.7239219761329010E+021
   6.7765999999999998E-003   8.9703336397446064E+021
   6.7568699999999999E-003   9.2413584681886517E+021
   6.7383699999999996E-003   9.4635396571710200E+021
   6.7219500000000000E-003   9.6777438983564768E+021
   6.7055999999999999E-003   9.9048343757402323E+021
   6.6894399999999996E-003   1.0144348022531061E+022
   6.6706999999999999E-003   1.0373301703918146E+022
   6.6550999999999997E-003   1.0591443628069879E+022
   6.6391200000000001E-003   1.0820883131127598E+022
   6.6217300000000002E-003   1.1069472608202640E+022
   6.6031700000000002E-003   1.1355308275758057E+022
   6.5807599999999997E-003   1.1629976343548562E+022
   6.5641700000000002E-003   1.1893229422043508E+022
   6.5442599999999997E-003   1.2184245457002722E+022
   6.5246100000000001E-003   1.2446021611359350E+022
   6.5083099999999998E-003   1.2652956159880748E+022
   6.4976599999999997E-003   1.2870565905235213E+022
   6.4792299999999999E-003   1.3096335456320451E+022
   6.4679300000000002E-003   1.3352586306213571E+022
   6.4455800000000002E-003   1.3642650710493345E+022
   6.4293199999999997E-003   1.3897768113540176E+022
   6.4132199999999999E-003   1.4132542142256924E+022
   6.4000999999999997E-003   1.4343849814927243E+022
   6.3870699999999999E-003   1.4693179490775450E+022
   6.3568699999999997E-003   1.5180626530256233E+022
   6.3271899999999999E-003   1.5543052290161216E+022
   6.3136299999999998E-003   1.5857441803584196E+022
   6.2899799999999997E-003   1.6142334243962343E+022
   6.2798400000000001E-003   1.6441088095800556E+022
   6.2554400000000001E-003   1.6861730694118790E+022
   6.2313700000000000E-003   1.7204831547440025E+022
   6.2174800000000001E-003   1.7446103778096151E+022
   6.2036900000000004E-003   1.7760111016913396E+022
   6.1823599999999996E-003   1.8149123372763320E+022
   6.1612799999999999E-003   1.8478298121280850E+022
   6.1470700000000001E-003   1.8736248289126339E+022
   6.1329699999999997E-003   1.9139333164983285E+022
   6.1039099999999997E-003   1.9686835783446175E+022
   6.0752799999999997E-003   2.0141741593081642E+022
   6.0568499999999999E-003   2.0503021378412736E+022
   6.0385899999999999E-003   2.0800905078301671E+022
   6.0275499999999996E-003   2.1014333632391034E+022
   6.0165599999999998E-003   2.1385779930964615E+022
   5.9903600000000001E-003   2.2017245472637372E+022
   5.9540000000000001E-003   2.2684121152741490E+022
   5.9254800000000003E-003   2.3174807486149503E+022
   5.9075400000000002E-003   2.3610921896719554E+022
   5.8843799999999998E-003   2.4102116482673734E+022
   5.8614699999999997E-003   2.4689014897839643E+022
   5.8303599999999997E-003   2.5375004202218377E+022
   5.7989699999999996E-003   2.5908069494635595E+022
   5.7830900000000003E-003   2.6260061092130708E+022
   5.7673100000000003E-003   2.6804372320884963E+022
   5.7350099999999996E-003   2.7542041346005969E+022
   5.7031499999999997E-003   2.8303036555420674E+022
   5.6702799999999998E-003   2.9076998950889403E+022
   5.6378499999999998E-003   2.9868931991932355E+022
   5.6043999999999998E-003   3.0689741134926373E+022
   5.5713899999999998E-003   3.1516075510410343E+022
   5.5373499999999999E-003   3.2370043796965326E+022
   5.5037500000000000E-003   3.3245540743070920E+022
   5.4691000000000002E-003   3.4133302491513824E+022
   5.4348900000000004E-003   3.4815120751367272E+022
   5.4173900000000002E-003   3.5274952671305023E+022
   5.4000000000000003E-003   3.5979778450550814E+022
   5.3644200000000000E-003   3.6936360717814528E+022
   5.3292699999999997E-003   3.7663088441250787E+022
   5.3112999999999997E-003   3.8157093400152763E+022
   5.2934300000000000E-003   3.8910851307332960E+022
   5.2572599999999997E-003   3.9934159136968789E+022
   5.2207699999999996E-003   4.0981612916034580E+022
   5.1839399999999997E-003   4.2053886540062015E+022
   5.1467700000000002E-003   4.3151779698219892E+022
   5.1092700000000000E-003   4.4276028715967458E+022
   5.0714100000000002E-003   4.5427476485440331E+022
   5.0332099999999998E-003   4.6606778302712781E+022
   4.9946499999999998E-003   4.7814566376322263E+022
   4.9557300000000002E-003   4.9052487027264301E+022
   4.9164500000000002E-003   4.9981179031838322E+022
   4.8965700000000003E-003   5.0628888990523014E+022
   4.8767899999999998E-003   5.1271288268869071E+022
   4.8567300000000001E-003   5.1934733869329079E+022
   4.8367599999999998E-003   5.2801750320665959E+022
   4.8049800000000004E-003   5.3858679008088350E+022
   4.7734400000000003E-003   5.4736546486436149E+022
   4.7528800000000001E-003   5.5435721830023303E+022
   4.7324100000000003E-003   5.6150871339258914E+022
   4.7116500000000004E-003   5.6872857987672950E+022
   4.6909899999999999E-003   5.7605812018754552E+022
   4.6700300000000004E-003   5.8347923142123245E+022
   4.6491500000000003E-003   5.9102662466506789E+022
   4.6279900000000002E-003   5.9868183775972063E+022
   4.6069099999999997E-003   6.0645037868624149E+022
   4.5855300000000000E-003   6.1434840140245354E+022
   4.5642399999999998E-003   6.2236228472355609E+022
   4.5426599999999996E-003   6.3052235607735324E+022
   4.5211499999999998E-003   6.3882935075333678E+022
   4.4993500000000001E-003   6.4727199536786023E+022
   4.4776199999999999E-003   6.5585182634307333E+022
   4.4555899999999997E-003   6.6460818608179143E+022
   4.4336400000000000E-003   6.7354082245097724E+022
   4.4113900000000003E-003   6.8263752323005006E+022
   4.3892100000000002E-003   6.9193027961705397E+022
   4.3667300000000001E-003   7.0137131809814140E+022
   4.3443099999999997E-003   7.1106866942017505E+022
   4.3216000000000001E-003   7.2096945018422000E+022
   4.2989400000000002E-003   7.3111634912050573E+022
   4.2759900000000003E-003   7.4149058214987727E+022
   4.2530900000000002E-003   7.5211742931504777E+022
   4.2299700000000004E-003   7.6303805156175731E+022
   4.2067299999999997E-003   7.7425505362683686E+022
   4.1833699999999996E-003   7.8578885554008842E+022
   4.1598700000000004E-003   7.9764570207825837E+022
   4.1362500000000002E-003   8.0988779923443571E+022
   4.1124899999999999E-003   8.2249739898444772E+022
   4.0886000000000004E-003   8.3557981644012745E+022
   4.0645700000000000E-003   8.4909654458753498E+022
   4.0404100000000004E-003   8.6309685186499147E+022
   4.0160999999999999E-003   8.7763586923936673E+022
   3.9916600000000002E-003   8.9270428517002864E+022
   3.9670699999999996E-003   9.0833193416146691E+022
   3.9423300000000000E-003   9.2457375563235321E+022
   3.9174500000000003E-003   9.4143865314704714E+022
   3.8924200000000002E-003   9.5894684352032331E+022
   3.8672400000000001E-003   9.7724538022524409E+022
   3.8419000000000001E-003   9.9630942326747868E+022
   3.8164100000000001E-003   1.0163160847739404E+023
   3.7907499999999998E-003   1.0375100135914527E+023
   3.7649300000000001E-003   1.0600295807114516E+023
   3.7389500000000000E-003   1.0836006307200415E+023
   3.7128000000000000E-003   1.1078162071886254E+023
   3.6864900000000002E-003   1.1324265899855268E+023
   3.6599900000000001E-003   1.1574292688325867E+023
   3.6333200000000002E-003   1.1828224327105151E+023
   3.6064700000000001E-003   1.2086047871096500E+023
   3.5794400000000001E-003   1.2347755134212259E+023
   3.5522200000000000E-003   1.2613341755503854E+023
   3.5247999999999998E-003   1.2882806169580462E+023
   3.4971999999999998E-003   1.3156150129667056E+023
   3.4693900000000001E-003   1.3433376817609565E+023
   3.4413800000000000E-003   1.3714491627402005E+023
   3.4131600000000002E-003   1.3999501063962736E+023
   3.3847399999999998E-003   1.4288412774286035E+023
   3.3560899999999999E-003   1.4581236050780885E+023
   3.3272200000000001E-003   1.4877979379284619E+023
   3.2981299999999998E-003   1.5178653346966470E+023
   3.2688000000000001E-003   1.5483267151785727E+023
   3.2392400000000000E-003   1.5791831314248223E+023
   3.2094300000000001E-003   1.6104355041216263E+023
   3.1793699999999999E-003   1.6420848647277989E+023
   3.1490600000000000E-003   1.6741321328015015E+023
   3.1184799999999999E-003   1.7065780847714519E+023
   3.0876300000000001E-003   1.7394236352977936E+023
   3.0565000000000002E-003   1.7726693411719770E+023
   3.0250899999999998E-003   1.8063159081265013E+023
   2.9933799999999999E-003   1.8403638122722363E+023
   2.9613700000000001E-003   1.8748134180724064E+023
   2.9290499999999999E-003   1.9096649001354220E+023
   2.8963999999999999E-003   1.9449182962637137E+023
   2.8634300000000001E-003   1.9805736184711964E+023
   2.8301099999999998E-003   2.0166304563344271E+023
   2.7964299999999999E-003   2.0530882209709452E+023
   2.7623900000000000E-003   2.0899464039430282E+023
   2.7279600000000002E-003   2.1272038701873190E+023
   2.6931500000000001E-003   2.1648594005441263E+023
   2.6579199999999998E-003   2.2029116148498766E+023
   2.6222699999999999E-003   2.2413584090659362E+023
   2.5861800000000000E-003   2.2801978609976115E+023
   2.5496300000000002E-003   2.3194274087678616E+023
   2.5125999999999998E-003   2.3590440757860914E+023
   2.4750699999999998E-003   2.3990446367308104E+023
   2.4370199999999998E-003   2.4394253587967781E+023
   2.3984300000000000E-003   2.4801819696798637E+023
   2.3592600000000002E-003   2.5213096636714741E+023
   2.3194900000000000E-003   2.5627725124385315E+023
   2.2791000000000000E-003   2.6048100873265153E+023
   2.2380299999999998E-003   2.6472011592518630E+023
   2.1962700000000002E-003   2.6899381760497970E+023
   2.1537700000000002E-003   2.7330132227371956E+023
   2.1104900000000000E-003   2.7764169133274403E+023
   2.0663700000000001E-003   2.8200832354491804E+023
   2.0213700000000002E-003   2.8642826424495456E+023
   1.9754199999999999E-003   2.9087953610889200E+023
   1.9284500000000000E-003   2.9535446969338347E+023
   1.8807299999999999E-003   2.9988444592706219E+023
   1.8311800000000000E-003   3.0444071772791398E+023
   1.7807000000000001E-003   3.0900807626888963E+023
   1.7288300000000000E-003   3.1268159085277009E+023
   1.6892400000000001E-003   3.1632504902433627E+023
   1.6481600000000001E-003   3.2165572151566554E+023
   1.5708000000000000E-003   3.2590454803631296E+023
   1.5274700000000000E-003   3.2969058401436391E+023
   1.4820499999999999E-003   3.3538192810642434E+023
   1.3879000000000001E-003   3.4064422558334846E+023
   1.3229100000000001E-003   3.4545451853423007E+023
   1.2551200000000000E-003   3.4982375536296648E+023
   1.1802500000000001E-003   3.5486779382726533E+023
   1.1005300000000000E-003   3.5939452478515155E+023
   1.0087500000000001E-003   3.6497160586390333E+023
   8.9930000000000001E-004   3.7141757145167046E+023
   7.0638999999999999E-004   3.7581926137513936E+023
   5.6780999999999997E-004   3.7996464547527827E+023
   4.8412999999999999E-004   3.8206487906923190E+023
   3.8296000000000001E-004   3.8270589483203821E+023
   3.1385000000000001E-004   3.8468679657841031E+023
   2.5071000000000002E-004   3.8367044246862550E+023
   2.0164000000000000E-004   3.8573915583164659E+023
   1.6417000000000000E-004   3.8544241266296322E+023
   1.3642999999999999E-004   3.8638174030769195E+023
   1.1689000000000000E-004   3.8622388004922986E+023
   1.0404000000000000E-004   3.8668184757087016E+023
   8.6870000000000000E-005   3.8685368448869172E+023
   6.8940000000000001E-005   3.8690123673212081E+023
   5.4719999999999998E-005   3.8715422094354310E+023
   4.3430000000000003E-005   3.8719446233306492E+023
   3.4470000000000000E-005   3.8721015116263113E+023
   2.7359999999999999E-005   3.8731606579927587E+023
   2.1710000000000001E-005   3.8732487405665578E+023
   1.7229999999999999E-005   3.8737501404278019E+023
   1.3679999999999999E-005   3.8742436740702677E+023
