   9.0372899999999999E-003   287208726672686.50     
   9.0371500000000007E-003   439257317414112.06     
   9.0370899999999994E-003   539828591974144.06     
   9.0370499999999996E-003   620055814325251.38     
   9.0370199999999998E-003   688649704599574.00     
   9.0369900000000000E-003   749527695447959.75     
   9.0369700000000001E-003   804746085467243.38     
   9.0369500000000002E-003   855655251451759.62     
   9.0369400000000003E-003   903023662772220.12     
   9.0369200000000004E-003   947534783386206.50     
   9.0369000000000005E-003   989673855422704.38     
   9.0368900000000005E-003   1029717062782556.4     
   9.0368800000000006E-003   1067928866075136.1     
   9.0368700000000007E-003   1104575360643901.5     
   9.0368500000000008E-003   1139855994593330.8     
   9.0368400000000008E-003   1173906599077840.0     
   9.0368299999999992E-003   1206831434580061.5     
   9.0368199999999992E-003   1238726988700364.5     
   9.0368099999999993E-003   1269689125158179.0     
   9.0367999999999993E-003   1299809440596050.5     
   9.0367999999999993E-003   1336410101987281.2     
   9.0367799999999995E-003   1378913274290919.2     
   9.0367699999999995E-003   1420016113245776.2     
   9.0367599999999996E-003   1459822191801438.2     
   9.0367499999999996E-003   1492069111753628.2     
   9.0367399999999997E-003   1517320869562944.8     
   9.0367299999999998E-003   1542114058701477.0     
   9.0367299999999998E-003   1566477903818872.0     
   9.0367199999999998E-003   1596373653909714.5     
   9.0367099999999999E-003   1631464294233901.8     
   9.0366999999999999E-003   1665764950481154.8     
   9.0366900000000000E-003   1699323945639202.5     
   9.0366800000000001E-003   1726748153663869.0     
   9.0366800000000001E-003   1748356982149862.0     
   9.0366700000000001E-003   1769678929327709.0     
   9.0366700000000001E-003   1790725371940186.2     
   9.0366600000000002E-003   1821811124171416.0     
   9.0366500000000002E-003   1852312317296039.8     
   9.0366400000000003E-003   1872354965065833.8     
   9.0366400000000003E-003   1902002160965962.0     
   9.0366300000000004E-003   1940767348815637.2     
   9.0366200000000004E-003   1978724883265055.0     
   9.0366100000000005E-003   2015924476253400.2     
   9.0366000000000005E-003   2043345683799293.0     
   9.0366000000000005E-003   2061413990636922.8     
   9.0365900000000006E-003   2079313452502959.5     
   9.0365900000000006E-003   2097048128149029.8     
   9.0365800000000007E-003   2123356031465433.5     
   9.0365700000000007E-003   2157881837688921.8     
   9.0365700000000007E-003   2191813924949586.5     
   9.0365600000000008E-003   2225181949627199.8     
   9.0365500000000008E-003   2263441320663254.5     
   9.0365399999999992E-003   2306320818782602.0     
   9.0365299999999992E-003   2348359283664033.5     
   9.0365199999999993E-003   2389607160190898.5     
   9.0365099999999993E-003   2430110627229386.0     
   9.0364999999999994E-003   2469907712503506.5     
   9.0364899999999995E-003   2509035823410883.5     
   9.0364799999999995E-003   2547523108443588.5     
   9.0364699999999996E-003   2590090087060683.0     
   9.0364599999999996E-003   2636507507799120.0     
   9.0364499999999997E-003   2682043679547583.0     
   9.0364399999999998E-003   2715638399171406.5     
   9.0364299999999998E-003   2737789114800216.5     
   9.0364299999999998E-003   2770662699556075.5     
   9.0364199999999999E-003   2813842730504878.5     
   9.0364099999999999E-003   2856328666786226.0     
   9.0364000000000000E-003   2898157986183163.0     
   9.0363900000000000E-003   2939360434270111.0     
   9.0363800000000001E-003   2979963939586823.5     
   9.0363700000000002E-003   3019994451921192.5     
   9.0363600000000002E-003   3059475972176789.0     
   9.0363500000000003E-003   3098430207779644.0     
   9.0363500000000003E-003   3136873089801681.5     
   9.0363400000000003E-003   3193629819157120.0     
   9.0363200000000005E-003   3258456213660200.0     
   9.0363100000000005E-003   3312921331460293.0     
   9.0363000000000006E-003   3366422540008418.0     
   9.0362800000000007E-003   3405945209665387.5     
   9.0362800000000007E-003   3432029793014418.0     
   9.0362700000000008E-003   3470777877427530.0     
   9.0362600000000008E-003   3521738366735236.0     
   9.0362499999999991E-003   3596816605861895.0     
   9.0362299999999993E-003   3670285173393284.5     
   9.0362199999999993E-003   3718485324679454.0     
   9.0362099999999994E-003   3766085095220662.0     
   9.0361999999999994E-003   3813105051949769.0     
   9.0361899999999995E-003   3859557693380460.0     
   9.0361799999999996E-003   3905454922060174.0     
   9.0361699999999996E-003   3950808286011850.0     
   9.0361599999999997E-003   3995630616362849.0     
   9.0361499999999997E-003   4047278661573099.0     
   9.0361399999999998E-003   4105465879211925.0     
   9.0361199999999999E-003   4191197068646971.5     
   9.0361000000000000E-003   4275013904591152.5     
   9.0360900000000001E-003   4329949186254558.0     
   9.0360800000000002E-003   4384151834376853.0     
   9.0360600000000003E-003   4437657724121233.5     
   9.0360500000000003E-003   4497069338045460.0     
   9.0360400000000004E-003   4562144027064408.0     
   9.0360300000000005E-003   4626292070998037.0     
   9.0360100000000006E-003   4689557523656827.0     
   9.0360000000000006E-003   4751983101410318.0     
   9.0359900000000007E-003   4813609150609506.0     
   9.0359700000000008E-003   4904671381111999.0     
   9.0359499999999992E-003   4999923840193506.0     
   9.0359299999999993E-003   5070209552087342.0     
   9.0359199999999994E-003   5139513574673696.0     
   9.0359099999999994E-003   5207866798165014.0     
   9.0358899999999995E-003   5275303698124153.0     
   9.0358799999999996E-003   5341863861646489.0     
   9.0358699999999997E-003   5407579967292233.0     
   9.0358499999999998E-003   5472480074736804.0     
   9.0358399999999998E-003   5536587751765547.0     
   9.0358299999999999E-003   5599927176619460.0     
   9.0358100000000000E-003   5662532247620293.0     
   9.0358000000000001E-003   5724435994218234.0     
   9.0357900000000001E-003   5816091448306186.0     
   9.0357600000000003E-003   5936062203814640.0     
   9.0357400000000004E-003   6053705280640678.0     
   9.0357200000000006E-003   6169144073305982.0     
   9.0356900000000007E-003   6282500784773024.0     
   9.0356700000000009E-003   6393887320597108.0     
   9.0356499999999992E-003   6503384819002020.0     
   9.0356299999999994E-003   6611062984549870.0     
   9.0356099999999995E-003   6716987697787055.0     
   9.0355899999999996E-003   6821236696797522.0     
   9.0355699999999997E-003   6923895380630221.0     
   9.0355499999999998E-003   7025039324384220.0     
   9.0355300000000000E-003   7124731122977787.0     
   9.0355100000000001E-003   7223025761349024.0     
   9.0354900000000002E-003   7319991852040496.0     
   9.0354700000000003E-003   7415696680304694.0     
   9.0354500000000004E-003   7557122284673045.0     
   9.0354200000000006E-003   7741683103984393.0     
   9.0353800000000008E-003   7877282486383775.0     
   9.0353699999999992E-003   7966505932829251.0     
   9.0353499999999993E-003   8054783168433981.0     
   9.0353299999999994E-003   8142150396531742.0     
   9.0353199999999995E-003   8257315615519514.0     
   9.0352899999999996E-003   8399081061630282.0     
   9.0352599999999998E-003   8538554378497603.0     
   9.0352399999999999E-003   8641658132815628.0     
   9.0352300000000000E-003   8709751415604490.0     
   9.0352100000000001E-003   8810955273055877.0     
   9.0351900000000002E-003   8944059777638579.0     
   9.0351600000000004E-003   9075205673650548.0     
   9.0351400000000005E-003   9204458659540714.0     
   9.0351200000000007E-003   9331884160163530.0     
   9.0350900000000008E-003   9457567220341502.0     
   9.0350699999999992E-003   9643155540545176.0     
   9.0350299999999995E-003   9824977061536620.0     
   9.0349999999999996E-003   9944466048687234.0     
   9.0349799999999997E-003   10062562892481696.     
   9.0349599999999999E-003   10179317917119958.     
   9.0349400000000000E-003   10352173968151602.     
   9.0349000000000002E-003   10578256765274716.     
   9.0348600000000005E-003   10799802925619366.     
   9.0348200000000007E-003   11017064887354850.     
   9.0347799999999992E-003   11203769952631464.     
   9.0347499999999994E-003   11361480902496862.     
   9.0347299999999995E-003   11517088438989834.     
   9.0346999999999997E-003   11670668688334278.     
   9.0346699999999999E-003   11897581267686848.     
   9.0346200000000002E-003   12119933320765104.     
   9.0345900000000003E-003   12266094474344670.     
   9.0345700000000004E-003   12410581928492492.     
   9.0345400000000006E-003   12553458355159552.     
   9.0345200000000007E-003   12765051556153928.     
   9.0344699999999993E-003   13041815617818620.     
   9.0344199999999996E-003   13313021877940826.     
   9.0343799999999998E-003   13579010806013626.     
   9.0343300000000001E-003   13840105017413484.     
   9.0342900000000004E-003   14096583629461924.     
   9.0342400000000007E-003   14348681550786868.     
   9.0341999999999992E-003   14596609041392044.     
   9.0341599999999994E-003   14840571725022290.     
   9.0341199999999997E-003   15080762722347610.     
   9.0340799999999999E-003   15317363975539822.     
   9.0340400000000001E-003   15589187197520770.     
   9.0339900000000004E-003   15894371019622912.     
   9.0339400000000007E-003   16194184287523170.     
   9.0338899999999993E-003   16488940009738618.     
   9.0338399999999996E-003   16778869863403626.     
   9.0337999999999998E-003   16993132216681638.     
   9.0337700000000000E-003   17134662296847608.     
   9.0337500000000001E-003   17345048467879586.     
   9.0337100000000004E-003   17621712345894462.     
   9.0336600000000006E-003   17894359674986556.     
   9.0336199999999992E-003   18163168059919980.     
   9.0335799999999994E-003   18494207189061956.     
   9.0335099999999998E-003   18884015947239900.     
   9.0334500000000002E-003   19171231633842144.     
   9.0334200000000003E-003   19454882112746256.     
   9.0333600000000007E-003   19734241130294304.     
   9.0333299999999991E-003   19949170249178464.     
   9.0332899999999994E-003   20192102473972564.     
   9.0332599999999996E-003   20432327173761484.     
   9.0332199999999998E-003   20669952046716440.     
   9.0331800000000000E-003   21022050149805208.     
   9.0331100000000004E-003   21368188522094460.     
   9.0330700000000007E-003   21596299522886248.     
   9.0330400000000009E-003   21878462556730744.     
   9.0329899999999994E-003   22212542730977516.     
   9.0329399999999997E-003   22705766369835780.     
   9.0328400000000003E-003   23188239890933028.     
   9.0327900000000006E-003   23505211257389772.     
   9.0327399999999992E-003   23818304161663364.     
   9.0326899999999995E-003   24127646344771076.     
   9.0326499999999997E-003   24585417752451316.     
   9.0325600000000002E-003   25183272046465640.     
   9.0324700000000008E-003   25671458805411284.     
   9.0324099999999994E-003   26056272337463240.     
   9.0323599999999997E-003   26483262085338608.     
   9.0322900000000001E-003   26950381340655252.     
   9.0322200000000005E-003   27410315589968512.     
   9.0321499999999992E-003   27863376061695600.     
   9.0320899999999996E-003   28420859580849496.     
   9.0319900000000002E-003   28913432102201864.     
   9.0319400000000005E-003   29237974621683780.     
   9.0319000000000007E-003   29559316541500956.     
   9.0318499999999993E-003   29877560129855716.     
   9.0318099999999995E-003   30349751607446072.     
   9.0317200000000000E-003   30968684612766440.     
   9.0316300000000006E-003   31576669585060824.     
   9.0315399999999994E-003   32174293686669676.     
   9.0314599999999998E-003   32762093137889096.     
   9.0313800000000003E-003   33436441621861984.     
   9.0312699999999992E-003   34192087187553196.     
   9.0311699999999998E-003   34840957529539692.     
   9.0310900000000003E-003   35389011261608388.     
   9.0310200000000007E-003   35929665970258640.     
   9.0309399999999995E-003   36463217845256336.     
   9.0308699999999999E-003   37077361455301272.     
   9.0307800000000004E-003   37768090183530896.     
   9.0306899999999992E-003   38447794971502376.     
   9.0305899999999998E-003   39116975751665672.     
   9.0305100000000003E-003   39776086813732272.     
   9.0304200000000008E-003   40425583951117472.     
   9.0303299999999996E-003   41065926861513824.     
   9.0302500000000001E-003   41697533835597200.     
   9.0301700000000006E-003   42320777576305464.     
   9.0300799999999994E-003   42935998588220336.     
   9.0299999999999998E-003   43694748996829368.     
   9.0298900000000005E-003   44589625423381576.     
   9.0297699999999995E-003   45323058166307816.     
   9.0296999999999999E-003   45902774232331936.     
   9.0296200000000004E-003   46476148617566248.     
   9.0295500000000008E-003   47043388747544832.     
   9.0294799999999995E-003   47884149786532544.     
   9.0293400000000003E-003   48984195288748448.     
   9.0291999999999994E-003   49794330815118272.     
   9.0291299999999998E-003   50328589346084968.     
   9.0290600000000002E-003   50989772629309232.     
   9.0289600000000008E-003   51772902986213616.     
   9.0288699999999996E-003   52545736517792672.     
   9.0287700000000002E-003   53308748065402608.     
   9.0286800000000007E-003   54187490838072256.     
   9.0285499999999998E-003   55176390545896032.     
   9.0284300000000005E-003   55907412800834712.     
   9.0283700000000008E-003   56390586252179664.     
   9.0283199999999994E-003   57109269104015720.     
   9.0282000000000001E-003   58054674900533824.     
   9.0280900000000008E-003   58986932484287592.     
   9.0279699999999997E-003   59906606322930248.     
   9.0278600000000004E-003   61265652258072576.     
   9.0276499999999999E-003   63035294399472168.     
   9.0274399999999994E-003   64332913109563336.     
   9.0273400000000000E-003   65186688842608104.     
   9.0272400000000006E-003   66030892290481304.     
   9.0271399999999995E-003   66865852237327752.     
   9.0270500000000000E-003   67897662131481264.     
   9.0268999999999992E-003   69117377733421640.     
   9.0267600000000000E-003   70119083140563264.     
   9.0266700000000005E-003   70912035702568728.     
   9.0265799999999993E-003   71893115977904992.     
   9.0264400000000002E-003   73054757393655424.     
   9.0263099999999992E-003   74200834448031856.     
   9.0261800000000000E-003   75332080714645552.     
   9.0260500000000007E-003   76449040689975008.     
   9.0259299999999997E-003   77552181586858096.     
   9.0258100000000004E-003   78641959046946992.     
   9.0256799999999995E-003   79718822381375392.     
   9.0255700000000001E-003   80783260643760000.     
   9.0254500000000008E-003   81835767222869920.     
   9.0253299999999998E-003   83049743153945056.     
   9.0251800000000007E-003   84418190053109136.     
   9.0250299999999999E-003   85431320103833488.     
   9.0249600000000003E-003   86101609013131264.     
   9.0248800000000007E-003   87247227106514528.     
   9.0247100000000000E-003   88849668922395136.     
   9.0245299999999994E-003   90105928322204544.     
   9.0244300000000000E-003   91030320826256256.     
   9.0243300000000005E-003   92175218726019776.     
   9.0241899999999996E-003   93532517903667440.     
   9.0240400000000005E-003   94873245028253632.     
   9.0238999999999996E-003   96198077823803280.     
   9.0237600000000005E-003   97725143085299872.     
   9.0235799999999998E-003   99444982224015024.     
   9.0234000000000009E-003   1.0071717288052573E+017
   9.0233099999999997E-003   1.0155847380836779E+017
   9.0232200000000002E-003   1.0281046775873962E+017
   9.0230399999999995E-003   1.0445836047767992E+017
   9.0228700000000005E-003   1.0608440999804797E+017
   9.0227099999999998E-003   1.0768955423992038E+017
   9.0225400000000008E-003   1.0927464558144048E+017
   9.0223800000000000E-003   1.1084045789446082E+017
   9.0222199999999992E-003   1.1238769989289707E+017
   9.0220600000000001E-003   1.1391701832817070E+017
   9.0219099999999993E-003   1.1542902388332509E+017
   9.0217600000000002E-003   1.1692430314672802E+017
   9.0216099999999994E-003   1.1877210938778419E+017
   9.0213800000000007E-003   1.2095636760905099E+017
   9.0211700000000002E-003   1.2272196417650390E+017
   9.0210199999999994E-003   1.2410542693990118E+017
   9.0208800000000002E-003   1.2546272908248989E+017
   9.0207499999999993E-003   1.2679560184869158E+017
   9.0206100000000001E-003   1.2843206719537171E+017
   9.0204099999999995E-003   1.3034931863017659E+017
   9.0202100000000007E-003   1.3222276885995635E+017
   9.0200100000000002E-003   1.3405576977306434E+017
   9.0198199999999996E-003   1.3585123088366538E+017
   9.0196400000000006E-003   1.3761169554167118E+017
   9.0194500000000000E-003   1.3905229519546506E+017
   9.0193300000000007E-003   1.4019028942920197E+017
   9.0192099999999997E-003   1.4187546588055949E+017
   9.0189799999999994E-003   1.4407491408182896E+017
   9.0187500000000007E-003   1.4595984672943267E+017
   9.0185800000000000E-003   1.4755007911040541E+017
   9.0184099999999993E-003   1.4911698926204490E+017
   9.0182500000000002E-003   1.5066168568349126E+017
   9.0180899999999994E-003   1.5243818627220275E+017
   9.0178800000000007E-003   1.5443373749314579E+017
   9.0176700000000002E-003   1.5639549309972230E+017
   9.0174699999999997E-003   1.5832523132748349E+017
   9.0172700000000008E-003   1.6022456883406416E+017
   9.0170700000000003E-003   1.6209497278977030E+017
   9.0168799999999997E-003   1.6393779358199082E+017
   9.0166900000000008E-003   1.6575426908961978E+017
   9.0165000000000002E-003   1.6754554989785050E+017
   9.0163199999999995E-003   1.6931270990242963E+017
   9.0161400000000006E-003   1.7105676156027478E+017
   9.0159599999999999E-003   1.7277865348041955E+017
   9.0157899999999992E-003   1.7490267786219578E+017
   9.0155400000000007E-003   1.7740802298090778E+017
   9.0152900000000005E-003   1.7946152744001363E+017
   9.0151199999999997E-003   1.8108477227562867E+017
   9.0149600000000007E-003   1.8269036876671114E+017
   9.0147999999999999E-003   1.8427890897065859E+017
   9.0146400000000008E-003   1.8663354555650118E+017
   9.0143399999999992E-003   1.8971463289680186E+017
   9.0140399999999992E-003   1.9198411483561894E+017
   9.0138900000000001E-003   1.9348083369611290E+017
   9.0137499999999992E-003   1.9570226371824662E+017
   9.0134599999999992E-003   1.9861516835887264E+017
   9.0131800000000008E-003   2.0076494074773222E+017
   9.0130499999999999E-003   2.0218424968481731E+017
   9.0129100000000007E-003   2.0429301568202230E+017
   9.0126500000000005E-003   2.0706297187403011E+017
   9.0123900000000003E-003   2.0978995884495923E+017
   9.0121300000000001E-003   2.1247602241397171E+017
   9.0118899999999998E-003   2.1525666632198112E+017
   9.0116199999999997E-003   2.1890597575783475E+017
   9.0112100000000004E-003   2.2260914035587014E+017
   9.0109400000000003E-003   2.2487300142952474E+017
   9.0107999999999994E-003   2.2711402677136982E+017
   9.0105299999999992E-003   2.3006081345560662E+017
   9.0102700000000008E-003   2.3296466747175370E+017
   9.0100100000000006E-003   2.3582736854071398E+017
   9.0097600000000003E-003   2.3935252133393501E+017
   9.0093900000000008E-003   2.4350302405489910E+017
   9.0090299999999995E-003   2.4824796806125069E+017
   9.0085700000000005E-003   2.5354482106403606E+017
   9.0081199999999997E-003   2.5743333222234323E+017
   9.0078999999999992E-003   2.5999199111892538E+017
   9.0076900000000005E-003   2.6252281086337024E+017
   9.0074700000000001E-003   2.6502669434478349E+017
   9.0072699999999995E-003   2.6781299192592832E+017
   9.0070099999999993E-003   2.7087077204315494E+017
   9.0067600000000008E-003   2.7389049575356480E+017
   9.0065100000000006E-003   2.7687344682379987E+017
   9.0062700000000002E-003   2.8070043411390275E+017
   9.0058900000000008E-003   2.8532906035550090E+017
   9.0055199999999995E-003   2.9043945165293254E+017
   9.0050700000000004E-003   2.9600072008099558E+017
   9.0046399999999995E-003   3.0203326519789875E+017
   9.0041199999999991E-003   3.0850373100271386E+017
   9.0036300000000003E-003   3.1325739503646906E+017
   9.0033900000000000E-003   3.1638606281310899E+017
   9.0031499999999997E-003   3.2153229702199846E+017
   9.0026099999999994E-003   3.2858209198947174E+017
   9.0020900000000008E-003   3.3498206247699526E+017
   9.0016599999999999E-003   3.4077493958329190E+017
   9.0012400000000006E-003   3.4740366473391450E+017
   9.0006900000000004E-003   3.5481265873267456E+017
   9.0001700000000000E-003   3.6205896796727354E+017
   8.9996599999999996E-003   3.6915325943606208E+017
   8.9991700000000008E-003   3.7437649386441843E+017
   8.9989300000000005E-003   3.7781827747070650E+017
   8.9986900000000002E-003   3.8207547336829037E+017
   8.9983400000000005E-003   3.8711677491622995E+017
   8.9980000000000008E-003   3.9373557229737101E+017
   8.9974400000000006E-003   4.0184129048133344E+017
   8.9969000000000004E-003   4.0940965262271667E+017
   8.9964299999999997E-003   4.1647376988230528E+017
   8.9959700000000007E-003   4.2346515576470413E+017
   8.9955100000000000E-003   4.3038784077534643E+017
   8.9950700000000008E-003   4.3832270703003469E+017
   8.9944900000000008E-003   4.4720912689725370E+017
   8.9939400000000006E-003   4.5591627102127206E+017
   8.9934000000000004E-003   4.6445480607652595E+017
   8.9928800000000000E-003   4.7283420292419443E+017
   8.9923699999999995E-003   4.8106302245064096E+017
   8.9918700000000008E-003   4.8764126944412653E+017
   8.9915700000000008E-003   4.9264168331563507E+017
   8.9912700000000009E-003   4.9759044206612192E+017
   8.9909800000000008E-003   5.0248919221107706E+017
   8.9906900000000008E-003   5.0975066120661888E+017
   8.9901200000000007E-003   5.1926661900814234E+017
   8.9895700000000005E-003   5.2953559086584480E+017
   8.9889400000000008E-003   5.4051128817142822E+017
   8.9883199999999993E-003   5.5078078703041261E+017
   8.9877700000000008E-003   5.6038520330511187E+017
   8.9872400000000005E-003   5.7099804030937363E+017
   8.9866000000000008E-003   5.8255975581590298E+017
   8.9859699999999994E-003   5.9389537206844339E+017
   8.9853699999999995E-003   6.0501811571983987E+017
   8.9847799999999995E-003   6.1325412668252109E+017
   8.9844899999999995E-003   6.2144552278612365E+017
   8.9839199999999994E-003   6.2952517034852083E+017
   8.9836399999999993E-003   6.3594540754606221E+017
   8.9832499999999999E-003   6.4337650964178611E+017
   8.9828700000000004E-003   6.5072407690798950E+017
   8.9824899999999992E-003   6.5799103609908659E+017
   8.9821299999999996E-003   6.6773216299510221E+017
   8.9815099999999998E-003   6.7983772367299891E+017
   8.9809099999999999E-003   6.9184247762562214E+017
   8.9803100000000000E-003   7.0375154385066330E+017
   8.9797399999999999E-003   7.1740457050216333E+017
   8.9789899999999992E-003   7.3270298047477542E+017
   8.9782600000000001E-003   7.4400758598132083E+017
   8.9779000000000005E-003   7.5150008762274112E+017
   8.9775500000000008E-003   7.6267577300559168E+017
   8.9768599999999997E-003   7.7737621538769805E+017
   8.9761800000000003E-003   7.9184878569039603E+017
   8.9755200000000007E-003   8.0610550848863910E+017
   8.9748799999999993E-003   8.2198166960791910E+017
   8.9740900000000005E-003   8.3938712344653594E+017
   8.9733299999999998E-003   8.5655012561250675E+017
   8.9725800000000008E-003   8.7348558583162726E+017
   8.9718500000000000E-003   8.9017710381676250E+017
   8.9711400000000007E-003   9.0663772700889178E+017
   8.9704499999999996E-003   9.1969255299116787E+017
   8.9700300000000004E-003   9.2948059433412442E+017
   8.9696299999999993E-003   9.3917395842554189E+017
   8.9692299999999999E-003   9.4877587053238464E+017
   8.9688300000000006E-003   9.6312979343861786E+017
   8.9680500000000000E-003   9.8203983790777446E+017
   8.9672899999999993E-003   1.0023063896773216E+018
   8.9664199999999993E-003   1.0238547545256549E+018
   8.9655800000000008E-003   1.0451609044258847E+018
   8.9647400000000006E-003   1.0662407100352443E+018
   8.9639400000000001E-003   1.0826183823795598E+018
   8.9634799999999994E-003   1.0944882546359389E+018
   8.9630300000000003E-003   1.1062975555867286E+018
   8.9625899999999994E-003   1.1180491908963474E+018
   8.9621500000000003E-003   1.1326676195071789E+018
   8.9615000000000007E-003   1.1500577620032298E+018
   8.9608599999999993E-003   1.1703238962643341E+018
   8.9600099999999992E-003   1.1933417458214595E+018
   8.9591900000000006E-003   1.2161444044882061E+018
   8.9583800000000002E-003   1.2387454508041572E+018
   8.9575899999999996E-003   1.2555224005828731E+018
   8.9572000000000002E-003   1.2666712720770578E+018
   8.9568100000000008E-003   1.2792736969657508E+018
   8.9563300000000002E-003   1.2932943356028429E+018
   8.9558499999999996E-003   1.3142196803934574E+018
   8.9549100000000000E-003   1.3417801405383142E+018
   8.9539900000000002E-003   1.3622075852723259E+018
   8.9535399999999994E-003   1.3757675153632735E+018
   8.9531000000000003E-003   1.3907631117388841E+018
   8.9525600000000000E-003   1.4071563292626363E+018
   8.9520299999999997E-003   1.4233936966784305E+018
   8.9515099999999993E-003   1.4394797269763955E+018
   8.9509900000000007E-003   1.4556581582550298E+018
   8.9504700000000003E-003   1.4719265523932795E+018
   8.9499599999999999E-003   1.4962468629624320E+018
   8.9489500000000007E-003   1.5282984951633185E+018
   8.9479699999999995E-003   1.5520692402242529E+018
   8.9474800000000007E-003   1.5678735499594145E+018
   8.9470100000000000E-003   1.5851373758618542E+018
   8.9464399999999999E-003   1.6038219267846845E+018
   8.9458799999999998E-003   1.6223280169719365E+018
   8.9453299999999996E-003   1.6500448803454523E+018
   8.9442399999999991E-003   1.6776613167822449E+018
   8.9437000000000006E-003   1.6960482594423150E+018
   8.9431700000000003E-003   1.7142721341255488E+018
   8.9426499999999999E-003   1.7391727241500733E+018
   8.9417500000000000E-003   1.7705209431214961E+018
   8.9408700000000001E-003   1.8019292699627945E+018
   8.9399800000000001E-003   1.8333992875409528E+018
   8.9391100000000001E-003   1.8634732750831447E+018
   8.9383199999999996E-003   1.8922084184523610E+018
   8.9375400000000008E-003   1.9155776243783519E+018
   8.9370500000000002E-003   1.9337353853828564E+018
   8.9365699999999996E-003   1.9625790868145459E+018
   8.9355200000000006E-003   2.0017561794260823E+018
   8.9344999999999997E-003   2.0324346262184481E+018
   8.9339099999999998E-003   2.0549069269999526E+018
   8.9333299999999997E-003   2.0876766061647555E+018
   8.9322299999999993E-003   2.1303991644692022E+018
   8.9311600000000005E-003   2.1757347114965650E+018
   8.9299500000000007E-003   2.2235773382821330E+018
   8.9287900000000007E-003   2.2608301173737600E+018
   8.9281299999999994E-003   2.2878661390291827E+018
   8.9274799999999998E-003   2.3149261100150610E+018
   8.9268300000000002E-003   2.3420113344504453E+018
   8.9261800000000006E-003   2.3792904101983959E+018
   8.9250700000000002E-003   2.4264416239837220E+018
   8.9239799999999998E-003   2.4677187550018934E+018
   8.9231499999999995E-003   2.5033268012365568E+018
   8.9223500000000008E-003   2.5362425689852104E+018
   8.9216599999999997E-003   2.5815821414922568E+018
   8.9203200000000007E-003   2.6440957030370309E+018
   8.9188900000000005E-003   2.6924802290570522E+018
   8.9181899999999995E-003   2.7244005900915441E+018
   8.9175100000000000E-003   2.7719236275943281E+018
   8.9161599999999994E-003   2.8345459550279081E+018
   8.9148600000000001E-003   2.8945396134991196E+018
   8.9136600000000003E-003   2.9435444265561503E+018
   8.9128200000000001E-003   2.9833490756122839E+018
   8.9119899999999998E-003   3.0400335797496361E+018
   8.9104200000000005E-003   3.1121904941668193E+018
   8.9089000000000008E-003   3.1846237823212498E+018
   8.9073399999999997E-003   3.2587099828748032E+018
   8.9058200000000001E-003   3.3262843904038943E+018
   8.9046300000000002E-003   3.3873422036141189E+018
   8.9034600000000002E-003   3.4629086918747023E+018
   8.9017799999999998E-003   3.5299041845850445E+018
   8.9009599999999994E-003   3.5741065040275113E+018
   8.9001600000000007E-003   3.6357146715577472E+018
   8.8987300000000005E-003   3.7142244068749829E+018
   8.8973400000000001E-003   3.7752462330550139E+018
   8.8965599999999995E-003   3.8192771265199821E+018
   8.8957900000000006E-003   3.8752412507505905E+018
   8.8946100000000007E-003   3.9428487589391974E+018
   8.8934600000000006E-003   4.0287148429561984E+018
   8.8916900000000007E-003   4.1086486825038239E+018
   8.8907599999999993E-003   4.1725091502246323E+018
   8.8895699999999994E-003   4.2439985547261599E+018
   8.8884099999999994E-003   4.3315848326242376E+018
   8.8867300000000007E-003   4.4091182440025989E+018
   8.8859100000000003E-003   4.4603451810564639E+018
   8.8851099999999999E-003   4.5396602490892042E+018
   8.8834299999999995E-003   4.6197856676085023E+018
   8.8825999999999992E-003   4.6727336330355200E+018
   8.8817900000000005E-003   4.7305761343093842E+018
   8.8808299999999993E-003   4.7932164560363725E+018
   8.8798899999999997E-003   4.8730792586762127E+018
   8.8784399999999996E-003   4.9696897657831455E+018
   8.8770199999999994E-003   5.0507034103437445E+018
   8.8760499999999999E-003   5.1165477527563796E+018
   8.8751000000000003E-003   5.1824629443908680E+018
   8.8741500000000008E-003   5.2848087382105508E+018
   8.8721800000000003E-003   5.4218515363890309E+018
   8.8702799999999995E-003   5.5617224858525829E+018
   8.8683000000000008E-003   5.6688747195533742E+018
   8.8673299999999997E-003   5.7396025605261906E+018
   8.8663800000000001E-003   5.8497331600285553E+018
   8.8643799999999998E-003   5.9978843505081221E+018
   8.8624399999999992E-003   6.1489043370890527E+018
   8.8604200000000008E-003   6.2645015959652434E+018
   8.8594299999999997E-003   6.3406683268468787E+018
   8.8584600000000003E-003   6.4189226245704387E+018
   8.8574299999999995E-003   6.4991491558888387E+018
   8.8564100000000003E-003   6.5786205607901911E+018
   8.8554199999999993E-003   6.6573231356003400E+018
   8.8544299999999999E-003   6.7381108300782961E+018
   8.8533899999999992E-003   6.8208459329812429E+018
   8.8523700000000000E-003   6.9432455705113672E+018
   8.8503599999999998E-003   7.0665020634516746E+018
   8.8493100000000009E-003   7.1513792779271363E+018
   8.8482700000000001E-003   7.2352332426513183E+018
   8.8472499999999992E-003   7.3180634887842918E+018
   8.8462400000000000E-003   7.4031018896660388E+018
   8.8451699999999994E-003   7.4897539510799923E+018
   8.8441200000000005E-003   7.5751997409137254E+018
   8.8430899999999996E-003   7.6595190459558349E+018
   8.8420700000000005E-003   7.7457239464335196E+018
   8.8409900000000000E-003   7.8336390820753838E+018
   8.8399299999999993E-003   7.9202299563513180E+018
   8.8388800000000003E-003   8.0056029303826084E+018
   8.8378499999999995E-003   8.0927882204199301E+018
   8.8367600000000008E-003   8.1816317018237297E+018
   8.8356800000000003E-003   8.2690402659540582E+018
   8.8346199999999996E-003   8.3552038273763523E+018
   8.8335800000000006E-003   8.4431331095731384E+018
   8.8324700000000003E-003   8.5327798545528801E+018
   8.8313799999999998E-003   8.6209725195565599E+018
   8.8303099999999992E-003   8.7080286150889708E+018
   8.8292500000000003E-003   8.7969568472339640E+018
   8.8281399999999999E-003   8.8877576639569603E+018
   8.8270299999999996E-003   8.9772163164306647E+018
   8.8259500000000008E-003   9.0656752402490952E+018
   8.8248800000000002E-003   9.1561967359664476E+018
   8.8237500000000000E-003   9.2487950469031485E+018
   8.8226299999999997E-003   9.3402111761827471E+018
   8.8215399999999992E-003   9.4307718386310103E+018
   8.8204500000000005E-003   9.5237185306656461E+018
   8.8193100000000003E-003   9.6187100108030403E+018
   8.8181800000000001E-003   9.7120080113613783E+018
   8.8170699999999998E-003   9.8059357213923185E+018
   8.8159799999999993E-003   9.9538306311727288E+018
   8.8136800000000008E-003   1.0150716687267457E+019
   8.8114500000000002E-003   1.0298536485171030E+019
   8.8102800000000002E-003   1.0400980267104879E+019
   8.8091300000000001E-003   1.0502444307383974E+019
   8.8079999999999999E-003   1.0604805186169614E+019
   8.8068799999999996E-003   1.0766913742839611E+019
   8.8045299999999996E-003   1.0982260465682242E+019
   8.8022499999999993E-003   1.1143619785538695E+019
   8.8010499999999995E-003   1.1255932831604677E+019
   8.7998699999999996E-003   1.1423987466409482E+019
   8.7975699999999993E-003   1.1653356277690872E+019
   8.7951699999999997E-003   1.1827789288412217E+019
   8.7939899999999998E-003   1.1944825860779614E+019
   8.7928299999999997E-003   1.2130532670929601E+019
   8.7904000000000003E-003   1.2376455512034783E+019
   8.7880400000000004E-003   1.2624249550719115E+019
   8.7855799999999994E-003   1.2814105328435214E+019
   8.7843799999999996E-003   1.2940049206839511E+019
   8.7831999999999997E-003   1.3138117579280628E+019
   8.7807100000000006E-003   1.3403651294188702E+019
   8.7782899999999994E-003   1.3675040953856029E+019
   8.7757700000000004E-003   1.3952041257884729E+019
   8.7733199999999994E-003   1.4159984715978516E+019
   8.7720400000000000E-003   1.4304205924004190E+019
   8.7707700000000006E-003   1.4525533696059156E+019
   8.7682000000000003E-003   1.4818684526849458E+019
   8.7657099999999995E-003   1.5112554879502858E+019
   8.7631900000000006E-003   1.5417911784793870E+019
   8.7605700000000005E-003   1.5729495509148127E+019
   8.7580200000000000E-003   1.5963036098608497E+019
   8.7566899999999993E-003   1.6208194009180400E+019
   8.7540699999999992E-003   1.6490686535986330E+019
   8.7521000000000005E-003   1.6739050233731361E+019
   8.7500900000000003E-003   1.7032636414057452E+019
   8.7474700000000002E-003   1.7374627574647986E+019
   8.7447400000000008E-003   1.7676991167062714E+019
   8.7427300000000006E-003   1.7938496209203073E+019
   8.7406800000000007E-003   1.8209461350204439E+019
   8.7386200000000008E-003   1.8478316933922898E+019
   8.7366100000000006E-003   1.8740822849679950E+019
   8.7346500000000001E-003   1.8997027672336155E+019
   8.7327399999999993E-003   1.9227084259067752E+019
   8.7311699999999999E-003   1.9434206139610796E+019
   8.7296200000000004E-003   1.9656380758091342E+019
   8.7278600000000005E-003   1.9890443179079635E+019
   8.7261200000000004E-003   2.0125870908311941E+019
   8.7243200000000007E-003   2.0366016249774961E+019
   8.7225500000000008E-003   2.0660802536322216E+019
   8.7200100000000003E-003   2.0995203911383110E+019
   8.7175399999999993E-003   2.1272507217319916E+019
   8.7157399999999996E-003   2.1508341010370019E+019
   8.7139799999999996E-003   2.1802736118997242E+019
   8.7113899999999994E-003   2.2137304267384513E+019
   8.7088700000000005E-003   2.2415580610604491E+019
   8.7070099999999994E-003   2.2650185658968056E+019
   8.7051799999999999E-003   2.2881068381990920E+019
   8.7033400000000004E-003   2.3110278820897018E+019
   8.7015400000000007E-003   2.3389563566602068E+019
   8.6989300000000006E-003   2.3703780051689026E+019
   8.6964000000000000E-003   2.3987312795618128E+019
   8.6941299999999996E-003   2.4249215899631596E+019
   8.6919300000000005E-003   2.4505201577736593E+019
   8.6896700000000000E-003   2.4757908122737381E+019
   8.6874799999999992E-003   2.5028020826361610E+019
   8.6848600000000008E-003   2.5311952810846806E+019
   8.6823200000000003E-003   2.5589860133418623E+019
   8.6797100000000002E-003   2.5859841799597810E+019
   8.6771799999999996E-003   2.6079578400968212E+019
   8.6753400000000001E-003   2.6269118821399314E+019
   8.6735300000000005E-003   2.6542966159444107E+019
   8.6701999999999994E-003   2.6881271759812567E+019
   8.6669999999999994E-003   2.7152233568947311E+019
   8.6647800000000004E-003   2.7377417001399992E+019
   8.6626199999999993E-003   2.7606471495169868E+019
   8.6604300000000002E-003   2.7837135965100315E+019
   8.6582900000000008E-003   2.8189482540190470E+019
   8.6540100000000002E-003   2.8546566256302195E+019
   8.6518600000000008E-003   2.8791956219448607E+019
   8.6497699999999993E-003   2.9090050057150419E+019
   8.6468799999999992E-003   2.9351526564068295E+019
   8.6454700000000006E-003   2.9526333201741193E+019
   8.6440900000000001E-003   2.9802317787414749E+019
   8.6412099999999999E-003   3.0084154187814359E+019
   8.6397999999999996E-003   3.0323691810536272E+019
   8.6376999999999999E-003   3.0621031150079918E+019
   8.6355500000000005E-003   3.0874749577889944E+019
   8.6341500000000002E-003   3.1187303068419260E+019
   8.6313199999999996E-003   3.1508325383515611E+019
   8.6298899999999994E-003   3.1726856252863087E+019
   8.6284900000000008E-003   3.2005665929824473E+019
   8.6263799999999995E-003   3.2352459012658176E+019
   8.6242300000000001E-003   3.2648672820083999E+019
   8.6228199999999998E-003   3.2885877493514404E+019
   8.6214299999999994E-003   3.3258963280783311E+019
   8.6185299999999992E-003   3.3705349611698446E+019
   8.6164199999999996E-003   3.4029111303915799E+019
   8.6149899999999995E-003   3.4367036899833065E+019
   8.6128100000000003E-003   3.4847135161236009E+019
   8.6099799999999997E-003   3.5267094607491412E+019
   8.6084999999999998E-003   3.5633133604570182E+019
   8.6063100000000007E-003   3.6071385433313595E+019
   8.6041799999999995E-003   3.6602290371471766E+019
   8.6012099999999998E-003   3.7109722604761293E+019
   8.5993600000000003E-003   3.7504070117211709E+019
   8.5975600000000006E-003   3.7991410420948599E+019
   8.5949400000000006E-003   3.8566162161592033E+019
   8.5923800000000002E-003   3.9201808314827137E+019
   8.5893299999999992E-003   3.9720778268595905E+019
   8.5878299999999994E-003   4.0068187997496074E+019
   8.5863599999999995E-003   4.0661668212959191E+019
   8.5828499999999995E-003   4.1491741168295002E+019
   8.5794500000000006E-003   4.2145878204606833E+019
   8.5774800000000002E-003   4.2772312374911746E+019
   8.5743799999999995E-003   4.3610507265207919E+019
   8.5708199999999998E-003   4.4363164881018175E+019
   8.5684699999999999E-003   4.4927661235694330E+019
   8.5664299999999999E-003   4.5454808317659234E+019
   8.5644299999999996E-003   4.6106132465329857E+019
   8.5615499999999994E-003   4.6855674129198129E+019
   8.5587300000000005E-003   4.7570228830702567E+019
   8.5562399999999997E-003   4.8240703253805900E+019
   8.5537900000000004E-003   4.8814746366147510E+019
   8.5520900000000000E-003   4.9285480044919022E+019
   8.5504099999999996E-003   4.9973457397315256E+019
   8.5471799999999997E-003   5.0890073084239372E+019
   8.5440199999999994E-003   5.1573876071849869E+019
   8.5424000000000003E-003   5.2044957966443610E+019
   8.5407799999999996E-003   5.2624170881910776E+019
   8.5384699999999994E-003   5.3307133952810934E+019
   8.5361900000000008E-003   5.4187659974330417E+019
   8.5326199999999994E-003   5.5283432853189861E+019
   8.5290100000000001E-003   5.6476059768718279E+019
   8.5249499999999999E-003   5.7551293985616675E+019
   8.5221800000000007E-003   5.8446663344033972E+019
   8.5193600000000001E-003   5.9550442414742274E+019
   8.5153999999999994E-003   6.1025235117664903E+019
   8.5104299999999994E-003   6.2220874447329681E+019
   8.5082300000000003E-003   6.2958901793055130E+019
   8.5060699999999993E-003   6.3827649177179464E+019
   8.5031499999999993E-003   6.4846579404862349E+019
   8.5001499999999997E-003   6.5880930295802585E+019
   8.4971999999999999E-003   6.6931843336286470E+019
   8.4941600000000006E-003   6.8010486224092414E+019
   8.4910999999999997E-003   6.9092804753249640E+019
   8.4880800000000003E-003   7.0012780877472268E+019
   8.4859600000000007E-003   7.1146401520316064E+019
   8.4817899999999995E-003   7.2888402565076558E+019
   8.4764799999999998E-003   7.4557042579958956E+019
   8.4727499999999994E-003   7.5855089122389131E+019
   8.4694999999999996E-003   7.7088505479942504E+019
   8.4661900000000002E-003   7.8765870128811229E+019
   8.4606400000000002E-003   8.0515921595442463E+019
   8.4569999999999992E-003   8.1593307535728722E+019
   8.4550400000000005E-003   8.2820998909250093E+019
   8.4506900000000003E-003   8.4507351199801344E+019
   8.4464099999999997E-003   8.5807540636508324E+019
   8.4440599999999998E-003   8.6732527060117242E+019
   8.4417299999999997E-003   8.8095947167998870E+019
   8.4372200000000005E-003   8.9880502390756491E+019
   8.4328000000000007E-003   9.1137352759504454E+019
   8.4309599999999995E-003   9.1877994756080910E+019
   8.4291399999999999E-003   9.3133800007180927E+019
   8.4247899999999997E-003   9.4894548621420495E+019
   8.4205200000000008E-003   9.6211486057654534E+019
   8.4183100000000000E-003   9.7119854631649640E+019
   8.4161199999999992E-003   9.8404207398749569E+019
   8.4121300000000003E-003   1.0005793577675427E+020
   8.4081999999999994E-003   1.0146106617871103E+020
   8.4054400000000001E-003   1.0261965021239171E+020
   8.4027100000000007E-003   1.0394079579499472E+020
   8.3992100000000007E-003   1.0542138857324148E+020
   8.3957600000000004E-003   1.0710842811502263E+020
   8.3913500000000005E-003   1.0899572981419385E+020
   8.3870200000000002E-003   1.1073057507101942E+020
   8.3833399999999995E-003   1.1297229536661540E+020
   8.3767700000000004E-003   1.1505597436587136E+020
   8.3738500000000004E-003   1.1642315511641737E+020
   8.3706100000000006E-003   1.1786129210484687E+020
   8.3674000000000005E-003   1.2008156437021783E+020
   8.3607300000000002E-003   1.2306240250112608E+020
   8.3542100000000008E-003   1.2614217966121001E+020
   8.3472400000000006E-003   1.2931793173758429E+020
   8.3404399999999993E-003   1.3173308832141605E+020
   8.3367700000000003E-003   1.3343943327740482E+020
   8.3331399999999993E-003   1.3524540179713997E+020
   8.3290900000000008E-003   1.3714991706354424E+020
   8.3250900000000003E-003   1.3895690530197930E+020
   8.3214900000000008E-003   1.4066918719064803E+020
   8.3179299999999994E-003   1.4272499828614468E+020
   8.3129399999999996E-003   1.4511716374697935E+020
   8.3080299999999992E-003   1.4777006783099889E+020
   8.3020600000000000E-003   1.5067435460080579E+020
   8.2961900000000002E-003   1.5338825477239269E+020
   8.2910599999999994E-003   1.5592281331005876E+020
   8.2860000000000000E-003   1.5854866571722008E+020
   8.2805099999999996E-003   1.6102307194802192E+020
   8.2762200000000008E-003   1.6318509240812028E+020
   8.2719800000000000E-003   1.6609750549648333E+020
   8.2648200000000008E-003   1.6974163824125054E+020
   8.2578100000000008E-003   1.7318366609161762E+020
   8.2515699999999997E-003   1.7641683944085979E+020
   8.2454399999999997E-003   1.7943390997963509E+020
   8.2400100000000007E-003   1.8332812030740611E+020
   8.2307999999999999E-003   1.8676476856492088E+020
   8.2271400000000008E-003   1.8872372867584859E+020
   8.2235199999999998E-003   1.9164058859737743E+020
   8.2163700000000006E-003   1.9549505351176838E+020
   8.2093700000000006E-003   1.9861816816055688E+020
   8.2049800000000006E-003   2.0102647874038442E+020
   8.2006400000000004E-003   2.0385383438140840E+020
   8.1947900000000004E-003   2.0709232412053288E+020
   8.1890399999999999E-003   2.1068921251015259E+020
   8.1820000000000000E-003   2.1551862313334486E+020
   8.1720200000000003E-003   2.2039493284965738E+020
   8.1649300000000008E-003   2.2358437038761640E+020
   8.1609300000000003E-003   2.2718677169842255E+020
   8.1525299999999998E-003   2.3204364788289221E+020
   8.1443000000000002E-003   2.3572803886723603E+020
   8.1399799999999998E-003   2.3827556805134444E+020
   8.1356999999999992E-003   2.4080778246941789E+020
   8.1314600000000001E-003   2.4332629773909570E+020
   8.1272600000000007E-003   2.4724046359335230E+020
   8.1184499999999993E-003   2.5252109999106680E+020
   8.1098100000000003E-003   2.5791542668109994E+020
   8.1007800000000001E-003   2.6342126447002629E+020
   8.0919200000000007E-003   2.6760312957315170E+020
   8.0872700000000006E-003   2.7048894259371734E+020
   8.0826700000000001E-003   2.7335914188682805E+020
   8.0781099999999995E-003   2.7621407747628479E+020
   8.0736000000000002E-003   2.8065162522534615E+020
   8.0641199999999993E-003   2.8663617244349343E+020
   8.0548300000000007E-003   2.9116172572927092E+020
   8.0499500000000002E-003   2.9429789374050104E+020
   8.0451299999999993E-003   2.9741735429267522E+020
   8.0403400000000000E-003   3.0052035033470599E+020
   8.0356100000000003E-003   3.0534103555141521E+020
   8.0256700000000004E-003   3.1184544387258070E+020
   8.0159199999999993E-003   3.1847595512016011E+020
   8.0057400000000008E-003   3.2525692102627682E+020
   7.9957599999999993E-003   3.3040859978359708E+020
   7.9905199999999992E-003   3.3396204009773525E+020
   7.9853300000000006E-003   3.3749685754140230E+020
   7.9801899999999999E-003   3.4101399248184581E+020
   7.9751100000000005E-003   3.4647545396063437E+020
   7.9644299999999998E-003   3.5384481146500704E+020
   7.9539599999999995E-003   3.5941591782830827E+020
   7.9484699999999991E-003   3.6327658468480909E+020
   7.9430300000000002E-003   3.6711735465916681E+020
   7.9376499999999992E-003   3.7093848163864163E+020
   7.9323099999999997E-003   3.7687231198604650E+020
   7.9211300000000002E-003   3.8487971465313164E+020
   7.9101499999999995E-003   3.9305282473016197E+020
   7.8986999999999998E-003   4.0139972445407032E+020
   7.8874600000000007E-003   4.0774175366137119E+020
   7.8815699999999992E-003   4.1211501415500789E+020
   7.8757400000000009E-003   4.1646617891615402E+020
   7.8699600000000005E-003   4.2079623379721866E+020
   7.8642399999999998E-003   4.2751576378615693E+020
   7.8522399999999999E-003   4.3658403579126894E+020
   7.8404700000000004E-003   4.4344235009887712E+020
   7.8343000000000006E-003   4.4819107800617026E+020
   7.8281900000000005E-003   4.5526429262586728E+020
   7.8161399999999992E-003   4.6492050749608349E+020
   7.8035700000000001E-003   4.7232656059314654E+020
   7.7973799999999996E-003   4.7722281929101070E+020
   7.7912399999999996E-003   4.8482438246205044E+020
   7.7783899999999996E-003   4.9508437062937608E+020
   7.7657700000000000E-003   5.0284269820381535E+020
   7.7591600000000002E-003   5.0821550243896931E+020
   7.7526200000000000E-003   5.1497295352514026E+020
   7.7427099999999999E-003   5.2310876505343328E+020
   7.7329499999999997E-003   5.3134170350264438E+020
   7.7229300000000002E-003   5.3968969875260486E+020
   7.7130400000000000E-003   5.4823812039760151E+020
   7.7026899999999999E-003   5.5698035729447322E+020
   7.6924899999999997E-003   5.6583949465698671E+020
   7.6820200000000003E-003   5.7753365360102133E+020
   7.6654499999999999E-003   5.9012004353627947E+020
   7.6531300000000002E-003   6.0101613824698496E+020
   7.6406900000000003E-003   6.1209845645082716E+020
   7.6281400000000003E-003   6.2482901276453542E+020
   7.6122500000000001E-003   6.3773940781147475E+020
   7.5995200000000002E-003   6.4954197939019606E+020
   7.5863299999999996E-003   6.6164424106914100E+020
   7.5731399999999999E-003   6.7318414305642663E+020
   7.5613499999999997E-003   6.8388399459506441E+020
   7.5501300000000004E-003   6.9661214431955137E+020
   7.5341799999999997E-003   7.1028615554506031E+020
   7.5210499999999996E-003   7.2201404510233507E+020
   7.5093099999999999E-003   7.3398374573194766E+020
   7.4954300000000000E-003   7.4780400187437548E+020
   7.4802100000000002E-003   7.5980965210624203E+020
   7.4702199999999996E-003   7.7076295533862257E+020
   7.4561499999999999E-003   7.8459045400639033E+020
   7.4396100000000001E-003   7.9764737332162685E+020
   7.4236700000000003E-003   8.0988058676564014E+020
   7.4089200000000003E-003   8.1826074928789127E+020
   7.3947800000000001E-003   8.2443200536770052E+020
   7.3787999999999996E-003   8.2124646787452161E+020
   7.3724899999999998E-003   8.2857478324212846E+020
   7.3575600000000000E-003   8.1141248028737287E+020
   7.3380099999999998E-003   8.0697132719450738E+020
   7.3241399999999998E-003   7.7812921975339522E+020
   7.3107399999999996E-003   7.3009178906646466E+020
   7.2955199999999998E-003   7.0193978943148274E+020
   7.2815600000000003E-003   6.8406029296901476E+020
   7.2756299999999999E-003   6.5781407702133336E+020
   7.2697400000000002E-003   6.3287859134769712E+020
   7.2553699999999997E-003   6.1126255804980947E+020
   7.2496100000000001E-003   5.9895081890074028E+020
   7.2430200000000002E-003   5.7527807250819193E+020
   7.2378900000000003E-003   5.7376304239539500E+020
   7.2297600000000000E-003   5.6080137348676819E+020
   7.2245599999999997E-003   5.4319215280477209E+020
   7.2196800000000000E-003   5.3266860242021869E+020
   7.2152600000000002E-003   5.3540983307025043E+020
   7.2099900000000003E-003   5.1850154629792091E+020
   7.2041600000000003E-003   5.0506134143145207E+020
   7.1983699999999999E-003   5.0175295566922875E+020
   7.1948600000000000E-003   4.9908094422343444E+020
   7.1900699999999998E-003   4.9147638344430853E+020
   7.1876900000000001E-003   4.8793029183189837E+020
   7.1859000000000003E-003   4.8445398809942825E+020
   7.1817199999999999E-003   4.8249200820323870E+020
   7.1793300000000003E-003   4.8034343166774759E+020
   7.1760000000000001E-003   4.7765512417247632E+020
   7.1732799999999998E-003   4.7258576204619258E+020
   7.1672100000000002E-003   4.6674736003285326E+020
   7.1626700000000003E-003   4.6492873268824061E+020
   7.1575199999999997E-003   4.5876812665998986E+020
   7.1515099999999998E-003   4.5505270261199720E+020
   7.1467800000000001E-003   4.5237925715174680E+020
   7.1422700000000000E-003   4.4905844182937384E+020
   7.1379000000000000E-003   4.4716103630808069E+020
   7.1339300000000001E-003   4.4456905622712123E+020
   7.1288799999999998E-003   4.4269356091098123E+020
   7.1268000000000000E-003   4.4124372843657147E+020
   7.1226500000000003E-003   4.3936548970796024E+020
   7.1199000000000002E-003   4.3787311827929380E+020
   7.1157800000000004E-003   4.3653888066313834E+020
   7.1137300000000004E-003   4.3529725907421738E+020
   7.1097299999999999E-003   4.3375525906501606E+020
   7.1058299999999996E-003   4.3266103167583558E+020
   7.1038899999999999E-003   4.3183330765426799E+020
   7.1013600000000001E-003   4.3053976231165945E+020
   7.0963299999999997E-003   4.2894794945301604E+020
   7.0913199999999999E-003   4.2748787789909800E+020
   7.0863300000000001E-003   4.2648006983785782E+020
   7.0838500000000000E-003   4.2596133477093612E+020
   7.0819799999999999E-003   4.2528933695227829E+020
   7.0782700000000002E-003   4.2445247108770385E+020
   7.0746200000000002E-003   4.2369180828665787E+020
   7.0710299999999999E-003   4.2299616048726534E+020
   7.0675000000000000E-003   4.2236824757174868E+020
   7.0640299999999998E-003   4.2169222692645025E+020
   7.0594999999999998E-003   4.2112247993189224E+020
   7.0567000000000000E-003   4.2073210218884543E+020
   7.0539200000000000E-003   4.2027687529538670E+020
   7.0493300000000004E-003   4.1982537531037227E+020
   7.0457400000000000E-003   4.1949587969441530E+020
   7.0425599999999998E-003   4.1925190731422381E+020
   7.0398099999999996E-003   4.1897715110584733E+020
   7.0352000000000001E-003   4.1875378615442584E+020
   7.0303800000000001E-003   4.1836373171226273E+020
   7.0241699999999997E-003   4.1875278143805548E+020
   7.0212299999999998E-003   4.1839079447414833E+020
   7.0183099999999998E-003   4.1803614524951357E+020
   7.0139299999999998E-003   4.1884403569452797E+020
   7.0081299999999996E-003   4.1866394000924928E+020
   7.0052300000000003E-003   4.1837075525029475E+020
   7.0023500000000001E-003   4.1927970678602138E+020
   6.9978699999999998E-003   4.1934682674471875E+020
   6.9915999999999997E-003   4.1972940603337690E+020
   6.9879800000000004E-003   4.2013456831341337E+020
   6.9818299999999996E-003   4.2070148030413144E+020
   6.9757800000000000E-003   4.2093022785947369E+020
   6.9723299999999997E-003   4.2216738314807024E+020
   6.9701299999999997E-003   4.2208547493887259E+020
   6.9657199999999999E-003   4.2276926839707481E+020
   6.9603800000000004E-003   4.2340292346746228E+020
   6.9572400000000000E-003   4.2402530630959838E+020
   6.9522200000000003E-003   4.2464422518163453E+020
   6.9497099999999996E-003   4.2528532159727134E+020
   6.9448299999999999E-003   4.2638011082843108E+020
   6.9377099999999997E-003   4.2753509528141097E+020
   6.9328400000000000E-003   4.2852091164424831E+020
   6.9279800000000002E-003   4.2993521403574963E+020
   6.9196500000000003E-003   4.3134410734559802E+020
   6.9152099999999998E-003   4.3261520487633663E+020
   6.9078400000000002E-003   4.3429893292745916E+020
   6.9044700000000002E-003   4.3464999128524397E+020
   6.9024500000000001E-003   4.3529213571743023E+020
   6.8997700000000004E-003   4.3641413978515623E+020
   6.8938500000000000E-003   4.3798979703459172E+020
   6.8878799999999999E-003   4.3965248316681762E+020
   6.8810399999999997E-003   4.4160115956180799E+020
   6.8753599999999996E-003   4.4293057201377483E+020
   6.8710500000000001E-003   4.4456427155217606E+020
   6.8645199999999998E-003   4.4640158134526535E+020
   6.8591700000000004E-003   4.4773856528323471E+020
   6.8559900000000002E-003   4.4906908727898354E+020
   6.8499900000000002E-003   4.5096575669959138E+020
   6.8457300000000004E-003   4.5221790126605225E+020
   6.8414799999999996E-003   4.5413784295004504E+020
   6.8340700000000002E-003   4.5626360146460639E+020
   6.8298600000000001E-003   4.5802375676705558E+020
   6.8235700000000002E-003   4.6049126713146304E+020
   6.8159500000000003E-003   4.6295024167209134E+020
   6.8099800000000002E-003   4.6493941651378268E+020
   6.8052299999999998E-003   4.6689361688146156E+020
   6.7993100000000002E-003   4.6945427767917950E+020
   6.7924700000000001E-003   4.7205438798744178E+020
   6.7856599999999998E-003   4.7483065949251836E+020
   6.7785299999999996E-003   4.7760526468434749E+020
   6.7718800000000001E-003   4.8073717539333190E+020
   6.7632999999999999E-003   4.8408353996800891E+020
   6.7556600000000001E-003   4.8767556097746711E+020
   6.7468500000000004E-003   4.9136905753732206E+020
   6.7380900000000004E-003   4.9587126118827681E+020
   6.7270999999999997E-003   5.0072775951225540E+020
   6.7162000000000003E-003   5.0696830678472078E+020
   6.7000000000000002E-003   5.1517488177134980E+020
   6.6812199999999999E-003   5.2343713244849570E+020
   6.6655799999999999E-003   5.3115280205817473E+020
   6.6495699999999996E-003   5.3950918459153980E+020
   6.6321499999999999E-003   5.4856014266648822E+020
   6.6135400000000002E-003   5.5906513713089924E+020
   6.5910900000000000E-003   5.6916852233495845E+020
   6.5744599999999999E-003   5.7876677192562101E+020
   6.5545100000000004E-003   5.8925492396995825E+020
   6.5348100000000003E-003   5.9889694414810828E+020
   6.5184800000000001E-003   6.0618982387797066E+020
   6.5078100000000002E-003   6.1412718362687583E+020
   6.4893399999999997E-003   6.2230610134888704E+020
   6.4780200000000001E-003   6.3165355571225231E+020
   6.4556300000000004E-003   6.4248780192545414E+020
   6.4393300000000001E-003   6.5166406381881026E+020
   6.4231999999999996E-003   6.6002871471834176E+020
   6.4100499999999996E-003   6.6757624115593819E+020
   6.3969999999999999E-003   6.8017943641173026E+020
   6.3667300000000001E-003   6.9789851038282665E+020
   6.3369899999999998E-003   7.1088233682363023E+020
   6.3234099999999998E-003   7.2218805753476665E+020
   6.2997200000000000E-003   7.3256285041582788E+020
   6.2895499999999997E-003   7.4326897767588404E+020
   6.2651099999999999E-003   7.5846733588415473E+020
   6.2409900000000001E-003   7.7051704383569540E+020
   6.2270700000000003E-003   7.7938248390408182E+020
   6.2132600000000000E-003   7.9072687044237394E+020
   6.1918900000000002E-003   8.0456791333317745E+020
   6.1707699999999999E-003   8.1620308437003443E+020
   6.1565300000000003E-003   8.2561688163361830E+020
   6.1424100000000001E-003   8.4011059640855272E+020
   6.1132900000000004E-003   8.5973892731381770E+020
   6.0845999999999999E-003   8.7596735710534081E+020
   6.0661400000000002E-003   8.8875150572761173E+020
   6.0478499999999996E-003   8.9905134985227993E+020
   6.0367800000000003E-003   9.0684661013040307E+020
   6.0257699999999997E-003   9.2009967311133711E+020
   5.9995200000000004E-003   9.4267176271164893E+020
   5.9630999999999998E-003   9.6646014661687221E+020
   5.9345300000000004E-003   9.8373517956434598E+020
   5.9165499999999996E-003   9.9917620838887260E+020
   5.8933500000000003E-003   1.0166713196878683E+021
   5.8703899999999996E-003   1.0374341004502876E+021
   5.8392299999999999E-003   1.0617933381365103E+021
   5.8077800000000002E-003   1.0804687856797469E+021
   5.7918700000000002E-003   1.0930908437385123E+021
   5.7760700000000003E-003   1.1124297374144559E+021
   5.7437100000000000E-003   1.1385919037603938E+021
   5.7117899999999996E-003   1.1653827255975712E+021
   5.6788600000000000E-003   1.1928198657786776E+021
   5.6463700000000004E-003   1.2209197461018910E+021
   5.6128699999999998E-003   1.2496960671667202E+021
   5.5797900000000003E-003   1.2791654132163249E+021
   5.5456899999999998E-003   1.3093482959818557E+021
   5.5120300000000002E-003   1.3402619412785794E+021
   5.4773199999999999E-003   1.3719221320388908E+021
   5.4430499999999996E-003   1.3960288659936353E+021
   5.4255199999999996E-003   1.4124352507171643E+021
   5.4080999999999999E-003   1.4375562411774999E+021
   5.3724599999999999E-003   1.4715710878462588E+021
   5.3372500000000000E-003   1.4974776055666505E+021
   5.3192400000000003E-003   1.5151059168390024E+021
   5.3013399999999999E-003   1.5419042199107168E+021
   5.2651099999999999E-003   1.5784490647501273E+021
   5.2285500000000002E-003   1.6158814961059627E+021
   5.1916599999999999E-003   1.6542237447120801E+021
   5.1544299999999998E-003   1.6934873617730930E+021
   5.1168600000000000E-003   1.7337192302765636E+021
   5.0789399999999997E-003   1.7749198791867399E+021
   5.0406699999999997E-003   1.8171256544928808E+021
   5.0020500000000001E-003   1.8603561586744070E+021
   4.9630600000000000E-003   1.9046389167024615E+021
   4.9237100000000004E-003   1.9386240087070556E+021
   4.9037999999999998E-003   1.9615801084867733E+021
   4.8839900000000004E-003   1.9848132761478622E+021
   4.8638900000000001E-003   2.0083278425625880E+021
   4.8438900000000000E-003   2.0389490272922839E+021
   4.8120599999999999E-003   2.0768391530953800E+021
   4.7804600000000003E-003   2.1083670649735236E+021
   4.7598700000000002E-003   2.1333670701782165E+021
   4.7393699999999997E-003   2.1586620063714682E+021
   4.7185800000000000E-003   2.1842550705687256E+021
   4.6978699999999998E-003   2.2101501476208643E+021
   4.6768799999999996E-003   2.2363479063318993E+021
   4.6559699999999997E-003   2.2628537833470131E+021
   4.6347699999999999E-003   2.2896652489522020E+021
   4.6136600000000003E-003   2.3167826746632771E+021
   4.5922500000000000E-003   2.3442275524025419E+021
   4.5709200000000000E-003   2.3719952392129762E+021
   4.5493000000000000E-003   2.4001046048083914E+021
   4.5277599999999996E-003   2.4285500822847111E+021
   4.5059200000000001E-003   2.4573578832703510E+021
   4.4841600000000001E-003   2.4865169861943797E+021
   4.4621000000000001E-003   2.5160689367100917E+021
   4.4401099999999997E-003   2.5460005401956539E+021
   4.4178200000000003E-003   2.5763474915729715E+021
   4.3956100000000003E-003   2.6070974168097242E+021
   4.3730899999999996E-003   2.6382892149821292E+021
   4.3506400000000002E-003   2.6700199540998065E+021
   4.3278900000000000E-003   2.7018889101068500E+021
   4.3052000000000003E-003   2.7339229399370113E+021
   4.2821999999999999E-003   2.7664417167309815E+021
   4.2592699999999999E-003   2.7810855644869233E+021
   4.2361300000000003E-003   2.8150952250299310E+021
   4.2128599999999997E-003   2.8495290447914237E+021
   4.1894599999999999E-003   2.8843923499847574E+021
   4.1659399999999999E-003   2.9196905486672273E+021
   4.1422799999999999E-003   2.9554291018346822E+021
   4.1184999999999998E-003   2.9916135543254365E+021
   4.0945799999999996E-003   3.0282495056342082E+021
   4.0705200000000002E-003   3.0653426320948577E+021
   4.0463200000000000E-003   3.1028986796525963E+021
   4.0219899999999996E-003   3.1409234689119418E+021
   3.9975100000000001E-003   3.1794228822196675E+021
   3.9728899999999998E-003   3.2184028832519590E+021
   3.9481300000000002E-003   3.2578695034248537E+021
   3.9232099999999999E-003   3.2978278243198173E+021
   3.8981500000000000E-003   3.3382836442674412E+021
   3.8729300000000001E-003   3.3792436756409200E+021
   3.8475599999999999E-003   3.4207141837090262E+021
   3.8220300000000001E-003   3.4627015077738379E+021
   3.7963400000000000E-003   3.5052120517545296E+021
   3.7704900000000000E-003   3.5482522998148338E+021
   3.7444700000000002E-003   3.5918288015456946E+021
   3.7182800000000000E-003   3.6359481716265640E+021
   3.6919300000000000E-003   3.6806170953138145E+021
   3.6653900000000001E-003   3.7258423292058775E+021
   3.6386800000000000E-003   3.7716306949883319E+021
   3.6117900000000001E-003   3.8179890680808158E+021
   3.5847200000000000E-003   3.8649243881845849E+021
   3.5574600000000001E-003   3.9124436467775502E+021
   3.5300000000000002E-003   3.9605538925062752E+021
   3.5023500000000000E-003   4.0092621856800810E+021
   3.4745000000000002E-003   4.0585756394945349E+021
   3.4464500000000002E-003   4.1085013603159575E+021
   3.4181900000000002E-003   4.1590464488682480E+021
   3.3897100000000002E-003   4.2102179688926722E+021
   3.3610200000000002E-003   4.2620229255547301E+021
   3.3321000000000002E-003   4.3144682301667394E+021
   3.3029600000000002E-003   4.3675606817400989E+021
   3.2735899999999998E-003   4.4213069831258610E+021
   3.2439700000000001E-003   4.4757137954447756E+021
   3.2141200000000000E-003   4.5307879705313422E+021
   3.1840100000000001E-003   4.5865369896990398E+021
   3.1536400000000001E-003   4.6429698274486067E+021
   3.1230099999999998E-003   4.7000983586688829E+021
   3.0921099999999999E-003   4.7579393306562574E+021
   3.0609299999999999E-003   4.8165164810052441E+021
   3.0294599999999999E-003   4.8758613244912536E+021
   2.9976899999999999E-003   4.9360107132194610E+021
   2.9656299999999999E-003   4.9973519897371743E+021
   2.9332500000000001E-003   5.0592095820288675E+021
   2.9005500000000000E-003   5.1219375127141244E+021
   2.8675100000000002E-003   5.1855268239692068E+021
   2.8341400000000002E-003   5.2499609347690773E+021
   2.8004000000000002E-003   5.3152246961286645E+021
   2.7663000000000002E-003   5.3813088883557060E+021
   2.7318199999999998E-003   5.4482109963983294E+021
   2.6969400000000001E-003   5.5159338734615590E+021
   2.6616500000000002E-003   5.5881693180243781E+021
   2.6259500000000002E-003   5.6591462890298514E+021
   2.5898100000000001E-003   5.7310808982308740E+021
   2.5531999999999998E-003   5.8039869940409146E+021
   2.5161200000000002E-003   5.8778785253553005E+021
   2.4785400000000000E-003   5.9527695929646619E+021
   2.4404299999999999E-003   6.0286744749416246E+021
   2.4017800000000001E-003   6.1056077625385655E+021
   2.3625600000000001E-003   6.1835842566672079E+021
   2.3227299999999998E-003   6.2626185367711688E+021
   2.2822799999999998E-003   6.3427298077585661E+021
   2.2411599999999999E-003   6.4239303704218750E+021
   2.1993400000000001E-003   6.5062360388826384E+021
   2.1567700000000001E-003   6.5896628980620041E+021
   2.1134299999999999E-003   6.6742272795447258E+021
   2.0692499999999999E-003   6.7599448054517612E+021
   2.0241800000000000E-003   6.8468372686630247E+021
   1.9781700000000000E-003   6.9349182147628200E+021
   1.9311400000000000E-003   7.0239167476506108E+021
   1.8833400000000001E-003   7.1144126063133694E+021
   1.8337300000000000E-003   7.2064730587029632E+021
   1.7831699999999999E-003   7.2994849541061419E+021
   1.7312300000000001E-003   7.3818971564261077E+021
   1.6915800000000000E-003   7.4533708460649968E+021
   1.6504499999999999E-003   7.5551741651029611E+021
   1.5729800000000001E-003   7.6597567194244013E+021
   1.5295899999999999E-003   7.7341068819344151E+021
   1.4840999999999999E-003   7.8457975578239183E+021
   1.3898300000000001E-003   7.9736055903218785E+021
   1.3247400000000000E-003   8.0749054979991405E+021
   1.2568499999999999E-003   8.1793322685317608E+021
   1.1818800000000000E-003   8.2877678659259209E+021
   1.1020500000000000E-003   8.4009407960057947E+021
   1.0101500000000000E-003   8.5242863226858599E+021
   9.0054000000000002E-004   8.6813734318716297E+021
   7.0735999999999998E-004   8.8457936960666730E+021
   5.6859000000000000E-004   8.9377281088346485E+021
   4.8480000000000002E-004   8.9955086805215300E+021
   3.8349000000000000E-004   9.0431079610803814E+021
   3.1428000000000001E-004   9.0720773266059150E+021
   2.5105000000000000E-004   9.0919551208502529E+021
   2.0191999999999999E-004   9.1049647617905105E+021
   1.6438999999999999E-004   9.1125775985964420E+021
   1.3661000000000001E-004   9.1174274511869607E+021
   1.1705000000000000E-004   9.1200877166533626E+021
   1.0419000000000000E-004   9.1222189196981588E+021
   8.6990000000000006E-005   9.1243136773633585E+021
   6.9040000000000003E-005   9.1259185645651577E+021
   5.4799999999999997E-005   9.1269832562736408E+021
   4.3489999999999999E-005   9.1276253307712202E+021
   3.4520000000000002E-005   9.1280275175900405E+021
   2.7399999999999999E-005   9.1283039514000055E+021
   2.1739999999999999E-005   9.1284641802523215E+021
   1.7260000000000001E-005   9.1285758273431966E+021
   1.3699999999999999E-005   9.1286713418413601E+021
