   8.8785800000000005E-003   4970896885321313.0     
   8.8785800000000005E-003   5189677224200180.0     
   8.8785800000000005E-003   5398672603166046.0     
   8.8785800000000005E-003   5598750307390574.0     
   8.8785800000000005E-003   5790674304459286.0     
   8.8785800000000005E-003   5975000459389809.0     
   8.8785800000000005E-003   6152204788829311.0     
   8.8785800000000005E-003   6322768356554731.0     
   8.8785800000000005E-003   6487106073844353.0     
   8.8785800000000005E-003   6645530730802499.0     
   8.8785700000000006E-003   6798324947827285.0     
   8.8785700000000006E-003   6945739884879758.0     
   8.8785700000000006E-003   7088000368448542.0     
   8.8785700000000006E-003   7225286567391524.0     
   8.8785700000000006E-003   7357768662694472.0     
   8.8785700000000006E-003   7485565803001269.0     
   8.8785700000000006E-003   7608797713834764.0     
   8.8785700000000006E-003   7727545045122130.0     
   8.8785700000000006E-003   7841875049959592.0     
   8.8785700000000006E-003   7951827126514519.0     
   8.8785700000000006E-003   8083342485130430.0     
   8.8785700000000006E-003   8231811060412834.0     
   8.8785700000000006E-003   8372465354329153.0     
   8.8785700000000006E-003   8509036577533504.0     
   8.8785700000000006E-003   8620002101964707.0     
   8.8785700000000006E-003   8706870714215991.0     
   8.8785700000000006E-003   8792167682900789.0     
   8.8785600000000006E-003   8875962472127875.0     
   8.8785600000000006E-003   8978592406518132.0     
   8.8785600000000006E-003   9098967722182248.0     
   8.8785600000000006E-003   9216373369267278.0     
   8.8785600000000006E-003   9330952239908658.0     
   8.8785600000000006E-003   9424442128150574.0     
   8.8785600000000006E-003   9497891466106162.0     
   8.8785600000000006E-003   9570241803266258.0     
   8.8785600000000006E-003   9641519024829206.0     
   8.8785600000000006E-003   9746394920358826.0     
   8.8785600000000006E-003   9849294558166082.0     
   8.8785600000000006E-003   9916639657186206.0     
   8.8785600000000006E-003   10015858818975042.     
   8.8785600000000006E-003   10145285599194608.     
   8.8785600000000006E-003   10271445726689214.     
   8.8785600000000006E-003   10394539322236610.     
   8.8785600000000006E-003   10485026241539164.     
   8.8785600000000006E-003   10544416352643802.     
   8.8785500000000007E-003   10632156252800780.     
   8.8785500000000007E-003   10746983110944868.     
   8.8785500000000007E-003   10859332032240960.     
   8.8785500000000007E-003   10969323363442650.     
   8.8785500000000007E-003   11077066735778584.     
   8.8785500000000007E-003   11199997559260234.     
   8.8785500000000007E-003   11337172078591386.     
   8.8785500000000007E-003   11470920423129870.     
   8.8785500000000007E-003   11601431170620896.     
   8.8785500000000007E-003   11728860989055060.     
   8.8785500000000007E-003   11853369000536762.     
   8.8785500000000007E-003   11975093814438202.     
   8.8785500000000007E-003   12094161716534782.     
   8.8785500000000007E-003   12225042626820300.     
   8.8785400000000007E-003   12366947702309656.     
   8.8785400000000007E-003   12505285180944576.     
   8.8785400000000007E-003   12606893716080818.     
   8.8785400000000007E-003   12673561768605726.     
   8.8785400000000007E-003   12772023882970036.     
   8.8785400000000007E-003   12900752770562786.     
   8.8785400000000007E-003   13026598959225124.     
   8.8785400000000007E-003   13149697151348684.     
   8.8785400000000007E-003   13270192010754060.     
   8.8785400000000007E-003   13388201881599818.     
   8.8785400000000007E-003   13503843541921864.     
   8.8785400000000007E-003   13617232097331816.     
   8.8785300000000008E-003   13728473463190332.     
   8.8785300000000008E-003   13837653862452742.     
   8.8785300000000008E-003   13997602726673348.     
   8.8785300000000008E-003   14179308494565660.     
   8.8785300000000008E-003   14330811219590086.     
   8.8785300000000008E-003   14478712296624042.     
   8.8785300000000008E-003   14587484019070020.     
   8.8785300000000008E-003   14658922388357326.     
   8.8785300000000008E-003   14764546719010644.     
   8.8785300000000008E-003   14902840102249402.     
   8.8785200000000009E-003   15104700645827782.     
   8.8785200000000009E-003   15301135077711652.     
   8.8785200000000009E-003   15428825273146458.     
   8.8785200000000009E-003   15554163473600010.     
   8.8785200000000009E-003   15677262299653946.     
   8.8785200000000009E-003   15798211005127524.     
   8.8785200000000009E-003   15917105982855160.     
   8.8785200000000009E-003   16034014087657346.     
   8.8785200000000009E-003   16149018257724522.     
   8.8785099999999992E-003   16280833789712402.     
   8.8785099999999992E-003   16428601907064682.     
   8.8785099999999992E-003   16644462587952278.     
   8.8785099999999992E-003   16854546158765948.     
   8.8785099999999992E-003   16991164815353058.     
   8.8785099999999992E-003   17125300541634804.     
   8.8785099999999992E-003   17257059073751114.     
   8.8784999999999992E-003   17402522145554618.     
   8.8784999999999992E-003   17560960183100316.     
   8.8784999999999992E-003   17716182923403206.     
   8.8784999999999992E-003   17868348534891694.     
   8.8784999999999992E-003   18017624027595980.     
   8.8784999999999992E-003   18164148551019448.     
   8.8784999999999992E-003   18378850574655108.     
   8.8784899999999993E-003   18602277820032980.     
   8.8784899999999993E-003   18765905990553224.     
   8.8784899999999993E-003   18926473218751428.     
   8.8784899999999993E-003   19084144181641148.     
   8.8784899999999993E-003   19239054821043828.     
   8.8784799999999994E-003   19391358047143468.     
   8.8784799999999994E-003   19541166363602112.     
   8.8784799999999994E-003   19688610610333288.     
   8.8784799999999994E-003   19833784097042124.     
   8.8784799999999994E-003   19976793364266160.     
   8.8784799999999994E-003   20117737265900568.     
   8.8784799999999994E-003   20256691933624424.     
   8.8784699999999994E-003   20461370192518348.     
   8.8784699999999994E-003   20728168652941780.     
   8.8784699999999994E-003   20988119321316008.     
   8.8784699999999994E-003   21241612178760416.     
   8.8784599999999995E-003   21489021197236052.     
   8.8784599999999995E-003   21730672770681820.     
   8.8784599999999995E-003   21966880165086388.     
   8.8784599999999995E-003   22197925805556840.     
   8.8784499999999995E-003   22424081744314872.     
   8.8784499999999995E-003   22645585770714492.     
   8.8784499999999995E-003   22862662422763332.     
   8.8784499999999995E-003   23075529944035268.     
   8.8784399999999996E-003   23284379348125212.     
   8.8784399999999996E-003   23489384835963360.     
   8.8784399999999996E-003   23690724295211884.     
   8.8784399999999996E-003   23888549141328288.     
   8.8784299999999997E-003   24178720978182192.     
   8.8784299999999997E-003   24555190833640056.     
   8.8784199999999997E-003   24830320074050980.     
   8.8784199999999997E-003   25010168908246516.     
   8.8784199999999997E-003   25187465161878988.     
   8.8784199999999997E-003   25362306179074504.     
   8.8784199999999997E-003   25591593832633408.     
   8.8784099999999998E-003   25872793169163420.     
   8.8784099999999998E-003   26148148802951804.     
   8.8784099999999998E-003   26351309708500916.     
   8.8783999999999998E-003   26485088583089652.     
   8.8783999999999998E-003   26683391696328112.     
   8.8783999999999998E-003   26944164189490912.     
   8.8783999999999998E-003   27200882422432696.     
   8.8783899999999999E-003   27453878877535076.     
   8.8783899999999999E-003   27703383905611312.     
   8.8783899999999999E-003   27949622702490704.     
   8.8783800000000000E-003   28313022962623552.     
   8.8783800000000000E-003   28670809690321724.     
   8.8783700000000000E-003   28906150621853492.     
   8.8783700000000000E-003   29139270163817324.     
   8.8783700000000000E-003   29370248556911460.     
   8.8783700000000000E-003   29712733412037112.     
   8.8783600000000001E-003   30162873253118212.     
   8.8783500000000001E-003   30606009421481200.     
   8.8783500000000001E-003   31042476832376804.     
   8.8783400000000002E-003   31418989676686636.     
   8.8783400000000002E-003   31737712307349612.     
   8.8783300000000002E-003   32052939473237360.     
   8.8783300000000002E-003   32364800469804668.     
   8.8783300000000002E-003   32825912544080396.     
   8.8783200000000003E-003   33280154043193844.     
   8.8783200000000003E-003   33578290911090324.     
   8.8783100000000004E-003   33872931712865152.     
   8.8783100000000004E-003   34164146844153824.     
   8.8783100000000004E-003   34594142999556728.     
   8.8783000000000004E-003   35157123583639032.     
   8.8782900000000005E-003   35707470976454200.     
   8.8782800000000005E-003   36245794559292456.     
   8.8782800000000005E-003   36772964037457112.     
   8.8782700000000006E-003   37289577356697752.     
   8.8782700000000006E-003   37796063188613048.     
   8.8782600000000007E-003   38293155273462064.     
   8.8782500000000007E-003   38781725125839304.     
   8.8782500000000007E-003   39262447060637672.     
   8.8782400000000008E-003   39735810850433064.     
   8.8782400000000008E-003   40278947805225688.     
   8.8782300000000008E-003   40889139011259208.     
   8.8782199999999992E-003   41488405575685072.     
   8.8782099999999992E-003   42077464954160496.     
   8.8782099999999992E-003   42656988281318672.     
   8.8781999999999993E-003   43085977645719000.     
   8.8781899999999993E-003   43369096860390520.     
   8.8781899999999993E-003   43789572643892072.     
   8.8781799999999994E-003   44343160597861816.     
   8.8781799999999994E-003   44888664596459208.     
   8.8781699999999995E-003   45426383641458736.     
   8.8781599999999995E-003   46087875217552896.     
   8.8781499999999996E-003   46867067405485784.     
   8.8781499999999996E-003   47441244030293608.     
   8.8781399999999996E-003   48006481700170744.     
   8.8781299999999997E-003   48563361849219888.     
   8.8781299999999997E-003   48990600120096984.     
   8.8781199999999998E-003   49472731856013848.     
   8.8781199999999998E-003   49948298015594000.     
   8.8781099999999998E-003   50417254572530016.     
   8.8780999999999999E-003   51108275523989472.     
   8.8780899999999999E-003   51784442464952912.     
   8.8780899999999999E-003   52227007124804496.     
   8.8780800000000000E-003   52771132027612528.     
   8.8780700000000001E-003   53411310585667144.     
   8.8780700000000001E-003   54346674851369680.     
   8.8780500000000002E-003   55255143042873168.     
   8.8780400000000002E-003   55846314991710496.     
   8.8780300000000003E-003   56427169450961112.     
   8.8780300000000003E-003   56998488546654840.     
   8.8780200000000004E-003   57838306762870616.     
   8.8780100000000004E-003   58931493604006976.     
   8.8779900000000005E-003   59821202866587096.     
   8.8779800000000006E-003   60519335384303376.     
   8.8779700000000007E-003   61291533498863752.     
   8.8779600000000007E-003   62134833617988640.     
   8.8779500000000008E-003   62963269593073232.     
   8.8779400000000008E-003   63777598756363336.     
   8.8779299999999992E-003   64775826197947920.     
   8.8779099999999993E-003   65658365476840072.     
   8.8779099999999993E-003   66237147127712384.     
   8.8778999999999993E-003   66808749918635008.     
   8.8778899999999994E-003   67373191175845448.     
   8.8778799999999995E-003   68205907817203368.     
   8.8778699999999995E-003   69292095707090640.     
   8.8778499999999996E-003   70350526451088376.     
   8.8778399999999997E-003   71382250370387872.     
   8.8778299999999997E-003   72388291272755328.     
   8.8778099999999999E-003   73530624831344896.     
   8.8777900000000000E-003   74798064984748720.     
   8.8777800000000000E-003   75876215745638672.     
   8.8777600000000002E-003   76778549649229088.     
   8.8777500000000002E-003   77662036315169728.     
   8.8777400000000003E-003   78527701685107152.     
   8.8777300000000003E-003   79516387131115984.     
   8.8777100000000005E-003   80621086479066464.     
   8.8776900000000006E-003   81701253391494464.     
   8.8776800000000006E-003   82759173831948112.     
   8.8776600000000008E-003   83796684797661920.     
   8.8776500000000008E-003   84815453694179856.     
   8.8776299999999992E-003   85817069528449520.     
   8.8776199999999993E-003   86802940014204672.     
   8.8775999999999994E-003   87774220990591952.     
   8.8775899999999994E-003   88731868035055680.     
   8.8775799999999995E-003   89910265023421024.     
   8.8775599999999996E-003   91300429905670592.     
   8.8775399999999997E-003   92440178705543696.     
   8.8775199999999999E-003   93339581796116720.     
   8.8775099999999999E-003   94228926534169200.     
   8.8775000000000000E-003   95108634062357520.     
   8.8774800000000001E-003   96409585682167440.     
   8.8774600000000002E-003   98114387033758864.     
   8.8774300000000004E-003   99371538275726816.     
   8.8774200000000004E-003   1.0019885099686528E+017
   8.8774100000000005E-003   1.0122164294910035E+017
   8.8773900000000006E-003   1.0243381900355038E+017
   8.8773700000000007E-003   1.0362960535821078E+017
   8.8773500000000009E-003   1.0480961218282634E+017
   8.8773399999999992E-003   1.0616670291651747E+017
   8.8773099999999994E-003   1.0769406041255168E+017
   8.8772899999999995E-003   1.0882428380847429E+017
   8.8772799999999995E-003   1.0957013498942541E+017
   8.8772699999999996E-003   1.1067796917035984E+017
   8.8772499999999997E-003   1.1213752388438198E+017
   8.8772299999999998E-003   1.1357720765323584E+017
   8.8772100000000000E-003   1.1499803059430261E+017
   8.8771900000000001E-003   1.1640091269371355E+017
   8.8771700000000002E-003   1.1778669579608408E+017
   8.8771500000000003E-003   1.1983307844332686E+017
   8.8771100000000006E-003   1.2184832686864104E+017
   8.8770900000000007E-003   1.2317219438132090E+017
   8.8770700000000008E-003   1.2448189625269854E+017
   8.8770499999999992E-003   1.2577790828867870E+017
   8.8770299999999993E-003   1.2737861664386438E+017
   8.8770099999999994E-003   1.2927316503982739E+017
   8.8769799999999996E-003   1.3083029709794976E+017
   8.8769599999999997E-003   1.3206131626590976E+017
   8.8769399999999998E-003   1.3358205035879032E+017
   8.8769199999999999E-003   1.3538221173722229E+017
   8.8768900000000001E-003   1.3715571054998878E+017
   8.8768700000000002E-003   1.3890339416620746E+017
   8.8768400000000004E-003   1.4062601914285613E+017
   8.8768200000000005E-003   1.4232425801781478E+017
   8.8767900000000007E-003   1.4399888043023426E+017
   8.8767700000000008E-003   1.4565084123786576E+017
   8.8767499999999992E-003   1.4728103225003146E+017
   8.8767299999999993E-003   1.4889028417375792E+017
   8.8766999999999995E-003   1.5074193218398643E+017
   8.8766699999999997E-003   1.5282635261568621E+017
   8.8766399999999999E-003   1.5436866611352707E+017
   8.8766299999999999E-003   1.5538661278673126E+017
   8.8766200000000000E-003   1.5712136380246054E+017
   8.8765800000000002E-003   1.5954772521625238E+017
   8.8765500000000004E-003   1.6144874380542550E+017
   8.8765300000000005E-003   1.6284430233710240E+017
   8.8765100000000006E-003   1.6456950287188800E+017
   8.8764800000000008E-003   1.6661367306473990E+017
   8.8764499999999993E-003   1.6863016336341584E+017
   8.8764199999999994E-003   1.7062025010960749E+017
   8.8763899999999996E-003   1.7290966933456064E+017
   8.8763599999999998E-003   1.7548651133137328E+017
   8.8763200000000000E-003   1.7739294613221133E+017
   8.8763000000000002E-003   1.7865097476852934E+017
   8.8762900000000002E-003   1.8051924725597866E+017
   8.8762500000000005E-003   1.8297878597688851E+017
   8.8762200000000006E-003   1.8540281938779773E+017
   8.8761799999999991E-003   1.8779302005196832E+017
   8.8761499999999993E-003   1.9015089234197994E+017
   8.8761199999999995E-003   1.9247780852220554E+017
   8.8760899999999997E-003   1.9477498712920166E+017
   8.8760499999999999E-003   1.9704353693476179E+017
   8.8760200000000001E-003   1.9928448016801533E+017
   8.8759900000000003E-003   2.0149879266822854E+017
   8.8759600000000004E-003   2.0422976440359312E+017
   8.8759200000000007E-003   2.0745736720528410E+017
   8.8758699999999992E-003   2.1010776796108493E+017
   8.8758399999999994E-003   2.1220253389490915E+017
   8.8758099999999996E-003   2.1427602572747859E+017
   8.8757899999999997E-003   2.1632903885202912E+017
   8.8757599999999999E-003   2.1886693601610912E+017
   8.8757200000000001E-003   2.2187411116316701E+017
   8.8756800000000004E-003   2.2484028679164054E+017
   8.8756400000000006E-003   2.2776714245868378E+017
   8.8756000000000008E-003   2.3065628076892739E+017
   8.8755599999999994E-003   2.3350919075159949E+017
   8.8755199999999996E-003   2.3586039851949462E+017
   8.8754899999999998E-003   2.3772394272655402E+017
   8.8754699999999999E-003   2.4049053176353728E+017
   8.8754200000000002E-003   2.4413093654455904E+017
   8.8753700000000005E-003   2.4727168915931914E+017
   8.8753300000000007E-003   2.4993083219570406E+017
   8.8752999999999992E-003   2.5256090328889091E+017
   8.8752599999999994E-003   2.5516270804187142E+017
   8.8752299999999996E-003   2.5816294439357990E+017
   8.8751799999999999E-003   2.6154788236306291E+017
   8.8751400000000001E-003   2.6488695533749853E+017
   8.8750900000000004E-003   2.6818207977880784E+017
   8.8750500000000006E-003   2.7143516092988678E+017
   8.8750099999999991E-003   2.7464800696813139E+017
   8.8749599999999994E-003   2.7782231700988042E+017
   8.8749199999999997E-003   2.8095970941499862E+017
   8.8748799999999999E-003   2.8406165482066477E+017
   8.8748400000000002E-003   2.8712954186232608E+017
   8.8748000000000004E-003   2.9016467295387046E+017
   8.8747600000000006E-003   2.9316828919772909E+017
   8.8747199999999991E-003   2.9687935202680704E+017
   8.8746599999999995E-003   3.0127399833214157E+017
   8.8745999999999998E-003   3.0488898479719360E+017
   8.8745700000000000E-003   3.0774980098452838E+017
   8.8745300000000003E-003   3.1058415912885939E+017
   8.8744900000000005E-003   3.1339265427103059E+017
   8.8744500000000007E-003   3.1755644516779770E+017
   8.8743799999999994E-003   3.2302510652349254E+017
   8.8743099999999998E-003   3.2706649310316000E+017
   8.8742800000000000E-003   3.2973147641065990E+017
   8.8742400000000003E-003   3.3368633347809882E+017
   8.8741800000000006E-003   3.3888648414628934E+017
   8.8741099999999993E-003   3.4273364852823398E+017
   8.8740799999999995E-003   3.4527275988882822E+017
   8.8740399999999997E-003   3.4904416770887686E+017
   8.8739800000000001E-003   3.5400933049548525E+017
   8.8739100000000005E-003   3.5890372487683091E+017
   8.8738500000000008E-003   3.6373100344806202E+017
   8.8737899999999995E-003   3.6873426108273318E+017
   8.8737199999999999E-003   3.7530565828397818E+017
   8.8736200000000005E-003   3.8200167824876141E+017
   8.8735499999999991E-003   3.8610266047697370E+017
   8.8735199999999993E-003   3.9015883720202842E+017
   8.8734499999999997E-003   3.9550628560949741E+017
   8.8733800000000002E-003   4.0078499934734758E+017
   8.8733200000000005E-003   4.0599803069805466E+017
   8.8732499999999992E-003   4.1242402648923942E+017
   8.8731499999999998E-003   4.2001421827980422E+017
   8.8730600000000003E-003   4.2870474746243296E+017
   8.8729399999999993E-003   4.3843747368147002E+017
   8.8728200000000000E-003   4.4560672385688506E+017
   8.8727600000000004E-003   4.5032261176738298E+017
   8.8727000000000007E-003   4.5499134590056486E+017
   8.8726399999999993E-003   4.5961427117202669E+017
   8.8725899999999996E-003   4.6476125229768243E+017
   8.8725200000000001E-003   4.7041692340739840E+017
   8.8724500000000005E-003   4.7600768924629869E+017
   8.8723799999999992E-003   4.8153586860460173E+017
   8.8723099999999996E-003   4.8863022217741542E+017
   8.8722100000000002E-003   4.9723097296479462E+017
   8.8721000000000008E-003   5.0673702058468314E+017
   8.8719799999999998E-003   5.1710371491034918E+017
   8.8718500000000006E-003   5.2835948863203232E+017
   8.8717099999999997E-003   5.4045624148509293E+017
   8.8715600000000006E-003   5.4936630828627462E+017
   8.8714899999999992E-003   5.5522765495038272E+017
   8.8714199999999997E-003   5.6486179733620262E+017
   8.8712600000000006E-003   5.7810286010779981E+017
   8.8711099999999998E-003   5.9014843738508109E+017
   8.8709800000000005E-003   5.9835551620108800E+017
   8.8709199999999992E-003   6.0376586814185830E+017
   8.8708499999999996E-003   6.1001952677957082E+017
   8.8707700000000000E-003   6.1709374709500749E+017
   8.8706900000000005E-003   6.2755773998171328E+017
   8.8705299999999997E-003   6.4126405146047514E+017
   8.8703700000000007E-003   6.5469837878928832E+017
   8.8702099999999999E-003   6.6461037019589107E+017
   8.8701400000000003E-003   6.7113939469001242E+017
   8.8700600000000008E-003   6.7921683584507021E+017
   8.8699499999999997E-003   6.8879585027192666E+017
   8.8698400000000004E-003   7.0137342339995098E+017
   8.8696699999999996E-003   7.1681097329900096E+017
   8.8694900000000007E-003   7.3124512422056282E+017
   8.8693399999999999E-003   7.4472940247481190E+017
   8.8691900000000008E-003   7.5808867774966042E+017
   8.8690399999999999E-003   7.7133001793957747E+017
   8.8688900000000008E-003   7.8651220649919258E+017
   8.8687000000000002E-003   8.0354056204924749E+017
   8.8685099999999996E-003   8.2023956263621402E+017
   8.8683300000000007E-003   8.3662786352268506E+017
   8.8681500000000000E-003   8.5272219665520256E+017
   8.8679699999999993E-003   8.6853796460318016E+017
   8.8678000000000003E-003   8.8119684699371776E+017
   8.8676999999999992E-003   8.9081754744741325E+017
   8.8675899999999998E-003   9.0034254923165197E+017
   8.8674900000000004E-003   9.0977485158981107E+017
   8.8673899999999993E-003   9.2374946022624486E+017
   8.8671900000000005E-003   9.4209218617663334E+017
   8.8669899999999999E-003   9.6189344237491661E+017
   8.8667599999999996E-003   9.8308031149577062E+017
   8.8665399999999991E-003   1.0029705791974066E+018
   8.8663400000000003E-003   1.0216554741006381E+018
   8.8661399999999998E-003   1.0423851733481769E+018
   8.8659099999999994E-003   1.0650920571403022E+018
   8.8656700000000008E-003   1.0874608172645070E+018
   8.8654500000000004E-003   1.1095064828066467E+018
   8.8652200000000000E-003   1.1259088892697779E+018
   8.8651100000000007E-003   1.1422339361337932E+018
   8.8649000000000002E-003   1.1584177595234417E+018
   8.8647900000000009E-003   1.1712901972701696E+018
   8.8646400000000000E-003   1.1862297597359859E+018
   8.8644899999999992E-003   1.2010365215276851E+018
   8.8643500000000000E-003   1.2157145219343086E+018
   8.8641999999999992E-003   1.2354240660785316E+018
   8.8639600000000006E-003   1.2600198102933837E+018
   8.8637200000000003E-003   1.2844963389670764E+018
   8.8634899999999999E-003   1.3088621292823839E+018
   8.8632599999999995E-003   1.3368803517827715E+018
   8.8629599999999996E-003   1.3684146298767987E+018
   8.8626599999999996E-003   1.3918181761014200E+018
   8.8625200000000005E-003   1.4073503277707986E+018
   8.8623699999999996E-003   1.4305475264729308E+018
   8.8620899999999996E-003   1.4611793023025797E+018
   8.8618099999999995E-003   1.4914321837821716E+018
   8.8615399999999993E-003   1.5213243693610196E+018
   8.8612699999999992E-003   1.5547014418355459E+018
   8.8609399999999994E-003   1.5914258700702380E+018
   8.8606099999999997E-003   1.6277533446996431E+018
   8.8602899999999998E-003   1.6637074267445550E+018
   8.8599799999999999E-003   1.6992460311286938E+018
   8.8596700000000000E-003   1.7343917100292214E+018
   8.8593700000000001E-003   1.7623464726319798E+018
   8.8591899999999994E-003   1.7833338360238899E+018
   8.8590100000000005E-003   1.8041489491838638E+018
   8.8588399999999998E-003   1.8247966440681723E+018
   8.8586600000000008E-003   1.8556942498339095E+018
   8.8583199999999994E-003   1.8965166976159808E+018
   8.8579799999999997E-003   1.9403703250302938E+018
   8.8575900000000003E-003   1.9871323779860966E+018
   8.8572100000000008E-003   2.0334918001401702E+018
   8.8568299999999996E-003   2.0794756694643453E+018
   8.8564600000000000E-003   2.1152937662334057E+018
   8.8562499999999995E-003   2.1412823494213376E+018
   8.8560500000000007E-003   2.1671706101223764E+018
   8.8558400000000002E-003   2.1929622478160980E+018
   8.8556399999999997E-003   2.2250752793768819E+018
   8.8553299999999998E-003   2.2633372345101540E+018
   8.8550299999999998E-003   2.3079790827533215E+018
   8.8546300000000005E-003   2.3587705276135880E+018
   8.8542399999999993E-003   2.4091589216927764E+018
   8.8538599999999999E-003   2.4591676045476782E+018
   8.8534800000000004E-003   2.4963423883871980E+018
   8.8532899999999998E-003   2.5210548239469210E+018
   8.8531100000000008E-003   2.5490028125071037E+018
   8.8528700000000005E-003   2.5801189872846981E+018
   8.8526400000000002E-003   2.6265773762372362E+018
   8.8521799999999994E-003   2.6878599405905121E+018
   8.8517300000000004E-003   2.7333460339258353E+018
   8.8515099999999999E-003   2.7635511822261284E+018
   8.8512899999999995E-003   2.7969718403378074E+018
   8.8510199999999994E-003   2.8335343922032364E+018
   8.8507599999999992E-003   2.8697744143388692E+018
   8.8504900000000008E-003   2.9057016377166356E+018
   8.8502400000000005E-003   2.9418606129196078E+018
   8.8499800000000003E-003   2.9782477046225234E+018
   8.8497200000000002E-003   3.0326775884979476E+018
   8.8491999999999998E-003   3.1045316889703306E+018
   8.8486999999999993E-003   3.1579099821432771E+018
   8.8484500000000008E-003   3.1934248176732278E+018
   8.8482100000000004E-003   3.2322499829336356E+018
   8.8479100000000005E-003   3.2743110194604605E+018
   8.8476200000000005E-003   3.3160101990835666E+018
   8.8473400000000004E-003   3.3785220079707366E+018
   8.8467700000000003E-003   3.4409278644040791E+018
   8.8464900000000003E-003   3.4825175230055265E+018
   8.8462100000000002E-003   3.5237774249496607E+018
   8.8459300000000001E-003   3.5802078317545708E+018
   8.8454499999999995E-003   3.6513609851295288E+018
   8.8449800000000006E-003   3.7227578385210271E+018
   8.8445099999999999E-003   3.7942465357175690E+018
   8.8440399999999992E-003   3.8620273260855578E+018
   8.8436100000000000E-003   3.9260633949157350E+018
   8.8431900000000008E-003   3.9776105462313830E+018
   8.8429200000000006E-003   4.0173672201154063E+018
   8.8426500000000005E-003   4.0801018879683389E+018
   8.8420700000000005E-003   4.1648477736775096E+018
   8.8415100000000003E-003   4.2311658022429972E+018
   8.8411800000000006E-003   4.2798846634607043E+018
   8.8408600000000007E-003   4.3513542319405885E+018
   8.8402399999999992E-003   4.4456372108394772E+018
   8.8396299999999994E-003   4.5472755475336228E+018
   8.8389499999999999E-003   4.6559451775072225E+018
   8.8382800000000004E-003   4.7408463697309563E+018
   8.8378999999999992E-003   4.8024693366036480E+018
   8.8375299999999997E-003   4.8641515180449044E+018
   8.8371500000000002E-003   4.9258945060179231E+018
   8.8367800000000007E-003   5.0108782407659131E+018
   8.8361299999999993E-003   5.1183665285422008E+018
   8.8354899999999997E-003   5.2124581707695964E+018
   8.8350000000000008E-003   5.2936206786365788E+018
   8.8345300000000002E-003   5.3686380000563927E+018
   8.8341200000000009E-003   5.4719592770121871E+018
   8.8333200000000004E-003   5.6143738824855910E+018
   8.8324600000000003E-003   5.7245552873490125E+018
   8.8320499999999993E-003   5.7972289775588997E+018
   8.8316300000000000E-003   5.9054013150376509E+018
   8.8308199999999996E-003   6.0478664894765189E+018
   8.8300199999999992E-003   6.1842991465573376E+018
   8.8292800000000001E-003   6.2966102073972388E+018
   8.8287599999999997E-003   6.3894253565655788E+018
   8.8282499999999993E-003   6.5244520896924754E+018
   8.8272799999999998E-003   6.7000803035101972E+018
   8.8263300000000003E-003   6.8777968708771973E+018
   8.8253600000000008E-003   7.0575359386012815E+018
   8.8243999999999996E-003   7.2175500898635377E+018
   8.8236500000000006E-003   7.3586802299722209E+018
   8.8229099999999998E-003   7.5311621646165668E+018
   8.8218499999999991E-003   7.6834349658652303E+018
   8.8213200000000005E-003   7.7838412339608812E+018
   8.8208100000000001E-003   7.9237087672118600E+018
   8.8198900000000004E-003   8.1017526870564895E+018
   8.8189900000000005E-003   8.2399837072330291E+018
   8.8184800000000001E-003   8.3396623859192914E+018
   8.8179799999999996E-003   8.4662766372438395E+018
   8.8172100000000007E-003   8.6190716517584056E+018
   8.8164500000000000E-003   8.8129272829831250E+018
   8.8152899999999999E-003   8.9930891817100175E+018
   8.8146700000000001E-003   9.1368921865142641E+018
   8.8138899999999996E-003   9.2976810415108260E+018
   8.8131100000000007E-003   9.4944354688419697E+018
   8.8119900000000004E-003   9.6682939131735204E+018
   8.8114300000000003E-003   9.7830573017967739E+018
   8.8108900000000000E-003   9.9605820902662328E+018
   8.8097499999999999E-003   1.0139581249655519E+019
   8.8091899999999997E-003   1.0257743141146710E+019
   8.8086399999999995E-003   1.0386701916857328E+019
   8.8079800000000000E-003   1.0526188694432188E+019
   8.8073400000000003E-003   1.0703828362553160E+019
   8.8063399999999993E-003   1.0918282918088462E+019
   8.8053599999999999E-003   1.1097753462671217E+019
   8.8046900000000004E-003   1.1243420984751043E+019
   8.8040299999999991E-003   1.1389025209378267E+019
   8.8033599999999997E-003   1.1614792241567332E+019
   8.8019900000000009E-003   1.1916167390601136E+019
   8.8006500000000001E-003   1.2222744182696188E+019
   8.7992499999999998E-003   1.2456733920108032E+019
   8.7985600000000004E-003   1.2610864697186468E+019
   8.7978799999999992E-003   1.2850355972598862E+019
   8.7964600000000007E-003   1.3171058423737448E+019
   8.7950600000000004E-003   1.3496305589614029E+019
   8.7936100000000003E-003   1.3743990792520776E+019
   8.7928899999999994E-003   1.3906523151191562E+019
   8.7921800000000001E-003   1.4072982349659271E+019
   8.7914399999999993E-003   1.4242937864743563E+019
   8.7907000000000002E-003   1.4410628967392188E+019
   8.7899699999999994E-003   1.4575975446998467E+019
   8.7892500000000002E-003   1.4744992752684601E+019
   8.7884799999999996E-003   1.4917161900523852E+019
   8.7877300000000005E-003   1.5170199095975756E+019
   8.7862500000000007E-003   1.5422353038460252E+019
   8.7854700000000001E-003   1.5594803642780795E+019
   8.7846999999999995E-003   1.5763968375818961E+019
   8.7839300000000006E-003   1.5929829143602930E+019
   8.7831799999999998E-003   1.6099387642117941E+019
   8.7823899999999993E-003   1.6270240502097785E+019
   8.7816000000000005E-003   1.6437128184032422E+019
   8.7808199999999999E-003   1.6600371031372866E+019
   8.7800599999999993E-003   1.6765747246743046E+019
   8.7792400000000007E-003   1.6932619709665657E+019
   8.7784400000000002E-003   1.7095154124460040E+019
   8.7776499999999997E-003   1.7253782053535613E+019
   8.7768599999999992E-003   1.7414046304690242E+019
   8.7760300000000006E-003   1.7575415666613375E+019
   8.7752100000000003E-003   1.7732138032993288E+019
   8.7743999999999999E-003   1.7884983076142234E+019
   8.7735999999999995E-003   1.8039104017975380E+019
   8.7727599999999992E-003   1.8194417147768496E+019
   8.7719200000000008E-003   1.8345177160502194E+019
   8.7711000000000004E-003   1.8492654275208905E+019
   8.7702800000000001E-003   1.8641680276237058E+019
   8.7694200000000000E-003   1.8792372412743377E+019
   8.7685599999999999E-003   1.8939128082149298E+019
   8.7677199999999997E-003   1.9083288537960489E+019
   8.7668899999999994E-003   1.9229585332798722E+019
   8.7660099999999994E-003   1.9378188529888453E+019
   8.7651399999999994E-003   1.9523629455918703E+019
   8.7642799999999993E-003   1.9667156859370041E+019
   8.7634299999999991E-003   1.9813881617501082E+019
   8.7625399999999992E-003   1.9962605896270610E+019
   8.7616499999999993E-003   2.0106352063963562E+019
   8.7607699999999993E-003   2.0253932122018718E+019
   8.7599099999999992E-003   2.0489679991043953E+019
   8.7580899999999996E-003   2.0797866645651177E+019
   8.7563199999999997E-003   2.1025566398477418E+019
   8.7553900000000000E-003   2.1183781668860928E+019
   8.7544700000000003E-003   2.1339891674522501E+019
   8.7535600000000005E-003   2.1500739632293507E+019
   8.7526700000000006E-003   2.1760809108434461E+019
   8.7507799999999997E-003   2.2099388778138845E+019
   8.7489400000000002E-003   2.2348551825229439E+019
   8.7479800000000007E-003   2.2523348144706707E+019
   8.7470199999999994E-003   2.2787013505076834E+019
   8.7451500000000001E-003   2.3146352981510648E+019
   8.7431999999999996E-003   2.3416384160472424E+019
   8.7422400000000001E-003   2.3600977149243904E+019
   8.7412900000000005E-003   2.3900074600806777E+019
   8.7393000000000002E-003   2.4287363990085407E+019
   8.7373599999999996E-003   2.4670647567970865E+019
   8.7353299999999995E-003   2.4963645657401549E+019
   8.7343400000000002E-003   2.5158860370542436E+019
   8.7333600000000008E-003   2.5469125827467026E+019
   8.7312899999999992E-003   2.5882002822706688E+019
   8.7292800000000007E-003   2.6303725739616428E+019
   8.7271799999999993E-003   2.6733784209550692E+019
   8.7251299999999993E-003   2.7052320401241846E+019
   8.7240500000000006E-003   2.7273864802735329E+019
   8.7229899999999999E-003   2.7616913254696813E+019
   8.7208300000000006E-003   2.8067718114635792E+019
   8.7187199999999992E-003   2.8518851269843698E+019
   8.7165899999999998E-003   2.8987311441005916E+019
   8.7143700000000008E-003   2.9465039271163105E+019
   8.7121999999999998E-003   2.9818161863330730E+019
   8.7110599999999996E-003   3.0194402233854751E+019
   8.7088200000000008E-003   3.0622432235727118E+019
   8.7071400000000004E-003   3.0998841664020177E+019
   8.7054100000000002E-003   3.1444680128864940E+019
   8.7031599999999997E-003   3.1962202316674986E+019
   8.7008099999999998E-003   3.2414582333672858E+019
   8.6990799999999997E-003   3.2804575544738755E+019
   8.6972999999999998E-003   3.3213534007920849E+019
   8.6955200000000000E-003   3.3615677965552488E+019
   8.6937700000000000E-003   3.4005042536604774E+019
   8.6920699999999997E-003   3.4381626090988364E+019
   8.6903999999999992E-003   3.4715941036264554E+019
   8.6890400000000003E-003   3.5016737433384948E+019
   8.6876899999999996E-003   3.5339394098535834E+019
   8.6861500000000001E-003   3.5675023615153480E+019
   8.6846300000000005E-003   3.6007780400214565E+019
   8.6830499999999994E-003   3.6347707159718502E+019
   8.6814900000000000E-003   3.6768143748170654E+019
   8.6792699999999993E-003   3.7227600834423136E+019
   8.6770900000000002E-003   3.7592540207057650E+019
   8.6754999999999992E-003   3.7906090448270115E+019
   8.6739399999999998E-003   3.8301769110869426E+019
   8.6716499999999995E-003   3.8729899508402323E+019
   8.6694200000000006E-003   3.9068352375529677E+019
   8.6677700000000000E-003   3.9350698406842974E+019
   8.6661399999999993E-003   3.9621716995184124E+019
   8.6645100000000003E-003   3.9887296981097169E+019
   8.6628999999999994E-003   4.0209214193478730E+019
   8.6605699999999994E-003   4.0549465627540914E+019
   8.6583100000000007E-003   4.0836048416790422E+019
   8.6562800000000006E-003   4.1092808912475333E+019
   8.6543000000000002E-003   4.1331324670743560E+019
   8.6522800000000000E-003   4.1559329067018363E+019
   8.6502999999999997E-003   4.1792937233865826E+019
   8.6479299999999999E-003   4.2026029287214973E+019
   8.6456399999999996E-003   4.2241385510699885E+019
   8.6432699999999998E-003   4.2435603174929293E+019
   8.6409799999999995E-003   4.2575211156493599E+019
   8.6393000000000008E-003   4.2706046560187867E+019
   8.6376600000000001E-003   4.2903821980343615E+019
   8.6346200000000008E-003   4.3133060721465295E+019
   8.6317000000000008E-003   4.3301768203552760E+019
   8.6296700000000007E-003   4.3452807026791727E+019
   8.6276900000000004E-003   4.3615983265568039E+019
   8.6256700000000002E-003   4.3786288408418148E+019
   8.6237099999999997E-003   4.4062342153183085E+019
   8.6197500000000007E-003   4.4359341926513189E+019
   8.6177700000000003E-003   4.4578692256269582E+019
   8.6158299999999997E-003   4.4860859026694406E+019
   8.6131500000000000E-003   4.5119464979737436E+019
   8.6118400000000008E-003   4.5299521511889666E+019
   8.6105599999999997E-003   4.5595535803691450E+019
   8.6078700000000001E-003   4.5909226216129274E+019
   8.6065699999999992E-003   4.6186397369505047E+019
   8.6046000000000004E-003   4.6541682137844736E+019
   8.6025900000000002E-003   4.6854005943212147E+019
   8.6012799999999993E-003   4.7250420839945667E+019
   8.5986299999999995E-003   4.7670107801864020E+019
   8.5972900000000005E-003   4.7961788673723982E+019
   8.5959799999999996E-003   4.8342525047258554E+019
   8.5939899999999993E-003   4.8826991106923028E+019
   8.5919700000000009E-003   4.9249316114351972E+019
   8.5906400000000001E-003   4.9593140644133749E+019
   8.5893400000000009E-003   5.0144108091707523E+019
   8.5865999999999998E-003   5.0815745738238149E+019
   8.5846099999999995E-003   5.1311462488692244E+019
   8.5832500000000006E-003   5.1837037218564047E+019
   8.5811900000000007E-003   5.2595399781984903E+019
   8.5785099999999993E-003   5.3266613967046574E+019
   8.5771100000000006E-003   5.3860171723568783E+019
   8.5750400000000008E-003   5.4577809751068942E+019
   8.5730100000000007E-003   5.5458686264128340E+019
   8.5701800000000002E-003   5.6310359556068753E+019
   8.5684300000000001E-003   5.6978001644330582E+019
   8.5667099999999999E-003   5.7812700160164970E+019
   8.5642200000000009E-003   5.8800508166075105E+019
   8.5617799999999997E-003   5.9895349577392218E+019
   8.5588699999999997E-003   6.0799537959828152E+019
   8.5574399999999995E-003   6.1408828618586120E+019
   8.5560299999999992E-003   6.2465558629206778E+019
   8.5526800000000000E-003   6.3937157906348663E+019
   8.5494200000000003E-003   6.5090199473099801E+019
   8.5475399999999993E-003   6.6205826366622532E+019
   8.5445599999999997E-003   6.7708301816655790E+019
   8.5411500000000008E-003   6.9063402338885378E+019
   8.5388900000000004E-003   7.0076716769107919E+019
   8.5369399999999998E-003   7.1027177776509862E+019
   8.5350100000000009E-003   7.2209389759109317E+019
   8.5322499999999999E-003   7.3560227024073564E+019
   8.5295400000000004E-003   7.4848304551976698E+019
   8.5271400000000008E-003   7.6059843968776995E+019
   8.5247799999999992E-003   7.7095514777368658E+019
   8.5231500000000002E-003   7.7947297297798644E+019
   8.5215299999999994E-003   7.9198170182014845E+019
   8.5184100000000006E-003   8.0858457406374838E+019
   8.5153599999999996E-003   8.2086961213857792E+019
   8.5137900000000002E-003   8.2939108096882983E+019
   8.5122400000000008E-003   8.3989686417710088E+019
   8.5100000000000002E-003   8.5225875141783290E+019
   8.5077999999999994E-003   8.6816636396429722E+019
   8.5043500000000008E-003   8.8799943388073673E+019
   8.5008600000000007E-003   9.0960363156399817E+019
   8.4969399999999997E-003   9.2906927015408992E+019
   8.4942600000000000E-003   9.4530376384933691E+019
   8.4915300000000006E-003   9.6535236092146696E+019
   8.4877000000000008E-003   9.9214173576858452E+019
   8.4828700000000000E-003   1.0139121452847474E+020
   8.4807500000000004E-003   1.0273736777465489E+020
   8.4786500000000008E-003   1.0432429494224911E+020
   8.4758200000000002E-003   1.0618859403489475E+020
   8.4729100000000002E-003   1.0808476927860502E+020
   8.4700399999999999E-003   1.1001549109556465E+020
   8.4670900000000000E-003   1.1200185181292977E+020
   8.4641200000000003E-003   1.1400004393361162E+020
   8.4611900000000004E-003   1.1570276815387656E+020
   8.4591300000000005E-003   1.1781378657858231E+020
   8.4550800000000002E-003   1.2105698641305572E+020
   8.4499199999999997E-003   1.2417601618238679E+020
   8.4462900000000004E-003   1.2661530396294527E+020
   8.4431200000000001E-003   1.2894304974858625E+020
   8.4399000000000002E-003   1.3212158391878296E+020
   8.4344999999999993E-003   1.3545148714673124E+020
   8.4309499999999996E-003   1.3751126824885666E+020
   8.4290400000000005E-003   1.3987019372639661E+020
   8.4247999999999997E-003   1.4312056279695214E+020
   8.4206400000000001E-003   1.4563603960652367E+020
   8.4183399999999999E-003   1.4743114143977411E+020
   8.4160699999999995E-003   1.5008866220025944E+020
   8.4116699999999996E-003   1.5357816589016950E+020
   8.4073599999999991E-003   1.5604623349916005E+020
   8.4055699999999994E-003   1.5750449577597633E+020
   8.4037899999999995E-003   1.5998368183861664E+020
   8.3995400000000005E-003   1.6347427572448589E+020
   8.3953699999999992E-003   1.6608808185727913E+020
   8.3932099999999999E-003   1.6790165455310062E+020
   8.3910700000000005E-003   1.7047330067509900E+020
   8.3871699999999993E-003   1.7379806401758963E+020
   8.3833299999999996E-003   1.7663009306397603E+020
   8.3806400000000000E-003   1.7897636042906966E+020
   8.3779700000000002E-003   1.8166045387066409E+020
   8.3745499999999997E-003   1.8467944729312795E+020
   8.3711700000000007E-003   1.8813386069792945E+020
   8.3668600000000003E-003   1.9201554529691442E+020
   8.3626199999999994E-003   1.9559752918286313E+020
   8.3590200000000000E-003   2.0024907844668801E+020
   8.3525900000000000E-003   2.0459764093154420E+020
   8.3497299999999997E-003   2.0746391450749495E+020
   8.3465499999999995E-003   2.1048962120420478E+020
   8.3434100000000008E-003   2.1518160203244192E+020
   8.3368799999999996E-003   2.2152096395989071E+020
   8.3304899999999994E-003   2.2811848083199971E+020
   8.3236600000000001E-003   2.3497229720429796E+020
   8.3169899999999998E-003   2.4020810316707715E+020
   8.3133900000000004E-003   2.4393235322338682E+020
   8.3098300000000007E-003   2.4789031091169182E+020
   8.3058600000000000E-003   2.5208238596308763E+020
   8.3019400000000007E-003   2.5607624678325377E+020
   8.2983999999999992E-003   2.5987586947500776E+020
   8.2949100000000008E-003   2.6445709088414227E+020
   8.2900100000000004E-003   2.6981447720944406E+020
   8.2851899999999996E-003   2.7579012931755685E+020
   8.2793299999999997E-003   2.8237086723247587E+020
   8.2735599999999992E-003   2.8855453777656057E+020
   8.2685199999999997E-003   2.9436319568832335E+020
   8.2635499999999997E-003   3.0040253409902743E+020
   8.2581500000000006E-003   3.0614578159949251E+020
   8.2539299999999996E-003   3.1118108807042571E+020
   8.2497700000000000E-003   3.1799974736696993E+020
   8.2427300000000002E-003   3.2658964869501872E+020
   8.2358399999999995E-003   3.3476769197627880E+020
   8.2296999999999995E-003   3.4249617672605958E+020
   8.2236700000000006E-003   3.4973170236805461E+020
   8.2183299999999994E-003   3.5916169746012956E+020
   8.2092599999999995E-003   3.6754721758545438E+020
   8.2056600000000000E-003   3.7235014714452096E+020
   8.2020900000000004E-003   3.7953491388740790E+020
   8.1950600000000005E-003   3.8909078206070332E+020
   8.1881599999999999E-003   3.9688468268994940E+020
   8.1838299999999996E-003   4.0292570081786790E+020
   8.1795600000000006E-003   4.1005216399190570E+020
   8.1738000000000002E-003   4.1826052632289785E+020
   8.1681299999999991E-003   4.2743394796362701E+020
   8.1612000000000004E-003   4.3984412099807019E+020
   8.1513599999999999E-003   4.5248365025678603E+020
   8.1443699999999997E-003   4.6080935204902476E+020
   8.1404300000000006E-003   4.7027081921918140E+020
   8.1321499999999994E-003   4.8311625691520120E+020
   8.1240300000000008E-003   4.9292695399049357E+020
   8.1197700000000001E-003   4.9975043235703829E+020
   8.1155399999999992E-003   5.0656031493203827E+020
   8.1113599999999998E-003   5.1336167528415488E+020
   8.1072200000000001E-003   5.2398754944147620E+020
   8.0985299999999996E-003   5.3843069053133809E+020
   8.0900000000000000E-003   5.5331129920736585E+020
   8.0810799999999992E-003   5.6863070231659164E+020
   8.0723400000000008E-003   5.8035468092557427E+020
   8.0677500000000003E-003   5.8848909100623567E+020
   8.0632099999999995E-003   5.9661514144653469E+020
   8.0587100000000002E-003   6.0473314461880353E+020
   8.0542500000000006E-003   6.1742145904701722E+020
   8.0448900000000007E-003   6.3466412357938237E+020
   8.0357199999999997E-003   6.4777774069023139E+020
   8.0309000000000005E-003   6.5693387172056020E+020
   8.0261299999999994E-003   6.6608237581259925E+020
   8.0213999999999997E-003   6.7522305317769039E+020
   8.0167199999999997E-003   6.8950307223155455E+020
   8.0069000000000008E-003   7.0892458754891658E+020
   7.9972600000000008E-003   7.2888314996935347E+020
   7.9871999999999999E-003   7.4950141629322271E+020
   7.9773299999999995E-003   7.6529266438760366E+020
   7.9721500000000008E-003   7.7624754915253250E+020
   7.9670200000000000E-003   7.8719585329554824E+020
   7.9619400000000007E-003   7.9814020961930196E+020
   7.9569099999999993E-003   8.1523066415235334E+020
   7.9463599999999995E-003   8.3848143102200722E+020
   7.9360000000000003E-003   8.5615781161415108E+020
   7.9305699999999996E-003   8.6850893872688687E+020
   7.9251900000000004E-003   8.8085486174907557E+020
   7.9198600000000008E-003   8.9319497973054964E+020
   7.9145799999999992E-003   9.1247067086900140E+020
   7.9035100000000007E-003   9.3870020447849179E+020
   7.8926499999999993E-003   9.6571781911738660E+020
   7.8813100000000007E-003   9.9358472432220806E+020
   7.8701900000000009E-003   1.0149382197697201E+021
   7.8643600000000008E-003   1.0297525700664788E+021
   7.8585800000000004E-003   1.0445638408343253E+021
   7.8528599999999997E-003   1.0593746856208436E+021
   7.8472000000000004E-003   1.0824895850405787E+021
   7.8353099999999998E-003   1.1139520597675286E+021
   7.8236599999999996E-003   1.1378835652834192E+021
   7.8175499999999995E-003   1.1545971834832028E+021
   7.8114899999999999E-003   1.1796394586318391E+021
   7.7995599999999997E-003   1.2141392219573961E+021
   7.7871099999999999E-003   1.2408295730548960E+021
   7.7809699999999999E-003   1.2585568970021656E+021
   7.7748899999999996E-003   1.2862592099754802E+021
   7.7621499999999998E-003   1.3239741989237314E+021
   7.7496500000000003E-003   1.3526475103071211E+021
   7.7431000000000002E-003   1.3726888254967167E+021
   7.7366099999999997E-003   1.3980289275586976E+021
   7.7267899999999999E-003   1.4287824811664975E+021
   7.7171100000000001E-003   1.4601100547357669E+021
   7.7071800000000001E-003   1.4921369368697679E+021
   7.6973800000000002E-003   1.5251908418555963E+021
   7.6871200000000004E-003   1.5592345567517960E+021
   7.6769999999999998E-003   1.5939935110683891E+021
   7.6666199999999999E-003   1.6402723591030372E+021
   7.6501900000000003E-003   1.6905705342580163E+021
   7.6379700000000000E-003   1.7345768649982961E+021
   7.6256300000000004E-003   1.7796840665976692E+021
   7.6131799999999998E-003   1.8319804628718290E+021
   7.5974199999999997E-003   1.8855239494338630E+021
   7.5847800000000002E-003   1.9349188367464813E+021
   7.5716999999999998E-003   1.9859898677669580E+021
   7.5586100000000003E-003   2.0350684791623962E+021
   7.5469100000000004E-003   2.0808842876240918E+021
   7.5357699999999998E-003   2.1357803361184981E+021
   7.5199400000000001E-003   2.1951440149512045E+021
   7.5069100000000003E-003   2.2462477896690531E+021
   7.4952500000000002E-003   2.2981379640363186E+021
   7.4814699999999996E-003   2.3588804395226232E+021
   7.4663600000000000E-003   2.4118465879862002E+021
   7.4564399999999999E-003   2.4584427524411108E+021
   7.4424699999999996E-003   2.5167520374420370E+021
   7.4260400000000001E-003   2.5656069124746746E+021
   7.4102200000000003E-003   2.6105797528982326E+021
   7.3955599999999998E-003   2.6275661227419149E+021
   7.3815199999999999E-003   2.6250760158247476E+021
   7.3656499999999996E-003   2.5647497245864829E+021
   7.3593799999999996E-003   2.5859389707687271E+021
   7.3445400000000001E-003   2.4162535891357952E+021
   7.3251200000000001E-003   2.3470676309709635E+021
   7.3113400000000004E-003   2.1493828175734388E+021
   7.2980299999999996E-003   1.8857227565793078E+021
   7.2829000000000001E-003   1.7479347574366549E+021
   7.2690100000000002E-003   1.6691478951071520E+021
   7.2631199999999996E-003   1.5697441952962781E+021
   7.2572699999999997E-003   1.4831876172202044E+021
   7.2429800000000004E-003   1.4163698626755295E+021
   7.2372499999999998E-003   1.3820168838885223E+021
   7.2306899999999997E-003   1.3232303304599017E+021
   7.2256000000000004E-003   1.3210487009468487E+021
   7.2175000000000000E-003   1.2952270885547805E+021
   7.2123300000000003E-003   1.2645332698304613E+021
   7.2074699999999997E-003   1.2509713192030655E+021
   7.2030799999999997E-003   1.2582076410736324E+021
   7.1978299999999997E-003   1.2423153658841800E+021
   7.1920400000000002E-003   1.2385678131138464E+021
   7.1862699999999998E-003   1.2432807812631311E+021
   7.1827799999999997E-003   1.2484663023793406E+021
   7.1780200000000002E-003   1.2548275449489457E+021
   7.1756399999999996E-003   1.2599478240353641E+021
   7.1738599999999998E-003   1.2675578024095585E+021
   7.1697000000000002E-003   1.2757165327968725E+021
   7.1673199999999996E-003   1.2838366720316699E+021
   7.1640100000000002E-003   1.2940409650706637E+021
   7.1612999999999998E-003   1.3132085146847260E+021
   7.1552600000000001E-003   1.3404972425807148E+021
   7.1507300000000001E-003   1.3596380853630198E+021
   7.1456100000000002E-003   1.3981886898228161E+021
   7.1396200000000002E-003   1.4324997110790472E+021
   7.1349200000000003E-003   1.4630134706150441E+021
   7.1304300000000001E-003   1.4990424265336354E+021
   7.1260799999999999E-003   1.5287829210749975E+021
   7.1221200000000000E-003   1.5669218753085815E+021
   7.1170799999999996E-003   1.5980755610419706E+021
   7.1150099999999997E-003   1.6253747746025271E+021
   7.1108899999999999E-003   1.6593066775211984E+021
   7.1081399999999998E-003   1.6914857629242931E+021
   7.1040399999999998E-003   1.7220372945132383E+021
   7.1019999999999998E-003   1.7525746176634842E+021
   7.0980100000000001E-003   1.7935653808410919E+021
   7.0941299999999997E-003   1.8248459865859411E+021
   7.0921900000000000E-003   1.8495769593848508E+021
   7.0896800000000001E-003   1.8916010818979000E+021
   7.0846599999999996E-003   1.9488735853330880E+021
   7.0796699999999997E-003   2.0077952257385730E+021
   7.0746999999999997E-003   2.0530190373907417E+021
   7.0722299999999997E-003   2.0789675540606128E+021
   7.0703700000000003E-003   2.1135148034600188E+021
   7.0666699999999997E-003   2.1600810189333523E+021
   7.0630399999999996E-003   2.2064988388506641E+021
   7.0594600000000000E-003   2.2526085665936953E+021
   7.0559400000000001E-003   2.2983398804456774E+021
   7.0524799999999999E-003   2.3519544841702644E+021
   7.0479699999999998E-003   2.4017929535165552E+021
   7.0451799999999998E-003   2.4397582291575825E+021
   7.0423999999999999E-003   2.4895486345234806E+021
   7.0378400000000001E-003   2.5455649219246870E+021
   7.0342499999999997E-003   2.5927536886568206E+021
   7.0310900000000003E-003   2.6341827719789134E+021
   7.0283400000000001E-003   2.6875236427188955E+021
   7.0237499999999996E-003   2.7539517196498040E+021
   7.0189500000000004E-003   2.8384945475114007E+021
   7.0127499999999999E-003   2.9013642631935269E+021
   7.0098299999999999E-003   2.9512238509997199E+021
   7.0069199999999998E-003   3.0211657269788174E+021
   7.0025499999999997E-003   3.0598474500561185E+021
   6.9967700000000002E-003   3.1929680561419043E+021
   6.9938800000000001E-003   3.1883739860389320E+021
   6.9910099999999998E-003   3.2268423352829230E+021
   6.9865500000000002E-003   3.3072321198943146E+021
   6.9802900000000001E-003   3.4162922989628036E+021
   6.9766799999999999E-003   3.4713005079768261E+021
   6.9705499999999998E-003   3.5915013804509569E+021
   6.9645200000000001E-003   3.5913714584916648E+021
   6.9610899999999996E-003   3.6476709653922274E+021
   6.9588799999999998E-003   3.7500084191897390E+021
   6.9544899999999998E-003   3.7709263375589751E+021
   6.9491700000000002E-003   4.0057784081094012E+021
   6.9460399999999997E-003   3.9515669218022025E+021
   6.9410299999999999E-003   3.9560628702870991E+021
   6.9385300000000000E-003   3.9794676305365062E+021
   6.9336700000000003E-003   4.2139482710737216E+021
   6.9265699999999999E-003   4.2071643139789994E+021
   6.9217100000000002E-003   4.3258985118390676E+021
   6.9168700000000003E-003   4.3826981891002744E+021
   6.9085600000000002E-003   4.4459543545278056E+021
   6.9041299999999996E-003   4.5560569417996865E+021
   6.9004499999999998E-003   4.6372926751429372E+021
   6.8967799999999999E-003   4.7378610759977067E+021
   6.8941000000000002E-003   4.7303109686241400E+021
   6.8920800000000001E-003   4.8155384256010975E+021
   6.8884200000000001E-003   4.9141899514937008E+021
   6.8868400000000000E-003   5.0040024978173576E+021
   6.8843000000000003E-003   5.0731219270222039E+021
   6.8822600000000003E-003   5.1842983916866875E+021
   6.8806900000000001E-003   5.1956802143276488E+021
   6.8791199999999999E-003   5.2547243371771608E+021
   6.8778199999999998E-003   5.2953499966881913E+021
   6.8765199999999997E-003   5.3326650798276493E+021
   6.8752400000000003E-003   5.3876048985084888E+021
   6.8739700000000001E-003   5.4978582119245058E+021
   6.8713699999999999E-003   5.5319527900044518E+021
   6.8687899999999996E-003   5.5596830419408231E+021
   6.8676500000000003E-003   5.5686102850632617E+021
   6.8665200000000001E-003   5.7199850917088115E+021
   6.8647100000000004E-003   5.7347519719378067E+021
   6.8629099999999998E-003   5.7495240364246172E+021
   6.8611100000000001E-003   5.7643010416682216E+021
   6.8593200000000003E-003   5.8558933174224012E+021
   6.8552800000000001E-003   5.9299368783384014E+021
   6.8512499999999997E-003   6.0368895826985411E+021
   6.8422800000000001E-003   6.1233167953277517E+021
   6.8222999999999999E-003   6.2649132131402216E+021
   6.8044000000000004E-003   6.3923839881398756E+021
   6.7900199999999999E-003   6.5411914551444720E+021
   6.7766199999999997E-003   6.7197403640337866E+021
   6.7568899999999998E-003   6.9195345393324665E+021
   6.7384000000000003E-003   7.0889273910116127E+021
   6.7219699999999999E-003   7.2519237872712816E+021
   6.7056199999999998E-003   7.4226126054360592E+021
   6.6894600000000004E-003   7.6043816290239916E+021
   6.6707199999999998E-003   7.7805189197899214E+021
   6.6551199999999996E-003   7.9475489218093803E+021
   6.6391499999999999E-003   8.1243298955883918E+021
   6.6217600000000000E-003   8.3166233548796681E+021
   6.6031900000000001E-003   8.5384663995811627E+021
   6.5807799999999996E-003   8.7525036684042285E+021
   6.5642000000000001E-003   8.9573878245727194E+021
   6.5442800000000004E-003   9.1840090895048591E+021
   6.5246300000000000E-003   9.3896422941827457E+021
   6.5083299999999997E-003   9.5506150699811555E+021
   6.4976799999999996E-003   9.7216740148177105E+021
   6.4792499999999998E-003   9.8993589741177757E+021
   6.4679500000000001E-003   1.0101601267885837E+022
   6.4456000000000001E-003   1.0332866357575211E+022
   6.4293400000000004E-003   1.0534513132178879E+022
   6.4132399999999997E-003   1.0719984805207402E+022
   6.4001199999999996E-003   1.0887288623941129E+022
   6.3870899999999998E-003   1.1165034858481814E+022
   6.3568899999999996E-003   1.1554950704803495E+022
   6.3272099999999998E-003   1.1844786240341338E+022
   6.3136499999999996E-003   1.2096819713103079E+022
   6.2899999999999996E-003   1.2326708135360727E+022
   6.2798600000000000E-003   1.2566865280533082E+022
   6.2554600000000000E-003   1.2906868893874683E+022
   6.2313899999999998E-003   1.3182879629163763E+022
   6.2174999999999999E-003   1.3379686936329184E+022
   6.2037100000000003E-003   1.3634982051609743E+022
   6.1823800000000003E-003   1.3950780226510963E+022
   6.1612999999999998E-003   1.4218257511852617E+022
   6.1470900000000000E-003   1.4429999162751434E+022
   6.1329899999999996E-003   1.4759960495201123E+022
   6.1039299999999996E-003   1.5209363808586293E+022
   6.0752899999999997E-003   1.5583502264201325E+022
   6.0568699999999998E-003   1.5880564810040939E+022
   6.0386099999999998E-003   1.6124635714174627E+022
   6.0275600000000004E-003   1.6302141570974273E+022
   6.0165799999999997E-003   1.6609516705284822E+022
   5.9903700000000001E-003   1.7133951847631988E+022
   5.9540200000000000E-003   1.7689634877355785E+022
   5.9255000000000002E-003   1.8098309922844911E+022
   5.9075500000000001E-003   1.8462695588143334E+022
   5.8843999999999997E-003   1.8874771457499355E+022
   5.8614799999999996E-003   1.9367311233710220E+022
   5.8303699999999997E-003   1.9945406636954705E+022
   5.7989900000000004E-003   2.0394523830722719E+022
   5.7831000000000002E-003   2.0693234535119460E+022
   5.7673300000000002E-003   2.1154669531757074E+022
   5.7350300000000003E-003   2.1781728898306332E+022
   5.7031699999999996E-003   2.2429254603417051E+022
   5.6702999999999996E-003   2.3090926298838367E+022
   5.6378699999999997E-003   2.3770021742699868E+022
   5.6044199999999997E-003   2.4473661919624060E+022
   5.5714099999999997E-003   2.5187209632241244E+022
   5.5373699999999998E-003   2.5924904286592354E+022
   5.5037599999999999E-003   2.6683018823826691E+022
   5.4691200000000001E-003   2.7455835153181002E+022
   5.4349000000000003E-003   2.8049906432007077E+022
   5.4174000000000002E-003   2.8451650976393091E+022
   5.4000100000000002E-003   2.9068124380669585E+022
   5.3644399999999998E-003   2.9906654456150699E+022
   5.3292900000000004E-003   3.0545997758646435E+022
   5.3113099999999996E-003   3.0980899475157531E+022
   5.2934400000000000E-003   3.1644679814104383E+022
   5.2572799999999996E-003   3.2549256420865776E+022
   5.2207800000000004E-003   3.3477513278012294E+022
   5.1839499999999997E-003   3.4430083514276975E+022
   5.1467900000000000E-003   3.5407724036327094E+022
   5.1092799999999999E-003   3.6411136187352832E+022
   5.0714300000000000E-003   3.7441098014454010E+022
   5.0332199999999997E-003   3.8498282258864559E+022
   4.9946599999999997E-003   3.9583344096741012E+022
   4.9557400000000001E-003   4.0697605509370641E+022
   4.9164600000000001E-003   4.1540347308523336E+022
   4.8965800000000002E-003   4.2123594656884028E+022
   4.8767999999999997E-003   4.2705881132816121E+022
   4.8567400000000000E-003   4.3304537195313571E+022
   4.8367699999999998E-003   4.4087065063356667E+022
   4.8050000000000002E-003   4.5046209964557252E+022
   4.7734500000000003E-003   4.5844324583359033E+022
   4.7528900000000001E-003   4.6479987498714176E+022
   4.7324200000000002E-003   4.7129032085980311E+022
   4.7116700000000003E-003   4.7785354547465774E+022
   4.6909999999999999E-003   4.8451777411394556E+022
   4.6700400000000003E-003   4.9127123195300575E+022
   4.6491700000000002E-003   4.9813798698161019E+022
   4.6280000000000002E-003   5.0510601271249650E+022
   4.6069199999999996E-003   5.1217944538140174E+022
   4.5855499999999999E-003   5.1937008530420423E+022
   4.5642499999999997E-003   5.2666891152008405E+022
   4.5426700000000004E-003   5.3409764714369608E+022
   4.5211599999999998E-003   5.4165733202280745E+022
   4.4993600000000000E-003   5.4934085553488887E+022
   4.4776299999999998E-003   5.5714967663185924E+022
   4.4555999999999997E-003   5.6511226708711172E+022
   4.4336499999999999E-003   5.7322907029298586E+022
   4.4114000000000002E-003   5.8149231862889732E+022
   4.3892200000000001E-003   5.8992525816571659E+022
   4.3667400000000000E-003   5.9849484609736529E+022
   4.3443199999999996E-003   6.0727862948231549E+022
   4.3216100000000000E-003   6.1624002128855060E+022
   4.2989500000000002E-003   6.2541026400335265E+022
   4.2760000000000003E-003   6.3477704256745686E+022
   4.2531000000000001E-003   6.4435547068630380E+022
   4.2299800000000004E-003   6.5418397061010325E+022
   4.2067399999999996E-003   6.6426175896004998E+022
   4.1833800000000004E-003   6.7460469149501927E+022
   4.1598800000000003E-003   6.8521849180168017E+022
   4.1362600000000001E-003   6.9614957963655277E+022
   4.1124999999999998E-003   7.0738633805591466E+022
   4.0886100000000003E-003   7.1900691549540340E+022
   4.0645799999999999E-003   7.3098464662825254E+022
   4.0404200000000003E-003   7.4335698399540804E+022
   4.0161099999999998E-003   7.5616575047848312E+022
   3.9916700000000001E-003   7.6940559906644626E+022
   3.9670800000000004E-003   7.8309986057570077E+022
   3.9423399999999999E-003   7.9729030119317171E+022
   3.9174600000000002E-003   8.1198491935086813E+022
   3.8924300000000001E-003   8.2719994906076873E+022
   3.8672500000000000E-003   8.4304498044663409E+022
   3.8419100000000000E-003   8.5950313986484901E+022
   3.8164100000000001E-003   8.7670614636453517E+022
   3.7907599999999998E-003   8.9483548785108543E+022
   3.7649400000000000E-003   9.1399399860783888E+022
   3.7389599999999999E-003   9.3398026715505619E+022
   3.7128100000000000E-003   9.5449513484851299E+022
   3.6864900000000002E-003   9.7535577007523004E+022
   3.6600000000000001E-003   9.9656146094286388E+022
   3.6333300000000002E-003   1.0181121033650786E+023
   3.6064800000000000E-003   1.0400079696680067E+023
   3.5794500000000001E-003   1.0622497784934536E+023
   3.5522200000000000E-003   1.0848384538419836E+023
   3.5248100000000002E-003   1.1077752406537812E+023
   3.4971999999999998E-003   1.1310616614190269E+023
   3.4694000000000001E-003   1.1546993410321276E+023
   3.4413899999999999E-003   1.1786900600795835E+023
   3.4131700000000001E-003   1.2030357573500891E+023
   3.3847399999999998E-003   1.2277384233060423E+023
   3.3560999999999999E-003   1.2528002257790185E+023
   3.3272300000000000E-003   1.2782232222190812E+023
   3.2981400000000002E-003   1.3040097442578461E+023
   3.2688100000000000E-003   1.3301619455976505E+023
   3.2392499999999999E-003   1.3566821559162195E+023
   3.2094400000000000E-003   1.3835725525146234E+023
   3.1793799999999999E-003   1.4108354709339097E+023
   3.1490600000000000E-003   1.4384731126086985E+023
   3.1184799999999999E-003   1.4664875938378630E+023
   3.0876400000000000E-003   1.4948811688476323E+023
   3.0565100000000001E-003   1.5236558785462176E+023
   3.0251000000000002E-003   1.5528137230762462E+023
   2.9933899999999999E-003   1.5823566642155279E+023
   2.9613800000000000E-003   1.6122865910857646E+023
   2.9290499999999999E-003   1.6426051783003469E+023
   2.8964099999999999E-003   1.6733140792191154E+023
   2.8634300000000001E-003   1.7044148131066075E+023
   2.8301099999999998E-003   1.7359087235656116E+023
   2.7964399999999999E-003   1.7677969627363363E+023
   2.7623900000000000E-003   1.8000806516967305E+023
   2.7279700000000001E-003   1.8327605859595756E+023
   2.6931500000000001E-003   1.8658373954841263E+023
   2.6579300000000002E-003   1.8993115984602131E+023
   2.6222799999999998E-003   1.9331832094964436E+023
   2.5861899999999999E-003   1.9674523007382557E+023
   2.5496400000000002E-003   2.0021184719125397E+023
   2.5126100000000002E-003   2.0371810017432278E+023
   2.4750800000000002E-003   2.0726389677140629E+023
   2.4370300000000002E-003   2.1084910924033854E+023
   2.3984300000000000E-003   2.1447355337922977E+023
   2.3592700000000001E-003   2.1813702401821128E+023
   2.3194999999999999E-003   2.2183696247102617E+023
   2.2791000000000000E-003   2.2559140358333251E+023
   2.2380400000000002E-003   2.2938398494365802E+023
   2.1962800000000001E-003   2.3321426994960821E+023
   2.1537800000000001E-003   2.3708177387384478E+023
   2.1104900000000000E-003   2.4098592610577599E+023
   2.0663700000000001E-003   2.4492187800226043E+023
   2.0213700000000002E-003   2.4891007248920962E+023
   1.9754199999999999E-003   2.5293410850670444E+023
   1.9284599999999999E-003   2.5698610768280467E+023
   1.8807299999999999E-003   2.6109412903938885E+023
   1.8311899999999999E-003   2.6523698439256439E+023
   1.7807000000000001E-003   2.6939842691678208E+023
   1.7288300000000000E-003   2.7280530759424356E+023
   1.6892400000000001E-003   2.7610804206845428E+023
   1.6481600000000001E-003   2.8092251232327668E+023
   1.5708000000000000E-003   2.8493937602216477E+023
   1.5274700000000000E-003   2.8837845409305342E+023
   1.4820499999999999E-003   2.9355110996783468E+023
   1.3879100000000000E-003   2.9852001241722234E+023
   1.3229100000000001E-003   3.0294871036062066E+023
   1.2551200000000000E-003   3.0706472474732793E+023
   1.1802500000000001E-003   3.1172923821329108E+023
   1.1005300000000000E-003   3.1603256233709310E+023
   1.0087500000000001E-003   3.2121934962971489E+023
   8.9930000000000001E-004   3.2732105842114940E+023
   7.0638999999999999E-004   3.3189015709430895E+023
   5.6780999999999997E-004   3.3574983278633919E+023
   4.8412999999999999E-004   3.3778336762830774E+023
   3.8297000000000000E-004   3.3861009379916484E+023
   3.1385000000000001E-004   3.4035218820145115E+023
   2.5071000000000002E-004   3.3969557963136336E+023
   2.0164000000000000E-004   3.4139778178202310E+023
   1.6417000000000000E-004   3.4121837850311241E+023
   1.3642999999999999E-004   3.4198406356796291E+023
   1.1689000000000000E-004   3.4187915119790208E+023
   1.0404000000000000E-004   3.4225084881801996E+023
   8.6870000000000000E-005   3.4239916239300024E+023
   6.8940000000000001E-005   3.4244722380004312E+023
   5.4719999999999998E-005   3.4265176381877021E+023
   4.3430000000000003E-005   3.4268753608197880E+023
   3.4470000000000000E-005   3.4270252267580454E+023
   2.7359999999999999E-005   3.4278699136883409E+023
   2.1710000000000001E-005   3.4279495635464815E+023
   1.7229999999999999E-005   3.4283481092487897E+023
   1.3679999999999999E-005   3.4287394081498188E+023
